367	101	41	16
370	98	34	20
369	98	35	21
368	97	37	22
368	97	38	23
367	96	40	24
366	118	42	25
365	118	43	26
364	118	45	24
364	117	45	27
363	117	46	28
362	117	48	26
363	117	48	26
363	116	48	28
362	115	50	30
348	116	77	28
355	115	63	31
357	114	59	33
357	115	60	30
358	116	57	28
360	116	54	29
346	115	80	30
368	97	66	66
357	105	88	49
357	86	89	89
405	96	119	67
468	70	120	120
328	170	240	90
454	116	185	198
418	138	221	154
405	153	234	123
408	101	227	227
370	123	269	182
356	140	283	148
360	146	275	137
367	84	260	260
323	116	316	196
314	123	325	182
313	132	326	163
322	137	308	154
330	141	292	146
338	144	277	138
345	148	262	131
352	89	248	248
310	120	329	187
308	120	331	187
307	119	332	188
305	119	334	188
304	118	335	189
303	118	336	190
301	128	338	169
310	122	320	180
309	132	322	161
317	126	305	172
316	126	307	173
315	125	308	174
314	124	310	174
314	124	312	175
313	123	313	176
312	123	315	177
311	122	317	178
310	122	318	179
309	121	320	180
308	120	322	181
307	120	323	182
306	119	325	183
305	119	327	184
304	118	328	185
303	117	330	186
302	117	332	187
301	116	333	188
300	116	335	189
299	115	337	190
298	114	338	190
297	114	340	191
296	113	342	192
295	113	343	193
294	123	345	172
303	117	326	184
302	117	328	185
301	116	330	186
300	115	331	187
299	115	333	187
299	114	335	188
298	114	336	189
297	124	338	169
306	118	320	180
305	117	322	181
304	117	323	182
303	116	325	183
302	116	327	184
301	115	328	185
300	114	330	186
299	124	332	166
308	119	314	177
307	118	316	178
306	128	317	158
314	132	301	150
322	136	285	142
329	139	270	135
336	143	255	127
343	146	242	121
349	92	229	229
310	129	307	153
318	124	291	164
317	124	292	164
316	123	294	165
315	122	296	166
314	131	297	148
322	135	282	141
330	72	266	266
284	116	355	178
293	110	337	190
292	120	338	169
301	125	320	160
310	129	303	151
317	124	287	162
317	132	289	144
324	127	274	154
323	127	275	155
323	126	276	155
322	135	278	139
329	130	263	148
328	138	264	132
335	141	250	125
395	85	237	237
355	124	284	158
355	133	284	142
362	136	269	134
369	140	255	127
376	83	241	241
335	122	304	161
338	129	297	148
346	133	281	140
353	70	266	266
308	105	331	195
303	118	336	170
311	123	320	160
320	127	303	151
328	131	287	143
335	134	271	135
342	138	257	128
349	141	243	121
355	144	230	115
361	140	218	123
361	92	219	219
323	128	294	147
331	123	278	157
330	123	280	157
329	122	281	158
329	122	282	159
328	121	284	160
327	130	285	142
335	125	270	152
334	124	271	153
333	124	273	153
332	132	274	137
339	136	259	129
346	131	246	138
345	131	247	139
345	130	248	140
344	130	250	141
343	137	251	125
350	141	238	119
407	87	225	225
368	124	271	151
368	132	271	135
375	136	256	128
382	78	242	242
341	108	298	183
333	111	306	176
331	121	308	155
338	126	293	146
346	130	277	138
353	133	262	131
360	137	248	124
367	132	235	132
366	132	237	133
365	131	238	134
364	131	239	135
364	138	241	120
370	84	228	228
331	112	306	172
330	111	307	173
329	121	309	154
337	125	293	146
345	59	277	277
298	96	341	203
292	109	347	176
300	115	331	165
309	119	313	156
317	114	296	167
316	122	298	149
324	126	282	141
331	130	267	133
338	133	253	126
345	77	240	240
304	116	321	160
313	120	304	152
320	115	288	162
320	124	290	145
327	127	274	137
334	66	259	259
290	109	347	173
299	113	329	164
308	102	312	187
302	115	323	161
311	119	306	153
319	114	290	163
318	113	291	164
317	112	293	165
316	112	295	166
315	111	296	167
314	111	298	168
313	110	300	169
312	109	301	170
311	119	303	151
319	113	287	161
318	113	289	162
317	112	290	163
316	112	292	164
315	111	294	165
314	110	295	166
313	110	297	167
312	109	299	168
311	118	300	150
319	113	284	160
319	113	286	161
318	121	287	143
325	116	272	153
325	56	273	273
278	93	361	200
278	94	360	197
280	103	357	178
289	97	337	190
288	97	339	191
288	96	341	192
287	106	342	171
295	111	324	162
304	115	307	153
312	119	291	145
320	123	275	137
327	61	260	260
283	96	349	191
284	105	345	172
293	109	327	163
302	98	310	185
296	110	321	160
304	115	304	152
312	109	288	162
311	104	290	173
306	106	300	169
305	105	302	170
304	114	304	152
312	118	288	144
320	54	272	272
273	90	365	199
275	91	361	197
277	82	358	214
270	88	369	202
271	89	366	200
273	90	363	198
274	91	359	196
276	91	356	194
278	92	352	193
279	101	349	174
288	89	330	198
282	103	342	171
291	107	324	162
300	101	307	173
299	111	309	154
307	115	292	146
314	49	277	277
267	95	371	185
277	91	351	192
279	100	348	174
288	88	329	197
281	102	341	170
290	106	323	161
299	110	306	153
307	42	290	290
258	80	381	212
258	91	381	190
268	87	361	197
269	88	358	195
271	89	354	194
272	98	351	175
281	103	332	166
290	97	314	177
289	96	316	178
288	96	318	179
287	105	319	159
296	100	302	170
295	99	304	171
294	99	306	172
293	98	307	173
292	98	309	174
291	97	311	175
290	96	312	176
289	96	314	177
288	95	316	178
287	95	317	179
286	94	319	180
285	93	321	181
284	93	322	181
283	92	324	182
282	102	326	163
291	96	308	174
290	96	310	174
289	95	312	175
288	95	313	176
287	94	315	177
286	93	317	178
285	93	318	179
284	92	320	180
283	92	322	181
282	91	323	182
281	91	325	183
280	100	327	163
289	95	309	174
288	94	311	175
287	94	313	176
286	93	314	177
285	92	316	178
284	92	318	179
283	91	319	180
282	91	321	181
281	90	323	182
280	89	324	183
279	89	326	184
279	88	328	184
278	88	329	185
277	98	331	165
285	92	313	176
284	101	315	157
293	96	298	168
292	95	300	169
291	95	302	170
290	94	303	171
289	94	305	172
288	93	307	173
287	92	308	174
286	92	310	174
285	91	312	175
284	91	313	176
283	90	315	177
282	89	317	178
281	89	318	179
280	88	320	180
279	88	322	181
278	87	323	182
277	87	325	183
276	86	327	184
275	85	328	185
275	85	330	186
274	84	332	187
273	84	333	188
272	83	335	189
271	82	337	190
270	82	338	190
269	81	340	191
268	81	342	192
267	80	343	193
266	90	345	172
275	84	327	184
274	84	328	185
273	83	330	186
272	83	332	187
271	82	333	188
270	81	335	189
269	81	337	190
268	80	338	190
267	80	340	191
266	90	342	171
275	84	324	182
274	83	325	183
273	83	327	184
272	82	329	185
271	82	330	186
270	81	332	187
269	80	334	188
268	80	335	189
267	79	337	190
267	79	339	191
266	78	340	192
265	77	342	193
264	77	344	194
263	76	345	194
262	76	347	195
261	75	349	196
260	74	350	197
259	74	352	198
258	73	354	199
257	73	355	200
256	72	357	201
255	71	359	202
254	71	361	203
253	70	363	204
252	72	365	199
253	73	361	197
255	71	358	201
254	70	360	202
253	70	362	204
251	69	364	205
250	68	366	206
249	68	368	207
248	67	370	208
247	66	372	209
246	66	374	210
245	65	376	211
244	64	378	213
242	63	380	214
241	63	382	215
240	62	384	216
239	61	386	217
238	61	388	218
237	60	390	219
235	59	392	220
234	58	394	222
233	58	396	223
232	57	398	224
231	56	400	225
230	56	402	226
229	58	404	221
230	56	400	225
229	55	402	226
228	54	404	227
227	54	406	228
226	53	408	230
225	52	410	231
223	52	412	232
222	51	414	233
221	50	416	234
220	49	418	235
219	49	420	236
218	48	421	237
216	47	423	239
215	47	424	240
213	46	426	240
212	45	427	241
210	45	429	242
208	44	431	243
207	43	432	244
205	43	434	245
203	42	436	246
202	41	437	247
200	41	439	248
198	40	441	249
197	40	442	250
195	39	444	251
193	38	446	252
191	38	448	253
190	37	449	254
188	36	451	255
186	36	453	256
185	35	454	256
183	34	456	257
181	34	458	258
180	33	459	259
178	33	461	260
176	32	463	261
175	31	464	262
173	31	466	263
171	30	468	264
170	29	469	265
168	29	471	266
166	28	473	267
165	27	474	268
163	27	476	269
161	26	478	270
160	25	479	271
158	25	481	272
156	24	483	273
155	23	484	273
153	23	486	274
151	22	488	275
150	21	489	276
148	21	491	277
146	20	493	278
145	20	494	279
143	19	496	280
141	18	498	281
139	17	500	282
138	17	501	283
136	16	503	284
134	15	505	285
132	15	507	286
130	14	509	287
129	13	510	288
127	13	512	289
125	12	514	290
123	11	516	291
121	10	518	292
119	10	520	293
117	9	522	295
116	8	523	296
114	7	525	297
112	7	527	298
110	6	529	299
108	5	531	300
106	4	533	301
104	4	535	302
102	3	537	303
100	2	539	305
98	1	541	306
96	1	543	307
94	4	545	299
96	1	541	305
94	0	544	306
93	4	546	299
95	5	541	296
98	2	536	302
96	1	538	303
95	0	541	305
93	0	544	306
92	0	546	306
91	0	548	307
90	3	549	300
92	4	544	297
94	1	539	303
93	0	541	305
91	3	544	297
94	0	539	303
92	0	541	305
91	0	544	305
90	0	545	306
89	0	547	307
88	0	549	308
87	3	550	301
89	0	545	307
88	3	548	299
90	0	542	305
89	3	545	298
91	0	540	304
90	0	542	305
88	0	545	306
87	0	546	306
86	3	548	300
89	4	543	297
91	1	537	302
90	0	540	304
88	0	543	305
87	0	545	306
86	3	547	299
88	0	541	305
87	0	544	305
85	3	546	298
88	0	541	304
86	0	543	305
85	3	545	298
87	0	540	304
86	0	543	305
85	3	545	298
87	0	539	304
86	0	542	304
84	3	544	297
87	0	539	303
85	0	541	304
84	3	543	297
87	0	538	303
85	0	541	304
84	0	543	304
83	0	544	305
82	3	546	298
84	0	541	304
83	0	543	305
82	3	545	298
84	0	540	304
83	0	543	305
81	3	545	298
84	0	539	304
82	0	542	304
81	3	544	297
83	0	539	303
82	0	541	304
81	0	543	305
80	3	545	298
82	0	540	304
81	0	542	304
79	0	544	305
78	3	546	298
81	0	541	304
79	3	543	297
82	0	538	303
80	0	541	304
79	3	543	297
82	0	537	302
80	0	540	303
79	0	542	304
78	0	544	305
77	3	545	298
79	0	540	304
78	0	543	305
76	3	545	298
79	0	539	304
77	0	542	304
76	0	544	305
75	3	546	298
78	0	540	304
76	0	543	305
75	3	545	298
77	0	540	304
76	0	542	304
75	0	544	305
74	0	546	306
72	0	548	307
71	3	549	300
74	0	544	306
72	3	547	299
75	4	541	296
77	1	536	302
76	0	539	303
74	0	541	304
73	0	544	305
72	3	545	298
74	0	540	304
73	0	543	305
72	3	545	298
74	0	539	304
72	0	542	304
71	0	544	305
70	3	546	298
73	0	540	304
71	0	543	305
70	3	545	298
72	0	540	304
71	0	542	304
70	0	544	305
69	3	546	298
71	0	541	304
70	0	543	305
68	3	545	298
71	0	540	304
69	0	543	305
68	3	545	298
71	0	539	304
69	3	542	296
72	4	537	293
74	1	531	299
72	5	534	292
75	2	528	298
73	5	531	290
76	2	526	296
74	1	528	298
73	0	531	299
71	4	534	292
74	0	528	298
72	0	531	299
71	0	534	300
70	3	536	293
72	0	530	299
71	0	533	299
69	3	535	292
72	0	529	298
70	0	532	299
69	3	534	292
72	0	529	298
70	0	531	298
69	3	533	292
71	0	528	297
70	3	531	290
72	4	525	287
75	6	520	285
77	7	515	282
79	4	510	287
78	7	513	280
80	8	508	278
82	5	503	283
81	4	506	285
79	3	508	286
78	2	511	288
76	1	514	289
75	0	516	291
73	0	519	292
72	0	522	293
71	0	523	294
70	0	525	294
69	0	527	295
68	3	528	289
70	4	523	286
72	5	518	283
75	6	513	280
77	3	508	286
75	6	511	279
78	3	506	285
76	3	508	286
75	2	511	288
73	1	514	289
72	0	516	291
70	0	519	292
69	0	521	292
68	3	523	286
70	0	518	292
69	3	520	285
71	0	515	290
69	0	518	291
68	0	520	292
67	0	522	293
66	3	523	286
68	0	518	292
67	3	521	285
69	0	516	291
68	0	519	291
67	0	521	292
65	0	522	293
64	0	524	294
64	0	525	295
63	0	527	296
62	0	528	296
61	3	530	290
63	4	525	287
65	5	520	284
68	6	515	281
70	7	510	279
72	4	505	284
71	8	507	277
73	5	502	283
72	8	505	276
74	5	500	282
73	4	502	283
71	7	505	276
73	9	500	273
76	6	495	279
74	5	497	280
73	4	500	281
72	3	502	283
70	6	505	276
72	8	500	273
75	5	495	279
73	4	497	280
72	7	499	273
74	4	494	278
73	3	497	280
72	7	499	273
74	8	494	270
76	9	489	267
78	10	485	265
80	11	480	262
83	12	475	260
85	13	471	257
87	14	466	255
89	15	461	252
91	13	457	257
90	12	459	259
88	11	462	260
87	10	464	261
86	9	466	263
84	9	469	264
83	8	471	265
82	7	473	266
80	6	476	268
79	5	478	269
78	4	480	270
76	4	483	272
75	3	485	273
74	2	487	274
72	1	490	276
71	0	492	277
70	0	494	278
68	0	497	279
67	0	498	280
66	0	500	280
65	0	501	281
65	0	502	282
64	2	504	276
66	0	499	281
65	3	501	274
67	4	496	271
69	5	492	269
71	6	487	266
73	7	482	264
76	8	478	261
78	9	473	259
80	11	468	256
82	8	464	261
81	11	466	255
83	12	461	252
85	9	457	257
84	8	459	259
82	8	462	260
81	7	464	261
79	6	466	263
78	5	469	264
77	8	471	257
79	9	466	255
81	10	462	252
83	11	457	250
85	9	453	255
84	12	455	249
86	9	451	254
84	8	453	255
83	11	456	249
85	12	451	247
87	9	447	252
86	12	449	246
88	10	445	250
86	9	447	252
85	8	450	253
84	7	452	254
82	6	454	256
81	9	457	250
83	10	452	247
85	11	448	245
87	12	443	242
188	13	439	240
190	14	435	238
192	15	430	235
194	16	426	233
196	6	422	253
0	1	410	262
217	9	422	247
0	14	430	237
227	12	412	241
13	16	422	231
236	27	403	209
51	25	389	212
256	35	383	192
86	29	364	205
278	28	361	206
95	28	365	206
288	27	351	207
104	29	361	203
185	28	363	204
266	28	365	205
83	27	367	207
277	38	362	184
114	33	346	195
297	32	342	196
123	32	347	195
200	32	348	196
199	31	350	197
198	30	352	198
277	30	353	199
100	29	355	200
288	29	351	201
109	29	356	200
189	28	358	201
188	27	359	202
187	27	361	203
186	26	363	204
185	25	365	206
183	25	367	207
182	24	369	208
181	23	371	209
180	23	373	210
179	22	375	211
178	21	377	212
177	20	379	214
175	20	381	215
174	22	383	209
176	20	380	214
175	19	382	215
174	18	384	216
172	18	386	217
171	17	388	218
170	16	390	219
169	19	392	214
171	17	388	218
170	16	390	220
168	18	392	214
170	28	388	194
263	33	368	184
101	27	348	196
285	27	349	197
110	26	351	198
295	25	344	199
119	26	350	197
197	25	352	198
383	28	256	193
214	40	298	168
213	40	300	169
280	39	301	170
130	39	303	171
290	38	305	171
137	37	306	172
136	37	308	173
205	36	310	174
204	36	311	175
203	35	313	176
202	34	315	177
201	34	316	178
200	33	318	179
199	33	320	180
198	32	321	181
197	31	323	182
196	31	325	183
195	30	326	184
194	30	328	185
193	29	330	186
192	29	331	187
192	28	333	187
191	27	335	188
190	27	336	189
189	26	338	190
188	26	340	191
187	25	341	192
186	24	343	193
185	24	345	194
184	23	346	195
261	23	348	196
87	22	350	197
86	21	351	198
165	21	353	199
164	20	355	200
163	19	357	201
162	19	358	202
161	18	360	203
160	17	362	204
241	17	364	205
239	16	366	206
238	15	368	207
237	15	370	208
52	14	372	210
135	13	374	211
134	13	376	212
133	12	378	213
132	11	380	214
130	10	382	215
129	22	384	192
139	15	364	205
138	15	366	206
137	26	368	184
225	19	348	196
224	19	350	197
223	18	351	198
222	18	353	199
46	17	355	200
125	16	357	201
205	27	358	179
214	21	339	191
213	20	341	192
212	20	342	193
211	19	344	194
210	19	346	195
209	18	347	196
209	17	349	197
208	17	351	197
207	16	352	198
206	16	354	199
205	15	356	200
204	14	358	201
203	17	359	196
204	15	356	200
203	14	358	201
202	16	359	196
204	14	356	200
203	14	358	201
202	13	359	202
201	12	361	203
200	12	363	204
198	11	365	206
197	10	367	207
196	9	369	208
195	9	371	209
194	8	373	210
193	7	375	211
192	7	377	212
190	6	379	214
189	5	381	215
188	4	383	216
187	4	385	217
186	3	387	218
185	2	389	219
184	2	391	220
182	1	393	221
181	0	395	223
180	0	397	224
179	0	399	224
178	0	401	225
177	0	402	225
177	0	403	226
176	0	404	227
175	0	406	227
174	0	407	228
174	0	408	229
173	0	409	229
172	0	411	230
171	0	412	231
170	2	413	226
172	0	409	230
171	0	411	231
170	0	412	231
170	0	414	232
169	0	415	233
168	0	416	233
167	0	418	234
166	2	419	229
168	0	415	234
167	0	417	234
166	0	418	235
165	2	420	229
167	0	416	234
166	0	418	234
165	0	419	235
164	0	420	236
163	0	422	236
163	2	423	231
164	0	419	236
163	0	421	236
162	0	422	237
162	2	424	232
164	0	420	236
162	0	422	237
162	2	423	231
163	3	419	229
165	1	415	234
164	0	417	235
163	0	419	236
162	2	421	230
164	0	417	235
163	0	419	235
162	0	420	236
161	0	422	236
160	2	423	231
162	0	419	236
161	0	421	236
160	0	422	237
159	2	424	232
161	0	420	236
160	0	422	237
159	0	423	237
158	2	424	232
160	0	420	237
159	0	422	237
158	2	424	232
160	0	420	236
159	0	422	237
158	0	423	237
157	2	425	232
159	0	421	237
157	0	423	237
157	0	424	238
156	12	425	212
167	5	403	227
166	4	405	228
165	3	407	229
164	3	409	230
162	2	411	231
161	1	413	232
160	0	415	233
159	0	417	235
158	0	419	235
157	2	420	230
159	3	416	228
160	1	412	232
159	0	414	233
158	0	416	234
157	0	418	235
156	0	419	235
155	0	421	236
155	0	422	237
154	0	423	237
153	2	425	232
155	0	421	237
154	0	423	237
153	0	424	238
152	2	425	233
154	0	421	237
153	0	423	238
152	0	425	238
151	0	426	239
150	0	427	240
149	0	429	240
149	0	430	241
148	0	431	242
147	0	433	243
146	0	434	243
145	2	435	238
147	3	431	236
149	1	427	240
148	0	429	241
147	0	431	242
146	0	432	243
145	0	434	243
144	0	435	244
143	0	436	245
143	2	438	239
145	0	433	244
143	0	436	245
142	0	437	245
142	0	438	246
141	2	440	240
143	0	435	245
141	0	438	246
141	2	439	240
143	0	435	245
141	0	437	245
140	0	439	246
139	0	440	247
139	0	441	248
138	0	443	248
137	0	444	249
136	0	446	250
135	0	447	251
134	2	448	245
136	3	444	243
139	1	439	247
137	0	442	249
136	3	444	243
138	4	440	240
140	1	435	245
139	0	438	246
137	0	440	248
136	2	442	242
138	0	438	246
137	3	440	241
139	0	436	245
137	0	438	246
136	2	440	241
138	0	436	245
137	0	438	246
136	0	440	247
135	0	441	247
134	0	442	248
133	0	444	249
133	2	445	243
135	0	441	248
133	0	443	249
132	0	444	249
132	0	446	250
131	2	447	244
133	0	443	249
131	0	445	250
130	2	447	244
132	0	442	249
131	0	445	250
130	2	447	244
132	0	442	249
131	0	444	249
130	0	446	250
129	2	448	245
131	3	443	242
133	1	439	247
132	0	441	248
130	0	443	249
129	2	445	243
131	0	441	248
130	0	443	249
129	0	445	249
128	0	446	250
127	2	448	245
129	0	443	250
128	2	446	244
130	0	441	248
129	0	443	249
128	0	445	250
127	0	447	250
126	0	448	251
125	0	449	252
124	0	451	253
123	0	452	253
123	0	453	254
122	0	455	255
121	0	456	256
120	0	457	256
119	0	459	257
118	0	460	258
117	0	461	259
117	0	463	259
116	0	464	260
115	0	465	261
114	0	467	262
113	0	468	262
112	0	469	263
112	0	471	264
111	0	472	265
110	0	473	265
109	0	475	266
108	0	476	267
107	0	477	268
106	0	479	268
106	0	480	269
105	0	481	270
104	0	483	271
103	0	484	271
102	0	485	272
101	0	487	273
101	0	488	274
100	0	489	274
99	0	491	275
98	0	492	276
97	0	493	277
96	0	495	277
95	0	496	278
95	0	497	279
94	0	499	280
93	0	500	280
92	0	501	281
91	0	503	282
90	2	504	276
92	4	499	273
95	1	494	278
93	4	497	272
96	1	492	277
94	0	494	278
93	0	496	279
92	0	499	280
91	3	500	274
93	4	495	271
95	1	491	276
94	0	493	278
92	3	495	271
95	0	491	276
93	0	493	277
92	0	495	278
91	2	497	272
93	0	492	277
92	0	494	278
91	0	496	278
90	2	498	272
92	0	493	277
91	0	495	278
90	3	497	272
92	0	492	277
91	3	494	270
93	4	489	267
95	1	485	273
94	0	487	274
92	0	489	275
91	3	492	269
93	4	487	266
95	1	482	272
94	0	485	273
93	3	487	266
95	0	482	272
93	0	485	273
92	0	487	273
91	2	489	267
93	0	484	273
92	0	486	273
91	0	488	274
90	0	490	275
89	0	491	275
88	0	492	276
87	0	494	277
86	0	495	278
85	0	496	278
85	0	498	279
84	0	499	280
83	0	500	281
82	0	502	281
81	0	503	282
80	0	505	283
79	0	506	284
78	0	507	285
77	0	509	285
77	0	510	286
76	0	512	287
75	2	513	281
77	0	508	286
75	3	511	279
78	0	506	285
76	0	509	286
75	0	511	287
74	0	512	287
73	0	514	288
72	0	515	289
71	3	517	282
74	0	512	288
72	0	514	289
71	0	516	289
70	0	518	290
69	0	519	291
68	0	521	292
67	3	522	285
70	0	517	291
68	0	520	292
67	0	521	293
66	0	523	293
65	0	525	294
64	0	526	295
63	0	528	296
62	0	529	297
61	0	531	298
60	0	532	299
59	0	534	299
58	3	536	293
61	0	530	299
59	0	533	299
58	0	534	300
57	3	536	293
60	0	531	299
58	0	533	300
57	3	536	293
59	0	530	299
58	0	533	299
57	3	535	292
59	0	529	298
57	0	532	299
56	3	534	292
59	0	529	298
57	0	531	298
56	0	533	299
55	0	535	300
54	3	537	293
56	0	531	299
55	0	534	300
54	0	536	301
53	3	538	294
55	0	532	300
54	0	535	300
53	3	537	293
55	0	531	299
53	0	534	300
52	0	536	301
51	3	538	294
54	0	532	300
52	3	535	293
55	0	530	298
53	0	532	299
52	0	534	300
51	3	536	293
53	0	531	299
52	0	533	300
51	0	536	300
50	0	537	301
49	0	539	302
48	0	541	303
46	0	542	304
45	3	544	297
48	0	539	303
46	3	541	296
49	0	536	302
47	3	539	294
50	0	533	300
48	0	536	301
47	0	538	302
46	0	540	303
45	0	542	304
44	0	543	305
43	3	545	298
45	0	540	304
44	0	542	304
43	3	544	297
45	0	539	303
44	0	541	304
42	3	543	297
45	0	538	303
43	0	541	304
42	0	543	304
41	0	544	305
40	3	546	298
42	0	541	304
41	3	543	297
43	0	538	303
42	0	541	304
41	0	543	304
40	0	544	305
39	0	546	306
38	0	548	307
36	0	549	308
35	3	551	301
38	0	546	307
36	0	548	308
35	3	550	301
38	4	545	298
40	1	540	304
39	0	542	305
37	0	545	306
36	3	547	299
38	0	542	305
37	0	545	306
35	3	547	299
38	0	541	305
36	0	544	305
35	0	546	306
34	3	548	299
37	4	542	296
39	1	537	302
37	0	540	304
36	0	542	305
35	3	545	298
37	0	539	304
35	0	542	304
34	0	544	305
33	0	546	306
32	0	547	307
31	3	549	300
34	0	544	306
32	3	546	299
35	0	541	305
33	0	544	305
32	0	546	306
31	3	547	299
33	4	542	296
36	1	537	302
34	0	539	304
33	0	542	305
31	3	544	297
34	0	539	303
32	0	542	304
31	0	544	305
30	0	545	306
29	0	547	307
28	0	549	308
27	3	550	301
29	4	545	298
32	1	540	304
30	0	542	305
29	0	545	306
27	0	547	307
26	0	549	308
25	0	550	309
24	0	552	309
23	0	554	310
22	0	555	311
21	0	557	312
20	0	559	313
19	0	560	314
18	0	562	315
17	0	564	316
16	0	565	317
15	0	567	318
14	0	569	319
13	0	570	320
12	0	572	321
11	0	574	322
10	0	575	323
9	0	577	324
8	0	579	325
7	0	580	325
5	0	582	326
4	0	584	327
3	0	585	328
2	0	587	329
1	0	589	330
0	0	590	331
0	0	592	332
0	0	592	333
0	0	593	334
0	0	594	334
0	0	596	335
0	0	597	336
0	0	598	336
0	0	599	337
0	0	600	338
0	0	601	338
0	0	603	339
0	0	604	340
0	0	605	340
0	0	606	341
0	0	607	342
0	0	608	342
0	0	610	343
0	0	611	344
0	0	612	344
0	0	613	345
0	0	614	346
0	0	615	346
0	0	617	347
0	0	618	348
0	0	619	348
0	0	620	349
0	0	622	350
0	0	623	351
0	0	624	351
0	0	625	352
0	0	626	353
0	0	628	353
0	0	629	354
0	0	630	355
0	0	631	355
0	0	633	356
0	0	634	357
0	0	635	357
0	0	636	358
0	0	638	359
0	0	639	360
0	0	640	360
0	0	640	360
0	0	640	360
0	0	640	360
0	0	640	360
0	0	640	360
0	0	640	360
0	0	640	360
0	0	640	360
0	0	640	360
0	0	640	360
0	0	640	360
0	0	640	360
0	0	640	360
0	0	640	360
0	0	640	360
0	0	640	360
0	0	640	360
0	0	640	360
0	0	640	360
0	0	640	360
0	0	640	360
0	0	640	360
0	0	640	360
0	0	640	360
0	0	640	360
0	0	640	360
0	0	640	360
0	0	640	360
0	0	640	360
0	0	640	360
0	0	640	360
0	0	640	360
0	0	640	360
0	0	640	360
0	0	640	360
0	0	640	360
0	0	640	360
0	0	640	360
0	0	640	360
0	0	640	360
0	0	640	360
0	0	640	360
0	0	640	360
0	0	640	360
0	0	640	360
0	0	640	360
0	0	640	360
0	0	640	360
0	0	640	360
0	0	640	360
0	0	640	360
0	0	640	360
0	0	640	360
0	0	640	360
0	0	640	360
0	0	640	360
0	0	640	360
0	0	640	360
0	0	640	360
0	0	640	360
0	0	640	360
0	0	640	360
0	0	640	360
0	0	640	360
0	0	640	360
0	0	640	360
0	0	640	360
0	0	640	360
0	0	640	360
0	0	640	360
0	0	640	360
0	0	640	360
0	0	640	360
0	0	640	360
0	0	640	360
0	0	640	360
0	0	640	360
0	0	640	360
0	0	640	360
0	0	640	360
0	0	640	360
0	0	640	360
0	0	640	360
0	0	640	360
0	0	640	360
0	0	640	360
0	0	640	360
0	0	640	360
0	0	640	360
0	0	640	360
0	0	640	360
0	0	640	360
0	0	640	360
0	0	640	360
0	4	640	351
2	0	635	357
0	0	638	359
0	0	639	359
0	0	640	360
0	0	640	360
0	0	640	360
0	0	640	360
0	0	640	360
0	0	640	360
0	0	640	360
0	0	640	360
0	0	640	360
0	0	640	360
0	0	640	360
0	0	640	360
0	0	640	360
0	0	640	360
0	0	640	360
0	0	640	360
0	0	640	360
0	0	640	360
0	0	640	360
0	0	640	360
0	0	640	360
0	0	640	360
0	0	640	360
0	0	640	360
0	0	640	360
0	0	640	360
0	0	640	360
0	0	640	360
0	0	640	360
0	0	640	360
0	0	640	360
0	0	640	360
0	0	640	360
0	0	640	360
0	0	640	360
0	0	640	360
0	0	640	360
0	0	640	360
0	0	640	360
0	0	640	360
0	0	640	360
0	0	640	360
0	0	640	360
0	0	640	360
0	0	640	360
0	0	640	360
0	0	640	360
0	0	640	360
0	0	640	360
0	0	640	360
0	0	640	360
0	0	640	360
0	0	640	360
0	0	640	360
0	0	640	360
0	0	640	360
0	0	640	360
0	0	640	360
0	0	640	360
0	0	640	360
0	0	640	360
0	0	640	360
0	0	640	360
0	0	640	360
0	0	640	360
0	0	640	360
0	0	640	360
0	0	640	360
0	0	640	360
0	0	640	360
0	0	640	360
0	0	640	360
0	0	640	360
0	0	640	360
0	0	640	360
0	0	640	360
0	0	640	360
0	0	640	360
0	0	640	360
0	0	640	360
0	0	640	360
0	0	640	360
0	0	640	360
0	0	640	360
0	0	640	360
0	0	640	360
0	0	640	360
0	0	640	360
0	0	640	360
0	0	640	360
0	0	640	360
0	0	640	360
0	0	640	360
0	0	640	360
0	0	640	360
0	0	640	360
0	0	640	360
0	0	640	360
0	0	640	360
0	0	640	360
0	0	640	360
0	0	640	360
0	0	640	360
0	0	640	360
0	0	640	360
0	0	640	360
0	0	640	360
0	0	640	360
0	0	640	360
0	0	640	360
0	0	640	360
0	0	640	360
0	0	640	360
0	0	640	360
0	0	640	360
0	0	640	360
0	0	640	360
0	0	640	360
0	0	640	360
0	0	640	360
0	0	640	360
0	0	640	360
0	0	640	360
0	0	640	360
0	0	640	360
0	0	640	360
0	0	640	360
0	0	640	360
0	0	640	360
0	0	640	360
0	0	640	360
0	0	640	360
0	0	640	360
0	0	640	360
0	0	640	360
0	0	640	360
0	0	640	360
0	0	640	360
0	0	640	360
0	0	640	360
0	0	640	360
0	0	640	360
0	0	640	360
0	0	640	360
0	0	640	360
0	0	640	360
0	0	640	360
0	0	640	360
0	0	640	360
0	0	640	360
0	0	640	360
0	0	640	360
0	0	640	360
0	0	640	360
0	0	640	360
0	0	640	360
0	0	640	360
0	0	640	360
0	0	640	360
0	0	640	360
0	0	640	360
0	0	640	360
0	0	640	360
0	0	640	360
0	0	640	360
0	0	640	360
0	0	640	360
0	0	640	360
0	0	640	360
0	0	640	360
0	0	640	360
0	0	640	360
0	0	640	360
0	0	640	360
0	0	640	360
0	0	640	360
0	0	640	360
0	0	640	360
0	0	640	360
0	0	640	360
0	0	640	360
0	0	640	360
0	0	640	360
0	0	640	360
0	0	640	360
0	0	640	360
0	0	640	360
0	0	640	360
0	0	640	360
0	0	640	360
0	0	640	360
0	0	640	360
0	0	640	360
0	0	640	360
0	0	640	360
0	0	640	360
0	0	640	360
0	0	640	360
0	0	640	360
0	0	640	360
0	0	640	360
0	0	640	360
0	0	640	360
0	0	640	360
0	0	640	360
0	0	640	360
0	0	640	360
0	0	640	360
0	0	640	360
0	0	640	360
0	0	640	360
0	0	640	360
0	0	640	360
0	0	640	360
0	0	640	360
0	0	640	360
0	0	640	360
0	4	640	351
2	0	635	357
0	0	638	359
0	0	639	359
0	0	640	360
0	4	640	351
2	0	635	357
0	0	638	359
0	0	639	359
0	0	640	360
0	4	640	351
2	5	635	347
5	7	628	343
7	8	622	340
10	10	616	337
13	6	610	344
11	5	613	345
10	4	616	347
8	8	619	339
11	9	613	335
13	11	607	332
16	12	601	329
19	9	595	335
17	8	598	337
16	7	601	339
14	5	604	340
12	9	607	332
15	6	601	339
13	5	604	340
11	9	607	332
14	5	601	339
12	9	604	330
15	6	598	337
13	5	601	339
12	3	604	340
10	2	607	342
8	6	610	334
11	3	604	340
9	2	607	342
8	0	610	356
1	1	624	351
0	0	626	353
0	5	628	344
2	6	622	340
5	3	616	347
3	7	619	339
6	8	613	335
8	9	607	332
11	11	601	329
14	12	595	326
17	14	590	322
19	15	584	319
22	1	578	346
11	10	599	328
14	12	593	324
17	13	588	321
19	0	582	348
8	9	603	330
11	10	597	326
14	0	591	351
5	8	609	333
7	9	603	330
10	11	597	327
13	0	591	352
3	8	610	334
6	10	604	330
9	11	598	327
11	0	592	352
2	8	612	334
4	10	606	331
7	11	600	328
10	0	594	353
0	8	613	335
3	10	607	332
6	11	601	329
8	12	595	325
11	14	589	322
14	0	584	350
3	9	605	331
5	10	599	328
8	12	593	324
11	13	587	321
13	15	582	318
16	16	576	315
19	17	570	312
21	19	565	309
24	15	559	315
22	14	562	316
21	13	564	318
19	12	567	319
18	16	570	311
20	18	564	308
23	19	558	305
26	16	553	311
24	15	556	313
22	18	558	305
25	20	553	302
27	21	548	299
30	8	542	325
20	16	562	307
22	13	557	313
21	17	559	306
23	18	554	303
26	19	549	300
28	21	543	297
31	8	538	322
21	16	558	305
23	17	552	302
25	14	547	308
24	13	550	309
22	12	552	311
21	11	555	312
19	10	558	314
18	14	560	306
20	15	555	303
23	12	550	309
21	11	552	311
20	10	555	312
18	14	558	305
21	10	552	311
19	9	555	312
17	8	558	314
16	8	560	316
14	7	563	317
13	6	566	319
11	5	568	320
10	4	571	322
8	3	574	323
6	2	577	325
5	5	580	317
7	2	574	323
6	1	577	325
4	5	580	317
6	6	574	314
9	3	569	320
8	2	571	322
6	1	574	323
4	4	577	315
7	6	571	312
10	2	566	319
8	6	568	311
11	7	563	308
13	9	557	305
16	10	552	302
18	11	547	299
21	8	541	305
19	12	544	297
21	8	539	303
20	12	541	296
22	13	536	293
25	14	530	290
27	16	525	287
30	17	520	284
32	18	515	282
34	19	510	279
37	20	505	276
39	22	500	273
41	23	495	271
43	24	490	268
46	25	486	265
48	26	481	263
50	27	476	260
52	28	472	258
54	29	467	255
56	30	462	253
58	31	458	250
60	33	454	248
62	34	449	246
64	35	445	243
66	36	440	241
68	37	436	238
70	38	432	236
72	39	427	234
74	40	423	231
76	41	419	229
78	41	415	227
80	42	411	225
82	43	407	223
84	44	403	220
85	45	399	218
87	46	395	216
89	37	392	235
82	43	406	222
84	33	402	241
76	40	417	228
78	30	413	247
70	36	428	234
72	37	424	232
74	27	420	251
66	34	435	238
68	35	431	235
70	32	426	240
69	35	428	234
71	36	424	232
73	37	420	230
74	38	416	228
76	39	412	225
78	29	408	245
70	25	423	254
63	20	439	263
54	15	455	272
46	10	472	282
37	17	489	267
39	18	484	265
41	19	480	262
43	20	475	260
46	9	470	282
37	17	487	266
39	18	483	264
41	19	478	261
43	20	473	259
46	9	469	281
37	16	486	265
39	17	481	263
41	18	476	260
43	20	472	258
46	21	467	255
48	10	462	277
39	17	479	262
41	18	474	259
43	19	470	257
46	8	465	278
37	15	482	263
39	17	477	261
41	18	473	258
43	19	468	256
46	20	463	253
48	21	459	251
50	22	455	248
52	23	450	246
54	24	446	244
56	25	441	241
58	26	437	239
60	16	433	259
52	11	449	269
43	18	465	254
45	19	460	252
47	20	456	249
49	9	452	270
41	16	468	256
43	18	463	253
45	19	459	251
47	20	455	248
49	21	450	246
51	22	446	244
53	23	441	241
55	24	437	239
57	13	433	259
49	20	449	245
51	21	444	243
53	11	440	263
45	18	456	249
47	7	452	270
39	14	468	256
41	3	463	277
32	0	480	286
24	0	496	291
17	6	509	278
20	7	504	276
22	8	499	273
24	9	494	270
26	0	490	291
18	7	506	277
20	8	501	274
23	9	496	271
25	10	491	269
27	11	487	266
29	12	482	263
31	1	477	286
22	9	495	270
25	10	490	268
27	0	485	289
18	7	502	274
21	8	497	272
23	0	492	291
15	6	507	277
18	8	502	274
20	0	497	294
12	6	512	280
14	8	507	277
17	9	502	274
19	10	497	272
21	0	492	293
13	7	508	278
15	8	503	275
18	9	498	272
20	11	493	270
22	12	489	267
24	13	484	265
26	1	479	287
17	9	497	272
20	0	492	292
12	7	508	278
14	0	503	296
7	0	517	303
0	6	530	290
2	7	524	287
5	8	519	284
7	9	514	281
9	0	509	303
1	0	526	309
0	0	534	316
0	0	542	323
0	0	551	329
0	0	560	335
0	0	570	341
0	0	580	347
0	0	590	353
0	0	601	360
0	9	611	340
0	12	610	334
2	13	604	330
5	15	598	327
8	16	592	324
11	2	587	351
0	11	608	332
2	13	602	329
5	14	596	326
8	16	590	323
11	2	584	350
0	11	606	331
3	12	600	328
5	0	594	354
0	0	610	360
0	8	618	343
0	10	616	337
3	12	610	334
6	13	604	330
9	15	598	327
11	1	592	355
0	0	614	360
0	0	622	360
0	0	627	360
0	0	631	360
0	0	634	360
0	4	637	350
2	6	632	345
5	0	626	360
0	0	635	360
0	0	637	360
0	0	639	360
0	0	640	360
0	4	640	351
2	0	635	360
0	0	639	360
0	0	640	360
0	0	640	360
0	4	640	351
2	5	635	347
5	7	628	343
7	0	622	360
2	6	633	346
5	0	627	360
0	5	636	347
3	7	629	344
6	8	623	341
9	10	617	337
12	0	611	360
3	7	628	343
6	9	621	340
8	10	615	336
11	12	609	333
14	0	603	359
4	0	623	360
0	0	633	360
0	0	635	360
0	0	637	360
0	0	639	360
0	0	640	360
0	0	640	360
0	0	640	360
0	0	640	360
0	0	640	360
0	0	640	360
0	0	640	360
0	0	640	360
0	0	640	360
0	0	640	360
0	0	640	360
0	0	640	360
127	0	385	360
70	30	498	298
61	24	516	309
51	18	535	320
41	12	554	332
31	6	574	344
20	0	595	357
9	0	617	360
128	0	378	360
70	31	494	296
61	26	512	307
52	20	530	318
42	14	550	329
31	8	570	341
21	17	591	323
23	18	585	320
26	4	579	347
15	13	600	328
18	15	594	325
21	16	589	322
23	2	583	349
12	0	604	358
3	8	623	341
6	0	617	360
0	7	630	345
2	0	624	360
0	0	631	360
124	0	382	360
67	30	496	297
57	25	514	308
48	19	533	319
38	13	553	331
28	7	573	343
17	16	593	324
20	17	588	321
22	3	582	349
12	13	603	330
14	0	597	356
4	9	618	338
7	10	612	334
9	11	606	331
12	13	600	328
15	14	594	325
18	16	588	321
20	17	582	318
23	18	577	315
25	20	571	312
28	21	565	309
31	22	560	306
33	24	554	303
36	11	549	329
25	19	569	311
28	21	563	308
31	7	558	334
20	16	578	316
23	2	572	343
12	12	593	324
15	13	587	321
17	14	582	318
20	16	576	315
23	2	570	342
12	11	591	323
15	0	585	348
5	8	604	330
8	10	598	327
11	11	592	324
13	12	587	321
16	14	581	318
18	15	575	315
21	16	570	311
24	13	564	318
22	17	567	310
25	18	561	307
27	15	556	313
26	18	558	305
28	15	553	311
27	19	556	304
29	20	550	301
32	21	545	298
34	22	540	295
37	24	534	292
39	25	529	289
41	26	524	286
44	23	519	292
42	26	521	285
44	23	516	291
43	22	519	292
41	21	522	294
40	25	524	287
42	26	519	284
44	23	514	290
43	22	517	291
41	21	520	293
40	20	522	294
38	19	525	296
37	18	528	297
35	17	530	299
34	21	533	291
36	18	528	297
35	17	530	299
33	20	533	291
36	21	528	289
38	23	523	286
40	24	518	283
43	11	513	307
33	20	531	291
35	21	526	288
38	22	521	285
40	10	516	309
31	4	535	320
21	12	554	303
133	0	329	329
77	32	440	264
69	27	456	273
61	22	473	283
52	16	490	294
42	11	508	305
33	5	527	316
23	0	546	326
13	0	565	332
6	7	580	317
8	8	575	314
11	10	569	311
14	11	563	308
16	8	558	314
15	7	560	316
13	6	563	317
12	5	566	319
10	4	568	320
8	3	571	322
7	2	574	323
5	1	577	325
3	4	580	317
6	6	574	314
9	7	568	311
11	8	563	308
14	10	557	305
16	11	552	302
19	8	547	308
17	11	549	300
20	13	544	297
22	14	539	294
25	15	533	291
27	16	528	289
29	4	523	313
20	12	542	296
22	0	537	321
12	8	556	304
15	9	551	301
17	10	545	298
20	12	540	295
22	13	534	292
25	10	529	298
23	13	532	291
26	15	526	288
28	16	521	285
30	13	516	291
29	12	519	292
27	15	522	285
29	16	517	282
32	17	512	280
34	5	507	304
25	13	525	287
27	15	520	284
29	2	515	309
20	10	534	292
22	12	528	289
25	13	523	286
27	14	518	283
29	2	513	308
20	10	532	291
22	11	527	288
24	12	522	285
27	14	517	282
29	15	512	280
31	3	507	304
22	11	525	287
24	12	520	284
27	13	515	282
29	14	510	279
31	2	505	303
22	0	523	311
13	0	540	317
6	6	554	303
9	8	549	300
11	9	543	297
14	10	538	294
16	11	532	291
19	13	527	288
21	14	522	285
23	15	517	283
26	16	512	280
28	17	507	277
30	18	502	274
32	20	497	272
35	8	492	295
26	16	510	279
28	17	505	276
30	18	500	273
33	19	495	271
35	8	490	294
25	15	508	278
28	3	503	302
18	0	522	311
118	0	323	317
65	29	428	257
57	24	444	266
48	19	461	276
40	14	477	286
130	9	296	296
80	38	397	238
72	33	411	246
65	29	426	255
57	24	442	265
48	19	458	274
40	14	475	284
130	8	295	295
79	37	395	237
72	33	409	245
64	28	424	254
57	23	440	263
48	18	456	273
40	13	473	283
129	8	294	294
79	37	393	236
72	32	408	244
64	28	423	253
56	23	438	262
48	18	454	272
40	13	471	282
31	7	488	292
22	15	506	276
24	3	501	300
15	0	519	309
6	7	536	293
8	0	531	313
1	0	546	320
0	6	554	306
1	8	551	301
3	10	546	298
5	11	541	295
8	12	535	293
10	13	530	290
13	1	524	314
3	9	544	297
6	0	538	319
0	0	553	326
0	7	560	311
0	9	559	305
3	11	553	302
5	12	548	300
8	13	543	297
10	14	537	294
12	2	532	319
3	10	551	301
5	11	546	298
8	8	541	304
6	12	543	297
8	0	538	322
0	0	556	327
0	2	564	322
0	7	567	312
1	9	563	308
4	10	557	305
6	11	552	302
9	13	547	299
11	14	541	296
14	15	536	293
16	16	530	290
19	4	525	315
9	12	544	297
11	9	539	303
10	8	542	305
8	7	544	306
7	6	547	308
5	10	550	300
8	6	544	306
6	6	547	308
5	9	550	300
7	10	544	297
10	12	539	295
12	0	533	319
2	8	553	302
5	4	547	308
3	8	550	301
6	5	545	307
4	4	547	308
3	7	550	301
5	9	545	298
8	10	539	295
10	11	534	292
13	8	528	298
11	12	531	290
13	9	526	296
12	8	528	298
10	7	531	299
9	10	534	292
11	7	528	298
10	6	531	299
8	9	534	292
11	11	528	289
13	12	523	286
15	13	518	283
18	10	513	289
16	9	516	291
15	8	519	292
13	7	521	294
12	11	524	287
14	7	519	292
12	7	522	294
11	10	524	287
13	7	519	293
12	10	522	285
14	7	517	291
12	6	520	293
11	5	522	294
9	4	525	296
8	8	528	289
10	9	523	286
12	6	518	292
11	5	520	293
9	8	523	286
12	9	518	283
14	10	513	280
16	0	508	303
7	3	525	296
6	6	528	289
8	8	523	286
10	9	518	283
128	10	511	280
232	0	304	302
262	29	243	243
286	53	195	195
253	72	261	156
248	69	271	162
299	73	168	153
389	86	215	129
385	83	223	134
266	133	232	139
316	142	240	120
368	134	136	136
344	147	183	109
341	145	190	113
337	143	197	118
334	141	204	122
330	138	212	127
326	136	219	131
322	133	227	136
365	131	141	141
379	145	113	113
359	125	152	152
333	140	203	122
329	138	211	126
325	135	219	131
321	133	227	136
317	130	235	141
362	128	146	146
337	142	196	117
333	140	203	121
329	137	210	126
325	135	218	130
367	133	135	135
343	109	182	182
361	127	146	146
336	142	195	117
333	139	203	121
371	137	126	126
349	115	168	168
366	132	135	135
439	109	181	181
408	127	231	145
450	126	147	147
425	140	197	118
421	138	204	122
417	136	212	127
413	133	220	131
409	131	228	136
405	128	234	141
449	126	146	146
463	140	117	117
443	120	157	157
459	136	126	126
471	148	101	101
481	131	81	136
451	128	141	141
465	142	113	113
446	123	151	151
461	138	121	121
440	117	163	163
456	133	131	131
433	110	175	175
404	128	235	140
399	125	240	146
394	123	245	150
388	121	251	154
382	123	257	148
379	126	260	143
380	127	258	141
381	127	256	140
382	128	254	139
383	128	251	137
384	129	249	136
385	130	247	135
386	130	244	133
387	131	242	132
388	129	240	135
388	131	241	132
389	129	239	134
388	129	240	135
387	128	241	136
386	130	243	133
388	130	240	131
389	129	238	134
388	129	239	135
387	130	241	131
388	131	238	130
389	129	236	133
389	129	237	134
388	128	239	134
387	130	240	131
388	128	238	134
387	130	239	131
388	129	237	133
388	128	238	134
387	130	239	131
388	136	237	118
394	133	224	123
395	134	222	121
396	134	220	120
397	135	218	119
398	135	216	118
399	136	214	117
400	136	212	116
401	137	210	115
402	137	208	114
403	136	206	116
402	136	207	117
401	135	208	117
401	135	209	118
400	135	210	118
400	134	211	119
399	134	212	119
398	133	213	120
398	140	214	107
404	133	203	121
400	141	210	105
405	134	199	119
401	142	207	103
407	135	196	117
403	138	203	111
404	143	201	100
315	145	190	95
415	103	180	180
385	127	241	132
434	121	143	143
314	145	192	96
360	101	182	182
329	126	244	133
330	124	241	136
330	126	243	133
331	124	240	135
330	124	242	136
329	123	243	137
328	123	244	138
328	123	246	138
327	122	247	139
326	122	248	140
325	129	250	125
332	132	236	118
227	124	224	134
275	126	232	131
327	125	234	131
326	125	235	132
326	124	236	133
325	124	238	134
324	125	239	131
325	124	237	133
324	124	238	134
324	125	239	131
325	126	237	129
326	126	235	128
327	127	232	127
328	125	230	129
327	125	231	130
326	124	233	131
326	124	234	132
325	124	235	132
324	123	237	133
323	123	238	134
323	122	239	135
322	122	241	135
321	121	242	136
320	121	243	137
320	120	245	138
319	120	246	138
318	121	247	135
319	120	245	138
318	119	246	139
318	127	248	124
324	123	235	132
323	122	236	133
323	122	237	134
322	121	239	134
321	121	240	135
320	120	241	136
320	120	243	137
319	127	244	122
325	123	231	130
324	122	232	131
324	122	234	131
323	121	235	132
322	121	236	133
321	121	238	134
321	120	239	134
320	120	240	135
319	119	242	136
318	119	243	137
318	118	244	138
317	118	246	138
316	117	247	139
315	117	248	140
315	116	250	141
314	116	251	141
313	115	252	142
312	115	254	143
312	114	255	144
311	114	256	144
310	113	258	145
309	113	259	146
308	113	260	147
308	112	262	147
307	112	263	148
306	111	264	149
305	111	266	150
305	110	267	150
304	110	269	151
303	109	270	152
302	109	271	153
302	108	273	153
301	108	274	154
300	107	275	155
299	107	277	156
298	106	278	156
298	106	279	157
297	105	281	158
296	105	282	159
295	104	283	159
295	104	285	160
294	103	286	161
293	103	287	162
292	102	289	163
291	102	291	164
290	104	292	160
291	102	290	163
291	101	291	164
290	103	293	160
291	101	290	163
290	101	292	164
289	103	294	160
290	103	291	159
291	101	288	162
290	101	290	163
289	100	292	164
289	100	293	165
288	99	295	166
287	99	297	167
286	98	298	168
285	97	300	169
284	97	302	170
283	99	303	166
284	97	300	169
283	99	302	165
285	97	299	168
284	99	301	164
285	100	298	163
286	98	295	166
285	100	297	162
287	100	294	161
288	99	291	164
287	100	293	160
288	99	290	163
287	100	292	159
288	101	289	158
290	102	287	157
291	102	284	155
292	96	281	168
287	100	292	159
288	101	289	158
289	101	286	156
291	94	284	170
285	99	294	161
286	100	291	159
288	100	289	158
289	93	286	171
284	98	296	162
285	99	294	160
286	99	291	159
287	100	288	157
289	100	286	156
290	101	283	155
291	102	280	153
292	102	278	152
293	101	275	155
293	100	276	155
292	102	278	152
293	103	275	150
294	103	272	149
296	97	270	161
291	94	280	167
285	98	290	158
286	99	287	157
288	99	285	155
289	100	282	154
290	98	279	157
289	98	281	158
289	97	282	159
288	97	283	159
287	91	285	170
282	96	295	161
283	94	292	164
282	96	294	161
283	96	291	159
284	95	289	162
284	94	290	163
