0.000994
0.099912
0.132029
0.123027
0.133029
0.131029
0.131029
0.138472
0.140250
0.148090
0.178040
0.149033
0.120027
0.145032
0.130029
0.125062
0.165363
0.133029
0.112025
0.154035
0.174338
0.176039
0.142032
0.123027
0.147428
0.108927
0.140031
0.118026
0.141574
0.120738
0.145175
0.148205
0.148008
0.149441
0.149660
0.133148
0.149504
0.148703
0.122996
0.161671
0.156724
0.152334
0.150692
0.152034
0.149033
0.151229
0.148557
0.149033
0.150033
0.147617
0.149929
0.146602
0.147138
0.146424
0.151171
0.150895
0.131029
0.147794
0.149006
0.149037
0.150168
0.149890
0.147453
0.150380
0.151839
0.148093
0.152671
0.147349
0.150327
0.148773
0.150630
0.149553
0.151000
0.150657
0.126277
0.149926
0.149948
0.151517
0.150790
0.151917
0.150268
0.149075
0.150810
0.150542
0.151000
0.151316
0.150404
0.150930
0.150805
0.151334
0.177376
0.174648
0.177521
0.177617
0.178514
0.174813
0.179418
0.179784
0.175325
0.179317
0.177435
0.178965
0.176306
0.176634
0.176719
0.176321
0.179913
0.178039
0.174608
0.179647
0.152045
0.153724
0.151834
0.152025
0.149891
0.116374
0.130686
0.148225
0.149420
0.145607
0.153395
0.153407
0.150286
0.150440
0.148606
0.150379
0.147870
0.145114
0.151607
0.176196
0.177072
0.177443
0.177161
0.176039
0.179555
0.179957
0.178529
0.178610
0.143512
0.107540
0.139310
0.147860
0.149191
0.145751
0.155006
0.150653
0.149626
0.147572
0.156691
0.146072
0.170900
0.144473
0.151033
0.150387
0.134627
0.152051
0.150321
0.151523
0.150690
0.149550
0.149032
0.131463
0.149507
0.149182
0.148416
0.148526
0.113501
0.149410
0.149376
0.149369
0.148032
0.147063
0.146033
0.164546
0.166058
0.165708
0.161036
0.158648
0.168270
0.162036
0.149033
0.147474
0.147032
0.150195
0.115026
0.160179
0.174225
0.177039
0.145033
0.111024
0.138440
0.138289
0.148347
0.149034
0.153034
0.149085
0.164036
0.181040
0.177357
0.164979
0.124410
0.140217
0.131095
0.135287
0.148032
0.176698
0.177313
0.178823
0.177238
0.177177
0.177102
0.089019
0.141181
0.152058
0.148082
0.154031
0.168536
0.176042
0.176241
0.178149
0.179359
0.179263
0.178735
0.180143
0.162582
0.159821
0.157021
0.155017
0.155708
0.154756
0.152018
0.121777
0.141314
0.135704
0.148116
0.146493
0.149094
0.148825
0.149209
0.144882
0.122959
0.149336
0.124432
0.134430
0.151162
0.149762
0.150245
0.150085
0.151842
0.150461
0.150828
0.134329
0.167706
0.161344
0.156053
0.151532
0.146708
0.180586
0.177145
0.177102
0.178342
0.158746
0.118399
0.142426
0.148329
0.135786
0.150735
0.151231
0.153445
0.149146
0.149042
0.151033
0.150527
0.131513
0.148386
0.152323
0.150838
0.102155
0.152123
0.135201
0.153659
0.145828
0.158991
0.176349
0.180670
0.180974
0.179319
0.177663
0.179610
0.181130
0.177885
0.146719
0.113671
0.140461
0.137244
0.150795
0.146961
0.147738
0.159266
0.162559
0.083403
0.151030
0.149611
0.152176
0.150936
0.151485
0.150240
0.149585
0.150001
0.150717
0.146944
0.170768
0.177221
0.145700
0.112523
0.138701
0.136865
0.150215
0.143461
0.178355
0.179772
0.177625
0.179405
0.177121
0.180806
0.149395
0.118745
0.135080
0.146194
0.136120
0.154398
0.153484
0.150902
0.150083
0.151755
0.152438
0.151395
0.143476
0.161984
0.154300
0.153744
0.150399
0.145182
0.148309
0.146254
0.120404
0.146084
0.144412
0.145156
0.147345
0.153156
0.155408
0.157043
0.152253
0.167934
0.166497
0.163199
0.172857
0.163329
0.118026
0.118222
0.147251
0.154886
0.164036
0.168928
0.168184
0.165937
0.172507
0.154829
0.137355
0.130949
0.131854
0.138724
0.156874
0.158743
0.180051
0.150909
0.117512
0.136094
0.131168
0.131133
0.142287
0.155881
0.159733
0.163482
0.163672
0.109634
0.122594
0.165406
0.117586
0.126604
0.146633
0.154694
0.158448
0.104677
0.172392
0.142652
0.150009
0.177850
0.163137
0.105826
0.127770
0.146478
0.166336
0.082860
0.163625
0.173232
0.128527
0.125027
0.132421
0.147903
0.169769
0.115012
0.117564
0.132217
0.160905
0.163662
0.110855
0.121184
0.151703
0.150030
0.155483
0.142256
0.109635
0.135012
0.155138
0.159820
0.170295
0.160996
0.175997
0.171532
0.128193
0.128877
0.145592
0.145139
0.145724
0.130453
0.151665
0.143951
0.146125
0.150492
0.171201
0.178642
0.159905
0.151267
0.128277
0.140236
0.139994
0.137799
0.148725
0.150902
0.147390
0.133855
0.162611
0.160476
0.156146
0.176583
0.165775
0.133995
0.122531
0.126354
0.167680
0.162603
0.162633
0.165935
0.164343
0.167102
0.163821
0.171852
0.145031
0.138246
0.136081
0.135476
0.136438
0.147504
0.150793
0.173487
0.171484
0.159035
0.147513
0.111214
0.134912
0.133491
0.169986
0.171995
0.176428
0.175143
0.161906
0.165844
0.152086
0.142558
0.098961
0.141656
0.153409
0.165327
0.080018
0.168395
0.170840
0.176035
0.165691
0.149832
0.126131
0.144917
0.118201
0.138007
0.156488
0.158441
0.158703
0.158660
0.175124
0.131335
0.117811
0.134773
0.158431
0.165202
0.159285
0.171567
0.163665
0.176924
0.134519
0.108392
0.142636
0.175231
0.168364
0.121161
0.125534
0.143534
0.143053
0.167762
0.164988
0.166788
0.165009
0.158164
0.172454
0.129195
0.126240
0.147493
0.148262
0.148489
0.130814
0.157529
0.151813
0.171226
0.171561
0.169147
0.169421
0.165917
0.165361
0.160930
0.154152
0.174902
0.178230
0.177092
0.179296
0.149400
0.139596
0.121155
0.132075
0.154585
0.155805
0.152149
0.175606
0.177771
0.173431
0.168468
0.156121
0.154074
0.150015
0.111048
0.148940
0.147502
0.145971
0.147647
0.168381
0.167064
0.164430
0.160944
0.162252
0.160635
0.151671
0.180014
0.175378
0.141446
0.145401
0.100043
0.158843
0.190751
0.150767
0.109066
0.140196
0.151017
0.179403
0.147302
0.119026
0.129746
0.151143
0.145476
0.145982
0.150359
0.153561
0.153034
0.167284
0.163535
0.179968
0.172329
0.122835
0.118549
0.140787
0.155548
0.181948
0.151995
0.106756
0.135818
0.169161
0.167460
0.165919
0.165311
0.162931
0.164437
0.159790
0.179936
0.131661
0.145359
0.141994
0.144669
0.140434
0.109242
0.150451
0.174531
0.133053
0.120580
0.131654
0.153035
0.156973
0.161566
0.162151
0.162305
0.160709
0.159700
0.159068
0.151992
0.166772
0.158292
0.151888
0.114012
0.147854
0.149654
0.149930
0.152212
0.156231
0.166990
0.166106
0.164109
0.163609
0.162936
0.161520
0.160285
0.159622
0.158089
0.163127
0.143498
0.147782
0.150489
0.146359
0.122520
0.125568
0.149694
0.167705
0.162186
0.165715
0.163474
0.163396
0.162935
0.160744
0.161200
0.168095
0.163378
0.170057
0.162879
0.176139
0.175433
0.141032
0.104141
0.141240
0.144005
0.148915
0.158136
0.162328
0.162048
0.159817
0.154128
0.177387
0.178854
0.179561
0.175899
0.146623
0.115787
0.122607
0.144123
0.174018
0.183968
0.179446
0.177183
0.169254
0.157665
0.149969
0.145896
0.106863
0.150302
0.154709
0.137513
0.145485
0.144901
0.148184
0.147368
0.146207
0.146823
0.145905
0.142349
0.165180
0.168001
0.176434
0.140306
0.109446
0.139708
0.136047
0.156308
0.160334
0.160771
0.161999
0.160706
0.161544
0.155441
0.173275
0.172806
0.126824
0.104120
0.141440
0.121870
0.159052
0.178067
0.101534
0.143862
0.129283
0.161891
0.177695
0.178620
0.168219
0.148617
0.141828
0.129965
0.140655
0.125509
0.157370
0.164928
0.166569
0.146889
0.167702
0.162414
0.178735
0.173334
0.164705
0.155034
0.118026
0.145581
0.143379
0.141368
0.151401
0.173046
0.171713
0.178141
0.170640
0.165190
0.154645
0.146968
0.154707
0.121557
0.126401
0.137681
0.166855
0.161532
0.176255
0.176790
0.179137
0.174079
0.136346
0.100839
0.143197
0.163023
0.161497
0.157138
0.171072
0.131381
0.131102
0.147351
0.144980
0.147964
0.150129
0.156438
0.162818
0.160062
0.181929
0.176836
0.135233
0.128408
0.125031
0.138258
0.140078
0.146319
0.150411
0.139575
0.137192
0.134195
0.125695
0.167204
0.172884
0.111891
0.130117
0.157709
0.155582
0.172839
0.174646
0.178890
0.143503
0.111337
0.126332
0.149518
0.167858
0.165617
0.166920
0.166368
0.162726
0.161163
0.160864
0.158898
0.155759
0.172769
0.114369
0.118644
0.143529
0.166739
0.178357
0.138030
0.142292
0.141561
0.142525
0.144186
0.143790
0.147478
0.149880
0.145893
0.122990
0.146928
0.164228
0.163327
0.158311
0.169099
0.168336
0.160945
0.179645
0.152225
0.107399
0.134984
0.153936
0.161120
0.163770
0.167269
0.165520
0.171360
0.178116
0.176172
0.160185
0.155289
0.150062
0.131649
0.139730
0.142337
0.141586
0.136675
0.170589
0.171390
0.166805
0.175853
0.136135
0.103600
0.148314
0.153366
0.171156
0.121399
0.131808
0.143578
0.144447
0.153762
0.158945
0.158218
0.177820
0.176933
0.128420
0.127881
0.134748
0.144675
0.178674
0.181549
0.176251
0.177765
0.172642
0.160290
0.147235
0.142717
0.147900
0.146968
0.146875
0.112362
0.156672
0.152695
0.168122
0.175347
0.159818
0.120724
0.108506
0.176696
0.175448
0.166665
0.139688
0.150182
0.127520
0.143331
0.146816
0.148940
0.165082
0.160979
0.157964
0.174988
0.131932
0.141801
0.143250
0.104578
0.145499
0.154861
0.153910
0.164217
0.170339
0.169528
0.167435
0.164694
0.161492
0.160477
0.156374
0.176460
0.180198
0.159035
0.144890
0.148032
0.122192
0.136775
0.158051
0.158071
0.158334
0.168597
0.174427
0.171038
0.159698
0.151022
0.092247
0.149792
0.153377
0.155495
0.156545
0.159697
0.156204
0.170230
0.173097
0.176871
0.178874
0.176438
0.175793
0.152738
0.149155
0.127627
0.147032
0.149792
0.110577
0.144533
0.146646
0.142839
0.150629
0.154001
0.151252
0.155259
0.174243
0.174358
0.180736
0.142174
0.149441
0.147868
0.149366
0.146935
0.107415
0.157283
0.158384
0.155616
0.155583
0.158803
0.153034
0.169258
0.180828
0.148051
0.119346
0.133991
0.127337
0.146218
0.143995
0.161395
0.159851
0.158784
0.158780
0.158617
0.148316
0.147424
0.178313
0.180817
0.148493
0.121633
0.132246
0.145823
0.151970
0.149895
0.151416
0.147566
0.129877
0.146557
0.140693
0.155649
0.177008
0.146856
0.113086
0.127748
0.176961
0.140978
0.148441
0.147092
0.145981
0.146813
0.127138
0.136281
0.130137
0.155049
0.156087
0.157993
0.160110
0.159395
0.160218
0.155781
0.174463
0.167610
0.160925
0.115025
0.145420
0.143116
0.143559
0.141838
0.156116
0.151883
0.150082
0.137465
0.129232
0.146489
0.145542
0.154110
0.166037
0.163343
0.149846
0.149102
0.153476
0.160139
0.181137
0.180773
0.177357
0.170263
0.159359
0.132521
0.127028
0.136876
0.154517
0.153754
0.154978
0.156090
0.156299
0.155288
0.174105
0.127173
0.121048
0.139530
0.154088
0.142650
0.170277
0.166723
0.163002
0.176867
0.136030
0.122993
0.122310
0.146809
0.175093
0.137579
0.130982
0.145941
0.145539
0.147326
0.147003
0.146384
0.144876
0.145550
0.160899
0.179809
0.133930
0.143610
0.142530
0.145815
0.146851
0.143570
0.142655
0.145126
0.144079
0.122381
0.151053
0.147604
0.180359
0.173934
0.179565
0.143588
0.111223
0.134094
0.154854
0.156659
0.166290
0.163894
0.163547
0.160989
0.176453
0.176624
0.180052
0.146806
0.154764
0.147623
0.144687
0.123708
0.130400
0.155647
0.160262
0.159609
0.161270
0.165170
0.158160
0.176920
0.169406
0.159893
0.085826
0.156791
0.172232
0.178322
0.177916
0.172127
0.142830
0.144101
0.125405
0.143987
0.146493
0.145763
0.145740
0.148025
0.154454
0.153532
0.151548
0.177400
0.137394
0.145644
0.145264
0.149789
0.133110
0.125340
0.144623
0.147688
0.152679
0.149145
0.177194
0.178177
0.138724
0.122891
0.127142
0.149724
0.152088
0.156475
0.155606
0.169003
0.176443
0.134906
0.118873
0.121152
0.153637
0.155035
0.157925
0.160514
0.161649
0.164344
0.164351
0.160452
0.169815
0.173581
0.174545
0.137686
0.141941
0.120435
0.131956
0.169775
0.166928
0.167655
0.169685
0.168243
0.172055
0.167938
0.166331
0.172361
0.164743
0.111788
0.119715
0.153075
0.149856
0.176854
0.142116
0.111024
0.139400
0.157470
0.154980
0.166214
0.165523
0.162996
0.174147
0.128309
0.123557
0.144321
0.138586
0.161047
0.159572
0.159035
0.144953
0.167958
0.170406
0.148858
0.117315
0.161425
0.160975
0.160650
0.171034
0.168866
0.181240
0.173248
0.161018
0.148865
0.144012
0.102541
0.158046
0.158202
0.159236
0.163748
0.163447
0.162718
0.160591
0.162446
0.159443
0.170523
0.146730
0.181970
0.176084
0.127733
0.144302
0.131611
0.128044
0.165758
0.169165
0.167209
0.164573
0.162050
0.158460
0.158907
0.158664
0.158337
0.182305
0.151672
0.109683
0.134427
0.130342
0.165119
0.176150
0.132947
0.120880
0.148060
0.147667
0.147244
0.151466
0.156920
0.154694
0.136009
0.146960
0.137572
0.142733
0.161184
0.159698
0.159207
0.152084
0.176404
0.145972
0.150083
0.149399
0.162646
0.156785
0.109272
0.140282
0.144219
0.178840
0.143586
0.114130
0.131549
0.149933
0.179815
0.178857
0.146008
0.112449
0.125939
0.164032
0.178533
0.174011
0.134012
0.143353
0.120587
0.136393
0.158200
0.176263
0.183737
0.181694
0.151236
0.123739
0.150032
0.122730
0.162081
0.162344
0.154700
0.168780
0.165060
0.165831
0.137577
0.148651
0.160512
0.153913
0.152033
0.161697
0.156101
0.154278
0.152676
0.149239
0.150558
0.135715
0.150002
0.149855
0.148945
0.149474
0.150575
0.150435
0.119167
0.145462
0.175729
0.177483
0.178880
0.145252
0.149379
0.152603
0.158639
0.154541
0.126754
0.111537
0.163490
0.157844
0.157035
0.155108
0.152357
0.109509
0.131544
0.163952
0.180401
0.179040
0.124838
0.109287
0.164037
0.159259
0.159426
0.150990
0.166816
0.180622
0.179090
0.143395
0.092172
0.151899
0.171421
0.177302
0.121709
0.110001
0.157034
0.153589
0.148848
0.174649
0.178330
0.144182
0.114763
0.147901
0.149394
0.119708
0.144213
0.180204
0.145261
0.113593
0.127889
0.165757
0.180005
0.149660
0.121365
0.130612
0.148130
0.152301
0.146180
0.177016
0.177454
0.158247
0.119184
0.114600
0.166628
0.175954
0.138203
0.111676
0.135643
0.159927
0.158971
0.155454
0.166701
0.163563
0.156670
0.176039
0.176039
0.176912
0.183792
0.181664
0.179345
0.179284
0.176161
0.081029
0.150159
0.149244
0.147395
0.131461
0.149483
0.146966
0.153057
0.154356
0.148375
0.169027
0.170187
0.169469
0.164423
0.161072
0.160471
0.160116
0.160036
0.160264
0.170041
0.161870
0.180434
0.182263
0.182900
0.170843
0.179513
0.183149
0.141406
0.109472
0.139345
0.158592
0.159121
0.159143
0.156386
0.168620
0.165079
0.164124
0.156277
0.163603
0.125562
0.142921
0.140264
0.125973
0.147006
0.166130
0.158282
0.152810
0.133116
0.147698
0.129562
0.162100
0.159645
0.152952
0.151351
0.152164
0.124561
0.164899
0.160335
0.166722
0.164200
0.163144
0.162521
0.160785
0.159091
0.158880
0.158302
0.151470
0.171941
0.178571
0.160331
0.118567
0.141375
0.128148
0.147448
0.176908
0.140395
0.122775
0.118042
0.164410
0.182267
0.181022
0.179342
0.177729
0.140877
0.107399
0.140463
0.157906
0.155035
0.158095
0.154784
0.148123
0.175239
0.179968
0.170250
0.166573
0.164507
0.156229
0.142168
0.152174
0.150273
0.150323
0.152824
0.130823
0.149610
0.150028
0.148436
0.131065
0.165421
0.164181
0.162371
0.160858
0.158066
0.158008
0.157326
0.155491
0.152817
0.170476
0.160362
0.169300
0.163595
0.162535
0.158825
0.154269
0.161574
0.168511
0.166089
0.155845
0.169092
0.179370
0.176283
0.178217
0.174956
0.152282
0.125696
0.108301
0.201185
0.158176
0.175505
0.177862
0.178050
0.143883
0.111266
0.129335
0.146939
0.148197
0.139865
0.158198
0.157930
0.159711
0.159605
0.160751
0.156578
0.167816
0.176462
0.153034
0.098100
0.149306
0.151644
0.173557
0.172242
0.168017
0.154542
0.181190
0.178371
0.158205
0.117335
0.127264
0.146012
0.152011
0.150194
0.165646
0.179890
0.142944
0.091386
0.147666
0.148215
0.151543
0.152119
0.150877
0.154029
0.120449
0.140026
0.151693
0.151342
0.134717
0.151426
0.176140
0.178999
0.174157
0.161219
0.157049
0.153192
0.148491
0.147165
0.109796
0.148941
0.147485
0.138457
0.168216
0.164521
0.173276
0.169407
0.157631
0.137130
0.154220
0.154531
0.150466
0.147923
0.131264
0.148993
0.149117
0.147665
0.148699
0.140288
0.180541
0.142399
0.148579
0.153246
0.133915
0.148062
0.146833
0.146866
0.146576
0.146148
0.140851
0.168546
0.168161
0.163946
0.159928
0.168239
0.148147
0.148397
0.116835
0.117893
0.171666
0.154469
0.149928
0.181040
0.144038
0.089300
0.148033
0.164024
0.163718
0.163399
0.164914
0.158590
0.177449
0.176821
0.140052
0.111024
0.140197
0.160010
0.157748
0.156678
0.156127
0.176702
0.177249
0.180627
0.178735
0.178030
0.153327
0.113412
0.139595
0.150942
0.149226
0.150351
0.142683
0.146948
0.161823
0.158035
0.158140
0.158085
0.135159
0.166881
0.179113
0.144623
0.114658
0.135000
0.156127
0.148229
0.175287
0.177253
0.139170
0.125206
0.141067
0.154181
0.146021
0.162869
0.156285
0.162975
0.175699
0.121025
0.138477
0.160035
0.159979
0.152799
0.172147
0.176788
0.176630
0.178655
0.179295
0.180204
0.178322
0.178564
0.179457
0.177536
0.178968
0.154410
0.153716
0.111497
0.129283
0.151103
0.165602
0.161464
0.158023
0.163722
0.160275
0.156880
0.151901
0.093287
0.150792
0.090056
0.145326
0.167167
0.164880
0.175366
0.157034
0.107020
0.142644
0.161909
0.171129
0.164490
0.161886
0.167761
0.163293
0.159729
0.156828
0.157861
0.152999
0.179177
0.181322
0.150033
0.123027
0.127337
0.145324
0.160597
0.166282
0.180076
0.145377
0.112420
0.132183
0.154902
0.154847
0.169521
0.164922
0.156843
0.168250
0.163036
0.175669
0.139591
0.094467
0.153183
0.179360
0.179887
0.144457
0.110860
0.134929
0.151989
0.166719
0.165872
0.162881
0.163184
0.160470
0.149133
0.148748
0.167372
0.157098
0.115412
0.125264
0.144674
0.177714
0.138000
0.122185
0.127827
0.129161
0.149128
0.146045
0.164064
0.162677
0.157828
0.170464
0.168348
0.164104
0.155823
0.174570
0.177200
0.176820
0.173365
0.169255
0.162584
0.133508
0.156108
0.153075
0.136693
0.154746
0.156270
0.132649
0.151108
0.138057
0.156719
0.152895
0.173957
0.177078
0.170012
0.144086
0.151455
0.152197
0.152294
0.149156
0.151832
0.110029
0.157152
0.151565
0.180389
0.144981
0.113807
0.133819
0.163500
0.156539
0.171159
0.180351
0.147137
0.099409
0.151118
0.152650
0.150609
0.181495
0.180466
0.174387
0.176493
0.171750
0.167695
0.159611
0.164327
0.160579
0.093898
0.144332
0.159994
0.176369
0.180832
0.148786
0.123832
0.118086
0.168066
0.182952
0.161609
0.158597
0.155804
0.135531
0.151843
0.152765
0.155522
0.152132
0.151407
0.151137
0.129304
0.126381
0.156313
0.177257
0.182137
0.146370
0.117020
0.121643
0.167840
0.180380
0.145884
0.114785
0.129821
0.150160
0.175330
0.177093
0.101919
0.149601
0.150432
0.156742
0.159295
0.143859
0.154064
0.170177
0.165212
0.178561
0.167970
0.163305
0.164938
0.163058
0.163225
0.162994
0.153938
0.162834
0.178093
0.177267
0.178718
0.178080
0.181556
0.181284
0.177224
0.169408
0.164630
0.160369
0.158998
0.126689
0.128455
0.151926
0.145536
0.156142
0.176044
0.180339
0.180627
0.176428
0.178952
0.178856
0.178117
0.180218
0.180511
0.175186
0.150994
0.102487
0.146171
0.152761
0.150616
0.164844
0.158551
0.155989
0.156485
0.157741
0.158087
0.139484
0.157866
0.154315
0.150812
0.150724
0.153173
0.134086
0.154142
0.128699
0.142424
0.154137
0.157603
0.137411
0.162129
0.148314
0.154854
0.158416
0.155726
0.157467
0.156408
0.153372
0.152252
0.153037
0.153314
0.153529
0.152583
0.157509
0.156630
0.114005
0.131501
0.154426
0.150242
0.174648
0.139030
0.153985
0.152269
0.155503
0.157681
0.154972
0.153035
0.159540
0.155209
0.123858
0.127301
0.140474
0.170670
0.159871
0.157562
0.157210
0.157249
0.111599
0.147926
0.123789
0.184059
0.182944
0.181460
0.181341
0.180474
0.176410
0.180483
0.179482
0.153111
0.128405
0.124443
0.152047
0.152977
0.152287
0.137798
0.179426
0.177712
0.178756
0.179915
0.146679
0.153139
0.150776
0.151853
0.152479
0.152178
0.157549
0.114524
0.130491
0.151095
0.174751
0.173259
0.173711
0.169738
0.165382
0.173666
0.174008
0.171097
0.165567
0.172549
0.166219
0.165390
0.160288
0.161036
0.158960
0.158035
0.153226
0.151847
0.153034
0.152034
0.150071
0.153893
0.153652
0.151878
0.153709
0.153155
0.146248
0.152275
0.152477
0.153556
0.153286
0.151033
0.150135
0.151063
0.151862
0.153322
0.153804
0.151192
0.151037
0.151556
0.154309
0.153581
0.151412
0.151011
0.130888
0.152204
0.132433
0.152376
0.151357
0.152875
0.149760
0.165814
0.159724
0.159641
0.159849
0.158127
0.157671
0.154997
0.157297
0.156102
0.156873
0.157957
0.154074
0.172788
0.172686
0.172980
0.164382
0.174458
0.173354
0.168118
0.176304
0.172722
0.177113
0.177502
0.178386
0.181708
0.179139
0.179369
0.179258
0.177728
0.177985
0.167514
0.162615
0.172851
0.170602
0.164404
0.170602
0.165771
0.153905
0.158596
0.157305
0.153914
0.152033
0.153599
0.150066
0.165586
0.164335
0.153675
0.141043
0.160036
0.154559
0.169047
0.157460
0.171103
0.164828
0.159103
0.158626
0.153479
0.154397
0.133959
0.152155
0.151323
0.152766
0.151104
0.165037
0.159781
0.156882
0.167577
0.163640
0.162643
0.154853
0.168346
0.161330
0.172038
0.171038
0.152902
0.152789
0.137105
0.179570
0.178408
0.181098
0.168879
0.170746
0.163980
0.169257
0.171837
0.169530
0.162284
0.171511
0.169603
0.163403
0.150450
0.152210
0.155124
0.153065
0.154034
0.153312
0.152948
0.154523
0.151467
0.151602
0.152835
0.120115
0.153740
0.133758
0.150522
0.152709
0.152668
0.151772
0.152264
0.153933
0.154065
0.153209
0.153003
0.150741
0.152141
0.152593
0.152702
0.154199
0.154726
0.124417
0.151092
0.152302
0.152785
0.151717
0.151819
0.154331
0.152454
0.153454
0.152305
0.151999
0.154455
0.152980
0.153118
0.154444
0.146407
0.153166
0.154381
0.128574
0.153804
0.140789
0.157356
0.156517
0.152291
0.155228
0.155566
0.153564
0.155118
0.154172
0.151959
0.153409
0.157457
0.154747
0.152235
0.153320
0.153735
0.134684
0.153069
0.133867
0.153351
0.136350
0.155988
0.154546
0.155399
0.154942
0.153756
0.156799
0.154654
0.159789
0.158187
0.154783
0.155923
0.160263
0.157103
0.139546
0.154034
0.135505
0.151930
0.152020
0.152269
0.151243
0.153249
0.131838
0.155034
0.153577
0.153149
0.152716
0.154034
0.152951
0.152772
0.154092
0.153542
0.111646
0.168527
0.161932
0.161810
0.158316
0.155746
0.168671
0.163249
0.158733
0.152042
0.154541
0.141539
0.161131
0.154230
0.163359
0.160777
0.158785
0.153900
0.152728
0.165190
0.161154
0.158927
0.159209
0.157819
0.155397
0.161983
0.158744
0.166137
0.160696
0.158977
0.156487
0.154024
0.153052
0.157864
0.155842
0.155085
0.153697
0.125651
0.152075
0.151121
0.152778
0.134037
0.152497
0.154481
0.131631
0.153273
0.151358
0.149284
0.165990
0.162924
0.158913
0.151687
0.152191
0.142408
0.159838
0.153762
0.168764
0.153112
0.150786
0.153034
0.151133
0.164983
0.160342
0.154806
0.167350
0.163895
0.160034
0.156785
0.157299
0.154560
0.152597
0.153337
0.152934
0.146421
0.151767
0.152190
0.154953
0.151958
0.153016
0.134044
0.151956
0.152338
0.154164
0.133926
0.152673
0.154038
0.152348
0.133616
0.152339
0.152106
0.153562
0.129267
0.158946
0.154173
0.152910
0.153743
0.150067
0.153640
0.154119
0.152589
0.151465
0.153962
0.155120
0.154423
0.153743
0.152557
0.159972
0.155405
0.152586
0.135267
0.152956
0.153912
0.153724
0.151594
0.153217
0.153908
0.153470
0.133378
0.129476
0.153829
0.153266
0.156448
0.153034
0.152928
0.154895
0.154328
0.153211
0.141231
0.152666
0.152452
0.152102
0.153286
0.152620
0.153756
0.153783
0.153534
0.153734
0.153319
0.153347
0.151419
0.152763
0.154034
0.140491
0.152110
0.152356
0.135587
0.166033
0.161572
0.157942
0.157596
0.157684
0.137157
0.154011
0.154636
0.153149
0.154596
0.151463
0.167370
0.161039
0.156455
0.157026
0.156384
0.156426
0.154162
0.155726
0.168017
0.163922
0.158742
0.158617
0.154645
0.153383
0.153575
0.152409
0.154234
0.152659
0.154394
0.153718
0.153772
0.153034
0.159745
0.156795
0.146567
0.153648
0.153435
0.159460
0.154876
0.153514
0.161113
0.158165
0.152002
0.132829
0.153165
0.154058
0.133416
0.154529
0.153461
0.153618
0.152497
0.134682
0.150298
0.178240
0.181231
0.181185
0.179183
0.181301
0.182697
0.177694
0.177759
0.179799
0.177116
0.174878
0.177832
0.180613
0.172612
0.169426
0.163036
0.157871
0.127646
0.155198
0.151341
0.157506
0.154473
0.155301
0.155034
0.155564
0.133740
0.155901
0.155557
0.153139
0.155967
0.152687
0.167187
0.160123
0.157976
0.156477
0.149046
0.168275
0.175314
0.180071
0.177818
0.179947
0.176851
0.180775
0.180374
0.178050
0.179098
0.177202
0.179428
0.182943
0.180566
0.181042
0.182029
0.178324
0.179160
0.176800
0.176963
0.179390
0.177022
0.178960
0.178196
0.177946
0.179311
0.181965
0.179281
0.182712
0.183504
0.184092
0.178748
0.176144
0.179112
0.176368
0.176946
0.160751
0.160133
0.160012
0.157693
0.157171
0.154723
0.153244
0.158290
0.156120
0.152535
0.132362
0.153133
0.152165
0.153178
0.131687
0.149569
0.152160
0.152228
0.133471
0.163036
0.156255
0.168037
0.162754
0.160367
0.157020
0.155034
0.159035
0.158104
0.151702
0.153033
0.153034
0.151067
0.161036
0.172060
0.158753
0.155034
0.154034
0.158035
0.159707
0.156034
0.155224
0.155034
0.154034
0.155034
0.156034
0.155113
0.152034
0.152034
0.154035
0.130041
0.076017
0.076016
0.073841
0.079411
0.078618
0.082018
0.080296
0.081018
0.082023
0.080018
0.080018
0.080017
0.080018
0.081018
0.080017
0.078465
0.079670
0.100530
0.080018
0.082018
0.078017
0.076017
0.076016
0.074837
0.081586
0.073996
0.073180
0.094896
0.076704
0.074287
0.077439
0.075913
0.074962
0.071932
0.072484
0.072421
0.070297
0.071017
0.089481
0.073615
0.072116
0.075332
0.073177
0.070267
0.073016
0.072016
0.072729
0.071496
0.071016
0.072016
0.072254
0.070762
0.087486
0.071189
0.070714
0.077832
0.073108
0.072083
0.089319
0.072271
0.071015
0.072227
0.072058
0.072332
0.072835
0.072205
0.071228
0.072866
0.076528
0.070489
0.078169
0.075798
0.075855
0.072376
0.093244
0.088019
0.089020
0.088681
0.149033
0.148270
0.152552
0.152033
0.148033
0.177039
0.179039
0.130104
0.099022
0.163668
0.171038
0.169238
0.179040
0.180040
0.179040
0.139031
0.141032
0.150033
0.097022
0.145032
0.164037
0.162036
0.160035
0.156356
0.166619
0.162521
0.179039
0.163037
0.159035
0.155034
0.151033
0.156168
0.155034
0.133400
0.151297
0.151530
0.149033
0.080403
0.157184
0.154396
0.168047
0.164352
0.158151
0.163049
0.176222
0.176039
0.176741
0.179039
0.179039
0.174791
0.180040
0.178630
0.174768
0.174483
0.179398
0.177049
0.174038
0.177039
0.178129
0.158092
0.154620
0.151033
0.118967
0.123041
0.147133
0.163139
0.159527
0.157974
0.157035
0.156757
0.170183
0.155125
0.134096
0.149497
0.146576
0.180911
0.159227
0.158035
0.132912
0.148150
0.130029
0.148866
0.119112
0.156034
0.149033
0.140889
0.153150
0.177494
0.180040
0.122347
0.139119
0.139388
0.147662
0.145396
0.133346
0.168037
0.162036
0.156034
0.132335
0.133094
0.156416
0.154034
0.133118
0.138054
0.154034
0.155034
0.156448
0.152535
0.161032
0.153136
0.154148
0.168037
0.165854
0.158035
0.182482
0.159110
0.155035
0.149477
0.128335
0.147377
0.148676
0.147200
0.128474
0.153361
0.175882
0.178039
0.142032
0.105871
0.133120
0.180040
0.179528
0.172333
0.168037
0.162428
0.083018
0.153462
0.151791
0.166434
0.165374
0.162036
0.156839
0.167037
0.159173
0.164486
0.178083
0.183041
0.182120
0.184041
0.179590
0.183041
0.184041
0.184040
0.177035
0.175457
0.175038
0.177275
0.178040
0.177039
0.178039
0.178040
0.164465
0.179040
0.105012
0.128029
0.149149
0.132549
0.154136
0.149165
0.153104
0.154035
0.154823
0.164037
0.175039
0.169085
0.177507
0.172939
0.170320
0.176163
0.177181
0.140031
0.122088
0.120136
0.152033
0.147286
0.167037
0.159426
0.171113
0.175469
0.161548
0.117271
0.145098
0.123681
0.183040
0.174613
0.174101
0.175485
0.180040
0.172159
0.169876
0.164162
0.162491
0.155107
0.149594
0.165726
0.182433
0.183040
0.180040
0.163052
0.119095
0.132029
0.138376
0.167152
0.164802
0.164185
0.150033
0.152033
0.148070
0.162035
0.159035
0.151004
0.174229
0.163036
0.147463
0.131609
0.126975
0.137830
0.169038
0.165037
0.161240
0.154402
0.169637
0.178142
0.172164
0.168113
0.142607
0.150592
0.153300
0.115530
0.151089
0.150033
0.147822
0.168184
0.164475
0.172111
0.178098
0.141645
0.127454
0.147033
0.153028
0.123026
0.157202
0.168150
0.168037
0.168577
0.165037
0.167915
0.167471
0.163344
0.165320
0.162192
0.165036
0.168128
0.162584
0.175224
0.181445
0.137077
0.139031
0.130523
0.147067
0.163078
0.183619
0.178610
0.173038
0.146032
0.113475
0.119404
0.150883
0.149807
0.150260
0.150084
0.149033
0.150166
0.142031
0.169350
0.169355
0.167212
0.151033
0.148433
