2.043746
6.745527
0.164927
0.160645
0.161368
0.163036
0.165224
0.164104
0.163271
0.159562
0.160515
0.159049
0.161174
0.161882
0.115980
0.160094
0.158364
0.161444
0.135824
0.160599
0.148033
0.161651
0.130484
0.152585
0.162698
0.156002
0.160787
0.110109
0.162036
0.160653
0.160289
0.160288
0.101654
0.162084
0.138033
0.143858
0.161881
0.137032
0.171910
0.168195
0.161671
0.163001
0.161159
0.162650
0.163988
0.160383
0.163161
0.164502
0.166626
0.167816
0.154389
0.161216
0.163757
0.165725
0.177610
0.173693
0.165636
0.161036
0.160182
0.160908
0.162732
0.163542
0.160069
0.119846
0.161400
0.162361
0.162036
0.110542
0.141500
0.160284
0.168066
0.167608
0.155227
0.161556
0.167238
0.172634
0.169235
0.172378
0.170487
0.172624
0.171264
0.174206
0.166085
0.161864
0.160591
0.146610
0.165893
0.162822
0.162993
0.161263
0.167350
0.166483
0.169536
0.169422
0.170496
0.178653
0.176487
0.168912
0.166034
0.161492
0.162434
0.162215
0.148944
0.163599
0.162465
0.161867
0.162217
0.162964
0.171473
0.170992
0.171197
0.176030
0.172885
0.171609
0.162037
0.163426
0.162654
0.162814
0.164056
0.140954
0.161726
0.162597
0.162509
0.159237
0.162111
0.163154
0.167738
0.166339
0.166974
0.166037
0.169530
0.169994
0.172932
0.169981
0.174991
0.172554
0.167763
0.170371
0.161192
0.161638
0.162975
0.162227
0.163905
0.162135
0.163642
0.161994
0.164784
0.164483
0.165851
0.164865
0.165541
0.165544
0.164787
0.167955
0.164334
0.165017
0.171224
0.170360
0.170252
0.176971
0.175225
0.168626
0.168314
0.167551
0.167338
0.167540
0.166855
0.168264
0.169849
0.170991
0.172297
0.165626
0.170663
0.171937
0.173422
0.174063
0.176152
0.173618
0.169874
0.161491
0.162940
0.162657
0.162505
0.163036
0.163466
0.161428
0.162802
0.166792
0.158797
0.166645
0.164773
0.163290
0.165892
0.167038
0.169414
0.171319
0.167834
0.170542
0.173404
0.171744
0.166971
0.162807
0.163301
0.162293
0.163489
0.139904
0.165773
0.159476
0.163035
0.163376
0.162143
0.165332
0.162559
0.162944
0.162877
0.164867
0.167573
0.169194
0.151534
0.163036
0.164053
0.165474
0.168207
0.085140
0.164271
0.162962
0.162972
0.162597
0.163321
0.165336
0.163608
0.160947
0.163146
0.165165
0.173229
0.175083
0.178817
0.177088
0.169101
0.162604
0.156585
0.163910
0.163928
0.163247
0.161886
0.164070
0.163506
0.164829
0.162938
0.164694
0.165306
0.165477
0.168988
0.169977
0.172723
0.170597
0.172046
0.177710
0.176407
0.171558
0.163706
0.162975
0.163813
0.163864
0.164133
0.164355
0.162593
0.164318
0.164176
0.164840
0.167510
0.168503
0.167607
0.170985
0.145006
0.117375
0.163711
0.162193
0.163490
0.164315
0.162662
0.163869
0.164637
0.166492
0.164539
0.164622
0.165337
0.167390
0.176015
0.181119
0.174944
0.173456
0.165455
0.170555
0.164766
0.162640
0.165174
0.162676
0.164371
0.163713
0.170368
0.162557
0.163457
0.166161
0.163281
0.164399
0.166228
0.163659
0.176809
0.176060
0.173254
0.167717
0.165047
0.163517
0.164911
0.164207
0.162498
0.164615
0.163002
0.164010
0.162892
0.164354
0.163181
0.164214
0.170464
0.172038
0.147065
0.164244
0.163418
0.166836
0.165904
0.165259
0.164902
0.165107
0.165122
0.166759
0.165954
0.165344
0.166124
0.165666
0.165709
0.165535
0.172539
0.170343
0.166047
0.169505
0.168481
0.167617
0.168476
0.167155
0.168468
0.168435
0.169995
0.168227
0.168217
0.168712
0.166464
0.168061
0.168502
0.167930
0.178039
0.178047
0.176323
0.174748
0.174569
0.164184
0.163863
0.164994
0.164840
0.165619
0.163314
0.164355
0.164441
0.165390
0.162119
0.166739
0.166258
0.165416
0.171488
0.165644
0.167594
0.168210
0.168605
0.168671
0.169037
0.166945
0.170762
0.169102
0.169162
0.167065
0.169370
0.168113
0.171575
0.171190
0.170527
0.171392
0.170929
0.178955
0.173503
0.167837
0.170995
0.166525
0.164178
0.165611
0.164782
0.165188
0.165677
0.164757
0.165976
0.164211
0.166160
0.167010
0.166988
0.167109
0.153443
0.165668
0.164384
0.167532
0.167437
0.167037
0.118211
0.164517
0.163371
0.166162
0.165038
0.163988
0.165395
0.164611
0.166795
0.167401
0.167531
0.167148
0.165093
0.179846
0.177758
0.180639
0.178351
0.171749
0.171037
0.170105
0.170284
0.171436
0.169396
0.169873
0.166501
0.165802
0.165865
0.165968
0.164984
0.133757
0.173560
0.167334
0.169873
0.170569
0.169324
0.170754
0.169014
0.168787
0.170604
0.169292
0.168925
0.169432
0.170465
0.170470
0.170965
0.169880
0.166976
0.137570
0.169184
0.165987
0.168266
0.168113
0.168046
0.169817
0.167769
0.170276
0.169024
0.169145
0.168885
0.169038
0.170840
0.168855
0.170691
0.170337
0.167908
0.150516
0.168558
0.169692
0.169151
0.169222
0.168612
0.168494
0.169919
0.169906
0.169384
0.170299
0.169918
0.169958
0.171154
0.172546
0.170306
0.169890
0.171136
0.155579
0.172057
0.171597
0.171176
0.171315
0.169951
0.170479
0.169606
0.170369
0.169008
0.169201
0.167103
0.168778
0.169250
0.174549
0.173591
0.174984
0.174644
0.155557
0.171578
0.168885
0.156436
0.167148
0.165715
0.168388
0.168481
0.171543
0.172248
0.171996
0.171987
0.172387
0.171637
0.173105
0.171283
0.168952
0.171646
0.086662
0.178191
0.176046
0.174633
0.170815
0.170308
0.169157
0.170575
0.169928
0.171117
0.171043
0.171293
0.170911
0.170243
0.171623
0.169697
0.170105
0.177588
0.173802
0.179919
0.180911
0.177483
0.177567
0.177363
0.178175
0.177258
0.174156
0.174386
0.181462
0.178083
0.185746
0.184160
0.183282
0.178948
0.174602
0.163445
0.174982
0.170360
0.170941
0.170023
0.170187
0.168198
0.168037
0.170132
0.169720
0.168507
0.169421
0.170162
0.170783
0.171483
0.170779
0.170502
0.170327
0.137156
0.169586
0.171163
0.170100
0.172186
0.170893
0.171329
0.172302
0.170639
0.171843
0.171257
0.170545
0.171061
0.171538
0.171001
0.171505
0.170585
0.171013
0.151496
0.169314
0.178141
0.177850
0.180457
0.181432
0.180548
0.181726
0.179733
0.175541
0.178049
0.177843
0.175346
0.175282
0.173168
0.174666
0.174242
0.147382
0.168754
0.168512
0.168890
0.169825
0.169580
0.170244
0.169274
0.168342
0.169170
0.170222
0.171209
0.170495
0.170617
0.170635
0.170539
0.170437
0.170979
0.163284
0.169996
0.171128
0.175663
0.174534
0.175975
0.175609
0.178177
0.175840
0.174629
0.177436
0.175595
0.172935
0.172396
0.176578
0.180439
0.182434
0.181163
0.152080
0.172343
0.172255
0.177271
0.173823
0.173692
0.173531
0.171880
0.174851
0.170150
0.169431
0.170055
0.174039
0.172447
0.173642
0.174520
0.174412
0.171094
0.160950
0.169402
0.166591
0.175204
0.175575
0.180319
0.179740
0.180382
0.177263
0.174894
0.177790
0.174947
0.177471
0.183655
0.182871
0.177113
0.177319
0.176306
0.160543
0.171103
0.172053
0.175561
0.175433
0.173983
0.173960
0.174626
0.174706
0.175694
0.174131
0.173736
0.174459
0.175378
0.174978
0.174006
0.175145
0.172568
0.166985
0.171173
0.170713
0.173261
0.174590
0.174619
0.195350
0.182819
0.182413
0.180144
0.171401
0.163191
0.173224
0.169688
0.170992
0.170786
0.170798
0.150137
0.169861
0.170976
0.169192
0.170898
0.169472
0.169105
0.170327
0.170197
0.170228
0.171424
0.172155
0.172585
0.172793
0.172724
0.171081
0.171731
0.172383
0.153491
0.169270
0.170037
0.169431
0.175828
0.177196
0.175069
0.177236
0.176348
0.174868
0.175944
0.174922
0.174526
0.174038
0.173038
0.170830
0.172476
0.171502
0.157504
0.169799
0.170038
0.170990
0.173085
0.172512
0.173869
0.146660
0.169347
0.168837
0.170001
0.170340
0.170758
0.170154
0.171835
0.178164
0.178478
0.178351
0.153483
0.175595
0.172558
0.168536
0.172048
0.170908
0.171260
0.171816
0.172441
0.170727
0.171730
0.172855
0.173737
0.171700
0.170744
0.173504
0.172152
0.172890
0.163201
0.177059
0.179328
0.181320
0.178236
0.180642
0.183178
0.179657
0.174786
0.173606
0.172223
0.180022
0.179128
0.178951
0.178983
0.179015
0.171731
0.152467
0.171082
0.171721
0.171307
0.170897
0.173322
0.173187
0.172244
0.171860
0.172428
0.172805
0.172605
0.173318
0.173538
0.171962
0.171679
0.173835
0.172283
0.161054
0.170935
0.170748
0.171536
0.172043
0.173400
0.172107
0.171890
0.172730
0.133270
0.171883
0.172193
0.171546
0.172205
0.171439
0.171657
0.171865
0.171706
0.157093
0.171221
0.171803
0.178442
0.178918
0.185671
0.179396
0.178300
0.174624
0.171434
0.174123
0.175585
0.181891
0.183529
0.182170
0.180712
0.181951
0.177022
0.169578
0.175807
0.177600
0.178446
0.177859
0.182255
0.188666
0.183722
0.183552
0.180759
0.175342
0.171580
0.174412
0.171839
0.172170
0.172192
0.172920
0.138834
0.172079
0.172957
0.172977
0.172602
0.173261
0.172988
0.172678
0.173635
0.174323
0.174976
0.173918
0.174511
0.175455
0.174021
0.174268
0.170022
0.168201
0.089467
0.173877
0.173107
0.173039
0.173770
0.171922
0.175970
0.173478
0.174009
0.175233
0.174824
0.175633
0.175121
0.176188
0.176279
0.176714
0.176904
0.177543
0.163506
0.173590
0.174736
0.174365
0.174538
0.173359
0.181577
0.181683
0.184094
0.188840
0.186285
0.180054
0.170155
0.166648
0.166022
0.169385
0.173702
0.153148
0.173016
0.172626
0.174612
0.172531
0.174141
0.173345
0.174668
0.172776
0.172943
0.175335
0.175145
0.177264
0.177141
0.177340
0.175773
0.176712
0.176957
0.167077
0.173876
0.174263
0.174726
0.174502
0.174379
0.174769
0.184139
0.187171
0.187237
0.184371
0.171804
0.174817
0.172523
0.173500
0.176985
0.175660
0.154828
0.176762
0.175180
0.172471
0.169839
0.169184
0.169634
0.171203
0.171511
0.171358
0.170294
0.170556
0.172887
0.172841
0.174095
0.175258
0.175616
0.176540
0.158780
0.172808
0.174038
0.175342
0.175967
0.175133
0.176108
0.175024
0.177144
0.174460
0.176199
0.170982
0.179514
0.176994
0.180283
0.185750
0.194267
0.188523
0.190558
0.188905
0.172555
0.172768
0.170136
0.169342
0.168827
0.171632
0.173988
0.171348
0.156359
0.171055
0.171501
0.173949
0.174216
0.174090
0.173072
0.160194
0.168712
0.172450
0.172312
0.174276
0.172292
0.173151
0.172433
0.173567
0.186815
0.183227
0.180542
0.174917
0.172405
0.172248
0.171216
0.169882
0.149449
0.171485
0.171410
0.172972
0.172355
0.154025
0.171667
0.172068
0.172984
0.172490
0.172302
0.170521
0.171965
0.171897
0.173165
0.173134
0.175776
0.176888
0.174639
0.181073
0.179226
0.179787
0.180889
0.174265
0.172410
0.173701
0.173457
0.172116
0.179685
0.182718
0.182122
0.182309
0.183831
0.186499
0.182852
0.178098
0.180426
0.178013
0.172636
0.170743
0.171655
0.172028
0.171675
0.172216
0.172279
0.173038
0.170501
0.171751
0.170630
0.172337
0.173719
0.172756
0.172917
0.142746
0.172336
0.172125
0.171806
0.171534
0.173230
0.172487
0.172172
0.174137
0.173381
0.174156
0.179413
0.177116
0.177564
0.176973
0.176076
0.177175
0.175038
0.148493
0.171632
0.171885
0.172102
0.172688
0.172638
0.173993
0.174051
0.174864
0.174133
0.174253
0.178501
0.180825
0.183712
0.183990
0.189947
0.190419
0.185187
0.184813
0.184743
0.178876
0.174258
0.175297
0.176534
0.176039
0.176389
0.175561
0.175171
0.168273
0.176952
0.176463
0.176900
0.176435
0.171125
0.171074
0.167126
0.169738
0.186231
0.185259
0.181200
0.177247
0.178033
0.178216
0.178263
0.178201
0.174159
0.172039
0.171014
0.172180
0.172673
0.172038
0.172805
0.157436
0.169016
0.170304
0.170795
0.176554
0.177819
0.177991
0.173295
0.171732
0.172241
0.175506
0.175109
0.176319
0.175241
0.176200
0.176143
0.176776
0.175177
0.125040
0.177161
0.172870
0.173922
0.175513
0.172655
0.173777
0.173702
0.175038
0.174766
0.175130
0.175506
0.175281
0.184241
0.173919
0.171103
0.170918
0.166234
0.177518
0.176215
0.176149
0.177042
0.175039
0.176502
0.177213
0.175689
0.175288
0.176816
0.177039
0.176319
0.173789
0.187246
0.180251
0.184258
0.163036
0.172148
0.176156
0.169747
0.172513
0.170139
0.171767
0.171592
0.171003
0.170681
0.173204
0.182812
0.181204
0.183039
0.175141
0.174909
0.170019
0.173107
0.154020
0.177797
0.178040
0.179212
0.174122
0.171209
0.171448
0.174263
0.178225
0.178607
0.178273
0.178139
0.177214
0.181516
0.175969
0.180893
0.186042
0.185772
0.187617
0.185039
0.177039
0.172143
0.174487
0.173357
0.174313
0.173297
0.173327
0.174039
0.173038
0.175039
0.174583
0.174240
0.166749
0.176227
0.175255
0.160173
0.172798
0.171824
0.173464
0.175945
0.175286
0.173914
0.175331
0.175370
0.175286
0.174541
0.175228
0.174699
0.188794
0.178845
0.339493
0.320351
0.320196
0.307358
0.328891
0.317348
0.331903
0.337868
0.348165
0.331105
0.327850
0.330973
0.347508
0.336174
0.361779
0.361002
0.272230
0.175474
0.163504
0.150708
0.166155
0.169155
0.170277
0.168928
0.170484
0.169008
0.167651
0.112724
0.169987
0.170340
0.168661
0.164239
0.167617
0.167850
0.169844
0.168864
0.167021
0.172672
0.176473
0.175803
0.176721
0.174431
0.175248
0.175296
0.174754
0.175034
0.175525
0.179867
0.185203
0.185654
0.180315
0.176584
0.171863
0.169298
0.154162
0.169152
0.169131
0.168727
0.168611
0.169397
0.175224
0.175117
0.170348
0.169511
0.170294
0.172502
0.172071
0.172048
0.172373
0.171328
0.171558
0.171576
0.150033
0.169832
0.169185
0.169437
0.169037
0.171223
0.171533
0.171509
0.170500
0.171915
0.171230
0.171526
0.171038
0.171115
0.171281
0.173402
0.171139
0.173990
0.145992
0.169882
0.170353
0.171743
0.171044
0.172040
0.172081
0.172165
0.171956
0.170559
0.172898
0.177106
0.178381
0.176253
0.175933
0.175035
0.172538
0.171181
0.166949
0.179925
0.181749
0.180939
0.180200
0.181613
0.184554
0.179271
0.179518
0.183399
0.183151
0.180841
0.179193
0.175983
0.174432
0.175098
0.174632
0.159047
0.177150
0.175066
0.175287
0.176714
0.175132
0.175758
0.176386
0.175512
0.171757
0.171839
0.171065
0.172608
0.177043
0.176897
0.177508
0.176962
0.172090
0.154845
0.168379
0.173105
0.178793
0.179064
0.178007
0.177696
0.177759
0.172742
0.172126
0.166696
0.170563
0.171021
0.171379
0.181548
0.176644
0.171911
0.170944
0.113339
0.184354
0.177340
0.174064
0.174460
0.173859
0.174251
0.175275
0.176958
0.176706
0.176923
0.174976
0.175412
0.172850
0.170199
0.169479
0.177329
0.176147
0.153657
0.175816
0.177006
0.177793
0.177665
0.177822
0.176039
0.173191
0.125425
0.176157
0.175799
0.175933
0.176754
0.176138
0.174506
0.174629
0.174640
0.173029
0.124037
0.169147
0.171140
0.168267
0.170186
0.169849
0.171112
0.171595
0.175785
0.175224
0.174767
0.175363
0.175011
0.175381
0.176208
0.176167
0.175724
0.175069
0.162021
0.158962
0.176578
0.175690
0.174912
0.175718
0.174332
0.175544
0.174754
0.176191
0.175011
0.175906
0.176071
0.174282
0.175908
0.175969
0.175517
0.174695
0.170982
0.152495
0.176208
0.174558
0.174308
0.175358
0.174542
0.176009
0.174086
0.177328
0.176023
0.175039
0.177176
0.180845
0.179268
0.179820
0.183007
0.179959
0.162256
0.175494
0.179778
0.180496
0.165384
0.172698
0.176015
0.180118
0.182311
0.181558
0.179431
0.181715
0.176168
0.175275
0.174755
0.175061
0.174183
0.174784
0.158467
0.171062
0.177618
0.174247
0.176621
0.175405
0.177027
0.176420
0.175311
0.148417
0.171109
0.170977
0.171158
0.173624
0.178080
0.179032
0.185122
0.184260
0.173160
0.175946
0.185413
0.183404
0.183627
0.182869
0.183450
0.178119
0.177125
0.175830
0.176310
0.177257
0.175482
0.176912
0.175510
0.175994
0.176204
0.167198
0.176938
0.178332
0.179542
0.175368
0.177506
0.178641
0.179599
0.184876
0.184044
0.184168
0.186691
0.191361
0.189232
0.185479
0.175488
0.170218
0.167219
0.174094
0.175204
0.173785
0.175370
0.174210
0.174018
0.175224
0.173481
0.175091
0.176394
0.176514
0.174186
0.176961
0.163914
0.173429
0.176497
0.173177
0.146555
0.174172
0.174728
0.174165
0.175009
0.175004
0.176272
0.174571
0.175436
0.176672
0.175874
0.175537
0.177406
0.177029
0.175591
0.173568
0.172474
0.175613
0.140140
0.174248
0.174423
0.174394
0.176491
0.176006
0.175962
0.175529
0.176877
0.176996
0.176515
0.188088
0.184336
0.176803
0.170097
0.173756
0.175540
0.149930
0.177396
0.175828
0.176690
0.175610
0.176562
0.176031
0.176286
0.176536
0.176384
0.176717
0.174919
0.174042
0.177310
0.173078
0.170902
0.174252
0.183843
0.165684
0.175345
0.174702
0.176405
0.171552
0.171690
0.170199
0.171273
0.174771
0.175303
0.175406
0.175665
0.176215
0.175274
0.175446
0.175238
0.174414
0.175388
0.163634
0.172719
0.174012
0.173373
0.174288
0.177558
0.177523
0.178678
0.178254
0.180084
0.179524
0.180153
0.177674
0.180403
0.178776
0.180600
0.178902
0.180192
0.168416
0.175369
0.175507
0.175036
0.174757
0.181990
0.181529
0.176909
0.181303
0.178973
0.177759
0.178293
0.179873
0.180181
0.180392
0.177451
0.180021
0.180220
0.173197
0.177392
0.175740
0.174406
0.176319
0.187279
0.176493
0.173426
0.170815
0.176410
0.182135
0.167545
0.173522
0.174037
0.174784
0.173424
0.173744
0.153200
0.174185
0.174547
0.174822
0.174105
0.175420
0.172806
0.172194
0.173933
0.173651
0.175210
0.176730
0.175067
0.174979
0.174982
0.175763
0.176074
0.174931
0.171534
0.176054
0.175108
0.171071
0.175294
0.150838
0.175645
0.174053
0.173825
0.175067
0.175636
0.175885
0.174664
0.174186
0.175437
0.173927
0.175609
0.176498
0.134510
0.173932
0.172993
0.173851
0.174955
0.173998
0.176024
0.174921
0.176208
0.175597
0.176091
0.175802
0.174929
0.175335
0.174814
0.176094
0.175609
0.175412
0.149493
0.174108
0.172820
0.173386
0.174768
0.174229
0.175902
0.174549
0.175569
0.175316
0.175881
0.174751
0.175521
0.174350
0.174942
0.175869
0.175850
0.175902
0.163672
0.174322
0.174126
0.174298
0.175640
0.175538
0.180338
0.181147
0.181577
0.179237
0.180212
0.180742
0.187090
0.182972
0.182874
0.187896
0.189720
0.182885
0.181496
0.176956
0.181831
0.178007
0.177076
0.177221
0.179077
0.176456
0.173931
0.175903
0.178268
0.172039
0.172638
0.177322
0.175390
0.178041
0.177039
0.145320
0.177037
0.176294
0.175548
0.176063
0.176039
0.177279
0.181180
0.182246
0.177361
0.176127
0.176582
0.173290
0.177516
0.182964
0.179040
0.179295
0.180086
0.165876
0.171619
0.170753
0.170691
0.170251
0.170447
0.172417
0.176503
0.172809
0.173331
0.172396
0.172328
0.169258
0.169484
0.174639
0.171385
0.171274
0.173200
0.144799
0.166218
0.172762
0.169235
0.171981
0.169334
0.170964
0.188315
0.180522
0.178658
0.177980
0.177084
0.174158
0.173630
0.172624
0.172190
0.170400
0.171723
0.154752
0.172770
0.170860
0.171215
0.173330
0.172656
0.172355
0.179346
0.177820
0.175039
0.175543
0.174874
0.175062
0.175511
0.174708
0.173906
0.172761
0.174225
0.154099
0.171338
0.171396
0.178301
0.177325
0.174451
0.183291
0.185843
0.185902
0.183326
0.177052
0.173553
0.172839
0.170931
0.174489
0.171223
0.170601
0.165658
0.173361
0.173428
0.170852
0.171571
0.173059
0.168323
0.172779
0.177361
0.174039
0.173128
0.173841
0.173525
0.175365
0.174969
0.175294
0.177127
0.174135
0.160583
0.172567
0.171806
0.172639
0.175632
0.175341
0.175726
0.175087
0.178734
0.177907
0.176605
0.175683
0.154875
0.172124
0.171851
0.172332
0.174707
0.174110
0.169462
0.171286
0.172008
0.173583
0.173949
0.173970
0.174288
0.175692
0.180259
0.178632
0.178581
0.182462
0.184930
0.183063
0.186552
0.184344
0.182530
0.173419
0.177359
0.173048
0.171222
0.171940
0.172517
0.173813
0.173019
0.175896
0.174731
0.172575
0.172282
0.171519
0.172677
0.174060
0.171900
0.172375
0.172672
0.144790
0.172313
0.172521
0.172524
0.172658
0.171993
0.173710
0.174399
0.175102
0.144053
0.172050
0.172476
0.172760
0.172920
0.172352
0.173852
0.173661
0.173496
0.158995
0.171318
0.173542
0.172385
0.172979
0.172538
0.174289
0.172778
0.171813
0.175235
0.178151
0.176701
0.173914
0.174939
0.176023
0.174001
0.172372
0.173002
0.148842
0.171402
0.172295
0.172102
0.174079
0.174139
0.172856
0.173070
0.173859
0.177088
0.177437
0.175033
0.173464
0.174774
0.174056
0.172215
0.172037
0.173133
0.157558
0.172692
0.172491
0.172412
0.173728
0.172249
0.174078
0.174165
0.175010
0.180629
0.181025
0.180331
0.181116
0.180040
0.172781
0.171673
0.171862
0.151078
0.174061
0.173092
0.177441
0.182163
0.180496
0.181040
0.181339
0.179467
0.173038
0.172884
0.171559
0.173168
0.172038
0.173038
0.172177
0.172014
0.171486
0.144187
0.173038
0.171143
0.161659
0.175541
0.172233
0.174062
0.172148
0.171386
0.176295
0.178412
0.178040
0.175428
0.173365
0.174038
0.171959
0.177873
0.181775
0.175145
0.181040
0.180319
0.178477
0.177390
0.179060
0.174112
0.171782
0.171297
0.171038
0.181427
0.182255
0.177680
0.178842
0.178899
0.177328
0.175701
0.177039
0.159926
0.177381
0.174531
0.176414
0.176549
0.176039
0.176564
0.177039
0.175196
0.175536
0.180508
0.177999
0.177061
0.178402
0.179426
0.177943
0.173472
0.169505
0.158025
0.177458
0.176579
0.175993
0.176961
0.178581
0.173367
0.172410
0.172657
0.179040
0.181619
0.180040
0.181342
0.177666
0.171468
0.170128
0.172587
0.172405
0.165136
0.171582
0.170635
0.170512
0.173617
0.172299
0.172546
0.178266
0.177566
0.176532
0.182658
0.180460
0.180527
0.174284
0.170922
0.172125
0.174469
0.180665
0.134529
0.172847
0.170410
0.171678
0.171139
0.172730
0.171664
0.178039
0.179149
0.177989
0.178991
0.176882
0.176495
0.175134
0.179394
0.178562
0.180811
0.178581
0.166173
0.169351
0.171642
0.175329
0.176300
0.177600
0.177211
0.176130
0.178398
0.176279
0.179203
0.176039
0.174415
0.174122
0.175247
0.174431
0.173297
0.177496
0.163525
0.173440
0.173115
0.174255
0.174911
0.174401
0.175257
0.177039
0.175357
0.176535
0.181040
0.176476
0.178826
0.174723
0.174316
0.175360
0.176039
0.175039
0.162493
0.175862
0.174182
0.177039
0.176069
0.177145
0.172272
0.171341
0.172237
0.179872
0.177039
0.176039
0.178023
0.175781
0.174494
0.176711
0.177039
0.173485
0.168411
0.172327
0.174025
0.173608
0.176192
0.175428
0.173151
0.172837
0.174243
0.176543
0.177177
0.178195
0.177106
0.159914
0.175405
0.174039
0.173305
0.174143
0.098137
0.177039
0.176932
0.176086
0.172659
0.176328
0.174326
0.174495
0.173244
0.176110
0.178820
0.174921
0.176015
0.176214
0.174499
0.174104
0.175632
0.176575
0.166672
0.174280
0.173643
0.175218
0.177144
0.175445
0.176216
0.177671
0.176627
0.178405
0.179259
0.179575
0.179601
0.176479
0.176609
0.178224
0.176114
0.175141
0.169165
0.175039
0.176546
0.176871
0.175393
0.176298
0.176042
0.172392
0.133708
0.164937
0.172469
0.177164
0.178369
0.180276
0.177367
0.177531
0.177683
0.178074
0.162231
0.174535
0.176158
0.175110
0.176435
0.175260
0.177186
0.178189
0.177162
0.178040
0.193855
0.190986
0.183285
0.182395
0.177163
0.174026
0.175523
0.154705
0.172114
0.177321
0.177039
0.177126
0.175591
0.178271
0.177395
0.174849
0.175817
0.176157
0.178370
0.176039
0.175963
0.176084
0.177039
0.176039
0.177462
0.163231
0.171145
0.176039
0.174553
0.176391
0.174057
0.177302
0.177039
0.171642
0.170585
0.171878
0.175312
0.174915
0.173407
0.172723
0.173731
0.173660
0.173759
0.145711
0.172154
0.154615
0.174039
0.179540
0.170967
0.172038
0.175407
0.171548
0.172852
0.175039
0.173894
0.177038
0.174432
0.173797
0.174168
0.172431
0.173342
0.170131
0.175038
0.172038
0.173985
0.173912
0.171650
0.175039
0.175400
0.173221
0.172470
0.172676
0.179189
0.173159
0.179243
0.187116
0.185225
0.181389
0.180770
0.160463
0.179010
0.177671
0.178831
0.174039
0.172038
0.170130
0.172038
0.173724
0.173880
0.180163
0.181579
0.178040
0.173678
0.170137
0.353310
0.389838
0.369151
0.375985
0.369014
0.365756
0.364280
0.342360
0.364421
0.341013
0.377801
0.354385
0.371144
0.360870
0.359071
0.371144
0.376472
0.378225
0.371044
0.376465
0.379107
0.356358
0.189036
0.175042
0.165058
0.161281
0.171940
0.170331
0.171179
0.166563
0.166004
0.146055
0.167201
0.166037
0.167502
0.166245
0.148903
0.170295
0.170093
0.168546
0.167037
0.167434
0.169140
0.168301
0.169984
0.172038
0.167216
0.167260
0.168429
0.169182
0.170063
0.168281
0.168167
0.167545
0.144115
0.164443
0.167654
0.167865
0.169608
0.170285
0.170998
0.170240
0.173893
0.169638
0.171187
0.170143
0.170147
0.170038
0.174785
0.174393
0.174982
0.173038
0.156713
0.168200
0.168765
0.169620
0.170038
0.169156
0.172039
0.171038
0.170038
0.169047
0.169228
0.167037
0.171559
0.172875
0.179474
0.182401
0.180662
0.146182
0.146723
0.166261
0.168481
0.175776
0.175445
0.175159
0.174164
0.170374
0.171332
0.169955
0.169164
0.170059
0.170114
0.170866
0.174721
0.172137
0.170395
0.172045
0.152942
0.168651
0.168240
0.169269
0.172296
0.175897
0.175292
0.175539
0.169744
0.168628
0.169138
0.168664
0.168051
0.168036
0.175223
0.174212
0.173674
0.172600
0.163264
0.172942
0.174211
0.173336
0.172349
0.177306
0.174580
0.174336
0.174338
0.175039
0.176231
0.175038
0.174470
0.174553
0.183040
0.175434
0.180040
0.178504
0.163004
0.177273
0.176039
0.178297
0.179039
0.180544
0.180114
0.179606
0.179904
0.185041
0.185310
0.193723
0.188151
0.182287
0.179039
0.174372
0.177590
0.156518
0.172339
0.172108
0.171038
0.170037
0.171962
0.173038
0.172286
0.172039
0.171791
0.170270
0.173263
0.176142
0.175047
0.176489
0.184041
0.186041
0.182217
0.163257
0.177346
0.177337
0.177440
0.177199
0.176853
0.177746
0.177814
0.177145
0.176782
0.177768
0.176418
0.176990
0.177569
0.178302
0.178182
0.179286
0.174872
0.170448
0.175752
0.177078
0.177560
0.176039
0.176960
0.191267
0.187680
0.183770
0.177892
0.175975
0.175443
0.174314
0.174489
0.175793
0.177914
0.175927
0.159598
0.175089
0.175003
0.155959
0.176278
0.175240
0.174739
0.175994
0.178184
0.178455
0.178346
0.176825
0.173273
0.173257
0.173361
0.177024
0.186438
0.185277
0.172038
0.174783
0.174596
0.175570
0.175231
0.177162
0.158268
0.174193
0.174953
0.174384
0.175999
0.174800
0.175180
0.175966
0.175668
0.174989
0.180287
0.179787
0.164454
0.174823
0.176030
0.174944
0.175656
0.132475
0.174758
0.174352
0.173753
0.173364
0.174777
0.173089
0.174393
0.175573
0.176365
0.175164
0.189646
0.186617
0.184191
0.175891
0.173861
0.174945
0.174199
0.173545
0.172099
0.174358
0.173998
0.174170
0.173930
0.173420
0.174577
0.175267
0.174393
0.087181
0.084905
0.083025
0.078430
0.078131
0.075786
0.082554
0.077228
0.080005
0.080816
0.081602
0.080450
0.083019
0.078260
0.078028
0.078170
0.083185
0.085243
0.083313
0.081814
0.085019
0.083018
0.085844
0.086179
0.085051
0.081211
0.075066
0.073230
0.072811
0.073430
0.071930
0.077530
0.073049
0.076720
0.081680
0.079287
0.076731
0.071281
0.073077
0.072382
0.073016
0.073248
0.082963
0.079716
0.072991
0.077542
0.075606
0.071971
0.081795
0.080565
0.086950
0.078550
0.079844
0.072016
0.074753
0.071846
0.073399
0.074384
0.075746
0.073290
0.074586
0.072460
0.077413
0.074279
0.073655
0.074018
0.071923
0.074685
0.073460
0.074422
0.073016
0.073018
0.073016
0.072259
0.076519
0.075655
0.078697
0.087710
0.082391
0.080129
0.077365
0.073309
0.078530
0.076916
0.081609
0.078021
0.076268
0.075367
0.076160
0.073011
0.076082
0.078020
0.078526
0.071693
0.073250
0.071163
0.073160
0.074307
0.073069
0.074957
0.083215
0.072203
0.073379
0.072543
0.076966
0.072126
0.074254
0.073252
0.072917
0.070755
0.075020
0.076125
0.072490
0.072269
0.078274
0.078320
0.073016
0.073551
0.072699
0.071995
0.078735
0.074017
0.074362
0.074826
0.073117
0.073755
0.072800
0.079686
0.077380
0.071843
0.071219
0.077276
0.078017
0.075379
0.073115
0.072658
0.074814
0.073164
0.074016
0.071326
0.078219
0.072432
0.072016
0.091019
0.088018
0.093131
0.082535
0.129029
0.176039
0.162035
0.122027
0.156165
0.129309
0.188187
0.153157
0.134453
0.163955
0.163826
0.163774
0.164036
0.162459
0.145031
0.171381
0.133621
0.162565
0.164618
0.123722
0.174434
0.184983
0.136258
0.164036
0.164036
0.162833
0.162502
0.132029
0.076129
0.175703
0.166538
0.163546
0.160302
0.158035
0.163507
0.163231
0.164098
0.163198
0.165037
0.162047
0.156034
0.163573
0.162169
0.162543
0.163035
0.144464
0.169203
0.171177
0.169057
0.170037
0.170362
0.171357
0.164681
0.163172
0.167035
0.169063
0.169635
0.170205
0.169113
0.174130
0.172555
0.165320
0.163259
0.163375
0.161916
0.163283
0.162935
0.162514
0.164303
0.163095
0.165497
0.162712
0.162354
0.162529
0.162238
0.163036
0.159915
0.163058
0.162711
0.162957
0.164666
0.162661
0.163036
0.164134
0.166177
0.169261
0.163842
0.162932
0.163578
0.162208
0.162035
0.162973
0.162536
0.163442
0.153185
0.167492
0.170069
0.170037
0.168702
0.169142
0.171657
0.166659
0.168037
0.166790
0.168790
0.168036
0.164036
0.164127
0.164043
0.154519
0.172516
0.170546
0.168753
0.172096
0.169037
0.169037
0.167037
0.170535
0.171037
0.173074
0.169283
0.172145
0.173038
0.174836
0.168967
0.169333
0.169037
0.170117
0.162036
0.161037
0.163136
0.176039
0.178141
0.177039
0.176068
0.173396
0.167036
0.167287
0.163747
0.169038
0.165813
0.168177
0.163771
0.163182
0.161141
0.162437
0.165910
0.169038
0.168686
0.175534
0.172184
0.171038
0.173997
0.171494
0.171522
0.170149
0.170784
0.173681
0.170261
0.177364
0.172676
0.169105
0.172271
0.170003
0.171632
0.169094
0.167296
0.178426
0.181436
0.175473
0.173971
0.172287
0.171564
0.170423
0.169408
0.172772
0.180159
0.177426
0.177058
0.164359
0.164135
0.165276
0.165520
0.164511
0.148733
0.180040
0.178427
0.175944
0.173351
0.171916
0.177830
0.171160
0.172845
0.172016
0.173957
0.171091
0.165951
0.167008
0.166787
0.170013
0.171044
0.168009
0.155855
0.170176
0.170770
0.172127
0.169462
0.170279
0.170517
0.170342
0.173821
0.171120
0.170069
0.170567
0.166664
0.167215
0.166700
0.167416
0.158776
0.179039
0.189610
0.161144
0.166777
0.166770
0.163691
0.167533
0.166938
0.167783
0.168152
0.166462
0.166249
0.167134
0.172543
0.169939
0.173370
0.170107
0.167813
0.166805
0.168225
0.152681
0.167291
0.166036
0.167996
0.167892
0.167954
0.167651
0.167893
0.167203
0.168024
0.166176
0.166736
0.167605
0.167237
0.167922
0.166409
0.168670
0.167560
0.166037
0.168178
0.167036
0.168767
0.168669
0.167037
0.166995
0.165266
0.172175
0.170362
0.168125
0.175285
0.175861
0.171413
0.171520
0.173217
0.170552
0.171351
0.164835
0.182040
0.182567
0.179062
0.174523
0.174038
0.173186
0.170630
0.170429
0.172518
0.170697
0.169083
0.169579
0.168583
0.167726
0.168606
0.166545
0.170038
0.154331
0.174138
0.173373
0.171283
0.168746
0.169327
0.168553
0.170518
0.171038
0.169063
0.168538
0.170904
0.169646
0.170081
0.168116
0.169403
0.168456
0.168790
0.148668
0.179287
0.170156
0.167812
0.171258
0.171595
0.172730
0.170566
0.169190
0.172374
0.169014
0.170821
0.168222
0.168979
0.169469
0.169209
0.167133
0.169247
0.153203
0.173193
0.169534
0.170074
0.170960
0.169212
0.171269
0.169036
0.169038
0.170360
0.169037
0.171038
0.168368
0.169375
0.168787
0.168785
0.169321
0.169889
0.153459
0.169888
0.169618
0.170627
0.170020
0.170597
0.170247
0.170960
0.168918
0.171374
0.172038
0.169361
0.168037
0.169084
0.169087
0.169367
0.169095
0.170258
0.158769
0.182183
0.179845
0.174979
0.172188
0.172478
0.170518
0.169614
0.170174
0.170964
0.170282
0.168967
0.169140
0.168135
0.169162
0.168984
0.169226
0.168175
0.162035
0.176438
0.169498
0.171065
0.163509
0.186534
0.192716
0.191460
0.187023
0.179105
0.172716
0.173171
0.170561
0.169079
0.169820
0.171138
0.168534
0.170837
0.156361
0.168450
0.170877
0.168472
0.169018
0.165601
0.168986
0.168652
0.170486
0.170831
0.168544
0.177137
0.170801
0.168193
0.167247
0.168418
0.167480
0.166715
0.141253
0.168833
0.172518
0.169551
0.168954
0.168883
0.169223
0.168266
0.169110
0.168924
0.169127
0.169749
0.170110
0.169222
0.168835
0.168702
0.186192
0.182718
0.164216
0.170847
0.169213
0.168798
0.168525
0.168241
0.167694
0.168003
0.169761
0.168316
0.168934
0.169808
0.167931
0.170494
0.167946
0.169038
0.167818
0.168572
0.143557
0.168037
0.169038
0.169037
0.169037
0.170038
0.170037
0.169037
0.168247
0.169037
0.168452
0.171112
0.169360
0.169991
0.169818
0.170079
0.168514
0.169373
0.142220
0.169997
0.169231
0.167966
0.168776
0.170096
0.169517
0.169069
0.169123
0.171214
0.169233
0.171413
0.168875
0.168065
0.169725
0.169427
0.168732
0.173298
0.148855
0.170363
0.169345
0.170616
0.167064
0.168648
0.170037
0.169034
0.169711
0.170960
0.168550
0.172045
0.168208
0.168992
0.168651
0.168661
0.172229
0.170578
0.152173
0.169364
0.169248
0.168037
0.169374
0.170335
0.167833
0.170670
0.167668
0.170963
0.169485
0.175382
0.171082
0.169497
0.145493
0.171038
0.168029
0.170038
0.144462
0.168523
0.169037
0.170038
0.170038
0.169202
0.168701
0.170037
0.168621
0.170331
0.169271
0.171038
0.168815
0.169038
0.169288
0.170192
0.170021
0.169138
0.144006
0.176338
0.172038
0.170037
0.171475
0.172577
0.170478
0.169226
0.172218
0.170622
0.170385
0.170068
0.168334
0.168239
0.168947
0.169013
0.168400
0.169481
0.159912
0.173696
0.172641
0.172807
0.170355
0.171052
0.177846
0.180994
0.179720
0.178476
0.169962
0.170491
0.168828
0.170539
0.169037
0.171086
0.170304
0.170037
0.160072
0.180159
0.175433
0.174038
0.172609
0.170165
0.172739
0.171037
0.173064
0.171326
0.172038
0.171038
0.170037
0.171493
0.171249
0.169074
0.171037
0.170290
0.146032
0.169106
0.170038
0.172002
0.169485
0.171038
0.171479
0.170372
0.169261
0.171044
0.170378
0.171038
0.168515
0.171493
0.169820
0.170543
0.170379
0.170231
0.142278
0.170654
0.168270
0.168201
0.168985
0.172835
0.174001
0.174108
0.173038
0.172334
0.172038
0.175039
0.173277
0.173673
0.173231
0.172724
0.171753
0.172480
0.166037
0.174140
0.172038
0.173205
0.172038
0.173217
0.173326
0.173380
0.172705
0.173554
0.173134
0.173498
0.172494
0.169426
0.172038
0.171656
0.169434
0.173820
0.154270
0.174038
0.171037
0.172156
0.174039
0.173750
0.173617
0.172039
0.174338
0.173061
0.172679
0.174512
0.173038
0.172038
0.173571
0.171037
0.174172
0.172357
0.166037
0.173038
0.171525
0.173699
0.173038
0.173526
0.173226
0.173386
0.172349
0.173505
0.173038
0.175220
0.173038
0.173038
0.173038
0.172038
0.171735
0.173027
0.160035
0.174038
0.174038
0.172678
0.173182
0.172038
0.172038
0.173295
0.174039
0.172924
0.173421
0.175122
0.173038
0.171648
0.173038
0.173038
0.173240
0.172038
0.156883
0.172601
0.173580
0.173697
0.173386
0.174038
0.172038
0.173038
0.173038
0.172372
0.171549
0.174038
0.172832
0.172302
0.173763
0.173568
0.173069
0.173256
0.161914
0.173038
0.171786
0.170052
0.173643
0.173363
0.171328
0.173337
0.171037
0.174039
0.171187
0.178295
0.172767
0.173026
0.173925
0.172038
0.172038
0.146333
0.173038
0.173234
0.174103
0.175234
0.172306
0.172281
0.173038
0.171725
0.172038
0.173908
0.174038
0.175017
0.172038
0.172151
0.172115
0.174039
0.173495
0.156034
0.171954
0.172038
0.172280
0.173054
0.171921
0.172550
0.174038
0.173903
0.173475
0.172521
0.173167
0.175038
0.172038
0.171038
0.169337
0.173038
0.173038
0.144437
0.172124
0.166037
0.165112
0.167037
0.167037
0.165727
0.165036
0.166179
0.172038
0.173057
0.172533
0.179415
0.176198
0.173038
0.173038
0.167068
0.171533
0.160911
0.170390
0.171302
0.171700
0.170748
0.171038
0.172855
0.171327
0.170038
0.171447
0.171280
0.171232
0.170037
0.171037
0.170244
0.169037
0.172485
0.169478
0.156765
0.171288
0.172038
0.171038
0.172161
0.172346
0.171395
0.172038
0.171040
0.171955
0.172038
0.170300
0.174134
0.172039
0.172494
0.171419
0.170875
0.170341
0.162036
0.171033
0.170044
0.171038
0.170258
0.168980
0.172038
0.172038
0.171388
0.171814
0.170205
0.171038
0.171458
0.170038
0.170295
0.172038
0.169710
0.172038
0.150033
0.172038
0.171037
0.172232
0.170515
0.172563
0.172505
0.171118
0.171080
0.172142
0.172110
0.174038
0.175039
0.170038
0.171018
0.169037
0.170037
0.170630
0.157034
0.171475
0.171038
0.171948
0.172427
0.171038
0.171037
0.171038
0.170927
0.171037
0.171037
0.172038
0.174039
0.172038
0.171037
0.171521
0.171038
0.171038
0.159302
0.109372
0.183061
0.178040
0.172038
0.173533
0.171302
0.172242
0.172038
0.172437
0.171593
0.172038
0.174451
0.169933
0.170038
0.172348
0.170603
0.172176
0.156034
0.171038
0.171038
0.172127
0.172234
0.172038
0.172130
0.172985
0.168036
0.173092
0.171184
0.170522
0.174356
0.171526
0.171038
0.172159
0.172495
0.171038
0.143332
0.181040
0.176136
0.173038
0.173586
0.172330
0.173040
0.172038
0.171215
0.172572
0.173315
0.171844
0.171037
0.170269
0.172258
0.172038
0.172037
0.171055
0.157533
0.172547
0.173352
0.173038
0.171116
0.174201
0.171505
0.171440
0.173038
0.171866
0.171086
0.172654
0.172038
0.172038
0.173038
0.171259
0.170959
0.170038
0.159667
0.175451
0.174736
0.172037
0.173039
0.173417
0.172491
0.173038
0.171413
0.172485
0.172120
0.166037
0.173062
0.172318
0.173732
0.172523
0.171845
0.171488
0.163037
0.181040
0.177466
0.175424
0.171038
0.172038
0.172038
0.174078
0.171038
0.172562
0.172038
0.171037
0.173650
0.171038
0.172799
0.170239
0.171038
0.171186
0.160645
0.171608
0.172116
0.171257
0.170664
0.172404
0.170784
0.172598
0.171763
0.170537
0.172038
0.172038
0.172038
0.172038
0.172037
0.172038
0.172653
0.171216
0.162310
0.171034
0.170037
0.170038
0.172038
0.171038
0.170959
0.172038
0.172038
0.173057
0.170393
0.172038
0.172886
0.171237
0.170038
0.173038
0.172038
0.170915
0.139797
0.172049
0.170039
0.172272
0.163983
0.180443
0.177673
0.174511
0.170460
0.173228
0.173254
0.172055
0.170377
0.172038
0.172148
0.170886
0.172652
0.173111
0.165829
0.176039
0.172038
0.172038
0.173348
0.172038
0.171038
0.173203
0.173039
0.172236
0.172038
0.169418
0.173038
0.172038
0.170038
0.171037
0.171038
0.172038
0.145324
0.181303
0.176070
0.174502
0.172191
0.171929
0.173038
0.170038
0.172038
0.173361
0.172026
0.172000
0.173496
0.171040
0.172326
0.171597
0.169335
0.170038
0.145110
0.187238
0.183191
0.181040
0.179186
0.175236
0.171093
0.171402
0.171440
0.172340
0.171038
0.171519
0.173038
0.172038
0.171157
0.171429
0.172123
0.171741
0.150354
0.172056
0.171141
0.170049
0.171037
0.170121
0.172039
0.171038
0.170654
0.172038
0.167145
0.171544
0.172529
0.172058
0.171497
0.171038
0.172038
0.172038
0.151033
0.173038
0.171435
0.171566
0.172211
0.172038
0.171619
0.170216
0.172089
0.170455
0.171037
0.172038
0.172038
0.172038
0.171654
0.172637
0.172789
0.171038
0.155498
0.177881
0.175038
0.172523
0.172531
0.173155
0.172051
0.172485
0.173038
0.171566
0.172038
0.171038
0.173347
0.171038
0.172038
0.172145
0.171334
0.172102
0.156034
0.172145
0.170340
0.171037
0.170082
0.170496
0.170501
0.172038
0.169671
0.172090
0.169970
0.172038
0.174368
0.172123
0.171977
0.170038
0.172038
0.172191
0.142031
0.171038
0.171038
0.171468
0.172038
0.171037
0.171378
0.170511
0.171791
0.172096
0.172466
0.171227
0.170300
0.172017
0.171286
0.173491
0.170660
0.172400
0.142055
0.170456
0.171371
0.172519
0.171608
0.169712
0.169943
0.170036
0.169782
0.170489
0.170681
0.170160
0.175692
0.172656
0.170757
0.171208
0.170655
0.171544
0.164755
0.170872
0.169217
0.171928
0.172274
0.174305
0.170130
0.170802
0.170467
0.171990
0.171363
0.171038
0.177560
0.174206
0.173038
0.171365
0.172008
0.171987
0.148412
0.171972
0.171436
0.171974
0.170153
0.171395
0.130117
0.170985
0.172091
0.171039
0.170634
0.171228
0.172632
0.169321
0.172514
0.170008
0.171491
0.174345
0.165424
0.171404
0.172429
0.171820
0.173049
0.171436
0.172248
0.170821
0.170819
0.169695
0.172058
0.172038
0.179049
0.178192
0.176642
0.173450
0.170468
0.172225
0.160247
0.172262
0.171063
0.171719
0.171469
0.170642
0.171349
0.170621
0.171966
0.170212
0.169754
0.170920
0.172823
0.172880
0.171268
0.171778
0.171453
0.171978
0.165742
0.171817
0.169749
0.170575
0.171730
0.172038
0.170743
0.168036
0.149342
0.191193
0.183339
0.187172
0.186286
0.183074
0.182243
0.186607
0.191535
0.191316
0.191367
0.194469
0.191387
0.193566
0.191569
0.195259
0.193909
0.190585
0.191707
0.184036
0.188697
0.179445
0.185499
0.185503
0.185040
0.183883
0.195181
0.194258
0.195472
0.194230
0.189042
0.192271
0.188042
0.186041
0.192042
0.186536
0.156743
0.168338
0.169037
0.169228
0.171205
0.169533
0.168261
0.169705
0.169343
0.170649
0.152895
0.170037
0.169927
0.170082
0.171038
0.171068
0.169853
0.170161
0.170058
0.170209
0.170237
0.170038
0.192051
0.188042
0.182039
0.181040
0.185041
0.180855
0.180583
0.192829
0.197303
0.196912
0.197567
0.195249
0.186810
0.191041
0.189649
0.186042
0.191041
0.188060
0.186040
0.189042
0.187039
0.190356
0.182293
0.270065
0.342227
0.347537
0.387689
0.315128
0.332150
0.338799
0.332073
0.329361
0.357125
0.378362
0.373293
0.337073
0.342025
0.176249
0.173498
0.178040
0.174039
0.164367
0.168406
0.157881
0.163687
0.163036
0.162032
0.162517
0.090205
0.174203
0.176341
0.172747
0.173224
0.174621
0.137701
0.172879
0.172339
0.172078
0.171484
0.172041
0.164773
0.164941
0.155900
0.169569
0.168422
0.132244
0.172018
0.170821
0.163388
0.165036
0.164692
0.165145
0.140315
0.166063
0.165116
0.163036
0.126558
0.172293
0.171356
0.169082
0.159949
0.166526
0.163036
0.163574
0.165648
0.171411
0.169093
0.171039
0.166086
0.164899
0.166037
0.165552
0.165300
0.174551
0.171324
0.168225
0.167779
0.167805
0.149970
0.169325
0.169380
0.169287
0.168463
0.168794
0.168037
0.169337
0.169280
0.169236
0.172069
0.167683
0.169121
0.169955
0.169086
0.170360
0.167929
0.165228
0.153439
0.168197
0.168289
0.168468
0.167051
0.167036
0.169313
0.167559
0.168130
0.167036
0.174875
0.170131
0.168036
0.169758
0.169450
0.168410
0.166506
0.169631
0.161460
0.170047
0.168572
0.168151
0.167761
0.167352
0.166323
0.169031
0.169907
0.169359
0.169956
0.169231
0.167651
0.168801
0.168116
0.168836
0.167400
0.167037
0.153033
0.168496
0.168972
0.164963
0.167865
0.169265
0.168679
0.168707
0.168358
0.168323
0.171378
0.166117
0.167999
0.168343
0.172733
0.168763
0.167317
0.169705
0.161523
0.168489
0.167950
0.167814
0.168729
0.166322
0.167589
0.168082
0.168647
0.167650
0.172340
0.168495
0.169390
0.168033
0.168500
0.167360
0.166187
0.167423
0.133529
0.169035
0.166918
0.169352
0.167204
0.168470
0.169535
0.169626
0.168025
0.167974
0.171715
0.169708
0.148728
0.168244
0.169533
0.168888
0.168423
0.168497
0.160162
0.169258
0.169007
0.168575
0.169290
0.168650
0.169791
0.168616
0.168442
0.169626
0.169793
0.169772
0.168779
0.170038
0.168086
0.167052
0.168037
0.169038
0.143206
0.168790
0.167170
0.166924
0.169063
0.167542
0.169081
0.167440
0.165856
0.168895
0.169043
0.169280
0.168279
0.168879
0.168146
0.167824
0.168541
0.169477
0.139744
0.167955
0.168344
0.168975
0.169433
0.168331
0.168055
0.167037
0.169297
0.169038
0.170037
0.167037
0.169439
0.167859
0.168037
0.169406
0.167143
0.167480
0.154034
0.171038
0.171470
0.168491
0.170091
0.170774
0.171038
0.170037
0.168345
0.167219
0.170214
0.168569
0.168520
0.167825
0.168037
0.169038
0.167186
0.167037
0.155463
0.179039
0.175303
0.174440
0.170150
0.171038
0.171168
0.182357
0.172242
0.171038
0.172038
0.172087
0.171276
0.171450
0.172376
0.171294
0.171775
0.170356
0.168873
0.179115
0.174714
0.173038
0.171795
0.175301
0.170433
0.173375
0.171455
0.172095
0.173111
0.171037
0.171038
0.171834
0.172038
0.172343
0.171413
0.171038
0.161924
0.172221
0.169741
0.172038
0.171211
0.170338
0.172038
0.171153
0.171193
0.170945
0.172070
0.171037
0.171038
0.176897
0.172038
0.171209
0.172101
0.169777
0.141659
0.172038
0.172038
0.170954
0.171038
0.171037
0.170943
0.171468
0.171596
0.170583
0.174210
0.171086
0.172039
0.171091
0.172038
0.172378
0.170366
0.171126
0.141406
0.171361
0.171038
0.171038
0.172038
0.172215
0.171027
0.171908
0.169985
0.171473
0.173038
0.171548
0.172256
0.171380
0.171313
0.169999
0.172449
0.169266
0.145625
0.175519
0.171339
0.174185
0.172196
0.170719
0.173588
0.172829
0.170841
0.173802
0.171978
0.172400
0.170637
0.171830
0.169409
0.172038
0.171992
0.170200
0.170403
0.175719
0.167973
0.169857
0.170003
0.169759
0.169925
0.170464
0.171225
0.170374
0.170775
0.168972
0.169746
0.169140
0.170448
0.168904
0.170296
0.169945
0.162562
0.175812
0.171308
0.169267
0.170423
0.171760
0.170391
0.169931
0.170736
0.171118
0.172200
0.172108
0.169969
0.169564
0.171265
0.154297
0.170079
0.170647
0.157943
0.170269
0.169771
0.170193
0.170831
0.170040
0.169988
0.168045
0.168869
0.170374
0.172001
0.171187
0.170077
0.169510
0.169901
0.169026
0.170508
0.170756
0.162266
0.168959
0.171216
0.170038
0.170369
0.170038
0.171631
0.172038
0.170304
0.170421
0.172416
0.171059
0.179039
0.174025
0.172038
0.172189
0.145531
0.170402
0.167380
0.169761
0.170316
0.170375
0.170691
0.171499
0.170041
0.170503
0.169765
0.171482
0.173754
0.171015
0.170447
0.171327
0.170842
0.169304
0.169230
0.170806
0.151417
0.169747
0.169108
0.170518
0.170424
0.168290
0.169761
0.168960
0.169380
0.169384
0.173305
0.170530
0.168068
0.169459
0.169912
0.170042
0.168830
0.170453
0.132096
0.169450
0.169925
0.170538
0.170260
0.171130
0.171038
0.170656
0.170345
0.171055
0.171174
0.170037
0.170296
0.169133
0.171345
0.152048
0.170486
0.170275
0.146430
0.175233
0.173038
0.171487
0.171771
0.171867
0.170796
0.170789
0.170524
0.171711
0.172999
0.170623
0.170387
0.171190
0.170150
0.151131
0.168612
0.171296
0.161688
0.178392
0.172479
0.173986
0.169558
0.172079
0.172037
0.172038
0.169718
0.170829
0.172166
0.170884
0.170876
0.170643
0.170283
0.168378
0.170833
0.170702
0.145947
0.178104
0.173038
0.171828
0.172350
0.173093
0.171536
0.171626
0.171285
0.170721
0.171659
0.169724
0.169656
0.171149
0.170868
0.170042
0.171961
0.170133
0.157280
0.167893
0.170536
0.170373
0.170953
0.171246
0.170859
0.170381
0.170974
0.170484
0.173249
0.170608
0.171512
0.170798
0.170416
0.170491
0.170595
0.170517
0.150304
0.170104
0.170939
0.170888
0.170476
0.170840
0.169075
0.171167
0.171080
0.171067
0.173030
0.170334
0.170281
0.171354
0.169528
0.171526
0.171194
0.171963
0.143600
0.179647
0.173905
0.171204
0.171583
0.171187
0.172358
0.171037
0.169037
0.171426
0.171823
0.168958
0.171293
0.169037
0.170037
0.171038
0.170177
0.170037
0.151478
0.180585
0.177467
0.173671
0.173987
0.172025
0.168727
0.169631
0.171371
0.171277
0.173577
0.171618
0.170247
0.150106
0.171606
0.170880
0.169016
0.170234
0.144772
0.170538
0.169397
0.171038
0.171175
0.171027
0.169855
0.170122
0.171037
0.169848
0.172038
0.170038
0.171038
0.170451
0.170276
0.169276
0.170038
0.170058
0.137573
0.172306
0.171495
0.170880
0.171733
0.171130
0.171226
0.170204
0.170296
0.171205
0.175020
0.169928
0.170533
0.170668
0.170385
0.170971
0.170605
0.169443
0.169438
0.172160
0.170775
0.170517
0.173514
0.172153
0.169881
0.170508
0.170637
0.170161
0.175140
0.171170
0.170447
0.170038
0.168348
0.170127
0.170525
0.171038
0.158687
0.169717
0.170292
0.169909
0.171095
0.170316
0.171651
0.149117
0.169488
0.171619
0.172461
0.170701
0.172045
0.170007
0.171722
0.170581
0.170332
0.171443
0.133734
0.172114
0.155866
0.175226
0.173274
0.174383
0.168950
0.171368
0.170618
0.169748
0.176064
0.171184
0.171745
0.172222
0.152556
0.171514
0.171627
0.170367
0.154938
0.170173
0.169793
0.169564
0.168564
0.169346
0.170455
0.170411
0.171037
0.170583
0.174141
0.170302
0.169863
0.171230
0.170178
0.168857
0.170207
0.171087
0.149855
0.171342
0.170247
0.170379
0.170010
0.170800
0.169821
0.170722
0.170117
0.170599
0.171351
0.170291
0.170818
0.170722
0.169378
0.171288
0.171856
0.169918
0.157790
0.168586
0.169929
0.172085
0.169525
0.175154
0.173291
0.171991
0.172067
0.169137
0.172168
0.171371
0.169319
0.167808
0.169329
0.171038
0.170541
0.171741
0.153266
0.170171
0.171388
0.170038
0.170821
0.171395
0.171038
0.171190
0.172037
0.166037
0.186409
0.184935
0.187052
0.182516
0.179299
0.175538
0.169741
0.125195
0.170572
0.169584
0.170769
0.170462
0.170940
0.172197
0.170390
0.169764
0.171332
0.170832
0.176149
0.171607
0.170492
0.170490
0.170884
0.169625
0.169406
0.161435
0.169638
0.171038
0.169707
0.171038
0.169383
0.170428
0.170276
0.171808
0.170069
0.169924
0.169529
0.171009
0.170174
0.169888
0.170940
0.170920
0.171259
0.158241
0.171037
0.169430
0.170520
0.170270
0.173374
0.170745
0.169866
0.169842
0.171077
0.170808
0.172745
0.171587
0.170147
0.169624
0.170008
0.169037
0.168348
0.152977
0.168835
0.170348
0.171770
0.170528
0.169237
0.170178
0.170733
0.168088
0.169362
0.169639
0.170193
0.170038
0.170440
0.168470
0.168026
0.169035
0.169383
0.149618
0.169824
0.169564
0.169296
0.168149
0.171038
0.169358
0.170297
0.169414
0.168751
0.169132
0.170208
0.170422
0.168670
0.168037
0.169822
0.168775
0.169595
0.152130
0.169389
0.169014
0.168795
0.171019
0.169652
0.169311
0.169419
0.168469
0.167421
0.169989
0.171922
0.169982
0.169625
0.169829
0.167661
0.168368
0.170418
0.130076
0.170101
0.169269
0.169937
0.168979
0.169087
0.170106
0.169782
0.169231
0.170964
0.169543
0.170784
0.168840
0.168867
0.169063
0.170471
0.151658
0.168761
0.144192
0.171949
0.168969
0.169629
0.171795
0.169721
0.169453
0.169453
0.170584
0.169812
0.169445
0.172187
0.168672
0.169160
0.170054
0.168036
0.158422
0.168539
0.150898
0.169786
0.170415
0.169022
0.168833
0.169402
0.169015
0.170846
0.169087
0.171459
0.170570
0.170416
0.169876
0.170107
0.168898
0.168741
0.170179
0.169659
0.157922
0.170433
0.168181
0.169491
0.169632
0.168507
0.162365
0.175065
0.173176
0.171438
0.172359
0.171148
0.171756
0.167449
0.169056
0.169294
0.170433
0.170320
0.159682
0.170125
0.170802
0.167921
0.169586
0.168990
0.170789
0.169863
0.169805
0.168629
0.169725
0.172246
0.169825
0.169875
0.168866
0.170350
0.169280
0.169882
0.165937
0.165977
0.170046
0.168032
0.167864
0.169276
0.168108
0.168645
0.167902
0.170195
0.169152
0.169625
0.168821
0.169037
0.168992
0.094816
0.190203
0.188261
0.189776
0.176468
0.176331
0.173090
0.170229
0.168876
0.169236
0.167638
0.169293
0.167147
0.171131
0.173038
0.169340
0.167349
0.168060
0.169057
0.168037
0.170037
0.167951
0.150265
0.168890
0.166931
0.170837
0.168499
0.169186
0.169259
0.169910
0.170420
0.168037
0.149336
0.169037
0.170359
0.162855
0.169535
0.168624
0.169832
0.169038
0.164612
0.168769
0.170671
0.168937
0.169187
0.170820
0.169232
0.168314
0.169220
0.167264
0.170301
0.168633
0.167037
0.169040
0.169493
0.168650
0.165036
0.162885
0.155485
0.169883
0.169622
0.170106
0.167681
0.169100
0.169161
0.169362
0.170668
0.169067
0.170326
0.169568
0.168872
0.169360
0.169037
0.169581
0.167037
0.169037
0.151739
0.168422
0.169412
0.168660
0.169142
0.168893
0.168159
0.169691
0.169056
0.169037
0.171536
0.170721
0.170228
0.169562
0.169028
0.169143
0.169235
0.169912
0.110346
0.175024
0.172921
0.173287
0.175675
0.173608
0.172501
0.172514
0.170437
0.184080
0.183359
0.181040
0.176996
0.181375
0.194708
0.194363
0.196145
0.194853
0.194042
0.192027
0.183036
0.174074
0.172839
0.170641
0.168759
0.168373
0.164631
0.168517
0.168856
0.167904
0.167905
0.169000
0.167678
0.167789
0.167898
0.166713
0.168018
0.147304
0.169390
0.167454
0.168115
0.169329
0.168679
0.165419
0.170424
0.167227
0.167576
0.168081
0.167894
0.168506
0.167832
0.169088
0.168632
0.170099
0.168282
0.157086
0.169168
0.168057
0.168516
0.167854
0.168888
0.169529
0.167404
0.170162
0.169286
0.166975
0.168788
0.169157
0.168012
0.167187
0.169203
0.169857
0.169197
0.139059
0.167609
0.169352
0.167612
0.169868
0.168666
0.168065
0.168037
0.170037
0.171386
0.165318
0.169943
0.169028
0.169371
0.168108
0.168101
0.166593
0.168427
0.137770
0.168910
0.169146
0.159382
0.185135
0.185936
0.182406
0.187983
0.193101
0.190315
0.191660
0.191928
0.191004
0.193300
0.194095
0.193592
0.194986
0.190452
0.190471
0.177391
0.177080
0.173531
0.171531
0.170080
0.171437
0.170032
0.172280
0.172625
0.172794
0.160361
0.171385
0.171639
0.171681
0.172866
0.172096
0.171574
0.171769
0.162107
0.172923
0.173166
0.171852
0.171361
0.171733
0.170520
0.173116
0.173112
0.170503
0.170990
0.170720
0.172362
0.169950
0.171378
0.171887
0.170845
0.171740
0.154898
0.171787
0.170846
0.172027
0.171846
0.172664
0.171468
0.170817
0.174126
0.171958
0.178643
0.176387
0.173621
0.172762
0.170655
0.170907
0.172474
0.171224
0.123404
0.172722
0.171573
0.170475
0.171038
0.167233
0.171112
0.173037
0.168817
0.165471
0.165788
0.165758
0.167307
0.168229
0.166958
0.167448
0.166036
0.166218
0.154140
0.168243
0.165709
0.166821
0.166794
0.167517
0.166036
0.166045
0.169286
0.166595
0.166028
0.164955
0.167831
0.168249
0.167193
0.167662
0.165794
0.166692
0.158502
0.183004
0.178517
0.178704
0.170217
0.169038
0.167711
0.167215
0.169792
0.167055
0.167297
0.176272
0.172087
0.167971
0.170083
0.169528
0.167133
0.168545
0.160763
0.170993
0.168504
0.168839
0.168553
0.166938
0.166914
0.170374
0.168592
0.168900
0.169438
0.166726
0.167917
0.168856
0.167037
0.167037
0.168037
0.169181
0.145365
0.169037
0.168310
0.169244
0.167360
0.169165
0.170125
0.169150
0.170439
0.169037
0.168037
0.170051
0.169037
0.169037
0.168037
0.169464
0.166865
0.168037
0.161035
0.167037
0.169037
0.167037
0.167652
0.167634
0.169352
0.168501
0.170501
0.167873
0.168118
0.168101
0.148644
0.169698
0.167698
0.169510
0.169597
0.167787
0.153855
0.168037
0.170730
0.168523
0.167808
0.170017
0.166640
0.169011
0.170553
0.167853
0.167699
0.169554
0.168363
0.168825
0.168564
0.168273
0.168477
0.168213
0.154884
0.168999
0.168339
0.167986
0.170603
0.168578
0.168973
0.169044
0.169642
0.168850
0.168246
0.140534
0.168602
0.167954
0.170065
0.168199
0.168476
0.169486
0.141337
0.167809
0.168052
0.170313
0.169286
0.169273
0.169733
0.167976
0.169307
0.169289
0.168837
0.169037
0.169222
0.168817
0.167309
0.164966
0.167725
0.168086
0.148830
0.186288
0.190527
0.187756
0.189444
0.189980
0.186408
0.182488
0.173522
0.172452
0.174895
0.181041
0.181262
0.179841
0.169627
0.169647
0.168084
0.169998
0.160242
0.170452
0.170423
0.173472
0.169243
0.168926
0.168807
0.170429
0.172168
0.167508
0.169556
0.168059
0.170538
0.170056
0.168424
0.169036
0.167524
0.161069
0.148032
0.171753
0.170312
0.168597
0.169778
0.170254
0.171511
0.168944
0.169483
0.168037
0.169265
0.170605
0.169332
0.170399
0.152442
0.171119
0.168869
0.170449
0.162228
0.169678
0.169389
0.169290
0.168484
0.170328
0.170038
0.169479
0.172884
0.169093
0.169968
0.170387
0.170242
0.169909
0.171305
0.169894
0.169598
0.169760
0.148643
0.169205
0.170485
0.170706
0.170490
0.171317
0.171247
0.169995
0.170217
0.168392
0.171055
0.169968
0.170037
0.168139
0.170535
0.170037
0.171038
0.169643
0.150233
0.177422
0.172603
0.172129
0.169299
0.169520
0.171958
0.169670
0.170757
0.170481
0.169981
0.168489
0.168409
0.170897
0.168869
0.169156
0.169399
0.169773
0.162694
0.169476
0.170751
0.169866
0.169312
0.169899
0.168607
0.168142
0.171360
0.169028
0.168849
0.170432
0.168946
0.169296
0.167811
0.169915
0.169508
0.168586
0.149430
0.173522
0.173726
0.169121
0.169520
0.170158
0.170068
0.170957
0.170347
0.168199
0.168509
0.168300
0.168058
0.168517
0.168190
0.168483
0.168906
0.169786
0.163289
0.173984
0.169295
0.170020
0.171102
0.167536
0.169523
0.167696
0.174646
0.167027
0.168501
0.169496
0.169276
0.168571
0.167357
0.168037
0.168399
0.169631
0.155990
0.169563
0.169744
0.170728
0.169816
0.169971
0.170024
0.170223
0.171567
0.169082
0.168813
0.170856
0.169835
0.169205
0.169372
0.170104
0.145803
0.169773
0.138542
0.175205
0.172943
0.173491
0.172262
0.171455
0.171716
0.172394
0.169883
0.170393
0.169222
0.169962
0.168855
0.169583
0.168545
0.170044
0.171812
0.170733
0.167538
0.168613
0.077793
0.079365
0.078017
0.073845
0.074304
0.074889
0.076017
0.080328
0.078355
0.078017
0.079017
0.080018
0.080017
0.080097
0.080373
0.081285
0.078308
0.084646
0.083431
0.109919
0.086221
0.087019
0.086019
0.085019
0.085530
0.079309
0.076245
0.081867
0.078017
0.084058
0.080874
0.079269
0.075855
0.079987
0.079428
0.081208
0.079598
0.077904
0.074258
0.072293
0.072216
0.080173
0.071355
0.074868
0.073365
0.073115
0.074109
0.071942
0.075110
0.072937
0.092020
0.075237
0.073287
0.072269
0.072577
0.073027
0.073486
0.079388
0.099509
0.080315
0.075468
0.076034
0.084505
0.079090
0.072855
0.074924
0.072715
0.073178
0.072885
0.074298
0.073016
0.071624
0.074336
0.079017
0.072294
0.072275
0.071214
0.072442
0.072523
0.072160
0.073152
0.072199
0.072835
0.074406
0.072871
0.073337
0.072312
0.076529
0.073473
0.075237
0.074566
0.072071
0.093269
0.073747
0.071175
0.073483
0.096418
0.074173
0.072399
0.075204
0.072006
0.079451
0.072230
0.074785
0.072552
0.078370
0.089155
0.072016
0.079401
0.082018
0.071283
0.076017
0.079454
0.072488
0.074227
0.072016
0.077017
0.074318
0.074098
0.072199
0.073212
0.072661
0.074438
0.072930
0.073558
0.076177
0.073689
0.074073
0.073598
0.072298
0.072016
0.071254
0.073014
0.074094
0.073836
0.073016
0.090021
0.088019
0.092021
0.077250
0.170217
0.138030
0.184041
0.177039
0.139031
0.171038
0.170038
0.171038
0.168260
0.170038
0.144032
0.169392
0.131029
0.170038
0.168495
0.175039
0.175039
0.120233
0.164342
0.189042
0.165223
0.137031
0.174038
0.173068
0.175038
0.174038
0.098022
0.175039
0.176039
0.175039
0.175168
0.175039
0.172566
0.175039
0.176204
0.172416
0.158035
0.168037
0.172038
0.182041
0.186538
0.186041
0.185041
0.182040
0.178336
0.171407
0.172961
0.172038
0.172116
0.172590
0.171828
0.172038
0.171038
0.109024
0.172038
0.171037
0.172860
0.171123
0.171038
0.176836
0.177334
0.174038
0.173038
0.173038
0.138031
0.173259
0.172038
0.173039
0.173310
0.172038
0.174101
0.095103
0.176039
0.173038
0.173567
0.173038
0.172356
0.173038
0.173038
0.127028
0.181116
0.177039
0.174186
0.173038
0.173669
0.173038
0.173038
0.173039
0.160035
0.169037
0.173038
0.173651
0.174039
0.174039
0.173038
0.171602
0.174038
0.175039
0.174038
0.174038
0.177039
0.179039
0.179136
0.181040
0.180040
0.180040
0.179039
0.170038
0.177039
0.177038
0.177039
0.177039
0.172038
0.176039
0.176161
0.177602
0.177040
0.177039
0.181177
0.177039
0.175039
0.176828
0.175039
0.174038
0.169038
0.175059
0.177039
0.176039
0.178188
0.176039
0.177039
0.176039
0.176355
0.176295
0.177039
0.177039
0.176511
0.178039
0.181040
0.183687
0.183040
0.184041
0.173038
0.179039
0.180040
0.179039
0.180111
0.181513
0.181041
0.181040
0.182040
0.181041
0.182041
0.182040
0.188041
0.185746
0.188042
0.182899
0.181040
0.177039
0.186041
0.183041
0.180039
0.181040
0.180040
0.171889
0.172038
0.172038
0.172215
0.171367
0.172038
0.174039
0.190043
0.191186
0.190536
0.190335
0.192043
0.177090
0.178040
0.177273
0.177165
0.178039
0.177109
0.179279
0.183108
0.184041
0.186059
0.186041
0.186041
0.185410
0.186041
0.182040
0.175366
0.178039
0.172038
0.181212
0.180039
0.180040
0.179039
0.179559
0.179888
0.179583
0.180040
0.179039
0.180040
0.173038
0.172038
0.173038
0.175039
0.195043
0.188041
0.179218
0.150033
0.170542
0.180040
0.179040
0.180040
0.189042
0.185040
0.181257
0.175039
0.174038
0.175059
0.175415
0.176038
0.175241
0.177306
0.176122
0.175038
0.152033
0.175367
0.174432
0.174039
0.174993
0.175039
0.176039
0.177111
0.176039
0.177040
0.177313
0.177059
0.177039
0.177039
0.178112
0.185041
0.183040
0.184041
0.168037
0.177039
0.176039
0.176039
0.177094
0.176039
0.177207
0.177110
0.181061
0.179039
0.180040
0.180388
0.178040
0.179039
0.179059
0.186041
0.186041
0.184948
0.173492
0.179039
0.180040
0.178515
0.178039
0.179040
0.179127
0.180040
0.179593
0.182040
0.182040
0.182040
0.179744
0.184164
0.182041
0.184041
0.185222
0.177039
0.184670
0.177039
0.177039
0.175038
0.175268
0.173038
0.176039
0.175039
0.175102
0.175039
0.175039
0.175039
0.175292
0.175039
0.174019
0.179040
0.176039
0.145032
0.176039
0.177039
0.179152
0.178040
0.180431
0.178039
0.178039
0.180040
0.180040
0.180871
0.179039
0.178922
0.178039
0.180264
0.180040
0.188041
0.179199
0.177039
0.183041
0.190061
0.186041
0.183990
0.184041
0.174039
0.175624
0.175039
0.176039
0.175096
0.176039
0.176039
0.176367
0.176039
0.176039
0.180040
0.174038
0.177040
0.177169
0.152034
0.176550
0.176139
0.175038
0.177025
0.177038
0.177039
0.176448
0.176039
0.177215
0.178039
0.178039
0.178948
0.179157
0.188042
0.189747
0.184041
0.182040
0.176039
0.177040
0.175039
0.176039
0.176193
0.175076
0.176039
0.175039
0.175969
0.176039
0.176039
0.175039
0.175393
0.177040
0.162035
0.175039
0.175039
0.176425
0.178039
0.180060
0.180040
0.179040
0.132133
0.175072
0.176039
0.176039
0.175039
0.176039
0.174039
0.175115
0.191847
0.187323
0.176039
0.176679
0.176039
0.174822
0.175585
0.176039
0.175575
0.176552
0.175039
0.179726
0.176039
0.175110
0.174039
0.175038
0.176039
0.177039
0.177039
0.161036
0.185040
0.185211
0.186041
0.190042
0.191042
0.185041
0.184041
0.178040
0.181433
0.177039
0.174507
0.176039
0.176039
0.173947
0.176039
0.176039
0.158106
0.175039
0.179039
0.175039
0.177039
0.177223
0.177039
0.177083
0.177039
0.177039
0.177039
0.176306
0.177039
0.177039
0.176804
0.177039
0.178039
0.177039
0.162036
0.172293
0.191425
0.187196
0.185041
0.182040
0.175038
0.177039
0.175692
0.175039
0.175039
0.177042
0.175712
0.176345
0.175586
0.174039
0.176039
0.159035
0.176039
0.175108
0.177039
0.176039
0.177211
0.176039
0.177039
0.177038
0.176790
0.175045
0.177039
0.177039
0.177039
0.176039
0.185041
0.180074
0.175040
0.181040
0.179040
0.175038
0.177039
0.177040
0.176039
0.176039
0.177141
0.177039
0.176063
0.176039
0.176039
0.177472
0.176039
0.176039
0.177039
0.176038
0.169037
0.175120
0.178039
0.177039
0.182042
0.181041
0.184040
0.180040
0.182040
0.183041
0.177039
0.177039
0.180678
0.187041
0.194254
0.189042
0.185040
0.177039
0.183040
0.183103
0.181041
0.182040
0.184130
0.181040
0.182040
0.178899
0.174038
0.174153
0.172038
0.173747
0.175039
0.175038
0.175222
0.175038
0.176267
0.328238
0.364165
0.332654
0.335839
0.320072
0.334074
0.335746
0.311520
0.295060
0.339077
0.323143
0.306411
0.342207
0.330343
0.342970
0.335073
0.322075
0.344331
0.332635
0.313330
0.302063
0.300071
0.319545
0.306067
0.330078
0.174038
0.168280
0.174038
0.170037
0.164037
0.146257
0.174039
0.174039
0.172069
0.177134
0.174429
0.170038
0.170499
0.170207
0.168005
0.170038
0.171541
0.169037
0.171038
0.170076
0.172038
0.171037
0.168037
0.177081
0.177039
0.179040
0.167356
0.175039
0.175037
0.176720
0.173583
0.172038
0.174038
0.159462
0.176119
0.177040
0.175039
0.148033
0.167037
0.170235
0.170038
0.170037
0.179039
0.175038
0.148032
0.167722
0.169038
0.170137
0.171037
0.170037
0.170670
0.171038
0.176548
0.175744
0.176039
0.176039
0.175039
0.175039
0.176039
0.175039
0.176039
0.174947
0.158035
0.185041
0.184042
0.178039
0.174039
0.167258
0.165221
0.167037
0.172038
0.171038
0.175039
0.174554
0.174039
0.175420
0.176039
0.176072
0.177039
0.161036
0.176039
0.176150
0.173038
0.171038
0.173057
0.177039
0.176039
0.178276
0.179040
0.179039
0.180223
0.178039
0.171094
0.174039
0.181040
0.179788
0.167037
0.185041
0.181040
0.175039
0.175391
0.176410
0.175038
0.175398
0.176039
0.176038
0.177080
0.175039
0.176039
0.176039
0.178381
0.177491
0.178040
0.178040
0.171419
0.176114
0.176073
0.178039
0.176039
0.173037
0.174038
0.175039
0.180039
0.186041
0.189042
0.189041
0.192092
0.193944
0.192042
0.180366
0.174481
0.169054
0.174039
0.174157
0.172038
0.174038
0.174039
0.173096
0.174038
0.173038
0.174039
0.175899
0.177039
0.182491
0.182040
0.181148
0.184041
0.182677
0.175304
0.177314
0.178038
0.183041
0.181728
0.181040
0.175039
0.175039
0.175038
0.174076
0.174038
0.175578
0.176104
0.175038
0.176039
0.176080
0.175039
0.174038
0.159035
0.175578
0.173728
0.175163
0.175673
0.172479
0.174038
0.175039
0.177040
0.176040
0.178040
0.177039
0.178039
0.175039
0.173762
0.174038
0.173081
0.159035
0.174303
0.174165
0.175040
0.176039
0.175038
0.175039
0.176039
0.177040
0.175038
0.174966
0.176039
0.175039
0.183283
0.179571
0.176039
0.175038
0.161052
0.178449
0.178039
0.179147
0.179093
0.180040
0.180040
0.180040
0.180039
0.179039
0.180040
0.180040
0.180143
0.179040
0.181040
0.181315
0.180040
0.180039
0.169934
0.179040
0.179039
0.181040
0.180205
0.179853
0.180040
0.181040
0.180449
0.180040
0.181437
0.180040
0.180040
0.175039
0.178040
0.181040
0.180108
0.179039
0.167037
0.181954
0.182039
0.176462
0.176039
0.175104
0.176039
0.175039
0.176039
0.175038
0.175039
0.175039
0.175799
0.175038
0.179040
0.179166
0.177039
0.178039
0.157035
0.173580
0.174038
0.176039
0.174038
0.174968
0.175038
0.174039
0.175038
0.186041
0.183095
0.180040
0.175039
0.174038
0.173544
0.177039
0.190063
0.160035
0.179039
0.177880
0.179040
0.178039
0.179399
0.179415
0.178547
0.179040
0.179039
0.179174
0.168037
0.178220
0.181040
0.179039
0.182086
0.180038
0.168038
0.180040
0.179026
0.181040
0.176887
0.178039
0.179171
0.178402
0.178040
0.180040
0.180039
0.179192
0.181040
0.179089
0.180040
0.179772
0.185404
0.179246
0.165036
0.175039
0.174058
0.176039
0.176039
0.120034
0.176039
0.175037
0.176761
0.174038
0.176687
0.175039
0.175270
0.176039
0.175039
0.177039
0.180476
0.180040
0.165767
0.175038
0.177038
0.175039
0.176278
0.176039
0.176039
0.175039
0.176039
0.175411
0.175039
0.177039
0.177038
0.176039
0.177039
0.176229
0.183040
0.180508
0.165036
0.176165
0.175038
0.177039
0.174584
0.177040
0.179039
0.180039
0.179039
0.179039
0.178039
0.180039
0.181052
0.181040
0.181040
0.178039
0.183558
0.187042
0.170038
0.182377
0.182678
0.182432
0.182040
0.182040
0.184040
0.185041
0.179039
0.177055
0.179039
0.185229
0.184041
0.184041
0.185040
0.187041
0.188042
0.184041
0.176038
0.173894
0.172205
0.179039
0.183040
0.185040
0.181040
0.175039
0.175039
0.175039
0.175038
0.177039
0.177813
0.179040
0.179039
0.177128
0.185041
0.166037
0.184041
0.192043
0.191042
0.187042
0.174039
0.174058
0.175039
0.174038
0.175038
0.174094
0.175039
0.175039
0.175039
0.173519
0.175039
0.175038
0.157931
0.174039
0.175039
0.177039
0.176058
0.176039
0.175039
0.175039
0.178560
0.184041
0.184040
0.184847
0.184041
0.178039
0.177039
0.178040
0.179040
0.178040
0.174038
0.180054
0.180039
0.179039
0.181022
0.178039
0.177760
0.180040
0.179040
0.179040
0.179039
0.178040
0.180260
0.180040
0.179340
0.180040
0.181041
0.182040
0.186040
0.181083
0.177038
0.177240
0.179039
0.178039
0.177039
0.177728
0.177039
0.179091
0.178107
0.179051
0.178040
0.178040
0.178039
0.178039
0.177333
0.159035
0.178970
0.178039
0.180039
0.179376
0.178039
0.179039
0.178231
0.179039
0.179040
0.179057
0.179039
0.178039
0.179039
0.097234
0.179040
0.178040
0.178039
0.175038
0.182040
0.177039
0.180040
0.179482
0.180040
0.180040
0.182102
0.181528
0.182040
0.177039
0.178040
0.177039
0.180039
0.182711
0.182040
0.185060
0.180040
0.172038
0.179040
0.179040
0.180040
0.179040
0.179653
0.180040
0.180039
0.178090
0.179039
0.180039
0.178040
0.179039
0.181040
0.181040
0.183041
0.184041
0.183041
0.327803
0.326238
0.318753
0.336057
0.348726
0.350664
0.326282
0.351142
0.332072
0.340074
0.346382
0.330616
0.331393
0.343312
0.334073
0.343809
0.304811
0.345565
0.328072
0.163035
0.165037
0.165037
0.167783
0.167037
0.168037
0.168037
0.167098
0.167037
0.166037
0.169037
0.169038
0.169037
0.171038
0.172038
0.168519
0.174036
0.174038
0.179820
0.180040
0.176594
0.177052
0.175037
0.174039
0.173038
0.173300
0.172264
0.173125
0.173038
0.173038
0.173119
0.173039
0.160035
0.174106
0.178039
0.174660
0.177038
0.179039
0.177039
0.175039
0.172740
0.174039
0.174039
0.173513
0.173038
0.173038
0.174039
0.175039
0.172491
0.166037
0.174038
0.178039
0.175039
0.177099
0.181041
0.184040
0.189042
0.182040
0.180095
0.177039
0.175037
0.175039
0.173825
0.174039
0.174039
0.173505
0.165036
0.174038
0.174038
0.175380
0.175249
0.175039
0.178040
0.181539
0.184041
0.186041
0.184041
0.180039
0.178039
0.174025
0.173390
0.174038
0.173038
0.164036
0.172721
0.173038
0.172038
0.173038
0.174647
0.173038
0.177039
0.177039
0.177466
0.177546
0.176039
0.176015
0.178039
0.178039
0.178039
0.176039
0.177039
0.129029
0.174038
0.174038
0.172401
0.173038
0.172871
0.172037
0.174038
0.175039
0.174410
0.174446
0.175038
0.174208
0.175077
0.175039
0.175039
0.175039
0.173752
0.163036
0.189040
0.184690
0.178040
0.175171
0.176039
0.177511
0.179152
0.179039
0.180267
0.177039
0.174108
0.173038
0.172345
0.173038
0.174038
0.178039
0.159035
0.177641
0.178556
0.177212
0.178111
0.179039
0.179039
0.178039
0.181040
0.181040
0.182040
0.180039
0.175772
0.175049
0.178557
0.181040
0.182040
0.180040
0.151033
0.177039
0.178039
0.179039
0.179114
0.180040
0.177428
0.179115
0.185041
0.187200
0.189041
0.190041
0.186462
0.182040
0.173038
0.171352
0.173038
0.153828
0.171347
0.172038
0.181040
0.182039
0.178755
0.187041
0.179582
0.180040
0.186040
0.187042
0.182040
0.181004
0.174038
0.175039
0.174039
0.174039
0.149033
0.174177
0.176039
0.186041
0.186041
0.177114
0.176491
0.177039
0.178300
0.175038
0.176709
0.177143
0.176543
0.176038
0.177100
0.177038
0.177178
0.177039
0.168037
0.175039
0.177126
0.178039
0.177039
0.176038
0.187041
0.185521
0.179040
0.169956
0.169038
0.176039
0.181040
0.181432
0.180040
0.160802
0.181040
0.145092
0.173038
0.174039
0.173078
0.173606
0.172913
0.193043
0.183303
0.176120
0.173764
0.173039
0.178040
0.177838
0.179039
0.177039
0.177119
0.176039
0.179187
0.154920
0.144032
0.175039
0.184041
0.186041
0.177117
0.175038
0.177039
0.176831
0.176039
0.177039
0.184466
0.179548
0.175250
0.174039
0.175038
0.174039
0.157035
0.176039
0.175331
0.175039
0.175038
0.175736
0.176039
0.175039
0.175039
0.176039
0.175038
0.176039
0.176039
0.179046
0.179039
0.178887
0.179196
0.181040
0.168094
0.175039
0.177039
0.177039
0.176039
0.176039
0.177058
0.177039
0.176039
0.176039
0.177039
0.176039
0.183041
0.181040
0.180680
0.186041
0.185040
0.182052
0.176442
0.175038
0.176039
0.176039
0.177039
0.176039
0.175039
0.176512
0.175039
0.176879
0.176039
0.177039
0.175039
0.178040
0.188042
0.185546
0.183041
0.181099
0.178040
0.176112
0.177039
0.176039
0.175038
0.176039
0.175247
0.175451
0.176039
0.176352
0.176039
0.175039
0.176039
0.177039
0.177058
0.177039
0.153034
0.176039
0.175039
0.174400
0.174487
0.178262
0.176051
0.177039
0.177040
0.178082
0.176039
0.177039
0.177174
0.178040
0.180181
0.180039
0.178040
0.179040
0.124164
0.176039
0.175366
0.175038
0.176039
0.175112
0.176063
0.175315
0.177039
0.176038
0.178039
0.177511
0.178104
0.180039
0.184041
0.183040
0.184040
0.181040
0.162035
0.176039
0.177039
0.177039
0.176039
0.177039
0.178544
0.176039
0.177039
0.177727
0.110024
0.177040
0.177039
0.175039
0.176038
0.176039
0.177039
0.177578
0.154033
0.175039
0.175039
0.175039
0.177039
0.176039
0.178039
0.177604
0.176039
0.177039
0.177223
0.180040
0.184040
0.184041
0.188126
0.185041
0.180040
0.169608
0.182040
0.178040
0.174707
0.176039
0.177039
0.176039
0.179040
0.175039
0.175391
0.177039
0.176478
0.177039
0.177039
0.177039
0.182387
0.183040
0.182040
0.158452
0.175039
0.176039
0.177039
0.177265
0.177039
0.178040
0.180040
0.179279
0.177039
0.179040
0.179040
0.180740
0.180040
0.180040
0.180216
0.176038
0.166036
0.176039
0.175058
0.176039
0.176039
0.176039
0.176193
0.175038
0.176039
0.176039
0.176039
0.176039
0.174039
0.176693
0.177039
0.176039
0.180040
0.180100
0.162035
0.176039
0.176039
0.192399
0.186040
0.189189
0.193043
0.191421
0.189042
0.189858
0.182041
0.182140
0.186041
0.190042
0.192134
0.182040
0.166745
0.158035
0.186041
0.185114
0.185041
0.184041
0.177039
0.177039
0.176039
0.175417
0.176039
0.176229
0.175039
0.176039
0.175454
0.176039
0.176156
0.176039
0.185042
0.165036
0.176039
0.177039
0.177091
0.177039
0.127413
0.176039
0.175039
0.177039
0.176039
0.176039
0.177039
0.177039
0.177117
0.176039
0.176033
0.176039
0.180040
0.167037
0.177226
0.177039
0.177097
0.177039
0.178040
0.177039
0.176707
0.176039
0.177039
0.177039
0.176039
0.176039
0.177038
0.176039
0.177039
0.176298
0.183123
0.162036
0.176039
0.177039
0.177039
0.177039
0.177039
0.176039
0.176085
0.176039
0.175244
0.177040
0.179133
0.178039
0.180040
0.179530
0.179040
0.180040
0.189311
0.148032
0.195043
0.183040
0.180040
0.182600
0.181040
0.184040
0.176039
0.176039
0.175675
0.176039
0.177039
0.179039
0.184040
0.183041
0.185360
0.184041
0.181040
0.161036
0.173048
0.176039
0.183041
0.183040
0.182189
0.182040
0.182040
0.191135
0.194042
0.188042
0.180431
0.172038
0.175039
0.180040
0.179112
0.178577
0.170038
0.180040
0.180039
0.179039
0.179039
0.179040
0.178312
0.178039
0.180040
0.181039
0.180040
0.179039
0.180040
0.179420
0.180040
0.176039
0.173059
0.176039
0.161233
0.180040
0.181040
0.181040
0.182040
0.175039
0.174015
0.177039
0.180040
0.180040
0.180040
0.181040
0.180040
0.180040
0.175193
0.172038
0.175040
0.175887
0.178040
0.183040
0.182040
0.182040
0.182040
0.186041
0.183040
0.184075
0.178039
0.180823
0.176039
0.181040
0.184041
0.181038
0.181040
0.181040
0.182040
0.168794
0.182041
0.178040
0.180409
0.180039
0.185041
0.185041
0.186041
0.188042
0.183041
0.189042
0.190726
0.189061
0.184668
0.181040
0.176039
0.177039
0.163036
0.178040
0.178087
0.174038
0.176039
0.177039
0.176039
0.176799
0.177039
0.177039
0.177039
0.177039
0.178040
0.178039
0.187041
0.184041
0.181040
0.173166
0.177437
0.177039
0.177038
0.175748
0.176039
0.177039
0.178040
0.179039
0.176039
0.176504
0.177039
0.175869
0.175039
0.177039
0.179039
0.177039
0.178039
0.171038
0.177635
0.179040
0.180445
0.180040
0.181053
0.179039
0.186042
0.183039
0.183041
0.176039
0.177131
0.177544
0.184574
0.188042
0.190041
0.188817
0.193043
0.160035
0.181150
0.182444
0.183040
0.177212
0.178040
0.176039
0.180040
0.187556
0.188042
0.187041
0.186041
0.180040
0.180039
0.181040
0.180039
0.181040
0.183040
0.170038
0.176791
0.178039
0.186041
0.185041
0.184104
0.185041
0.181576
0.176039
0.173038
0.175039
0.175039
0.175216
0.175038
0.175039
0.175161
0.175039
0.143387
0.176039
0.176039
0.176345
0.175039
0.174039
0.174452
0.174601
0.177190
0.169949
0.182041
0.183041
0.183040
0.187042
0.189042
0.193043
0.193042
0.184264
0.182040
0.183041
0.178039
0.175039
0.178040
0.174038
0.136271
0.188042
0.187197
0.178039
0.177779
0.178039
0.178040
0.177040
0.177039
0.179040
0.177039
0.158035
0.176038
0.177038
0.178039
0.177778
0.178039
0.181040
0.181040
0.180039
0.180040
0.182040
0.180040
0.180822
0.181040
0.183041
0.185000
0.186041
0.184041
0.162453
0.178039
0.178168
0.178039
0.178040
0.182040
0.180151
0.182040
0.181341
0.183053
0.181040
0.184041
0.185041
0.184041
0.188042
0.185233
0.181747
0.172038
0.176886
0.178039
0.177039
0.176039
0.177039
0.179039
0.176162
0.178039
0.191042
0.181040
0.180040
0.175959
0.174037
0.180040
0.180040
0.180040
0.163036
0.179607
0.179039
0.179040
0.179581
0.179040
0.180438
0.180039
0.179039
0.180040
0.181040
0.180535
0.180040
0.181040
0.177059
0.177039
0.179039
0.183384
0.170038
0.179040
0.178039
0.178039
0.178145
0.172113
0.169037
0.172038
0.176039
0.179557
0.179040
0.180040
0.171960
0.180010
0.181040
0.182039
0.181040
0.171037
0.180040
0.180040
0.182040
0.181452
0.181040
0.183110
0.183108
0.177039
0.178039
0.178040
0.182040
0.184664
0.189042
0.188259
0.186039
0.193043
0.190042
0.174038
0.183040
0.177039
0.175039
0.175039
