0.005516
0.136030
0.174039
0.173038
0.162035
0.161393
0.188187
0.167037
0.170232
0.168091
0.168024
0.167121
0.168451
0.168037
0.176368
0.169057
0.167740
0.167358
0.175576
0.196488
0.168542
0.167037
0.166834
0.167503
0.168037
0.181304
0.172791
0.169255
0.165303
0.158343
0.167707
0.167545
0.168098
0.166199
0.166795
0.168037
0.168234
0.165507
0.168161
0.168420
0.166487
0.170038
0.168176
0.167056
0.168196
0.170402
0.168620
0.156436
0.167136
0.166313
0.168037
0.168660
0.167602
0.168037
0.172206
0.170185
0.112112
0.166311
0.167750
0.166382
0.165862
0.166238
0.166957
0.167422
0.167523
0.130505
0.166832
0.168394
0.168033
0.166309
0.169240
0.167491
0.167148
0.166516
0.168352
0.168680
0.168408
0.166473
0.166877
0.167683
0.168505
0.143767
0.165714
0.147504
0.167693
0.166143
0.166272
0.167960
0.165509
0.167037
0.167001
0.168495
0.169037
0.167352
0.167426
0.167787
0.165972
0.166036
0.165791
0.166790
0.168037
0.147128
0.166958
0.166329
0.166145
0.170315
0.168338
0.167307
0.168095
0.166036
0.167037
0.167037
0.167534
0.171037
0.171074
0.170284
0.171037
0.172146
0.172870
0.156062
0.172809
0.172039
0.172038
0.164629
0.165756
0.165036
0.170038
0.175140
0.175284
0.172971
0.172753
0.167037
0.166287
0.164488
0.167296
0.166813
0.166177
0.150221
0.167183
0.167256
0.168023
0.167908
0.168429
0.169038
0.170280
0.170436
0.170038
0.170905
0.169826
0.170419
0.168471
0.170550
0.169575
0.169329
0.175362
0.159035
0.175745
0.175038
0.173889
0.172899
0.172188
0.169296
0.175276
0.175375
0.171794
0.170198
0.170466
0.169487
0.168088
0.168066
0.170951
0.180159
0.177426
0.135030
0.175058
0.168614
0.170378
0.171530
0.171145
0.169100
0.176039
0.173538
0.172182
0.171626
0.173125
0.173501
0.169746
0.172312
0.172956
0.172701
0.169525
0.163673
0.169637
0.168718
0.170309
0.170431
0.150764
0.169591
0.170095
0.169976
0.170127
0.169462
0.170279
0.170622
0.169433
0.171260
0.170505
0.169546
0.171228
0.147598
0.170786
0.170867
0.169416
0.170779
0.178039
0.190610
0.176049
0.170939
0.172204
0.170148
0.169730
0.169529
0.171139
0.171714
0.169190
0.168539
0.143210
0.175395
0.170080
0.179322
0.174108
0.170669
0.170018
0.170328
0.173385
0.170210
0.170037
0.168480
0.169668
0.170802
0.170805
0.169903
0.168380
0.171155
0.167360
0.169329
0.171035
0.169550
0.168297
0.168813
0.169844
0.169189
0.170037
0.170037
0.170938
0.169907
0.169037
0.168864
0.169137
0.171175
0.169243
0.170245
0.168490
0.171206
0.170428
0.170378
0.170038
0.169738
0.168976
0.167983
0.177039
0.176565
0.172061
0.171037
0.171296
0.170185
0.169629
0.171875
0.170221
0.170429
0.146274
0.170909
0.170459
0.167858
0.170606
0.170110
0.169490
0.170037
0.172430
0.171020
0.169044
0.169333
0.169112
0.168446
0.169733
0.169037
0.167036
0.168960
0.148921
0.170480
0.169006
0.168424
0.171371
0.168971
0.169734
0.170038
0.174408
0.167834
0.169360
0.170496
0.171810
0.171168
0.169924
0.169538
0.170789
0.164649
0.151579
0.169518
0.170976
0.170394
0.170834
0.169195
0.169766
0.169399
0.171756
0.169388
0.170476
0.171639
0.169212
0.170571
0.168036
0.168037
0.169269
0.169263
0.152218
0.168369
0.169843
0.169197
0.169445
0.169320
0.170489
0.169852
0.169888
0.169654
0.169910
0.168661
0.170680
0.170998
0.171341
0.169433
0.172109
0.170038
0.160666
0.169236
0.168037
0.169600
0.169011
0.169971
0.169493
0.169839
0.177039
0.175998
0.172541
0.170626
0.170477
0.169388
0.168774
0.170287
0.167528
0.168834
0.162131
0.169029
0.167464
0.169581
0.169923
0.169543
0.170038
0.168174
0.172038
0.168036
0.169165
0.169734
0.184536
0.187442
0.184871
0.180880
0.174912
0.168786
0.108385
0.170171
0.170475
0.169628
0.170553
0.169941
0.169514
0.170405
0.169721
0.170005
0.169880
0.168270
0.169481
0.168358
0.169586
0.170058
0.170367
0.170883
0.140492
0.179626
0.176404
0.169470
0.170325
0.170945
0.168790
0.168407
0.171833
0.169753
0.169135
0.168361
0.170294
0.170368
0.169430
0.169554
0.170326
0.168420
0.147156
0.170813
0.170918
0.170223
0.168302
0.150112
0.189192
0.187968
0.175622
0.172961
0.169989
0.168589
0.169819
0.170723
0.170152
0.170127
0.169068
0.170080
0.163933
0.171684
0.169055
0.170494
0.167947
0.171038
0.169154
0.168039
0.172038
0.168037
0.169037
0.169037
0.169037
0.169038
0.168037
0.169247
0.169037
0.170037
0.149997
0.170866
0.169938
0.170000
0.169209
0.170576
0.169942
0.169995
0.180877
0.170003
0.170978
0.170652
0.169670
0.170328
0.170821
0.170290
0.168452
0.169393
0.143203
0.170838
0.170129
0.169479
0.168313
0.170306
0.150748
0.174647
0.170697
0.168438
0.169777
0.170681
0.169177
0.167036
0.169637
0.169037
0.169952
0.170718
0.150889
0.174018
0.169208
0.170675
0.170530
0.170519
0.166930
0.170929
0.169831
0.169359
0.171249
0.169836
0.168695
0.170125
0.171000
0.167459
0.170655
0.169968
0.149774
0.180575
0.175870
0.171497
0.171499
0.171622
0.168097
0.169468
0.173297
0.169264
0.169037
0.171038
0.170212
0.169023
0.169037
0.169621
0.171037
0.170135
0.157034
0.170815
0.169037
0.168773
0.170647
0.171038
0.169530
0.169607
0.173129
0.171581
0.170037
0.170474
0.171705
0.169478
0.169070
0.169373
0.168559
0.169386
0.157167
0.169363
0.169239
0.169566
0.169394
0.171152
0.171455
0.169650
0.172055
0.171317
0.170129
0.169600
0.169806
0.171366
0.178994
0.179790
0.180478
0.170380
0.160489
0.171829
0.171253
0.169039
0.171038
0.170615
0.170038
0.171038
0.176158
0.172432
0.172037
0.172038
0.170194
0.171030
0.171247
0.171037
0.170039
0.170326
0.143031
0.171037
0.169037
0.170494
0.170074
0.171038
0.171290
0.171038
0.173107
0.171037
0.172002
0.169485
0.171038
0.170038
0.169814
0.171038
0.171267
0.172038
0.140952
0.170037
0.171038
0.171038
0.171136
0.169038
0.170572
0.169037
0.119329
0.166952
0.169147
0.169156
0.170508
0.174337
0.173702
0.173108
0.172213
0.173159
0.145242
0.174281
0.173102
0.174536
0.173333
0.173497
0.173412
0.173329
0.174038
0.173140
0.173038
0.173205
0.173038
0.173350
0.172236
0.173328
0.172217
0.174038
0.162856
0.173111
0.175271
0.172038
0.171507
0.173690
0.173408
0.173172
0.174295
0.172038
0.173038
0.175157
0.174038
0.173913
0.172562
0.172337
0.173038
0.171612
0.166510
0.173038
0.173038
0.173837
0.173772
0.173038
0.174436
0.173038
0.174039
0.174038
0.172768
0.172038
0.173784
0.173038
0.172725
0.173320
0.173816
0.171038
0.146142
0.179221
0.173038
0.174039
0.174038
0.174039
0.173736
0.173027
0.174039
0.173039
0.173678
0.174039
0.173182
0.173038
0.173591
0.173012
0.171038
0.172701
0.160122
0.177123
0.173039
0.172380
0.172038
0.174038
0.174127
0.173384
0.175343
0.174803
0.169910
0.173038
0.173385
0.173038
0.173277
0.173038
0.174038
0.173378
0.159991
0.176239
0.174085
0.174085
0.174560
0.174774
0.174038
0.174455
0.172917
0.173222
0.174391
0.172038
0.173181
0.172363
0.172038
0.174038
0.173038
0.174038
0.149182
0.113025
0.173712
0.171683
0.173797
0.173461
0.173037
0.173038
0.174487
0.173038
0.173234
0.156099
0.173307
0.173649
0.172384
0.173808
0.172038
0.172909
0.174037
0.147032
0.173676
0.172198
0.173151
0.172116
0.173038
0.172494
0.174038
0.172289
0.173038
0.172281
0.173613
0.174238
0.174038
0.173467
0.172498
0.171450
0.173038
0.147162
0.177039
0.175038
0.173778
0.172112
0.174039
0.173038
0.174057
0.167103
0.166036
0.166581
0.167037
0.168036
0.164872
0.166036
0.169430
0.170037
0.172057
0.140632
0.183264
0.180708
0.177039
0.174038
0.170124
0.172702
0.171969
0.165334
0.171569
0.170589
0.171391
0.172074
0.170602
0.173326
0.172038
0.171689
0.172038
0.168231
0.171038
0.173038
0.171151
0.170037
0.171626
0.171037
0.172414
0.172400
0.172038
0.172100
0.171098
0.170345
0.169394
0.170060
0.170630
0.172343
0.172125
0.152457
0.177133
0.172225
0.173347
0.173357
0.170875
0.172341
0.172391
0.172625
0.172038
0.172037
0.169914
0.171325
0.172038
0.172038
0.171518
0.170683
0.171205
0.161035
0.172747
0.171037
0.172153
0.172038
0.173711
0.172038
0.174038
0.172483
0.173038
0.170120
0.170514
0.171070
0.171663
0.171273
0.172038
0.172642
0.171056
0.146083
0.172038
0.171037
0.173540
0.169037
0.171150
0.172517
0.172039
0.170475
0.172038
0.170949
0.172039
0.172442
0.172038
0.172038
0.172927
0.170037
0.171037
0.151139
0.174534
0.173038
0.173038
0.172521
0.172038
0.172038
0.172038
0.178059
0.174039
0.170037
0.172038
0.170840
0.173503
0.171038
0.170436
0.170594
0.171038
0.149630
0.172235
0.172038
0.172348
0.172038
0.171246
0.170176
0.174038
0.171038
0.172038
0.172750
0.171038
0.170533
0.170369
0.171037
0.170037
0.171340
0.171522
0.148032
0.172053
0.172038
0.172158
0.173038
0.173130
0.172338
0.178039
0.173038
0.172040
0.171586
0.172038
0.171646
0.170516
0.172038
0.172200
0.169865
0.172038
0.158841
0.171036
0.172269
0.172259
0.171497
0.171055
0.172536
0.173224
0.172434
0.172477
0.171116
0.172201
0.169367
0.171175
0.172038
0.171867
0.171037
0.171086
0.164036
0.172038
0.172038
0.173162
0.172535
0.171941
0.169883
0.174242
0.172881
0.172038
0.171363
0.171416
0.170980
0.171038
0.172112
0.171794
0.172121
0.170038
0.162035
0.171038
0.172039
0.171331
0.170440
0.170328
0.171038
0.176136
0.174038
0.172882
0.170038
0.171038
0.172038
0.174077
0.171037
0.172038
0.171038
0.171038
0.158346
0.170152
0.172337
0.172300
0.172038
0.174060
0.170918
0.173038
0.171266
0.171256
0.170139
0.171403
0.170037
0.171368
0.150176
0.170536
0.172038
0.171038
0.165036
0.173038
0.172038
0.173038
0.172404
0.172466
0.172312
0.172038
0.171112
0.171038
0.172038
0.172038
0.171959
0.171037
0.171037
0.172038
0.171412
0.172038
0.167884
0.172237
0.171446
0.151309
0.173038
0.172037
0.170650
0.176524
0.171415
0.171037
0.172237
0.176102
0.174038
0.172652
0.171038
0.172814
0.172254
0.172056
0.165377
0.171038
0.171148
0.171882
0.170393
0.172111
0.170830
0.173038
0.171037
0.172038
0.173348
0.171038
0.171038
0.171601
0.170374
0.171088
0.173186
0.171455
0.147236
0.171038
0.171072
0.173038
0.173038
0.171037
0.173095
0.178041
0.171865
0.171968
0.171094
0.172026
0.171037
0.170038
0.172038
0.172361
0.171680
0.169695
0.149230
0.170051
0.173168
0.171846
0.171362
0.170037
0.173038
0.181963
0.178161
0.175067
0.175185
0.173236
0.171093
0.171402
0.171440
0.172038
0.170583
0.170037
0.137594
0.172038
0.171037
0.172057
0.171495
0.172110
0.171199
0.174038
0.171082
0.172128
0.172038
0.170121
0.171037
0.171038
0.172432
0.172261
0.171145
0.169543
0.151032
0.174548
0.172447
0.172515
0.171038
0.171038
0.171037
0.173038
0.171038
0.170604
0.171570
0.171037
0.170515
0.172404
0.172089
0.170038
0.171037
0.171038
0.165036
0.171038
0.171071
0.173038
0.171390
0.171037
0.171038
0.175038
0.172880
0.172038
0.170522
0.172153
0.172051
0.171604
0.171038
0.170566
0.171037
0.170038
0.144032
0.171347
0.172038
0.171038
0.170748
0.171101
0.172038
0.172145
0.171752
0.171117
0.172060
0.171005
0.170542
0.169500
0.170937
0.172433
0.171278
0.170729
0.145436
0.171038
0.170560
0.173038
0.171038
0.169058
0.170269
0.173038
0.170037
0.171038
0.168467
0.171038
0.170378
0.169443
0.170130
0.172578
0.171526
0.170171
0.161573
0.171175
0.170314
0.170431
0.169801
0.171408
0.170714
0.174962
0.168334
0.170814
0.170310
0.170260
0.168961
0.169027
0.170346
0.170103
0.169334
0.169025
0.164509
0.167629
0.169567
0.170711
0.168877
0.169088
0.170277
0.170417
0.169954
0.169848
0.171016
0.171009
0.165477
0.169978
0.168797
0.171037
0.171036
0.169037
0.140031
0.181000
0.177206
0.176388
0.172366
0.172008
0.172556
0.170958
0.169449
0.169661
0.168919
0.168037
0.168093
0.173862
0.171257
0.170732
0.170272
0.169020
0.157896
0.169245
0.169316
0.168728
0.169008
0.169250
0.169038
0.170873
0.170653
0.169368
0.169513
0.170658
0.170187
0.169037
0.170822
0.169835
0.170274
0.170038
0.161476
0.185063
0.182843
0.183972
0.180107
0.172972
0.174846
0.170814
0.169286
0.169037
0.169101
0.172757
0.169698
0.169953
0.170679
0.172797
0.171340
0.169681
0.169260
0.176505
0.173080
0.172878
0.171761
0.171415
0.171867
0.171744
0.170448
0.172155
0.172075
0.172487
0.171266
0.171592
0.170038
0.139740
0.192193
0.183339
0.187172
0.185284
0.183074
0.182243
0.186607
0.190534
0.191316
0.191367
0.194469
0.190386
0.194566
0.191569
0.195259
0.193909
0.192585
0.189262
0.184036
0.189697
0.180445
0.185499
0.185503
0.185040
0.184883
0.194181
0.195258
0.196629
0.193230
0.187042
0.192271
0.188042
0.186041
0.192042
0.186536
0.173038
0.170006
0.170753
0.166271
0.174038
0.169540
0.171175
0.170470
0.171577
0.170697
0.172086
0.171191
0.171776
0.170295
0.169037
0.169911
0.169793
0.170160
0.171125
0.169323
0.170037
0.142094
0.192051
0.189042
0.183040
0.181040
0.185041
0.180855
0.181582
0.192829
0.198302
0.196911
0.197567
0.195249
0.186810
0.191041
0.189649
0.186042
0.191041
0.188060
0.186040
0.189042
0.188039
0.190356
0.182293
0.270065
0.342227
0.347537
0.349664
0.322130
0.344857
0.341802
0.354078
0.332375
0.364127
0.377363
0.336281
0.357074
0.339386
0.191256
0.170497
0.172038
0.168037
0.166233
0.177408
0.164699
0.165835
0.162478
0.163770
0.163517
0.172425
0.170408
0.167101
0.168879
0.173509
0.128531
0.169028
0.167807
0.167817
0.167873
0.166855
0.165022
0.175001
0.166080
0.171167
0.169616
0.173754
0.170539
0.164532
0.163272
0.163650
0.164527
0.138023
0.166759
0.163419
0.165036
0.164213
0.180388
0.177041
0.175455
0.163788
0.165524
0.165836
0.164386
0.166394
0.172536
0.170385
0.170038
0.167028
0.165900
0.168037
0.167376
0.168486
0.177274
0.169997
0.169139
0.169246
0.169076
0.169536
0.165724
0.168396
0.168462
0.167037
0.166793
0.168037
0.167006
0.167435
0.159126
0.176561
0.169415
0.171245
0.168685
0.169268
0.170607
0.169600
0.168514
0.169038
0.168650
0.168289
0.167468
0.168776
0.169038
0.169037
0.167310
0.169131
0.146376
0.177412
0.174106
0.168036
0.169757
0.169861
0.168998
0.168774
0.168299
0.169843
0.168873
0.168278
0.168447
0.168992
0.168037
0.170451
0.166653
0.169052
0.160275
0.169036
0.169744
0.168697
0.169027
0.168300
0.169590
0.167977
0.168037
0.167667
0.168748
0.171944
0.169647
0.169933
0.168927
0.168958
0.170402
0.169847
0.146076
0.173037
0.169056
0.169235
0.167216
0.176950
0.170510
0.168287
0.170849
0.168259
0.168710
0.168336
0.167472
0.168837
0.168140
0.169500
0.166330
0.168341
0.159455
0.177574
0.171105
0.170631
0.170612
0.169203
0.170319
0.168411
0.169324
0.172516
0.167513
0.169037
0.168471
0.168483
0.169233
0.169931
0.168839
0.168698
0.144840
0.169116
0.169299
0.170805
0.168733
0.169712
0.168705
0.170020
0.169055
0.169503
0.169302
0.168970
0.168588
0.161605
0.169181
0.168941
0.167528
0.168805
0.152098
0.169182
0.169362
0.167778
0.169087
0.169037
0.169052
0.170037
0.169512
0.168790
0.168731
0.171346
0.169896
0.169371
0.169154
0.167763
0.168976
0.168852
0.149233
0.168940
0.167886
0.167713
0.166815
0.168140
0.169263
0.167562
0.169872
0.171138
0.168332
0.167715
0.169523
0.169146
0.167375
0.169202
0.169298
0.169037
0.152033
0.169466
0.168037
0.170251
0.167037
0.168405
0.168144
0.170481
0.170037
0.171038
0.169469
0.169491
0.169037
0.169460
0.168411
0.170037
0.166037
0.169722
0.150223
0.167622
0.169520
0.169386
0.169037
0.169037
0.169038
0.168037
0.169962
0.174038
0.172038
0.170573
0.169838
0.169037
0.167037
0.181356
0.175243
0.173038
0.168037
0.172087
0.171276
0.172037
0.171450
0.174070
0.170252
0.171208
0.170873
0.176115
0.173162
0.172037
0.172464
0.173058
0.169433
0.171037
0.171783
0.171914
0.149162
0.171110
0.172038
0.172506
0.172251
0.172196
0.171413
0.171037
0.171037
0.173467
0.171032
0.172183
0.171827
0.173133
0.172038
0.172038
0.172423
0.171945
0.158872
0.171233
0.172038
0.114235
0.177571
0.173038
0.173211
0.173618
0.174515
0.175038
0.172038
0.172660
0.171738
0.172038
0.172997
0.173151
0.172652
0.171614
0.149341
0.172210
0.173087
0.172038
0.173091
0.172038
0.173378
0.171126
0.173414
0.174038
0.173037
0.172175
0.172038
0.172424
0.172191
0.172203
0.171948
0.171426
0.143543
0.172228
0.168702
0.172376
0.171761
0.173290
0.172973
0.172454
0.172448
0.176378
0.171360
0.172016
0.170721
0.172306
0.172665
0.172782
0.171336
0.171293
0.167922
0.171551
0.171544
0.171833
0.170353
0.172466
0.169600
0.171478
0.169611
0.170727
0.165320
0.165667
0.169733
0.170540
0.170079
0.170058
0.169065
0.166920
0.158958
0.170487
0.170293
0.170512
0.171209
0.169365
0.170137
0.170793
0.170783
0.173226
0.168563
0.169633
0.169855
0.169955
0.170604
0.169572
0.170615
0.169941
0.155246
0.171276
0.171169
0.171190
0.169877
0.171059
0.170681
0.170738
0.130228
0.170815
0.172211
0.171145
0.170188
0.172334
0.170525
0.168602
0.169997
0.170753
0.153111
0.169740
0.169442
0.170729
0.171705
0.171236
0.169708
0.171013
0.173012
0.170037
0.171137
0.171038
0.170310
0.171097
0.170138
0.168530
0.170906
0.170793
0.152690
0.171220
0.142693
0.182502
0.179565
0.175953
0.173680
0.171157
0.170893
0.171238
0.169826
0.170046
0.170877
0.170675
0.171567
0.168749
0.171040
0.171575
0.142560
0.175792
0.172648
0.171301
0.170955
0.171980
0.170578
0.171279
0.170191
0.172038
0.169441
0.169517
0.169863
0.168624
0.168537
0.171250
0.167979
0.171233
0.148251
0.172503
0.172418
0.171920
0.168453
0.171911
0.170647
0.170091
0.170566
0.173374
0.170224
0.171175
0.169507
0.170200
0.169037
0.170038
0.169466
0.170038
0.151050
0.171038
0.171037
0.171564
0.172274
0.170199
0.174089
0.171290
0.171291
0.173567
0.170355
0.170038
0.169614
0.169958
0.168178
0.169952
0.168764
0.171035
0.146940
0.171256
0.172721
0.170858
0.171194
0.170537
0.171893
0.172147
0.169331
0.174221
0.170478
0.171985
0.169051
0.170080
0.170543
0.170038
0.169672
0.168595
0.148943
0.171968
0.172469
0.171125
0.170745
0.170459
0.170191
0.171654
0.171588
0.175421
0.171037
0.170828
0.172244
0.172775
0.170536
0.171304
0.169541
0.168392
0.150607
0.169643
0.169635
0.169395
0.170022
0.169813
0.170775
0.170846
0.170470
0.172878
0.169260
0.171102
0.170807
0.170248
0.170556
0.170316
0.168511
0.171211
0.157102
0.171493
0.171004
0.171879
0.171480
0.170845
0.171078
0.171800
0.171076
0.173754
0.171089
0.169327
0.169832
0.171084
0.172159
0.169216
0.170410
0.171240
0.149690
0.171253
0.170165
0.170765
0.170532
0.168982
0.171487
0.171976
0.170442
0.176039
0.171855
0.170759
0.171385
0.170855
0.170995
0.171038
0.170038
0.171427
0.148095
0.171825
0.171324
0.171092
0.170037
0.172038
0.171177
0.171038
0.172038
0.175213
0.174086
0.171728
0.171503
0.139389
0.170680
0.171320
0.171721
0.171329
0.142032
0.171023
0.171005
0.170698
0.172606
0.171197
0.170523
0.171037
0.170774
0.172714
0.170606
0.169724
0.170640
0.171625
0.170024
0.169607
0.170037
0.169937
0.152448
0.171038
0.170038
0.171038
0.171451
0.170276
0.171276
0.171235
0.170400
0.173416
0.169496
0.168878
0.170408
0.168180
0.168315
0.168566
0.170542
0.168520
0.141920
0.170537
0.170958
0.170038
0.170316
0.170785
0.170616
0.170702
0.171609
0.171108
0.170065
0.171442
0.150442
0.169765
0.169416
0.169427
0.169788
0.169423
0.162439
0.181112
0.174170
0.173401
0.171038
0.171348
0.171129
0.170977
0.171267
0.171917
0.170639
0.172353
0.170777
0.170453
0.170588
0.171357
0.172170
0.170874
0.157361
0.170567
0.170562
0.169287
0.168057
0.170570
0.172065
0.171643
0.170591
0.175264
0.169346
0.173866
0.171397
0.130634
0.169188
0.165858
0.170954
0.171099
0.140048
0.179494
0.173872
0.173135
0.173879
0.171576
0.169575
0.170164
0.169459
0.171904
0.169859
0.171016
0.170668
0.171490
0.170856
0.171486
0.170539
0.170805
0.141046
0.170737
0.171062
0.171193
0.169913
0.171350
0.170550
0.171227
0.171280
0.172094
0.171160
0.170781
0.170153
0.170953
0.170113
0.170602
0.171113
0.171272
0.150027
0.171592
0.170346
0.171101
0.171272
0.171379
0.170505
0.171180
0.171234
0.170327
0.170545
0.152158
0.170770
0.164866
0.180288
0.176005
0.174381
0.172232
0.169476
0.174186
0.174073
0.172112
0.169846
0.170524
0.170448
0.171680
0.169279
0.172268
0.171020
0.169862
0.170322
0.170668
0.170344
0.168774
0.151573
0.172038
0.160082
0.186061
0.181603
0.180955
0.177085
0.173880
0.106489
0.172430
0.170495
0.175358
0.170981
0.128925
0.170592
0.170990
0.171526
0.171259
0.170227
0.171488
0.168960
0.147290
0.181773
0.175269
0.173620
0.171203
0.171618
0.170974
0.169311
0.171094
0.171285
0.170037
0.169707
0.170038
0.171497
0.171185
0.168245
0.170170
0.170293
0.165101
0.171243
0.170742
0.171441
0.171138
0.170949
0.170919
0.170577
0.170244
0.170431
0.169520
0.170460
0.170695
0.168690
0.168948
0.169902
0.170600
0.171066
0.157597
0.173653
0.173373
0.171239
0.170504
0.171388
0.170611
0.171313
0.172031
0.168544
0.170614
0.171943
0.170478
0.169757
0.168922
0.169634
0.168808
0.168818
0.150113
0.170366
0.170117
0.172111
0.171037
0.169982
0.170970
0.168599
0.171221
0.170361
0.169423
0.170299
0.169873
0.170376
0.169669
0.167294
0.169672
0.168802
0.158322
0.169199
0.168264
0.169197
0.167816
0.168246
0.169784
0.169521
0.170294
0.171000
0.169199
0.169945
0.169007
0.170501
0.170085
0.169620
0.169112
0.170281
0.136042
0.170911
0.170111
0.170877
0.170400
0.171703
0.168607
0.170039
0.172831
0.170214
0.169099
0.170394
0.171193
0.168659
0.170040
0.170288
0.170846
0.166901
0.147483
0.169000
0.169888
0.167987
0.169284
0.170670
0.171391
0.171907
0.173190
0.170399
0.170416
0.169527
0.168318
0.169642
0.168804
0.169599
0.143187
0.170502
0.149822
0.169915
0.169988
0.170346
0.169715
0.169370
0.169582
0.170274
0.172152
0.170217
0.170212
0.170399
0.170448
0.170975
0.168613
0.170122
0.169425
0.168783
0.159121
0.170805
0.170127
0.169695
0.170736
0.170090
0.171038
0.169638
0.172039
0.170517
0.170530
0.169526
0.169272
0.171269
0.173038
0.170415
0.169811
0.170363
0.139612
0.170163
0.169284
0.170776
0.170490
0.169830
0.169131
0.169880
0.172119
0.170673
0.168754
0.169643
0.169539
0.169977
0.168547
0.171299
0.169261
0.169037
0.136594
0.171884
0.169238
0.169520
0.168964
0.169295
0.169455
0.171083
0.170277
0.145220
0.167798
0.169697
0.169666
0.170038
0.169438
0.170316
0.169510
0.169824
0.160431
0.170896
0.170268
0.170038
0.169449
0.192204
0.187422
0.188776
0.184826
0.183331
0.180034
0.173768
0.171381
0.169278
0.170221
0.170707
0.170243
0.164129
0.177843
0.172341
0.169350
0.171527
0.170037
0.169037
0.169037
0.170023
0.171270
0.173391
0.170464
0.169487
0.168867
0.169795
0.169608
0.169780
0.170037
0.179343
0.169037
0.167037
0.167323
0.170602
0.169142
0.168478
0.170927
0.170420
0.171547
0.170140
0.171131
0.168243
0.118399
0.169727
0.169043
0.170832
0.170080
0.162759
0.168519
0.169530
0.168969
0.169393
0.168472
0.169038
0.168113
0.169212
0.172064
0.169546
0.168320
0.171238
0.170214
0.170841
0.170038
0.169336
0.168821
0.151039
0.169526
0.169990
0.171038
0.169360
0.170037
0.165580
0.169037
0.170038
0.171552
0.169412
0.170038
0.169802
0.169789
0.170142
0.170160
0.169692
0.171056
0.154211
0.169618
0.169009
0.169811
0.171190
0.169685
0.168538
0.169275
0.171316
0.179112
0.179922
0.181621
0.179783
0.175763
0.173227
0.171888
0.165436
0.185238
0.183359
0.181040
0.177996
0.181375
0.194708
0.196312
0.197145
0.194853
0.194042
0.194697
0.190107
0.180509
0.177084
0.173916
0.170748
0.169657
0.168601
0.165815
0.168791
0.169402
0.168665
0.169569
0.169657
0.168391
0.169173
0.170549
0.167211
0.172163
0.168634
0.168746
0.169585
0.168893
0.169153
0.169826
0.168837
0.165542
0.168245
0.168327
0.168201
0.169819
0.168035
0.169587
0.167930
0.170305
0.169343
0.171217
0.168776
0.168055
0.168788
0.169477
0.168280
0.169383
0.169473
0.161530
0.167647
0.167910
0.169093
0.168741
0.169742
0.167353
0.168037
0.168682
0.170037
0.170610
0.165351
0.167612
0.168037
0.167762
0.168525
0.167250
0.169037
0.156093
0.168037
0.150171
0.169447
0.170069
0.168999
0.168776
0.170071
0.169402
0.169251
0.170767
0.167652
0.169518
0.185135
0.185936
0.181405
0.187983
0.193101
0.189314
0.193660
0.191928
0.191004
0.193300
0.194095
0.193592
0.194986
0.190452
0.189471
0.187824
0.183344
0.175340
0.173021
0.172593
0.172328
0.172658
0.170889
0.173360
0.172843
0.174297
0.170382
0.172534
0.171282
0.172844
0.172919
0.171534
0.173294
0.172482
0.172828
0.170668
0.172318
0.172468
0.173807
0.173591
0.149699
0.172677
0.172876
0.173595
0.171911
0.172971
0.173618
0.168356
0.172851
0.172837
0.171692
0.172749
0.171351
0.172191
0.172941
0.172228
0.171264
0.172271
0.147853
0.173507
0.172952
0.184642
0.181863
0.176495
0.174488
0.173462
0.173461
0.172117
0.171443
0.175576
0.171576
0.171314
0.170875
0.172284
0.172064
0.171038
0.143031
0.166118
0.166742
0.163960
0.165855
0.166492
0.167391
0.166341
0.166448
0.167906
0.168128
0.167181
0.166539
0.167898
0.166441
0.167340
0.167037
0.167037
0.140298
0.168037
0.168596
0.167373
0.167015
0.167715
0.167146
0.167405
0.167993
0.167307
0.165644
0.175018
0.176422
0.177463
0.176814
0.167907
0.168082
0.169153
0.163304
0.169250
0.169228
0.143120
0.180273
0.178186
0.170160
0.169605
0.170017
0.168205
0.169185
0.170541
0.168995
0.168943
0.168958
0.169857
0.169048
0.168432
0.160212
0.168705
0.168247
0.170633
0.168846
0.169464
0.168338
0.170036
0.168037
0.169038
0.167247
0.170527
0.169037
0.169517
0.169037
0.169845
0.168680
0.170237
0.142031
0.169439
0.170038
0.170051
0.168529
0.170038
0.170038
0.167464
0.169037
0.168866
0.170038
0.170038
0.168037
0.170038
0.170038
0.169595
0.169181
0.169303
0.146358
0.170059
0.169675
0.169967
0.170491
0.172385
0.168181
0.167867
0.169724
0.168466
0.170788
0.168378
0.168167
0.169190
0.166927
0.170037
0.170133
0.169820
0.133421
0.170748
0.167707
0.171043
0.170471
0.168587
0.168341
0.167138
0.169142
0.170995
0.168356
0.170988
0.169456
0.168784
0.167922
0.168450
0.168851
0.170283
0.144917
0.171509
0.170994
0.170267
0.170340
0.168911
0.170065
0.169264
0.170841
0.169423
0.169061
0.171458
0.168748
0.169702
0.169673
0.170065
0.168363
0.168859
0.155232
0.169264
0.170962
0.168652
0.170944
0.168528
0.169590
0.169992
0.168514
0.169991
0.168334
0.187287
0.191528
0.189127
0.189440
0.189982
0.186408
0.181488
0.162674
0.168297
0.171894
0.179039
0.180262
0.179579
0.147982
0.170229
0.170085
0.172085
0.169922
0.171520
0.170437
0.128028
0.170506
0.170213
0.167635
0.171490
0.150265
0.172168
0.170886
0.169466
0.168766
0.168478
0.169056
0.170749
0.168037
0.171631
0.169737
0.172533
0.169305
0.169985
0.170155
0.169776
0.170413
0.172183
0.165921
0.170163
0.169071
0.168777
0.171294
0.170331
0.170166
0.171759
0.169098
0.171280
0.171230
0.170310
0.170039
0.169501
0.169681
0.169645
0.170516
0.170479
0.146879
0.170417
0.169716
0.169761
0.170026
0.170909
0.170104
0.168983
0.169150
0.170657
0.169793
0.171774
0.169381
0.168135
0.168588
0.170105
0.170520
0.169411
0.156500
0.169244
0.169526
0.169985
0.171038
0.169201
0.169212
0.170297
0.172038
0.167855
0.169005
0.174038
0.170862
0.170007
0.169943
0.170945
0.170661
0.170156
0.151852
0.169994
0.169981
0.172051
0.170491
0.149351
0.169306
0.170221
0.169832
0.170039
0.168942
0.171484
0.169518
0.170919
0.169452
0.169594
0.169735
0.170238
0.161920
0.170701
0.169101
0.169259
0.168948
0.169408
0.170294
0.170352
0.170143
0.169331
0.168832
0.172720
0.171152
0.169183
0.169520
0.169110
0.170115
0.170957
0.154034
0.169698
0.171652
0.171066
0.168379
0.168922
0.170841
0.169316
0.168993
0.169847
0.169584
0.171470
0.168241
0.169609
0.144644
0.169810
0.169565
0.171606
0.121166
0.172921
0.171046
0.170506
0.171503
0.169464
0.168952
0.170038
0.167963
0.168617
0.172749
0.172197
0.172337
0.170195
0.171504
0.171273
0.172579
0.170397
0.160725
0.169634
0.173435
0.171935
0.168922
0.151381
0.171995
0.170372
0.170334
0.172723
0.170090
0.174608
0.171630
0.171504
0.171561
0.170413
0.171019
0.171705
0.165740
0.170922
0.170223
0.168505
0.170827
0.169526
0.169470
0.170044
0.169659
0.169426
0.168116
0.171431
