367	101	41	16
363	104	51	13
364	106	45	14
361	111	46	13
362	113	45	13
361	115	46	13
363	117	47	14
363	119	47	14
361	122	47	13
357	120	48	13
357	121	46	13
358	123	47	13
361	125	47	14
360	126	47	13
358	128	47	13
355	129	47	14
352	128	48	14
353	128	44	13
349	127	46	13
348	127	46	13
346	127	45	14
345	126	46	13
344	124	47	14
345	124	45	15
343	125	47	14
344	124	48	14
343	126	48	15
342	126	48	15
338	129	47	14
338	129	48	14
339	127	45	15
339	127	49	15
342	130	46	14
340	128	48	15
340	128	45	14
342	130	50	14
345	128	48	14
347	132	49	15
349	135	49	14
351	137	45	14
350	138	47	13
349	140	47	14
350	142	45	14
349	140	47	14
350	143	49	14
356	145	53	14
362	147	49	14
364	149	50	14
368	152	48	14
368	154	48	13
367	156	47	14
366	157	48	13
367	159	48	13
365	161	48	13
360	161	52	13
363	161	48	14
362	163	47	13
361	162	48	13
363	164	48	14
360	162	48	13
360	162	47	13
360	162	47	14
362	164	48	14
360	164	49	13
353	164	53	12
351	164	50	13
355	164	51	13
356	164	49	13
353	165	50	12
350	162	49	13
351	161	47	13
348	161	51	13
349	163	49	14
347	161	49	14
349	163	49	13
344	166	51	12
340	164	53	13
340	164	50	12
339	166	52	13
342	167	50	14
339	168	53	14
336	166	52	14
338	168	46	14
339	168	49	13
339	169	49	13
335	171	51	13
335	169	49	14
337	171	53	14
339	173	50	14
337	173	50	15
335	173	50	13
332	168	53	15
333	168	49	15
334	165	51	15
332	166	53	13
330	165	50	14
329	168	51	14
329	169	51	13
330	168	49	14
327	168	49	14
326	171	50	14
328	172	48	13
323	170	53	12
325	169	50	14
327	170	50	14
322	170	54	14
321	169	56	14
329	171	50	13
328	171	51	13
327	171	50	15
322	170	53	14
325	170	53	13
330	171	53	14
331	173	51	14
329	173	52	13
326	169	56	15
329	167	50	15
330	169	53	16
333	171	52	16
332	170	53	15
330	169	52	15
330	169	51	16
324	166	58	15
324	167	51	14
327	165	50	16
330	163	48	16
323	162	53	15
322	163	52	14
319	161	56	14
323	160	52	16
322	158	50	16
325	161	48	15
320	163	56	16
321	161	54	17
322	164	52	16
323	166	54	16
322	168	53	13
316	166	56	15
320	164	54	16
322	162	54	16
325	161	53	15
328	166	52	15
322	168	57	15
322	170	52	14
323	172	56	16
321	173	53	16
321	174	52	14
318	172	55	14
312	174	57	15
314	173	54	16
314	175	54	17
314	174	54	16
315	174	53	16
307	170	58	17
309	172	51	17
307	171	55	17
308	170	55	15
308	168	54	14
306	169	54	15
305	167	57	15
308	168	55	15
303	169	58	14
307	165	56	15
306	166	55	13
307	164	57	15
302	165	60	15
306	162	56	16
307	164	55	14
304	162	58	15
308	162	55	15
307	163	54	13
307	161	54	14
305	163	56	14
306	161	58	15
304	162	55	13
304	161	55	14
306	161	57	15
300	163	59	14
299	161	59	15
303	159	56	16
303	162	55	15
305	160	55	16
302	161	55	16
298	161	56	14
300	161	56	15
302	161	58	16
305	161	56	18
303	165	57	15
300	163	59	15
304	166	56	15
306	165	56	15
303	165	60	15
301	163	60	16
302	162	58	15
300	163	61	14
304	164	58	13
302	163	59	15
303	165	57	14
308	165	59	15
310	165	60	15
311	168	59	15
312	168	56	15
312	171	54	13
309	173	56	15
310	172	56	15
305	173	58	13
308	174	59	16
307	176	58	16
304	177	59	15
306	177	61	17
310	179	59	16
305	180	63	15
306	179	60	16
307	178	62	17
309	180	57	15
306	179	60	15
305	176	60	16
306	175	60	18
305	175	66	19
313	176	57	18
305	177	64	16
305	179	59	16
301	175	62	17
303	175	59	19
302	175	61	19
302	178	62	18
303	173	61	18
299	173	62	15
300	171	59	18
295	170	66	16
293	166	66	16
292	164	67	16
291	163	62	15
289	160	65	18
288	149	64	17
291	147	63	19
288	146	65	16
284	143	65	15
288	139	63	19
291	139	62	20
290	139	64	16
287	140	65	15
291	139	63	18
291	138	69	17
287	137	66	16
284	138	66	15
287	134	64	18
285	134	69	17
288	138	59	16
284	139	65	15
287	142	64	16
284	142	65	16
284	145	66	16
282	140	67	27
285	149	68	15
288	144	66	16
287	138	61	26
286	148	69	15
291	143	65	17
289	142	68	20
293	147	59	17
290	145	66	19
291	146	64	18
285	145	65	16
288	146	64	15
288	148	65	16
285	146	68	16
288	147	67	16
284	145	67	15
287	149	65	15
282	149	66	16
280	146	67	18
278	148	71	16
280	144	69	23
281	151	68	16
284	144	67	15
283	147	65	16
283	149	65	16
280	148	67	15
282	149	64	15
282	151	64	15
281	149	66	16
287	150	65	15
284	150	66	15
283	151	67	15
282	149	63	15
282	150	69	14
285	147	66	17
283	148	68	17
280	149	69	17
280	149	69	17
278	146	69	28
278	150	71	16
285	152	68	16
281	149	66	15
288	151	64	16
282	154	67	16
288	151	66	14
288	151	71	15
289	151	67	16
287	152	67	15
288	153	65	15
287	156	65	14
282	156	70	14
284	153	66	16
286	149	68	17
291	152	69	16
295	155	67	17
290	153	68	27
281	159	69	18
285	156	67	18
288	161	68	16
285	164	67	17
284	159	70	19
292	166	60	18
283	159	69	19
284	163	73	17
285	164	71	17
291	168	71	16
287	167	72	15
289	162	74	17
295	169	72	15
287	170	74	15
288	168	71	16
296	171	67	16
298	171	68	17
300	175	70	16
298	179	68	16
295	175	69	16
296	176	67	16
301	175	70	15
299	173	75	15
305	175	68	17
304	173	72	17
306	168	73	16
302	169	72	16
300	170	71	14
298	163	75	18
298	168	75	15
300	158	71	14
308	160	66	16
299	160	75	15
302	160	70	17
301	158	72	17
306	161	71	17
300	163	71	14
300	165	66	16
304	163	74	15
316	169	68	17
309	164	79	17
311	167	74	18
310	167	75	17
314	171	73	18
310	162	76	24
319	165	58	18
307	161	81	19
319	168	80	20
328	167	72	20
326	171	77	19
321	172	77	19
318	174	77	18
320	173	74	18
317	169	75	25
314	182	70	22
313	167	78	23
331	162	43	34
308	173	78	19
304	168	78	31
303	164	80	25
313	173	60	22
303	167	84	24
292	176	92	23
300	169	74	37
302	175	70	26
301	165	86	21
302	174	86	21
300	168	86	21
300	170	87	18
305	165	83	20
300	166	82	17
300	163	89	19
303	162	82	20
295	166	83	20
294	165	83	19
295	165	81	20
289	163	94	20
291	166	88	22
294	167	88	20
286	168	99	20
285	173	90	18
285	164	82	20
284	168	83	20
288	170	83	17
287	170	92	18
292	169	82	20
283	171	82	17
289	167	76	19
289	167	76	19
273	167	77	19
268	160	92	19
279	158	85	21
279	152	85	21
279	153	86	18
244	156	158	19
285	155	74	20
275	150	95	19
279	155	87	18
286	156	80	19
280	155	93	18
285	156	83	17
276	156	92	18
277	157	94	17
284	158	81	16
280	158	89	18
284	157	82	20
242	158	165	19
268	162	113	23
273	162	104	21
277	168	96	20
279	165	88	20
270	167	100	18
270	165	102	21
274	164	94	23
274	164	94	23
274	160	95	31
276	158	85	20
235	158	168	21
259	155	119	24
265	156	109	22
270	155	100	25
270	155	101	25
270	158	101	21
274	156	93	23
227	155	188	23
294	135	134	27
280	135	81	30
271	149	100	21
224	148	185	23
291	34	131	32
266	143	105	24
267	135	102	41
312	29	130	32
265	135	105	30
261	138	113	23
266	138	104	26
266	137	105	26
306	130	26	42
253	141	134	26
283	140	120	30
259	140	121	30
259	143	121	25
288	141	74	23
242	147	168	21
291	141	68	24
242	148	166	20
267	147	118	24
292	145	62	22
248	147	151	18
308	130	31	53
238	131	166	27
325	14	135	40
260	127	119	37
320	19	134	33
266	132	103	31
260	139	113	28
278	142	114	23
267	135	105	26
289	138	70	22
244	134	159	26
274	122	150	30
366	111	137	54
375	191	226	69
405	201	168	46
406	198	178	71
383	206	226	56
429	214	151	56
411	203	185	62
448	201	107	63
418	205	166	66
390	211	211	52
390	192	212	44
398	206	195	65
421	211	150	56
385	209	221	74
419	221	171	47
412	224	182	60
388	225	211	62
400	231	184	48
398	216	189	75
421	225	160	44
421	239	203	56
400	226	215	53
377	232	258	64
413	233	172	46
434	227	144	72
394	228	204	68
415	236	158	49
388	238	212	59
430	229	150	55
395	242	219	61
416	237	155	58
431	233	127	63
364	230	235	72
427	225	174	48
392	239	226	74
363	251	259	48
430	230	149	41
401	243	206	63
390	242	229	42
385	246	237	49
448	208	109	39
437	235	171	65
406	238	212	63
394	217	233	35
420	231	183	61
289	200	350	39
418	204	189	49
422	225	194	64
473	192	90	41
429	218	161	61
417	225	200	50
417	215	201	67
394	226	233	43
409	221	202	50
409	215	203	67
394	220	235	55
396	192	229	42
393	231	236	66
404	210	201	83
438	211	130	47
483	222	78	62
423	218	141	56
411	210	179	71
380	225	228	42
405	213	197	65
374	219	229	57
440	214	153	65
402	220	201	67
387	221	234	43
401	215	203	60
392	225	222	41
406	212	192	64
427	205	149	40
436	217	156	62
416	209	197	66
399	225	229	57
415	206	184	65
405	219	221	55
426	221	177	55
415	214	198	66
401	217	231	48
404	213	212	52
438	212	142	53
404	213	208	69
426	224	161	45
447	207	172	68
362	220	266	64
416	224	175	55
414	217	196	65
422	198	183	91
449	181	129	48
417	212	206	79
374	222	257	64
417	222	172	60
408	226	206	51
382	216	238	69
424	219	128	60
421	213	177	70
387	223	225	66
417	227	164	61
436	203	161	80
396	222	228	65
388	234	246	44
360	220	274	70
426	218	139	58
418	220	181	72
359	210	280	41
410	217	216	64
383	226	236	67
439	216	169	63
388	220	207	69
416	213	193	50
315	226	324	58
419	185	185	57
408	210	207	69
416	223	193	60
296	216	343	54
406	187	219	50
392	201	244	84
416	199	192	60
384	215	255	72
419	210	182	68
429	216	179	55
403	198	232	80
449	194	137	51
409	206	218	67
431	208	162	60
440	200	159	66
427	206	165	69
410	199	215	53
353	214	281	72
451	207	142	71
412	203	202	67
463	216	117	58
438	218	167	55
409	215	223	64
393	193	241	96
427	188	175	72
367	208	272	56
433	203	165	62
404	206	204	60
443	207	148	55
432	205	183	61
403	207	211	70
440	213	164	61
400	210	239	67
416	199	204	75
417	208	199	62
373	210	266	74
447	204	141	70
417	206	200	67
399	219	232	58
411	220	228	58
398	199	232	68
449	182	126	53
413	200	196	65
444	212	152	57
426	217	187	46
425	217	188	47
425	217	189	47
441	218	190	47
441	212	190	56
400	198	239	83
447	196	141	59
335	202	304	61
449	185	157	57
413	206	226	63
407	206	232	60
403	205	236	59
401	214	238	59
449	214	159	59
445	192	156	65
432	198	162	67
415	205	211	52
430	190	169	70
405	202	220	62
397	212	236	59
444	201	158	59
427	197	193	64
410	209	225	64
427	188	193	71
464	203	118	59
439	187	167	55
346	192	277	77
422	198	196	69
427	191	187	69
407	205	229	57
438	185	184	76
394	202	239	59
463	207	120	50
422	178	203	62
434	192	181	56
389	189	242	67
380	183	257	53
454	182	157	59
423	181	193	57
382	188	210	62
430	169	184	54
377	180	261	67
385	187	254	55
441	185	159	59
325	185	314	58
436	169	181	63
448	178	144	61
432	186	189	47
451	176	152	56
434	164	185	62
458	166	108	64
442	170	167	55
428	160	192	64
402	164	223	56
400	162	224	56
384	164	225	56
426	163	181	56
416	165	203	50
435	159	163	60
417	157	200	66
400	169	232	58
389	174	232	66
431	169	166	62
453	165	136	58
387	165	89	59
433	161	147	58
366	160	93	62
412	161	154	61
440	160	156	65
416	149	203	67
408	162	231	58
466	162	117	58
442	159	166	66
397	162	211	60
435	162	151	56
418	160	186	62
440	164	144	53
407	157	211	70
403	170	196	61
421	163	176	54
417	160	197	49
416	150	198	66
439	154	153	57
393	144	220	75
449	137	129	54
410	151	219	67
427	156	162	61
415	152	200	66
398	155	232	58
464	154	116	58
397	151	215	66
445	153	159	59
408	160	231	65
442	160	164	61
424	167	202	50
424	163	203	60
393	160	222	63
417	160	191	59
406	164	214	53
406	165	215	53
405	164	216	54
389	177	250	64
440	160	170	63
415	163	208	61
442	164	152	57
423	168	187	62
409	172	217	54
409	171	218	54
410	174	219	64
438	185	159	59
391	172	248	65
450	143	128	47
417	168	204	78
457	149	127	59
448	170	175	69
410	183	221	63
434	185	190	59
465	189	142	53
455	182	174	58
364	188	264	81
437	155	147	45
435	187	199	65
470	199	153	57
451	203	188	62
391	199	248	72
461	164	135	50
446	204	193	66
437	200	202	75
454	200	165	62
450	191	189	68
431	197	208	57
445	182	194	64
428	195	211	56
435	176	204	73
456	181	163	61
445	182	194	59
435	184	204	53
419	174	220	70
455	179	166	62
416	186	223	51
463	161	172	71
495	173	111	63
466	158	169	56
428	164	211	65
483	168	118	59
458	164	168	67
490	172	106	53
458	169	181	60
444	174	195	52
450	169	189	60
474	171	143	53
457	169	176	58
464	163	163	68
420	172	219	70
451	171	188	71
428	178	211	58
441	159	198	74
472	168	139	60
449	176	185	46
450	169	186	62
455	132	172	72
429	153	210	74
442	147	197	84
464	166	172	64
434	153	205	70
465	167	161	60
447	173	192	49
445	170	194	58
416	164	223	71
402	234	237	84
421	147	218	71
456	150	166	62
444	148	195	68
425	158	214	66
464	159	159	59
453	143	186	58
442	157	197	52
438	153	201	60
473	156	147	55
457	154	181	60
394	151	243	70
442	153	175	65
451	151	172	71
433	155	206	66
427	138	212	58
431	147	208	55
471	149	144	54
419	147	177	59
439	136	137	82
454	141	185	71
481	144	154	66
424	160	215	67
300	284	80	60
279	319	29	40
258	320	26	39
310	320	24	38
261	319	24	40
313	318	22	41
261	312	24	47
318	316	23	43
265	315	25	44
258	319	22	40
275	319	24	40
326	327	24	32
326	323	22	36
280	324	19	35
271	324	26	35
278	329	24	30
279	326	27	33
278	328	20	31
284	329	25	30
284	324	22	35
275	327	23	32
276	323	27	36
268	325	25	34
279	322	23	37
282	321	24	38
277	320	24	39
274	321	20	38
279	319	23	38
329	321	20	38
283	316	22	43
333	315	23	41
281	310	25	49
338	314	23	45
334	315	22	44
285	313	20	46
335	317	21	42
286	312	24	47
341	313	22	45
337	308	21	51
281	307	26	52
343	308	23	50
338	303	23	55
278	306	29	53
341	312	23	46
332	304	22	53
278	304	27	53
337	307	25	51
278	301	24	56
337	306	24	52
277	301	24	58
337	301	25	57
282	307	25	51
277	303	24	55
337	306	24	49
278	302	28	56
341	303	26	53
282	303	25	53
280	304	24	55
275	306	24	49
282	305	23	54
221	308	24	48
274	304	27	52
271	307	22	50
288	306	27	52
282	305	25	50
342	309	22	48
288	305	26	52
343	309	30	50
279	308	31	51
343	313	25	46
339	314	22	45
285	313	24	46
338	316	27	43
335	317	23	42
336	320	20	39
335	317	23	42
286	318	21	41
277	321	21	38
282	316	23	38
279	317	20	42
281	319	23	39
278	318	20	41
285	314	26	41
339	315	22	44
340	309	20	48
287	307	25	48
282	311	23	47
298	305	27	45
356	305	23	51
301	302	28	56
361	309	26	49
303	303	24	55
301	299	29	59
367	301	24	56
304	302	28	57
363	299	23	54
305	301	28	56
366	300	23	54
307	298	28	61
305	300	33	56
359	294	22	54
303	297	27	62
358	293	27	55
298	293	31	63
299	292	30	60
284	293	86	57
311	299	56	56
298	292	56	65
302	298	48	61
304	289	43	62
345	287	26	60
302	294	32	60
323	297	25	50
324	293	24	57
324	292	22	60
325	290	21	58
324	294	23	56
323	294	24	55
353	295	22	49
304	291	26	53
360	296	25	50
304	293	23	57
303	291	24	59
303	289	25	62
363	293	23	53
305	292	28	56
306	291	27	54
304	295	30	51
362	297	26	53
306	294	30	61
307	295	28	57
320	299	27	54
321	298	26	52
320	299	29	49
315	301	38	51
322	301	26	51
315	305	29	49
332	304	25	51
391	306	24	48
334	305	26	54
397	306	23	47
397	305	22	54
340	305	23	53
332	308	28	47
394	307	24	49
390	305	23	54
330	308	27	48
327	308	24	48
385	312	20	46
384	308	20	47
385	309	21	44
386	306	20	49
380	308	21	51
380	311	22	44
375	308	21	50
320	308	26	50
381	312	24	47
326	307	22	50
312	308	27	48
375	311	21	48
321	306	26	50
381	310	24	48
372	310	23	48
320	309	22	47
316	309	22	50
315	312	22	44
314	309	25	50
310	308	24	48
320	307	27	52
381	307	25	50
321	308	24	48
312	310	22	45
315	310	21	49
319	308	26	49
379	312	24	47
374	311	22	45
370	309	21	49
314	307	26	50
375	313	24	45
320	310	25	47
310	313	23	46
310	313	22	44
308	310	25	49
303	311	23	47
312	311	22	45
316	309	21	49
311	308	21	49
305	310	22	49
311	309	22	50
311	312	22	44
309	312	25	47
305	309	23	46
309	313	22	44
307	311	25	47
303	311	23	46
307	310	22	48
306	315	22	44
308	314	25	41
305	316	21	43
308	312	24	47
300	313	23	46
308	314	21	43
304	317	20	41
309	311	23	44
305	315	21	43
305	314	20	43
306	313	30	40
367	313	23	46
313	311	22	47
304	315	21	43
312	312	24	41
309	315	21	44
313	312	24	43
309	312	22	47
313	314	21	43
312	310	24	47
308	313	23	46
315	305	21	52
310	308	22	45
314	312	21	43
315	310	24	49
311	313	23	46
317	313	22	44
313	308	20	50
308	308	21	50
315	307	22	52
307	313	27	45
308	310	23	47
317	310	27	47
376	310	24	48
318	310	22	48
314	315	22	44
318	312	21	47
318	310	21	48
313	315	21	43
320	314	20	43
316	318	20	40
324	314	22	40
320	319	21	40
324	316	20	42
322	320	23	39
323	320	20	39
325	315	23	43
321	316	21	42
321	317	20	40
330	316	19	40
330	317	18	42
324	317	21	40
326	319	23	39
323	318	20	41
325	319	23	39
322	318	20	40
326	320	19	38
324	321	22	36
323	323	22	36
322	324	23	35
323	322	21	37
322	324	23	35
328	323	23	36
324	325	22	34
320	324	22	35
326	323	22	36
323	327	21	32
329	325	21	34
328	327	21	32
328	325	21	34
324	328	22	31
330	326	21	33
326	330	21	29
331	326	20	33
330	327	21	32
330	330	21	29
333	328	20	31
333	327	20	32
332	330	20	29
332	327	19	32
328	326	20	33
331	327	21	32
331	326	21	33
327	325	21	34
326	324	22	35
329	323	22	36
328	321	23	38
325	321	20	38
327	322	22	37
324	321	19	38
333	316	22	42
379	319	23	40
329	316	23	43
379	316	21	42
330	316	24	40
383	317	21	42
334	315	24	42
384	318	21	41
334	321	24	38
380	320	24	39
334	318	23	41
330	318	20	41
333	321	19	38
328	324	20	35
334	319	22	40
330	318	21	40
336	317	23	41
387	319	21	40
338	317	23	41
386	319	22	40
339	314	24	45
390	318	22	41
386	315	20	44
336	316	24	40
388	318	21	41
339	313	23	45
387	316	23	43
337	311	25	45
389	316	23	42
336	315	22	42
384	318	20	41
335	313	23	45
386	317	21	42
337	316	23	41
385	318	22	41
381	317	20	42
332	315	23	42
384	318	21	41
335	315	23	44
388	318	21	41
341	318	24	40
338	321	21	38
348	321	22	38
395	327	23	32
393	325	18	34
393	326	20	33
393	326	21	33
348	325	21	34
339	326	22	33
346	323	21	36
345	325	22	34
345	326	21	33
341	326	21	33
347	324	21	35
343	325	22	34
346	326	22	33
345	327	22	32
348	325	21	34
349	328	18	31
354	328	24	31
346	330	22	29
348	327	20	32
350	328	20	31
353	329	20	30
353	329	20	30
353	332	19	27
358	329	18	30
354	330	19	29
357	327	19	32
356	327	20	32
358	326	20	33
350	327	21	32
358	324	21	35
354	326	22	33
353	328	22	31
356	326	21	33
356	329	21	30
356	332	20	27
361	329	19	30
361	335	19	24
358	332	17	27
355	333	17	26
360	330	22	29
357	332	20	27
362	328	19	31
358	331	19	28
361	327	24	32
408	329	20	30
406	330	19	29
404	328	16	31
405	325	18	34
404	323	20	36
360	325	21	34
404	324	22	35
358	322	22	37
405	325	23	34
401	325	21	34
357	323	22	36
353	325	22	34
352	323	22	36
399	329	21	30
400	326	20	33
360	326	21	33
352	328	21	31
352	328	20	31
352	329	20	30
352	329	20	30
356	325	22	33
352	326	22	33
352	324	22	35
351	325	22	34
351	326	22	33
350	325	22	34
349	324	22	35
349	323	22	36
353	322	23	37
352	323	23	36
352	322	23	37
348	323	24	36
354	321	23	38
351	323	21	36
355	325	22	34
355	323	22	36
352	325	19	34
357	322	20	36
352	324	22	35
351	323	22	36
355	324	21	35
354	324	22	35
352	325	19	34
357	321	20	38
355	324	22	35
352	323	21	36
352	322	22	37
351	324	23	35
354	322	23	37
349	326	23	33
354	323	22	36
350	325	23	34
355	325	22	34
353	328	19	31
360	327	19	32
355	331	20	28
356	329	19	30
358	332	19	27
359	335	18	24
360	337	17	22
358	336	20	22
361	340	17	19
361	338	18	21
362	340	16	19
359	342	20	17
358	340	21	18
360	340	20	19
359	341	20	18
359	341	19	18
358	341	21	18
365	344	16	15
367	344	16	15
372	344	16	15
380	344	12	15
383	346	11	13
386	347	10	12
387	349	10	10
387	348	10	10
388	350	10	10
389	349	10	10
391	350	10	10
391	350	10	10
396	350	10	10
399	337	10	10
399	350	10	10
400	350	10	10
403	350	10	10
406	350	10	10
406	350	10	10
407	350	10	10
407	350	10	10
408	350	10	10
408	350	10	10
409	350	10	10
399	350	10	10
400	350	10	10
404	350	10	10
400	350	10	10
397	350	10	10
400	346	10	13
398	347	10	11
398	346	10	12
397	348	11	11
396	347	11	11
403	348	11	11
404	348	10	11
404	349	10	10
404	349	11	10
404	346	11	12
406	347	10	12
409	348	11	11
409	348	11	11
410	348	11	11
411	349	10	10
409	345	10	14
411	348	10	11
414	349	10	10
413	349	10	10
411	347	10	12
410	346	11	13
410	346	12	13
409	344	13	15
410	345	14	14
410	344	14	14
408	345	14	14
411	346	11	13
411	347	12	12
410	348	10	11
406	348	11	11
408	348	10	11
409	349	10	10
410	350	10	10
408	350	10	10
408	350	10	10
409	350	10	10
405	350	10	10
406	350	10	10
408	350	10	10
411	350	10	10
411	350	10	10
412	350	10	10
412	350	10	10
416	350	10	10
416	350	10	10
417	350	10	10
417	350	10	10
420	337	10	10
423	337	10	10
426	338	10	10
424	350	10	10
425	350	10	10
429	349	10	10
430	348	10	10
430	347	14	12
439	348	10	11
439	346	11	12
448	348	10	11
447	348	10	10
445	348	11	11
444	349	11	10
447	349	10	10
446	349	10	10
444	349	10	10
442	346	12	13
443	346	13	13
444	348	10	10
442	348	10	10
440	349	11	10
437	348	10	11
437	346	11	13
440	346	10	12
439	345	11	14
440	346	10	13
438	348	11	11
438	346	11	13
433	344	16	15
440	346	13	13
442	341	13	13
443	349	10	10
439	350	10	10
437	349	10	10
440	346	10	13
441	348	10	11
442	348	11	11
444	348	10	11
439	348	10	10
440	347	10	12
441	348	10	11
439	348	10	10
439	350	10	10
439	347	10	12
440	345	11	13
442	346	10	12
437	344	11	15
437	346	10	13
439	345	12	13
442	343	13	16
438	345	11	14
439	346	10	13
441	347	10	12
441	347	11	11
441	348	11	11
444	349	10	10
443	348	10	11
441	347	11	12
442	345	12	13
445	347	10	12
442	345	12	14
440	345	15	13
439	344	17	15
441	345	16	14
441	346	15	12
443	342	14	14
443	344	19	15
439	343	20	16
440	343	18	16
442	340	20	19
442	340	20	19
442	339	20	20
442	340	20	19
442	338	20	20
442	340	20	19
442	340	20	19
443	340	20	19
442	340	19	19
442	340	19	19
441	340	20	19
443	340	20	19
440	339	20	20
442	336	20	23
442	338	17	21
440	334	19	25
439	338	18	21
438	340	20	19
437	340	22	19
436	343	21	16
436	341	21	18
439	340	20	19
438	342	19	17
440	343	19	15
444	342	17	17
442	340	20	19
444	340	20	19
444	338	20	20
446	342	20	17
451	339	19	20
450	336	20	22
451	339	21	20
453	337	21	21
453	339	21	20
455	340	21	19
456	340	20	19
455	340	20	19
450	337	20	22
449	338	17	21
451	336	22	23
455	336	18	23
454	333	20	26
449	337	19	22
449	334	21	24
449	333	23	26
452	336	19	23
451	331	21	28
450	335	20	24
449	330	22	29
453	333	20	26
457	332	21	27
460	334	19	25
463	335	22	24
468	332	23	26
473	330	25	29
477	327	22	32
480	323	21	36
488	323	22	36
495	321	21	38
493	323	23	36
493	320	21	38
488	312	23	41
483	310	25	41
490	303	26	52
489	307	29	49
490	304	25	51
488	304	29	48
487	303	30	50
490	305	26	52
490	304	25	50
491	303	23	47
487	305	22	45
497	304	25	51
495	306	29	48
497	302	25	50
498	304	24	48
493	305	22	45
495	304	26	49
495	307	24	48
500	306	22	45
495	306	21	43
503	303	24	55
503	312	29	47
500	302	25	50
502	303	28	54
503	299	26	53
491	307	50	50
500	300	51	58
478	298	73	61
487	298	53	53
472	290	86	69
475	305	78	52
462	289	85	63
463	297	84	59
469	294	71	56
468	296	85	63
474	297	74	59
472	301	76	53
467	292	73	64
469	296	68	55
462	298	82	61
467	296	71	57
465	293	85	64
461	283	85	74
458	289	91	64
461	292	76	61
459	294	92	65
468	291	78	62
468	293	80	66
467	297	73	58
476	301	66	52
466	295	79	59
471	302	78	55
485	299	52	52
476	295	70	60
468	288	87	65
473	296	76	61
482	289	68	68
469	294	92	65
476	297	77	62
475	297	79	55
475	287	66	66
480	301	67	53
470	294	80	60
474	297	70	56
470	294	72	63
467	291	77	67
477	301	72	58
486	289	65	65
474	294	75	65
476	300	70	56
486	293	50	63
478	301	75	56
489	299	52	52
473	294	85	65
479	298	74	59
489	301	53	53
472	297	86	61
485	294	58	58
469	289	78	70
471	296	85	59
486	299	57	57
473	293	76	66
482	303	57	56
476	292	76	65
478	298	71	56
470	296	85	63
475	299	74	59
489	299	44	53
477	297	78	62
499	296	47	56
502	299	41	59
502	299	39	59
489	300	65	59
528	301	31	49
515	303	26	52
508	308	30	50
507	310	31	49
509	304	26	52
507	306	25	50
505	307	28	52
506	308	31	51
508	304	26	53
512	309	25	50
508	308	24	48
508	312	23	46
508	311	21	43
516	314	24	43
509	316	22	43
509	319	20	40
517	318	23	38
509	320	20	39
513	321	22	38
514	320	19	39
518	320	22	37
515	321	19	38
518	320	22	36
511	322	19	37
519	320	23	39
516	319	20	40
514	319	23	38
515	319	20	40
519	317	23	38
514	318	24	40
515	316	20	41
516	315	23	39
519	316	24	43
515	314	22	44
513	317	25	41
515	314	21	43
519	315	24	41
515	312	21	43
519	316	24	41
516	318	21	41
514	319	24	40
513	317	25	41
514	316	21	43
518	317	24	41
510	325	21	34
516	322	22	36
511	324	22	35
518	322	23	37
511	328	19	31
516	327	25	32
510	329	19	30
514	326	19	32
518	326	20	33
514	327	21	32
511	326	21	33
511	323	21	35
516	325	18	34
517	325	20	34
519	326	21	33
521	325	21	34
522	324	20	35
521	323	21	36
516	313	22	43
515	307	25	50
514	308	28	47
513	305	29	49
515	304	31	51
518	304	32	53
528	302	27	55
526	304	26	53
522	307	30	52
521	302	32	53
517	307	27	51
514	306	25	50
510	310	24	48
510	314	22	45
518	313	26	43
514	312	22	45
524	316	25	42
516	317	22	42
517	318	20	41
515	317	23	39
512	314	20	40
506	314	23	40
511	309	24	47
511	306	23	46
511	308	21	43
512	308	20	47
507	309	21	42
501	307	24	45
505	309	22	46
509	309	26	50
503	306	24	48
501	307	27	46
501	306	29	48
512	300	25	50
516	300	23	47
514	302	27	45
507	301	35	53
511	303	34	49
514	305	27	47
517	304	29	49
513	307	38	51
521	310	29	44
521	306	29	48
516	305	25	50
520	309	24	48
524	305	22	45
530	306	21	50
530	315	22	44
530	318	20	41
530	324	19	35
534	326	21	33
538	327	21	31
541	327	21	32
533	328	20	31
529	327	20	32
534	324	20	34
540	326	21	33
536	327	21	32
528	327	21	32
524	326	21	33
532	323	21	35
541	323	22	36
542	324	19	35
544	319	21	40
536	319	19	39
538	311	22	44
541	310	21	42
540	306	24	48
540	305	22	45
541	304	26	43
541	306	27	45
542	305	23	46
544	306	26	44
538	305	27	46
537	304	28	47
540	303	24	49
533	305	28	47
529	306	37	49
529	300	43	57
521	305	66	54
515	299	80	60
527	301	70	56
525	298	84	61
531	301	82	57
529	298	79	55
520	289	89	66
514	292	77	62
499	289	93	69
506	282	81	64
498	284	97	72
500	274	96	84
498	287	91	72
498	274	81	81
487	289	93	65
490	278	78	78
491	273	79	79
485	279	91	79
483	267	98	85
494	265	92	92
489	272	92	87
485	263	103	90
495	277	97	77
481	267	116	87
493	278	81	81
488	269	81	81
488	277	93	82
493	284	88	70
504	275	79	79
492	296	106	63
491	274	110	82
509	293	76	63
493	289	93	70
505	287	81	65
497	288	97	71
493	289	96	67
491	296	92	63
492	278	102	76
494	288	89	71
492	283	106	63
510	282	83	66
498	274	85	85
493	269	85	85
502	275	86	84
497	290	85	68
492	281	87	76
490	278	82	65
489	281	99	74
491	284	98	68
500	276	82	82
501	285	83	66
507	281	74	74
497	282	85	74
494	288	92	64
492	290	88	61
492	290	99	69
501	293	83	66
515	292	59	59
506	291	60	68
497	294	85	64
509	288	74	59
502	296	89	63
505	281	86	75
499	294	81	65
498	293	84	58
494	287	94	70
495	291	82	65
483	283	98	73
500	299	68	57
492	285	83	71
481	301	103	51
492	293	73	58
496	295	88	64
493	299	86	60
495	296	83	58
503	293	69	55
492	296	83	62
497	294	72	58
490	289	87	65
483	297	94	60
493	293	76	60
486	288	91	68
499	297	79	62
494	289	81	70
497	295	76	60
496	297	78	54
488	297	87	62
494	300	74	59
515	287	66	66
483	298	89	61
496	295	74	59
476	296	89	63
484	299	75	60
482	304	90	54
500	304	56	55
490	296	74	63
509	297	46	55
477	298	81	60
489	296	70	56
487	298	84	61
507	301	57	57
477	298	77	58
483	300	77	53
479	295	86	64
490	299	74	59
494	298	53	53
462	293	86	66
470	307	60	50
484	309	33	44
489	292	22	51
457	294	92	65
471	302	62	52
463	298	77	57
474	290	53	67
461	299	80	60
459	302	69	55
470	295	50	62
433	294	85	64
439	298	74	59
465	296	33	53
433	303	84	56
448	300	55	55
440	300	55	55
479	295	37	64
422	299	65	56
467	307	30	49
456	298	23	52
453	299	28	56
452	298	31	53
454	297	27	55
484	298	26	52
434	295	37	59
481	298	28	47
433	299	36	58
489	295	31	62
472	294	29	59
470	299	33	56
486	295	35	58
453	297	26	50
474	302	29	56
452	299	32	54
481	305	33	54
481	299	34	57
488	301	36	58
451	307	30	52
468	306	32	53
467	308	41	51
472	314	37	45
450	313	27	46
468	312	36	47
453	312	33	47
466	307	32	52
468	312	27	47
470	309	24	48
470	308	23	46
432	309	33	50
455	302	41	54
417	298	95	61
439	300	61	59
446	302	48	48
432	291	39	65
441	302	51	51
433	292	68	67
429	291	68	68
428	287	68	68
427	292	68	67
428	288	68	68
419	288	68	68
413	287	78	68
416	281	73	73
415	288	73	71
421	283	72	72
419	289	48	70
403	276	78	78
389	276	79	79
391	282	79	77
397	273	78	78
386	279	79	79
389	278	63	79
397	278	57	71
394	282	64	73
397	269	69	90
387	281	79	78
401	290	52	63
398	280	58	77
393	285	67	67
393	286	67	67
398	286	67	67
382	282	91	77
401	288	56	67
400	292	70	61
399	294	66	65
404	290	66	66
401	296	53	63
403	299	58	58
398	293	67	66
403	289	66	66
389	294	76	65
397	287	71	71
393	292	71	67
389	287	79	69
398	280	74	74
387	286	74	73
374	281	99	74
401	146	57	86
420	284	35	47
357	278	107	81
254	305	46	46
282	310	37	49
258	303	34	56
281	309	35	50
249	305	42	54
305	312	28	47
245	309	42	49
276	307	37	52
292	308	35	50
265	306	34	53
312	309	34	50
368	296	41	62
384	286	82	68
396	283	60	75
393	268	90	90
388	126	104	104
221	156	139	104
48	109	326	121
79	114	266	114
55	115	280	140
79	146	265	117
70	154	284	105
71	166	278	115
32	106	359	120
105	142	208	119
53	105	315	126
125	100	100	114
0	104	422	107
56	123	285	142
98	153	270	115
38	138	284	141
63	121	269	115
22	99	352	104
55	120	289	128
61	136	309	129
115	145	200	114
49	107	303	121
66	83	154	128
42	115	368	113
51	126	328	121
149	129	160	118
48	100	337	138
109	124	216	123
53	96	329	109
123	76	152	127
41	98	364	111
42	146	202	115
47	119	351	122
73	107	334	123
75	107	326	116
66	97	313	116
96	107	255	127
77	82	120	120
71	110	316	121
119	101	196	116
6	95	121	86
66	110	206	117
59	118	313	125
117	115	264	132
43	90	301	125
48	74	111	115
61	108	228	114
142	151	162	108
51	106	346	106
92	111	114	128
66	76	81	121
76	97	199	114
83	124	341	121
37	115	272	116
83	115	286	119
116	102	247	123
114	118	281	117
0	86	365	104
60	107	313	130
100	129	325	120
66	100	132	117
51	95	313	125
80	102	99	113
60	94	213	106
44	102	395	121
138	112	146	110
98	77	75	102
54	76	177	118
0	78	442	116
127	102	181	114
0	77	450	115
150	130	183	113
98	79	96	115
44	91	276	106
80	85	102	114
36	80	254	108
77	117	345	133
79	89	144	123
58	107	348	107
87	82	97	114
101	80	106	106
55	87	213	106
87	115	376	121
188	170	286	107
68	101	403	140
109	85	103	120
105	77	89	112
98	67	100	134
91	85	116	116
111	78	93	117
60	78	210	120
61	101	374	127
117	94	109	118
110	78	91	114
106	75	102	123
110	89	113	113
106	77	90	113
110	84	116	116
106	77	93	117
108	84	105	120
67	90	225	112
61	110	401	128
127	128	303	130
90	91	114	118
101	80	133	116
110	76	100	125
94	92	149	112
96	94	130	104
64	97	234	117
15	102	332	110
140	104	110	114
105	79	112	128
71	93	240	120
117	95	101	114
105	92	144	108
106	84	143	125
116	91	107	107
70	81	215	144
135	115	88	101
108	82	126	126
109	83	127	127
110	81	127	127
119	90	128	128
117	89	103	103
107	79	138	138
113	91	110	110
103	76	148	127
107	86	138	110
116	89	141	124
40	91	266	106
62	105	396	135
132	97	117	125
113	73	121	121
114	83	122	122
123	92	122	122
113	73	123	123
113	83	123	123
117	84	165	124
48	87	288	115
122	85	104	122
118	82	151	129
52	89	282	112
76	104	358	119
89	103	332	122
127	93	115	121
126	81	119	119
126	81	159	119
122	84	138	111
118	78	166	124
136	74	115	115
136	94	116	116
102	81	186	116
137	93	118	118
127	79	158	119
69	85	276	110
69	112	351	117
136	87	94	122
132	94	172	123
155	89	97	117
140	85	143	122
138	94	133	106
133	88	191	119
151	85	121	121
152	78	122	122
153	87	122	122
145	73	123	123
147	82	141	123
140	58	132	132
163	84	133	106
155	71	136	119
160	67	128	128
152	68	128	128
161	61	129	129
156	74	103	103
133	78	166	139
164	78	102	122
149	68	149	128
147	78	111	111
149	79	178	111
163	70	113	113
172	79	113	113
162	64	152	130
139	65	113	113
151	85	141	114
151	61	127	127
172	70	128	128
165	70	128	128
174	71	129	129
172	70	129	129
178	70	104	130
162	78	155	116
167	61	108	135
173	78	121	121
172	71	139	122
170	76	104	131
167	76	134	117
181	73	126	126
180	71	127	127
166	69	127	127
175	70	128	128
180	70	102	128
194	78	115	115
194	86	116	116
193	80	116	116
183	80	156	117
175	63	155	135
163	71	116	116
189	72	133	133
189	70	134	134
190	68	134	134
196	66	108	135
198	83	121	121
186	73	162	122
192	55	113	141
195	73	127	127
200	71	102	127
195	79	131	131
196	76	131	131
194	74	132	132
195	72	132	132
200	70	106	133
204	86	119	119
197	62	120	120
217	89	120	120
218	87	121	121
218	86	121	121
211	79	122	122
209	89	122	122
210	82	123	123
221	79	98	123
207	95	148	111
210	89	128	103
217	92	115	115
216	79	116	116
204	89	155	116
207	85	135	108
214	88	139	121
217	84	130	104
214	87	156	117
206	70	136	136
218	70	109	136
232	87	122	122
237	80	98	123
221	95	147	110
223	79	128	128
219	72	103	128
219	90	154	115
232	73	107	134
227	90	137	120
232	91	129	103
220	95	155	116
231	97	134	107
231	79	121	121
240	78	121	121
235	76	97	122
230	82	146	125
222	87	181	135
244	90	93	126
198	92	217	124
231	100	132	110
221	78	193	121
235	75	122	122
256	85	123	123
234	86	165	123
244	77	143	143
242	92	144	115
242	84	129	129
243	85	129	129
243	85	130	130
244	86	130	130
245	87	131	131
245	79	131	131
246	80	105	132
248	108	118	118
238	89	159	119
240	81	138	138
250	104	138	111
237	80	166	124
252	86	96	115
251	92	141	121
244	88	175	131
262	104	122	122
250	61	163	122
249	107	162	113
253	88	156	136
259	109	146	117
258	87	150	131
269	83	112	141
169	100	330	126
262	112	121	137
259	101	129	129
259	102	173	130
193	108	302	120
269	120	113	128
274	123	121	121
275	109	121	121
255	96	162	122
290	111	113	141
245	134	303	169
276	108	151	151
261	96	121	152
232	144	274	136
276	118	155	129
267	136	285	142
281	118	135	135
279	128	135	135
274	128	108	136
268	122	122	122
228	131	244	122
276	137	116	139
258	135	127	127
271	144	256	128
328	133	145	145
302	131	97	146
230	144	240	137
222	155	364	145
334	138	115	154
301	159	134	134
274	116	107	134
259	122	161	120
261	136	328	140
295	102	123	143
359	153	88	133
287	125	145	125
198	143	323	135
338	158	168	140
253	143	361	123
329	150	211	141
349	141	138	138
317	133	93	139
284	133	114	114
217	141	265	114
304	158	116	116
295	142	93	117
255	159	246	120
217	140	346	138
303	154	219	146
246	145	360	143
374	191	182	130
326	157	155	124
293	147	111	139
246	163	292	125
326	141	95	128
297	140	111	127
298	168	280	119
308	139	92	122
260	165	250	107
315	154	97	109
278	151	207	118
314	160	157	126
308	151	113	113
256	170	296	113
360	155	92	122
320	150	106	122
297	180	299	114
354	155	110	124
316	143	117	134
320	148	126	126
228	141	329	126
314	151	117	136
224	155	297	127
362	169	195	130
313	136	106	128
244	151	306	117
332	148	108	127
323	135	94	118
317	142	141	121
317	129	105	131
277	163	307	118
338	137	109	127
273	140	237	118
235	161	337	134
381	169	171	122
334	127	96	145
333	150	119	119
252	136	266	119
356	155	119	143
338	141	77	131
327	146	135	135
329	138	108	136
343	146	97	122
327	145	146	125
355	141	90	136
353	163	111	111
262	148	291	128
320	162	155	129
342	140	95	142
339	151	116	116
289	145	234	117
241	150	333	133
327	142	104	125
315	159	288	115
332	136	104	121
320	126	151	129
341	135	83	112
302	135	193	129
314	137	127	127
308	148	299	127
332	135	98	130
266	160	296	113
332	145	93	122
270	153	279	122
337	154	110	123
311	158	305	117
335	138	126	152
320	159	139	111
326	153	125	125
337	154	100	125
274	161	293	112
324	158	121	146
319	144	134	134
261	153	269	134
330	146	109	127
291	163	308	118
330	147	109	128
302	164	310	119
334	148	192	128
323	147	105	126
265	152	302	132
322	148	134	134
300	171	315	134
341	147	103	138
278	183	312	119
320	158	110	129
325	183	120	120
236	176	314	120
334	168	97	130
303	167	113	129
275	180	243	122
295	166	98	130
236	167	297	130
297	170	131	131
292	155	88	132
293	168	108	124
283	182	303	116
295	154	107	151
285	158	128	128
94	159	513	128
292	203	206	127
290	153	96	130
225	161	293	112
294	160	121	145
275	137	79	133
269	144	137	137
290	145	92	138
213	146	262	113
148	155	345	173
277	144	122	121
221	153	319	122
285	132	113	158
247	145	270	134
287	151	113	153
289	143	88	132
305	132	72	124
258	140	223	127
298	165	96	135
220	145	268	131
290	136	107	150
272	157	299	127
305	134	98	130
315	151	75	113
260	141	186	124
304	153	102	122
300	138	112	128
267	152	301	120
297	125	109	152
260	146	259	129
319	135	91	147
305	131	116	155
319	174	108	135
318	145	97	121
295	154	284	125
328	130	87	151
312	139	115	132
317	144	124	124
315	142	124	124
275	151	293	125
325	151	110	154
249	145	261	130
325	168	106	148
335	139	83	125
301	140	241	137
339	151	146	146
324	143	87	147
306	153	263	113
326	130	91	138
350	129	90	129
324	158	283	108
334	132	100	140
338	133	95	136
348	144	91	131
307	140	287	126
324	116	96	152
336	132	97	139
338	135	117	133
342	152	83	143
346	128	73	147
342	133	83	139
307	131	250	144
330	156	88	127
330	147	250	142
341	132	95	151
321	148	283	120
344	131	109	185
342	130	81	143
337	166	254	108
349	137	95	148
349	162	273	119
357	138	90	145
342	154	270	115
394	139	118	141
371	137	74	129
366	130	98	157
299	131	250	143
344	150	108	190
372	145	72	144
385	118	60	136
353	141	237	121
362	131	101	170
339	167	87	175
373	155	248	124
366	119	101	177
359	141	134	179
360	154	89	156
362	162	235	118
387	149	111	167
368	163	91	137
357	123	274	150
387	118	136	163
363	155	119	149
366	145	215	134
357	128	97	170
351	149	129	172
373	152	240	150
388	121	95	152
360	158	242	121
383	134	137	172
388	134	123	154
339	147	138	185
362	143	257	128
382	132	92	146
392	121	69	155
359	128	208	138
395	158	170	136
404	133	122	153
359	151	275	137
351	131	156	156
401	137	78	125
340	128	259	159
373	127	101	163
391	154	86	129
412	127	106	141
341	134	246	123
360	144	233	174
386	119	101	162
360	129	257	128
401	135	104	146
417	130	73	124
413	115	54	128
409	132	112	134
415	138	98	123
412	117	74	148
311	133	274	168
399	147	172	144
401	131	105	158
440	138	103	129
410	129	58	133
396	143	177	118
398	155	145	145
423	149	116	116
388	149	93	133
435	129	66	128
413	139	55	124
440	133	49	132
433	141	48	130
424	145	45	111
430	145	42	114
385	146	182	111
414	141	143	143
382	170	143	143
413	156	226	115
408	144	108	162
419	165	133	106
436	143	95	136
430	139	76	131
368	145	201	134
415	147	165	132
436	165	148	118
418	140	79	133
442	148	103	117
418	127	73	147
432	142	62	119
445	139	49	115
450	142	50	122
425	142	46	120
411	142	151	120
454	133	67	135
427	144	64	128
448	146	54	121
438	152	37	108
457	147	38	128
430	150	41	119
346	152	283	113
417	180	143	120
446	148	105	132
428	139	70	135
439	128	48	130
309	135	321	128
403	178	136	136
443	176	136	136
380	174	81	137
401	150	235	121
428	144	113	135
454	143	62	124
447	154	52	118
440	153	45	110
450	152	35	113
451	150	31	126
452	150	37	127
453	157	34	111
456	150	37	124
446	151	39	121
460	139	34	138
454	158	39	111
458	161	33	107
472	154	30	119
452	154	34	120
466	150	38	128
453	154	35	113
468	152	42	126
453	160	43	111
460	160	41	112
457	156	34	109
461	154	36	122
461	162	33	107
463	150	30	120
455	151	30	121
474	154	36	122
452	163	38	107
460	148	32	128
462	153	38	129
453	154	41	113
468	154	34	110
472	152	36	123
464	156	33	108
470	150	30	122
470	162	30	98
471	147	27	113
471	148	28	112
475	147	28	113
474	146	28	113
474	148	38	118
467	149	33	107
441	153	121	121
495	164	97	97
359	142	254	156
406	143	200	133
436	189	164	97
440	185	101	101
419	148	203	135
455	177	133	111
425	193	97	122
421	149	218	109
407	168	124	124
345	180	249	99
411	158	211	126
447	157	164	109
341	198	269	107
396	161	228	114
471	226	80	80
334	139	305	121
437	150	193	129
427	149	159	127
421	166	190	114
444	174	147	98
470	236	97	97
469	146	57	111
471	149	53	107
476	137	45	122
477	144	44	119
405	197	190	73
382	227	237	94
437	145	201	120
454	156	124	124
325	233	83	100
419	161	122	122
358	173	246	98
449	182	156	104
434	179	85	128
372	191	211	105
179	236	300	88
400	140	239	131
432	190	178	118
274	244	145	97
395	153	191	119
460	161	151	101
445	210	83	124
284	254	81	102
384	122	122	129
405	188	84	84
287	254	67	67
313	293	45	66
245	294	88	65
286	288	61	61
292	294	49	61
294	294	44	63
278	300	35	53
291	297	34	58
293	301	30	51
293	300	31	59
291	294	35	58
291	294	36	60
293	292	37	63
296	291	39	65
288	295	40	58
314	287	39	65
275	290	51	68
317	291	39	59
280	296	48	63
316	295	33	55
298	298	34	57
301	296	30	60
308	301	42	57
304	299	49	57
311	296	35	61
315	297	27	53
331	298	26	52
305	302	29	49
353	301	30	51
299	298	32	53
331	305	24	41
298	301	25	48
356	305	23	47
299	302	27	45
352	299	28	46
292	299	29	48
355	298	25	50
302	297	28	57
287	297	82	54
302	296	53	53
314	300	30	54
274	307	81	52
346	297	33	52
290	295	33	56
292	302	29	50
292	301	30	51
291	304	26	45
290	307	28	47
287	306	24	49
296	310	23	46
294	309	26	44
290	311	23	46
295	310	26	43
291	310	22	45
299	309	25	43
296	311	22	44
294	311	25	48
290	311	23	43
300	310	25	43
355	312	22	44
303	309	21	48
296	310	25	43
292	309	22	44
294	308	25	50
289	310	24	48
299	311	27	46
289	308	28	47
286	310	24	49
292	309	28	47
284	316	24	40
298	316	25	42
287	313	26	44
344	315	22	44
340	318	32	41
290	315	24	44
281	320	22	38
286	317	29	41
288	312	23	47
297	312	26	44
288	313	23	41
293	307	31	49
293	306	31	52
286	305	32	54
285	305	34	48
279	304	32	47
276	301	39	52
280	302	30	46
275	304	25	50
275	303	23	47
269	302	27	45
265	302	23	47
275	306	26	44
263	308	27	46
260	310	24	42
258	310	26	43
255	315	22	44
264	319	25	40
257	315	21	43
262	317	24	41
259	316	21	43
264	317	24	41
261	319	21	40
266	318	29	39
264	316	22	39
270	318	24	40
267	321	21	38
273	319	23	38
261	318	24	40
246	314	25	41
226	319	26	40
219	319	21	38
217	321	23	38
206	319	24	40
196	323	25	36
201	322	24	37
201	326	24	33
211	325	25	34
215	324	24	35
214	327	23	32
213	323	22	36
213	327	22	32
211	325	27	34
206	330	20	29
213	327	24	32
213	331	22	28
210	329	25	30
216	330	22	28
217	330	25	29
221	333	22	26
212	332	24	27
213	335	26	24
218	333	25	25
220	330	25	29
219	333	18	26
220	330	25	29
224	333	22	26
230	330	24	28
233	329	23	30
239	333	21	26
236	332	24	27
230	335	25	24
226	335	25	24
228	335	25	24
227	331	25	28
226	330	23	29
225	329	26	30
232	332	22	27
228	331	25	28
229	330	26	29
224	333	22	26
222	330	25	28
218	335	21	24
214	334	23	25
208	336	24	23
208	335	24	24
210	333	24	26
211	327	25	32
208	329	23	30
214	322	27	36
226	324	25	35
233	320	24	39
224	323	24	36
220	319	24	40
