0.001001
0.177218
0.174038
0.176039
0.168037
0.173038
0.165037
0.164036
0.164036
0.165259
0.149033
0.165036
0.165392
0.166036
0.164494
0.167230
0.169037
0.169038
0.172038
0.190042
0.176226
0.171038
0.168037
0.166066
0.168037
0.164037
0.169038
0.139031
0.168037
0.169168
0.168037
0.169064
0.168539
0.171038
0.177204
0.175417
0.165036
0.165037
0.168037
0.186042
0.186539
0.186041
0.183041
0.178039
0.171335
0.166037
0.133321
0.166037
0.168037
0.166659
0.165326
0.165545
0.168037
0.171038
0.169038
0.166037
0.165858
0.166037
0.166122
0.166037
0.174836
0.168332
0.166037
0.168037
0.167037
0.169258
0.167037
0.168037
0.168037
0.166309
0.171038
0.176102
0.172544
0.167037
0.167061
0.168038
0.168356
0.167037
0.168037
0.168037
0.176116
0.171038
0.160035
0.167186
0.167037
0.167668
0.167037
0.167037
0.168037
0.167037
0.168037
0.167037
0.166650
0.167037
0.167037
0.165037
0.171602
0.176039
0.176039
0.176039
0.177039
0.181040
0.181040
0.182137
0.185110
0.183041
0.183040
0.183041
0.175039
0.178040
0.180039
0.182040
0.185041
0.175039
0.177039
0.180162
0.178603
0.180040
0.176039
0.173175
0.174038
0.171038
0.169037
0.167825
0.169037
0.169038
0.169633
0.169038
0.169038
0.137178
0.180040
0.180040
0.180040
0.179039
0.181356
0.180296
0.180040
0.177040
0.180511
0.180040
0.184041
0.187688
0.186041
0.188042
0.183040
0.182040
0.182041
0.182040
0.182070
0.183552
0.183041
0.185041
0.185041
0.185041
0.184041
0.183041
0.190042
0.186746
0.188042
0.184900
0.177039
0.172039
0.179343
0.178039
0.176039
0.174039
0.174039
0.168037
0.165889
0.168037
0.168037
0.154211
0.166366
0.167037
0.159035
0.192043
0.193044
0.194537
0.191335
0.192043
0.187093
0.181040
0.181274
0.181166
0.181040
0.180350
0.182040
0.185108
0.185041
0.188061
0.189043
0.190042
0.186852
0.182040
0.173038
0.169365
0.168037
0.174039
0.175039
0.174038
0.173038
0.174039
0.174137
0.175039
0.175197
0.174272
0.174038
0.175038
0.170038
0.167037
0.169038
0.171038
0.178040
0.202045
0.188041
0.183219
0.166037
0.158717
0.182040
0.182040
0.180040
0.186041
0.179039
0.173255
0.170038
0.168037
0.171059
0.168037
0.169414
0.169240
0.159035
0.169037
0.170121
0.170038
0.171037
0.168759
0.169038
0.170038
0.167991
0.171038
0.175039
0.177111
0.177039
0.179040
0.180041
0.180060
0.180040
0.180040
0.179112
0.189042
0.187042
0.186041
0.178040
0.181041
0.180040
0.180040
0.180095
0.180040
0.179208
0.180111
0.181060
0.181040
0.182040
0.184389
0.181472
0.183041
0.181060
0.187042
0.188042
0.184086
0.182054
0.182040
0.182041
0.182518
0.182040
0.181040
0.182128
0.183040
0.183594
0.184041
0.185041
0.184041
0.182744
0.186165
0.182040
0.181040
0.179222
0.174038
0.177669
0.173038
0.170038
0.169038
0.170038
0.170268
0.169037
0.169037
0.168101
0.169038
0.168037
0.170038
0.167290
0.171038
0.171038
0.172019
0.183041
0.181040
0.171038
0.169038
0.159036
0.181153
0.180463
0.183432
0.182041
0.181040
0.184041
0.184001
0.185041
0.182041
0.182733
0.181041
0.184264
0.179040
0.186042
0.178199
0.174039
0.176039
0.183060
0.178040
0.178040
0.177989
0.171038
0.170624
0.169038
0.170038
0.169038
0.170096
0.170038
0.165036
0.168365
0.174039
0.175038
0.183040
0.180040
0.180040
0.180170
0.171054
0.170038
0.172138
0.173038
0.179025
0.180040
0.180040
0.178449
0.181040
0.179216
0.180040
0.181040
0.181949
0.177157
0.189041
0.186747
0.178040
0.174039
0.169037
0.169037
0.169038
0.170038
0.169191
0.169076
0.170038
0.169037
0.168967
0.169038
0.170038
0.169038
0.171038
0.173392
0.176039
0.172039
0.173038
0.175039
0.178041
0.180040
0.178060
0.182041
0.183028
0.172129
0.169065
0.170038
0.169038
0.170038
0.172038
0.174038
0.171115
0.191847
0.184040
0.163037
0.169678
0.170038
0.170820
0.169578
0.170039
0.169038
0.169095
0.168037
0.170038
0.167255
0.169038
0.171109
0.175039
0.176039
0.179040
0.180040
0.179040
0.165037
0.187460
0.187793
0.188042
0.189042
0.193043
0.181040
0.179040
0.174039
0.173431
0.171038
0.168506
0.170038
0.169038
0.170946
0.169469
0.170038
0.170109
0.173038
0.139031
0.172038
0.172038
0.178040
0.180224
0.179040
0.180084
0.179039
0.180040
0.180303
0.179542
0.182040
0.180040
0.180057
0.181040
0.182041
0.180040
0.170281
0.164547
0.191425
0.185196
0.182040
0.174039
0.172038
0.170038
0.169690
0.168037
0.170038
0.171038
0.170936
0.170038
0.169890
0.170038
0.170038
0.169037
0.171039
0.170038
0.159105
0.171038
0.177697
0.178051
0.180040
0.180040
0.179040
0.179307
0.178040
0.179039
0.179040
0.180040
0.176039
0.180040
0.175039
0.172584
0.176039
0.174038
0.170038
0.152034
0.169038
0.170038
0.170038
0.170139
0.170038
0.170038
0.170062
0.170038
0.173038
0.179472
0.178040
0.179040
0.179040
0.178040
0.173038
0.177121
0.179040
0.177503
0.185042
0.184173
0.187041
0.184041
0.186042
0.185041
0.179040
0.178040
0.182081
0.190042
0.189254
0.182040
0.180040
0.176039
0.179039
0.177102
0.175039
0.173038
0.159035
0.175128
0.176039
0.175899
0.169037
0.168037
0.169153
0.173231
0.175039
0.179040
0.177040
0.178223
0.178264
0.178542
0.349244
0.356164
0.338653
0.338843
0.310069
0.345077
0.324743
0.342522
0.297069
0.317071
0.318072
0.331922
0.297633
0.329209
0.328343
0.348969
0.348078
0.334079
0.332329
0.347647
0.323769
0.318078
0.313074
0.314348
0.305635
0.282062
0.342079
0.175035
0.165185
0.172038
0.161037
0.156035
0.154260
0.175039
0.170038
0.169046
0.174039
0.170430
0.165037
0.164037
0.163496
0.163038
0.160037
0.145022
0.163547
0.164037
0.164037
0.167075
0.172038
0.173039
0.171038
0.171080
0.180040
0.182040
0.175358
0.176039
0.177039
0.178720
0.175584
0.176039
0.177039
0.163966
0.179119
0.179475
0.179040
0.163036
0.162036
0.165234
0.169038
0.171038
0.184041
0.176039
0.162036
0.162721
0.164135
0.170038
0.172039
0.173038
0.174672
0.174039
0.178051
0.178242
0.179040
0.182041
0.180040
0.178040
0.177039
0.182040
0.179040
0.178948
0.159035
0.185041
0.180040
0.174039
0.172038
0.164037
0.161038
0.159035
0.149033
0.165036
0.166037
0.170553
0.169037
0.170038
0.169419
0.170038
0.173072
0.177039
0.171038
0.170038
0.176150
0.174038
0.174039
0.178058
0.179040
0.179040
0.179559
0.184041
0.182041
0.182224
0.181041
0.173095
0.174039
0.182041
0.167786
0.171038
0.178040
0.173038
0.172038
0.168038
0.169390
0.167038
0.167389
0.170042
0.169038
0.143570
0.171038
0.175039
0.179040
0.178040
0.179381
0.181040
0.180038
0.181040
0.176420
0.179115
0.178073
0.179040
0.178040
0.176039
0.176039
0.178040
0.184041
0.188042
0.191042
0.191043
0.193092
0.192944
0.187041
0.174038
0.170364
0.167496
0.167037
0.166037
0.166155
0.167037
0.167037
0.167083
0.166547
0.166037
0.167037
0.166037
0.162895
0.180040
0.186493
0.186041
0.179148
0.181040
0.175675
0.171038
0.171314
0.170038
0.175039
0.175727
0.177039
0.170038
0.169038
0.169038
0.169038
0.169075
0.168037
0.155639
0.180040
0.177040
0.178039
0.179081
0.178040
0.178040
0.168037
0.169577
0.174863
0.177039
0.181675
0.175480
0.174038
0.177040
0.178039
0.179039
0.179039
0.178040
0.166037
0.170038
0.167291
0.168037
0.168080
0.167037
0.168118
0.169039
0.168173
0.130237
0.173038
0.176039
0.178039
0.178040
0.180040
0.180040
0.178967
0.178040
0.173039
0.177825
0.174434
0.172038
0.169038
0.168037
0.172246
0.170239
0.173146
0.172039
0.173091
0.174039
0.174039
0.173038
0.173039
0.174039
0.173038
0.173130
0.173548
0.172039
0.184041
0.184316
0.183040
0.183041
0.173935
0.178040
0.181040
0.182161
0.183085
0.185361
0.184041
0.183040
0.185451
0.183040
0.184438
0.183041
0.182199
0.176039
0.179040
0.183041
0.183109
0.185041
0.177039
0.179954
0.184041
0.178463
0.178040
0.178104
0.178040
0.179040
0.179040
0.178039
0.178039
0.178040
0.180800
0.178040
0.181040
0.182167
0.181040
0.181040
0.168037
0.169580
0.175039
0.178040
0.177039
0.177970
0.176039
0.179040
0.173094
0.184041
0.178094
0.173038
0.169038
0.167037
0.163542
0.169038
0.183061
0.174039
0.175039
0.173038
0.173887
0.174039
0.172038
0.173398
0.172414
0.173546
0.173038
0.173038
0.176174
0.172039
0.175722
0.181040
0.176039
0.170084
0.174039
0.171038
0.175039
0.172024
0.140031
0.174886
0.174039
0.172170
0.172039
0.174401
0.174039
0.179040
0.182040
0.182192
0.183041
0.183090
0.183773
0.181041
0.190405
0.181247
0.174039
0.177656
0.177039
0.179040
0.180040
0.172046
0.169037
0.169760
0.170038
0.169038
0.169686
0.170269
0.168037
0.170038
0.176039
0.176104
0.183477
0.184040
0.175770
0.174039
0.179040
0.179039
0.180279
0.179040
0.180040
0.179039
0.179040
0.178412
0.180040
0.182041
0.182040
0.177039
0.179040
0.176229
0.186042
0.184509
0.176039
0.179166
0.178040
0.177039
0.179092
0.178040
0.181040
0.181041
0.183040
0.182040
0.182040
0.182040
0.183053
0.184041
0.183041
0.180537
0.182041
0.188041
0.181041
0.186459
0.185599
0.185433
0.184041
0.186041
0.187042
0.186042
0.181500
0.181040
0.184041
0.187229
0.186041
0.187042
0.187042
0.187416
0.181040
0.178040
0.173039
0.167893
0.167038
0.169037
0.176039
0.178040
0.176039
0.171038
0.168037
0.168037
0.169037
0.158035
0.181040
0.178813
0.182040
0.181040
0.178129
0.186042
0.178040
0.180040
0.190042
0.186042
0.180040
0.172038
0.168057
0.162036
0.168038
0.169037
0.169037
0.168093
0.168037
0.170038
0.169038
0.167517
0.169038
0.169038
0.169934
0.169038
0.177039
0.176039
0.178059
0.178040
0.180040
0.180063
0.182040
0.187041
0.186843
0.187544
0.187042
0.180040
0.181041
0.181040
0.180040
0.177040
0.183041
0.185055
0.184041
0.182041
0.184562
0.182040
0.181761
0.184041
0.183041
0.183041
0.182040
0.183041
0.183260
0.182040
0.181341
0.183040
0.183041
0.181141
0.186042
0.178082
0.172038
0.172240
0.172038
0.172038
0.172038
0.173038
0.171727
0.171038
0.172090
0.172609
0.172547
0.172038
0.172038
0.173039
0.173332
0.175039
0.161036
0.179971
0.179039
0.182040
0.182377
0.183041
0.182040
0.182232
0.182040
0.183622
0.183041
0.182041
0.184041
0.180253
0.177039
0.172038
0.170038
0.171038
0.123028
0.179040
0.178040
0.182041
0.180483
0.182040
0.184041
0.183103
0.185529
0.185041
0.180040
0.179040
0.178040
0.183041
0.185712
0.185041
0.189061
0.183041
0.179040
0.183040
0.185041
0.183041
0.182040
0.181653
0.183041
0.183041
0.181090
0.184041
0.183041
0.181040
0.181040
0.182041
0.182040
0.183041
0.184041
0.183041
0.329803
0.332242
0.322069
0.344744
0.306993
0.359120
0.321880
0.337076
0.342140
0.329073
0.319072
0.334379
0.338617
0.348056
0.342315
0.337076
0.339809
0.334669
0.355566
0.344079
0.176033
0.159035
0.158035
0.160272
0.161044
0.161036
0.162035
0.162098
0.162036
0.163036
0.168186
0.172038
0.170038
0.172038
0.172038
0.175149
0.173520
0.177039
0.172038
0.176820
0.181040
0.173039
0.171116
0.171038
0.167037
0.166037
0.166299
0.166037
0.167263
0.167124
0.166037
0.167037
0.167118
0.166037
0.169038
0.149102
0.178650
0.173548
0.174039
0.172038
0.172038
0.169037
0.167739
0.167037
0.167322
0.167512
0.167037
0.167037
0.166037
0.168037
0.167037
0.167490
0.167037
0.159865
0.180040
0.180040
0.176099
0.182040
0.184041
0.189042
0.178040
0.174094
0.172039
0.168037
0.166037
0.167824
0.166037
0.166037
0.167037
0.132564
0.171038
0.175039
0.176040
0.178041
0.178250
0.177039
0.180040
0.180539
0.185041
0.185041
0.180040
0.175039
0.172039
0.169024
0.167390
0.165036
0.167037
0.167038
0.167215
0.166038
0.168037
0.166037
0.166036
0.166646
0.156034
0.181040
0.181040
0.180765
0.181040
0.180040
0.182016
0.180040
0.181040
0.183040
0.180040
0.181040
0.170038
0.166038
0.166401
0.167037
0.168037
0.165870
0.171038
0.178040
0.180041
0.176411
0.178447
0.178209
0.178039
0.177078
0.179040
0.178040
0.177754
0.177039
0.161038
0.188042
0.182689
0.173038
0.170171
0.172038
0.173510
0.164149
0.174039
0.172038
0.173265
0.171038
0.166107
0.166344
0.167037
0.167037
0.169038
0.172038
0.172640
0.173038
0.169942
0.177601
0.179547
0.179040
0.182041
0.182040
0.183041
0.184041
0.184041
0.182040
0.178795
0.177039
0.184559
0.186042
0.185041
0.184041
0.174038
0.172039
0.172038
0.174039
0.179115
0.181040
0.179430
0.180165
0.186042
0.187200
0.191042
0.187042
0.179461
0.176039
0.170038
0.166037
0.165355
0.164830
0.165334
0.164547
0.171038
0.174038
0.174118
0.133665
0.188042
0.180583
0.180041
0.185041
0.185041
0.177039
0.175003
0.170038
0.168037
0.167037
0.166037
0.167037
0.168038
0.167039
0.177039
0.179039
0.173038
0.168564
0.168037
0.169038
0.167297
0.158035
0.178710
0.178648
0.182041
0.178039
0.181100
0.179040
0.180179
0.181040
0.171038
0.175039
0.179127
0.179040
0.181040
0.175039
0.188042
0.182521
0.173038
0.165037
0.157459
0.165036
0.175039
0.175039
0.173672
0.175039
0.176039
0.174099
0.169038
0.167037
0.166076
0.167037
0.166480
0.175039
0.185041
0.174804
0.168326
0.166048
0.157035
0.179040
0.180839
0.181040
0.182040
0.181120
0.178040
0.179187
0.161922
0.166037
0.173038
0.179040
0.177039
0.171116
0.175039
0.178040
0.181833
0.178040
0.173542
0.177445
0.174057
0.173250
0.169037
0.168037
0.171038
0.170038
0.171038
0.169037
0.169330
0.168037
0.169735
0.169038
0.170038
0.171038
0.168037
0.168037
0.169038
0.169038
0.180040
0.180047
0.181040
0.181888
0.182197
0.185041
0.175096
0.175039
0.179040
0.180040
0.178040
0.179040
0.181059
0.180041
0.180040
0.179040
0.180040
0.179040
0.184041
0.185041
0.178679
0.184041
0.180040
0.174051
0.170438
0.167037
0.169038
0.169038
0.170038
0.170038
0.170038
0.168254
0.169357
0.169038
0.169125
0.170038
0.168037
0.177039
0.175039
0.189042
0.183545
0.178040
0.176098
0.175040
0.170111
0.167037
0.168037
0.169038
0.169037
0.169246
0.169449
0.170038
0.170038
0.169350
0.168037
0.166037
0.177039
0.177039
0.181060
0.180040
0.171038
0.169038
0.171038
0.172400
0.175040
0.179263
0.179257
0.180040
0.180040
0.178081
0.180040
0.181041
0.179175
0.179040
0.182684
0.182040
0.182040
0.182671
0.172039
0.170524
0.168880
0.170038
0.168608
0.169038
0.169062
0.172315
0.178040
0.178040
0.180511
0.180040
0.180105
0.180040
0.186041
0.186041
0.186041
0.185041
0.171038
0.176039
0.179039
0.179044
0.179040
0.182040
0.183546
0.178040
0.181040
0.179728
0.173038
0.144032
0.171038
0.163036
0.171038
0.175039
0.178040
0.182579
0.172038
0.169038
0.171038
0.171038
0.177040
0.178040
0.179593
0.180048
0.181040
0.179224
0.177214
0.183041
0.187042
0.184041
0.185125
0.179040
0.175039
0.171038
0.177039
0.175039
0.171068
0.168175
0.168037
0.169038
0.140031
0.170038
0.168390
0.170038
0.178040
0.179479
0.180040
0.180040
0.178040
0.184387
0.185041
0.185041
0.170455
0.173038
0.177039
0.179040
0.179266
0.181040
0.181041
0.182040
0.183280
0.181040
0.182040
0.181040
0.183741
0.182040
0.180040
0.167212
0.170038
0.169038
0.169038
0.168057
0.168037
0.170038
0.169038
0.169192
0.171038
0.170038
0.169037
0.170038
0.171038
0.171038
0.169038
0.177693
0.180040
0.177039
0.183041
0.183101
0.170038
0.176039
0.177039
0.186397
0.188042
0.194190
0.195043
0.194422
0.193043
0.191859
0.185090
0.183140
0.187042
0.191041
0.192134
0.179040
0.150716
0.163062
0.180040
0.178040
0.177113
0.178040
0.171038
0.169038
0.169038
0.169338
0.171115
0.169038
0.169229
0.169038
0.169037
0.175455
0.179040
0.178157
0.176039
0.188042
0.177039
0.176039
0.179039
0.182093
0.175039
0.172038
0.169038
0.170038
0.169037
0.170038
0.171038
0.176039
0.179040
0.179117
0.180040
0.181057
0.178040
0.183041
0.174039
0.177227
0.179587
0.179547
0.181040
0.180040
0.182040
0.181708
0.180040
0.181040
0.182040
0.181040
0.178040
0.179343
0.179040
0.180040
0.176298
0.186125
0.172038
0.177039
0.179040
0.180040
0.180040
0.180040
0.182040
0.179085
0.179040
0.179245
0.179040
0.182134
0.179039
0.183041
0.182531
0.183041
0.178040
0.189311
0.184041
0.183041
0.178039
0.179040
0.184601
0.184041
0.185041
0.179040
0.180040
0.178911
0.178040
0.178039
0.184041
0.186041
0.186042
0.189361
0.186041
0.184041
0.169298
0.176049
0.179040
0.185041
0.185041
0.185189
0.186041
0.181040
0.193137
0.193043
0.187041
0.174431
0.167037
0.167037
0.172038
0.172590
0.173095
0.155035
0.174038
0.174038
0.172038
0.171038
0.173038
0.174311
0.175039
0.178040
0.180040
0.182040
0.184041
0.183041
0.183041
0.182420
0.184041
0.178039
0.178060
0.180040
0.175236
0.175039
0.179040
0.181041
0.183041
0.177039
0.177016
0.183041
0.183041
0.183040
0.183041
0.184041
0.182040
0.183041
0.177193
0.176039
0.177385
0.176039
0.181041
0.185041
0.185041
0.185041
0.185041
0.187042
0.184041
0.182074
0.176041
0.170821
0.171037
0.175039
0.121027
0.177039
0.177039
0.177039
0.181040
0.186798
0.172038
0.183041
0.177039
0.180409
0.182040
0.189042
0.187042
0.187042
0.188042
0.186042
0.190042
0.191727
0.186060
0.179040
0.174666
0.172038
0.171038
0.171038
0.171038
0.154082
0.170038
0.172038
0.171038
0.172038
0.170038
0.171300
0.170038
0.170038
0.173038
0.178040
0.181041
0.176039
0.183041
0.178039
0.175039
0.172166
0.173436
0.171038
0.167037
0.169742
0.169540
0.170038
0.171038
0.170038
0.171038
0.170503
0.170038
0.171038
0.171869
0.174038
0.178040
0.180040
0.180040
0.181040
0.176039
0.177635
0.179039
0.184447
0.183040
0.186054
0.183041
0.183041
0.187041
0.187042
0.179040
0.180150
0.182040
0.188575
0.190042
0.193043
0.188818
0.194043
0.177646
0.179041
0.183445
0.186041
0.179212
0.181041
0.178040
0.183041
0.188557
0.192043
0.191042
0.188042
0.183041
0.182040
0.184041
0.182040
0.185041
0.186042
0.178040
0.179792
0.176039
0.188042
0.185041
0.183104
0.180040
0.173575
0.169038
0.168037
0.168037
0.168037
0.169215
0.167037
0.166037
0.168037
0.169161
0.169038
0.171393
0.168037
0.167343
0.162036
0.169037
0.167037
0.172523
0.174039
0.177040
0.172950
0.182040
0.184041
0.182062
0.188042
0.189042
0.194043
0.192042
0.186265
0.180041
0.177039
0.172038
0.170038
0.131029
0.166037
0.164278
0.179538
0.180040
0.178195
0.170038
0.169777
0.169038
0.170038
0.174038
0.176039
0.181040
0.181041
0.173038
0.170038
0.173038
0.179040
0.179779
0.182041
0.183041
0.184041
0.184041
0.183041
0.186041
0.183041
0.182823
0.183041
0.186041
0.182999
0.189042
0.184458
0.174455
0.178662
0.180543
0.182041
0.180040
0.185041
0.184152
0.185594
0.183280
0.184597
0.186041
0.187042
0.188042
0.184041
0.184041
0.179231
0.175746
0.171037
0.173886
0.169038
0.170038
0.171038
0.171038
0.151034
0.172160
0.169155
0.159036
0.191042
0.179040
0.174039
0.168958
0.168037
0.173039
0.172038
0.172038
0.174039
0.173606
0.173039
0.172038
0.174039
0.172580
0.174437
0.165037
0.173038
0.173038
0.180040
0.181040
0.182536
0.182040
0.183040
0.177059
0.177039
0.180040
0.182384
0.180040
0.182040
0.182040
0.182040
0.176145
0.161036
0.164038
0.159035
0.167037
0.172103
0.176039
0.174038
0.173038
0.175040
0.174009
0.174039
0.174039
0.164037
0.174039
0.177039
0.181040
0.182843
0.184819
0.184041
0.186111
0.184108
0.178040
0.180040
0.180040
0.186041
0.185665
0.191042
0.191259
0.188042
0.193043
0.189042
0.184041
0.184041
0.180040
0.179039
0.174956
0.083019
0.082018
0.085020
0.086212
0.083679
0.082031
0.082394
0.087133
0.080234
0.080948
0.082018
0.083018
0.085022
0.085705
0.086523
0.086020
0.083018
0.081018
0.078547
0.083025
0.094022
0.082008
0.077017
0.076017
0.077441
0.226060
0.267758
0.252060
0.314662
0.325346
0.284876
0.283948
0.145620
0.101710
0.109015
0.098022
0.078992
0.171144
0.167037
0.185611
0.151034
0.134030
0.148033
0.164297
0.168487
0.169037
0.205046
0.181040
0.192043
0.105022
0.164036
0.168037
0.169038
0.171038
0.163895
0.186395
0.184041
0.178040
0.178040
0.181928
0.183041
0.184712
0.189041
0.190233
0.187042
0.188062
0.184062
0.192043
0.181040
0.182081
0.187041
0.183041
0.181040
0.172039
0.180042
0.177039
0.157141
0.172499
0.170038
0.170038
0.169038
0.170136
0.178039
0.178039
0.180331
0.176039
0.172100
0.112025
0.179582
0.177040
0.177107
0.175062
0.156204
0.127561
0.189543
0.181042
0.172338
0.172038
0.172241
0.171217
0.173167
0.172122
0.172593
0.173113
0.173039
0.130095
0.176411
0.176039
0.176100
0.177273
0.170089
0.189194
0.184215
0.172101
0.176195
0.174110
0.178039
0.177090
0.176114
0.178520
0.179388
0.183210
0.184694
0.185041
0.183145
0.176525
0.177534
0.176726
0.174335
0.182101
0.182397
0.182323
0.182132
0.180349
0.184150
0.182040
0.182120
0.179040
0.178141
0.174040
0.172160
0.172103
0.173143
0.164434
0.183041
0.183090
0.161268
0.121078
0.155190
0.180348
0.180258
0.180180
0.180256
0.179119
0.172145
0.172038
0.171810
0.175040
0.172431
0.172121
0.172561
0.172144
0.155227
0.195109
0.184041
0.145930
0.186202
0.185527
0.183107
0.183635
0.181076
0.179266
0.179039
0.176305
0.174556
0.189115
0.189209
0.186041
0.168518
0.174080
0.174155
0.174707
0.173264
0.173460
0.148144
0.175369
0.174214
0.174038
0.174092
0.174114
0.175110
0.174180
0.174847
0.176039
0.173116
0.173902
0.174171
0.174038
0.173747
0.174703
0.173710
0.149301
0.148033
0.176039
0.177056
0.176100
0.176933
0.177918
0.176347
0.176241
0.179040
0.174040
0.174179
0.172039
0.174468
0.175074
0.173038
0.174698
0.174110
0.174055
0.162949
0.178040
0.178039
0.177614
0.175725
0.176282
0.175065
0.176133
0.176039
0.175296
0.174038
0.174039
0.173267
0.174484
0.174698
0.166069
0.184041
0.177716
0.186180
0.155292
0.167099
0.169740
0.175039
0.176038
0.173040
0.174039
0.173889
0.175519
0.174039
0.175104
0.172038
0.174101
0.173426
0.174446
0.174586
0.175118
0.175550
0.167177
0.175074
0.150135
0.158035
0.173524
0.174218
0.175207
0.175292
0.174304
0.173208
0.176039
0.174878
0.174387
0.175158
0.174283
0.173248
0.175094
0.175040
0.173452
0.186041
0.186294
0.185097
0.183472
0.185183
0.183095
0.180040
0.181290
0.175039
0.176039
0.151260
0.180040
0.180040
0.177076
0.176139
0.177108
0.176356
0.172667
0.188251
0.182437
0.180468
0.180379
0.181110
0.179235
0.137107
0.177220
0.174771
0.174337
0.148087
0.181390
0.181562
0.179474
0.178367
0.178127
0.179105
0.175557
0.183365
0.182284
0.182794
0.180923
0.180275
0.178071
0.179131
0.174757
0.174039
0.175039
0.177150
0.176474
0.176436
0.177729
0.178207
0.177240
0.180637
0.174354
0.183041
0.182268
0.180105
0.179204
0.179289
0.179040
0.177756
0.157716
0.191664
0.186234
0.152052
0.135661
0.159504
0.174224
0.175092
0.174039
0.174079
0.174117
0.164585
0.190042
0.183140
0.180172
0.179040
0.178039
0.178803
0.175529
0.166257
0.183041
0.183040
0.180980
0.181040
0.181125
0.178234
0.178108
0.181282
0.172064
0.182358
0.179540
0.181040
0.181356
0.183165
0.188042
0.197376
0.197119
0.198341
0.199258
0.199737
0.200116
0.198045
0.143909
0.149904
0.175039
0.173391
0.174050
0.174039
0.155190
0.183888
0.182112
0.185041
0.148070
0.173409
0.175720
0.174160
0.143032
0.160126
0.169804
0.173038
0.175103
0.174346
0.173861
0.174105
0.174316
0.174271
0.174476
0.170841
0.180040
0.176221
0.173039
0.173419
0.173674
0.174039
0.174155
0.174695
0.175039
0.174514
0.174676
0.174459
0.142405
0.173717
0.174142
0.178040
0.176039
0.176281
0.179079
0.183321
0.180180
0.179696
0.186041
0.190167
0.187309
0.184123
0.183833
0.140135
0.160036
0.170094
0.174420
0.174355
0.174066
0.174601
0.175039
0.174669
0.152136
0.182223
0.181362
0.180658
0.173036
0.174039
0.175039
0.174039
0.175106
0.174039
0.174246
0.176476
0.175159
0.175142
0.175037
0.178040
0.172728
0.185404
0.179355
0.185229
0.185193
0.188394
0.197066
0.174176
0.162265
0.177155
0.182363
0.182429
0.176100
0.173040
0.172641
0.174248
0.172176
0.172206
0.173038
0.172038
0.173038
0.151400
0.172261
0.172543
0.172337
0.173126
0.176258
0.177162
0.177733
0.175106
0.177222
0.177425
0.177295
0.176630
0.176324
0.178040
0.177119
0.176749
0.177040
0.170760
0.177244
0.192043
0.161798
0.175760
0.175395
0.176039
0.176243
0.176323
0.176951
0.175292
0.176293
0.176107
0.177040
0.175445
0.177256
0.177077
0.151171
0.169374
0.149276
0.181040
0.185041
0.187041
0.176275
0.171330
0.173185
0.181130
0.179145
0.136392
0.154034
0.167515
0.191043
0.165994
0.146032
0.154161
0.179040
0.179040
0.179135
0.179666
0.175056
0.160036
0.185486
0.182104
0.155357
0.171038
0.182040
0.182096
0.182106
0.183210
0.161583
0.169087
0.173122
0.174137
0.174039
0.173038
0.173342
0.175369
0.175057
0.165288
0.174440
0.172316
0.173788
0.175114
0.175712
0.173231
0.174621
0.173549
0.173478
0.174125
0.130445
0.160163
0.172189
0.175758
0.174753
0.174039
0.175621
0.163408
0.173084
0.172517
0.174160
0.174179
0.172958
0.174145
0.174139
0.175214
0.173044
0.173039
0.174039
0.159562
0.170631
0.189090
0.183475
0.162727
0.156790
0.187590
0.177170
0.177527
0.177039
0.147357
0.174036
0.175405
0.176114
0.176780
0.176039
0.175039
0.175159
0.175643
0.177238
0.177039
0.166160
0.184111
0.169220
0.319765
0.351218
0.301441
0.336564
0.319520
0.349421
0.336074
0.344075
0.350076
0.353530
0.323513
0.338621
0.332157
0.313437
0.335329
0.352440
0.358841
0.242113
0.178386
0.175321
0.177134
0.177984
0.173551
0.150103
0.160173
0.168096
0.173153
0.173158
0.172040
0.170262
0.167787
0.168144
0.146123
0.163634
0.167557
0.170038
0.169257
0.167730
0.160035
0.167174
0.167652
0.149436
0.164111
0.167436
0.169392
0.168037
0.168302
0.168037
0.167126
0.159269
0.180040
0.181760
0.181253
0.175721
0.184995
0.140167
0.161615
0.114964
0.179496
0.182040
0.180152
0.177610
0.177240
0.172167
0.168111
0.168679
0.149610
0.169037
0.169037
0.170168
0.171583
0.171725
0.171117
0.171038
0.172038
0.171751
0.156695
0.171046
0.138031
0.170229
0.171041
0.167324
0.176245
0.175167
0.174903
0.172316
0.174130
0.174937
0.169491
0.165279
0.178546
0.186337
0.186758
0.146067
0.128650
0.149744
0.163110
0.171046
0.168606
0.169443
0.139284
0.151288
0.172038
0.171559
0.171265
0.170508
0.166463
0.148620
0.179040
0.179098
0.178879
0.175112
0.176432
0.185013
0.193507
0.194083
0.189583
0.190043
0.186041
0.184042
0.182040
0.176500
0.174173
0.173323
0.171038
0.176102
0.136801
0.168037
0.170635
0.173038
0.172120
0.172110
0.173712
0.142092
0.173082
0.174027
0.172038
0.173824
0.172316
0.172350
0.176243
0.173478
0.176783
0.175903
0.174742
0.175475
0.174661
0.136075
0.174375
0.173876
0.173258
0.170486
0.180110
0.178975
0.179040
0.178669
0.179116
0.180040
0.178973
0.176082
0.177613
0.174130
0.175481
0.174446
0.174039
0.175077
0.175039
0.175681
0.174233
0.175372
0.180040
0.180041
0.178040
0.179132
0.176342
0.178040
0.177156
0.177201
0.179810
0.175746
0.176018
0.175039
0.162794
0.183496
0.187148
0.186041
0.186239
0.145846
0.136114
0.163177
0.150292
0.157366
0.186048
0.137556
0.148832
0.175108
0.179040
0.179293
0.178215
0.179324
0.177232
0.177500
0.178384
0.179065
0.178040
0.177039
0.176346
0.159853
0.177183
0.180309
0.177194
0.179389
0.179035
0.167472
0.188094
0.178617
0.177094
0.178777
0.177562
0.178040
0.177298
0.178743
0.177418
0.178605
0.178150
0.173211
0.181040
0.181192
0.180895
0.174039
0.172170
0.172460
0.172574
0.342148
0.285843
0.318825
0.300237
0.328903
0.333977
0.343850
0.343776
0.337074
0.338481
0.350695
0.366828
0.346074
0.348615
0.363631
0.361143
0.346412
0.319563
0.165031
0.168429
0.165976
0.166552
0.170038
0.170039
0.170150
0.168203
0.169038
0.169038
0.168756
0.158593
0.168198
0.132030
0.166463
0.169038
0.170038
0.170254
0.169129
0.157034
0.167432
0.184316
0.186112
0.182547
0.186177
0.178041
0.179417
0.177087
0.179089
0.159632
0.133631
0.171038
0.170108
0.169128
0.169073
0.169667
0.171128
0.158472
0.169038
0.170176
0.170038
0.169276
0.169038
0.169037
0.171038
0.170112
0.171026
0.170195
0.153122
0.169721
0.169203
0.170092
0.170495
0.170343
0.171272
0.169038
0.170146
0.169480
0.153433
0.187270
0.181041
0.160185
0.141033
0.146168
0.151187
0.170393
0.181723
0.140031
0.115570
0.172702
0.187655
0.180040
0.162080
0.146630
0.151138
0.164847
0.176520
0.178040
0.178383
0.177039
0.177243
0.177120
0.177114
0.174965
0.177851
0.171617
0.170301
0.155489
0.180800
0.180689
0.173360
0.173039
0.167037
0.173536
0.173229
0.173467
0.160087
0.179513
0.184213
0.180091
0.183563
0.180040
0.177339
0.181195
0.176188
0.125515
0.145173
0.194989
0.176253
0.173064
0.174279
0.173349
0.172170
0.174170
0.173709
0.174250
0.173944
0.173332
0.168977
0.186043
0.183189
0.186496
0.186252
0.186041
0.180040
0.170766
0.180455
0.181550
0.184072
0.179040
0.183041
0.183196
0.174409
0.173090
0.173153
0.172149
0.174201
0.174039
0.173065
0.173898
0.172615
0.172038
0.169182
0.122096
0.176164
0.174497
0.171400
0.174126
0.157487
0.181597
0.181654
0.180168
0.181051
0.177136
0.177039
0.176907
0.177013
0.174674
0.176132
0.177305
0.174381
0.169805
0.174648
0.190131
0.185041
0.187619
0.186275
0.185230
0.147032
0.154248
0.169038
0.173484
0.173038
0.173107
0.174546
0.173158
0.159448
0.170559
0.174366
0.174117
0.163146
0.173038
0.174193
0.174196
0.174268
0.173163
0.172021
0.171259
0.173492
0.173176
0.173101
0.172039
0.175106
0.173137
0.173291
0.174039
0.174307
0.175598
0.171079
0.174039
0.173708
0.174682
0.174293
0.172354
0.175039
0.175135
0.157846
0.181040
0.180131
0.180041
0.177040
0.178131
0.176518
0.176538
0.177039
0.177039
0.172569
0.178744
0.178179
0.175040
0.173801
0.175040
0.174039
0.174445
0.173869
0.175159
0.161036
0.182041
0.182011
0.184106
0.182214
0.184120
0.180040
0.178364
0.162517
0.174928
0.173250
0.175254
0.174090
0.174038
0.174487
0.174268
0.169719
0.181423
0.184122
0.148088
0.150266
0.154078
0.174585
0.182616
0.188088
0.188607
0.161855
0.174171
0.157524
0.179119
0.180482
0.180120
0.179117
0.148231
0.176054
0.179688
0.178548
0.180754
0.178118
0.177819
0.178039
0.179561
0.178794
0.179554
0.179825
0.178450
0.163897
0.181312
0.182901
0.183254
0.174039
0.191042
0.190042
0.189643
0.159775
0.153452
0.171038
0.171524
0.172623
0.172123
0.174150
0.176065
0.155088
0.175881
0.176487
0.118285
0.181733
0.174420
0.182141
0.186041
0.150556
0.138031
0.161371
0.171403
0.175839
0.175588
0.174564
0.175746
0.176039
0.175010
0.176131
0.175039
0.174039
0.175400
0.169889
0.175148
0.175513
0.174038
0.175143
0.174251
0.176578
0.165928
0.185095
0.185930
0.184278
0.184403
0.182041
0.182081
0.177575
0.174128
0.175407
0.175192
0.164162
0.175035
0.175215
0.175039
0.176101
0.173717
0.175935
0.174366
0.175627
0.176039
0.175352
0.175621
0.178545
0.176338
0.175564
0.176234
0.175040
0.176482
0.170426
0.181359
0.183359
0.175122
0.161499
0.182040
0.189655
0.186041
0.184272
0.146959
0.138403
0.163100
0.174597
0.166980
0.155197
0.185028
0.187083
0.188042
0.188150
0.185719
0.189069
0.189042
0.190352
0.165757
0.140518
0.161702
0.171039
0.175039
0.173038
0.158098
0.182040
0.182040
0.173958
0.176039
0.176039
0.176326
0.174887
0.175039
0.172431
0.183373
0.181220
0.179123
0.179382
0.178956
0.176847
0.175651
0.175859
0.178235
0.176110
0.177041
0.176315
0.174498
0.174660
0.175041
0.175061
0.175039
0.161239
0.178475
0.177107
0.178295
0.175039
0.178040
0.177039
0.177118
0.176039
0.176237
0.174393
0.177039
0.178111
0.175039
0.177165
0.175379
0.175188
0.176081
0.160875
0.173733
0.175811
0.174346
0.176431
0.174552
0.173808
0.174038
0.176235
0.175432
0.174309
0.174151
0.178122
0.176120
0.175498
0.174653
0.175532
0.176960
0.172038
0.173874
0.174254
0.176435
0.176163
0.176045
0.175758
0.175609
0.176039
0.175104
0.176103
0.177549
0.176834
0.172352
0.176172
0.176039
0.174586
0.175468
0.157035
0.172894
0.174433
0.175039
0.174717
0.177173
0.175424
0.175275
0.176493
0.176429
0.174642
0.175308
0.177040
0.174500
0.176855
0.175624
0.176115
0.174771
0.155883
0.174641
0.176039
0.173572
0.175684
0.175066
0.174200
0.175122
0.174040
0.174761
0.175833
0.173125
0.176164
0.154603
0.175225
0.174195
0.174924
0.174121
0.159494
0.177440
0.178159
0.176040
0.176561
0.177472
0.177179
0.177788
0.176924
0.176388
0.177040
0.176113
0.177113
0.175641
0.174039
0.176168
0.175276
0.175442
0.169636
0.175486
0.176240
0.173446
0.175200
0.174316
0.175498
0.174675
0.175838
0.174103
0.176296
0.174741
0.176715
0.175038
0.175309
0.173985
0.174038
0.174206
0.167434
0.175039
0.175086
0.176111
0.175452
0.174690
0.176039
0.175555
0.176133
0.177039
0.175397
0.176039
0.174312
0.175213
0.175039
0.174039
0.174256
0.175110
0.176349
0.176162
0.176221
0.176228
0.174137
0.174582
0.175101
0.174039
0.176075
0.175488
0.173879
0.176080
0.176040
0.175682
0.175544
0.174608
0.175039
0.175752
0.173950
0.175482
0.175636
0.175215
0.175393
0.175424
0.174366
0.174497
0.176609
0.174301
0.175039
0.167087
0.172080
0.174374
0.176039
0.175039
0.174439
0.176676
0.176039
0.176040
0.175576
0.176218
0.175231
0.175330
0.175129
0.175683
0.176125
0.173547
0.176246
0.174038
0.178519
0.174893
0.175157
0.176133
0.176162
0.175087
0.174649
0.173819
0.174237
0.176388
0.174396
0.174038
0.176326
0.176363
0.175039
0.176039
0.175851
0.173483
0.178040
0.175101
0.174180
0.174341
0.175553
0.157035
0.175714
0.176158
0.174340
0.175361
0.175482
0.174540
0.176221
0.174550
0.174908
0.176090
0.176039
0.174760
0.177039
0.174189
0.175414
0.174360
0.175039
0.175758
0.175929
0.175443
0.173520
0.175519
0.174402
0.175781
0.175127
0.175039
0.175167
0.176288
0.175596
0.174615
0.175591
0.139749
0.176145
0.174102
0.176039
0.174038
0.176131
0.174354
0.174921
0.175121
0.174514
0.174738
0.175203
0.174038
0.174038
0.174963
0.174470
0.175196
0.175039
0.174039
0.173852
0.174387
0.176154
0.176039
0.174901
0.179040
0.175404
0.176180
0.177064
0.177078
0.178475
0.178542
0.177466
0.178377
0.176277
0.176039
0.176039
0.174342
0.174301
0.174449
0.176498
0.174515
0.176141
0.175767
0.175039
0.175528
0.174330
0.175039
0.175039
0.176219
0.175114
0.174487
0.176024
0.174039
0.177352
0.175146
0.175127
0.174992
0.173256
0.175039
0.174576
0.174121
0.175066
0.177039
0.175039
0.174097
0.175682
0.173479
0.174968
0.175039
0.158159
0.176145
0.178556
0.175098
0.175464
0.175107
0.175429
0.175696
0.176079
0.175413
0.176192
0.175039
0.175112
0.175297
0.175039
0.175237
0.174996
0.176040
0.175611
0.175407
0.175338
0.175457
0.174106
0.175039
0.174370
0.175154
0.176101
0.174783
0.176105
0.174304
0.176159
0.175039
0.173808
0.175181
0.176141
0.174436
0.175039
0.174129
0.180231
0.174341
0.175039
0.175853
0.175229
0.175281
0.175947
0.175533
0.175355
0.175743
0.175262
0.174102
0.175039
0.175039
0.175555
0.176039
0.176039
0.177077
0.175039
0.176265
0.175461
0.174039
0.175955
0.175303
0.175039
0.174205
0.176499
0.175758
0.174898
0.172211
0.176435
0.175262
0.175579
0.174617
0.173130
0.175504
0.178557
0.179035
0.178384
0.176056
0.175696
0.174107
0.174402
0.174526
0.175248
0.174414
0.175318
0.174039
0.173919
0.176725
0.174725
0.178116
0.176039
0.176039
0.178361
0.178152
0.178040
0.175586
0.176188
0.174448
0.175039
0.174161
0.174486
0.175617
0.174040
0.175847
0.175887
0.174627
0.175039
0.175039
0.174093
0.174541
0.179308
0.175384
0.174196
0.176116
0.175008
0.174088
0.175429
0.174966
0.175324
0.174122
0.174954
0.176310
0.175183
0.175156
0.174557
0.174120
0.174123
0.174141
0.178039
0.176162
0.174152
0.174361
0.175039
0.174037
0.179253
0.175039
0.175039
0.175313
0.175039
0.174450
0.178164
0.177668
0.175977
0.174777
0.174256
0.175360
0.177243
0.176120
0.174888
0.173496
0.175223
0.174038
0.174038
0.175174
0.174827
0.151132
0.176114
0.173064
0.175749
0.175483
0.175039
0.175039
0.174191
0.176039
0.177039
0.176123
0.176444
0.174802
0.176501
0.176103
0.174039
0.175136
0.175195
0.176039
0.173628
0.174445
0.174199
0.176109
0.175199
0.177644
0.176337
0.174479
0.178623
0.173038
0.175087
0.174863
0.174533
0.175858
0.174358
0.174124
0.178043
0.174007
0.174122
0.175751
0.175149
0.174199
0.175277
0.175039
0.176040
0.174147
0.175040
0.174038
0.173607
0.175374
0.174121
0.174302
0.175158
0.174497
0.174038
0.174736
0.174446
0.174140
0.173396
0.175857
0.174186
0.174039
0.174720
0.174423
0.177589
0.176039
0.174110
0.174362
0.173061
0.176039
0.181831
0.180212
0.181617
0.180859
0.181465
0.182526
0.180977
0.182602
0.180040
0.173181
0.171215
0.172327
0.174756
0.175272
0.173372
0.173038
0.174282
0.181648
0.181041
0.180137
0.180566
0.176039
0.173211
0.172049
0.154569
0.175315
0.183656
0.181040
0.183041
0.178156
0.174039
0.173805
0.173140
0.173127
0.174369
0.173479
0.174038
0.174088
0.173174
0.174038
0.175358
0.182166
0.182459
0.182041
0.183096
0.179323
0.173038
0.173136
0.176361
0.175039
0.174447
0.174491
0.174039
0.174290
0.173542
0.174216
0.175241
0.175040
0.174136
0.173082
0.174039
0.173697
0.173109
0.175210
0.173126
0.174658
0.178039
0.174192
0.174203
0.173096
0.173702
0.175260
0.173038
0.174397
0.174378
0.175114
0.174222
0.174039
0.187141
0.187715
0.186041
0.179098
0.179173
0.177135
0.178241
0.176104
0.177078
0.175092
0.175255
0.176140
0.176349
0.175125
0.177038
0.175683
0.176170
0.176453
0.177040
0.176093
0.176163
0.152776
0.177039
0.138132
0.178197
0.175207
0.176263
0.177182
0.177072
0.178040
0.176039
0.175212
0.175349
0.177048
0.175854
0.174417
0.176039
0.174583
0.178443
0.177146
0.176251
0.175126
0.179147
0.175907
0.176494
0.176109
0.176039
0.174239
0.175032
0.177378
0.178108
0.176209
0.182065
0.178907
0.177402
0.178127
0.176836
0.173575
0.177107
0.175573
0.180463
0.178703
0.177741
0.178199
0.176360
0.176414
0.175382
0.177039
0.176415
0.175132
0.176373
0.176048
0.176662
0.176551
0.175039
0.176657
0.176039
0.175486
0.178657
0.178040
0.177106
0.177306
0.176542
0.177039
0.175597
0.177117
0.176139
0.175122
0.176125
0.176039
0.176853
0.174132
0.176133
0.176823
0.176039
0.178040
0.182147
0.178653
0.179105
0.178134
0.176362
0.175592
0.174039
0.177040
0.176039
0.176039
0.177097
0.177819
0.176662
0.160128
0.177608
0.176572
0.177040
0.177102
0.178356
0.176118
0.177540
0.176104
0.175039
0.155105
0.176547
0.175544
0.175039
0.177163
0.178415
0.176039
0.176251
0.177434
0.176608
0.177862
0.175789
0.175464
0.176682
0.177378
0.176553
0.175289
0.175079
0.177438
0.176332
0.175835
0.176209
0.177274
0.175040
0.176088
0.177570
0.176039
0.175236
0.173646
0.176346
0.177274
0.178025
0.175145
0.176581
0.176293
0.176039
0.175801
0.176135
0.177039
0.175949
0.176461
0.175039
0.176262
0.176236
0.176121
0.177109
0.176039
0.177378
0.175814
0.183205
0.180122
0.178129
0.177165
0.177339
0.177135
0.176039
0.175039
0.175939
0.176087
0.175766
0.178091
0.176062
0.175137
0.177042
0.175591
0.177120
0.176154
0.176122
0.175325
0.177594
0.176086
0.176152
0.176018
0.175110
0.175337
0.176040
0.175639
0.177039
0.176038
0.176039
0.177284
0.175591
0.176039
0.176501
0.177039
0.178359
0.177099
0.176265
0.176491
0.176039
0.175334
0.174856
0.175284
0.175900
0.176071
0.175012
0.171038
0.174293
0.175631
0.177149
0.176039
0.176525
0.175120
0.177505
0.177751
0.176227
0.177364
0.175401
0.176595
0.176292
0.177103
0.176361
0.177111
0.177381
0.176524
0.176329
0.175175
0.177370
0.176039
0.177039
0.177039
0.176275
0.174038
0.175392
0.175039
0.176039
0.176843
0.176822
0.177576
0.174060
0.177394
0.177176
0.175418
0.176505
0.177122
0.176040
0.176518
0.177258
0.176370
0.178158
0.175236
0.175688
0.175486
0.176039
0.176101
0.176109
0.176519
0.175704
0.175433
0.177535
0.176238
0.176062
0.176214
0.175040
0.177535
0.176039
0.177039
0.177245
0.176499
0.174628
0.176416
0.176031
0.176780
0.175807
0.177394
0.176765
0.180240
0.178681
0.176062
0.178114
0.176037
0.172484
0.173806
0.175314
0.173240
0.177131
0.176192
0.176117
0.176916
0.174854
0.176131
0.176476
0.176742
0.176577
0.176522
0.176274
0.175191
0.176342
0.178698
0.178188
0.177040
0.175887
0.176846
0.183869
0.179169
0.178136
0.177526
0.176445
0.174911
0.176673
0.176363
0.176547
0.175337
0.176039
0.176569
0.175758
0.175718
0.176458
0.176039
0.176499
0.177479
0.177135
0.175129
0.176103
0.177105
0.175530
0.176127
0.177039
0.177414
0.175395
0.175122
0.175431
0.178071
0.177113
0.176251
0.175241
0.175728
0.177040
0.177044
0.182040
0.177136
0.178468
0.177875
0.174494
0.176137
0.168247
0.176581
0.176155
0.174596
0.176758
0.176039
0.176098
0.176203
0.176568
0.176084
0.174955
0.133105
0.176507
0.175973
0.179517
0.177057
0.175626
0.176891
0.175685
0.176920
0.178118
0.138627
0.081018
0.080019
0.082296
0.078349
0.080644
0.077946
0.085050
0.079018
0.079657
0.081494
0.079018
0.079018
0.080018
0.112363
0.305617
0.294605
0.358654
0.393815
0.323902
0.287156
0.092483
0.086019
0.084211
0.082854
0.075032
0.094717
0.081087
0.077398
0.081013
0.095021
0.079017
0.088551
0.189042
0.181198
0.181528
0.183735
0.183226
0.170461
0.173039
0.179196
0.176129
0.179602
0.183040
0.182246
0.173214
0.179234
0.175010
0.178188
0.177670
0.180040
0.187193
0.182139
0.173796
0.170038
0.189055
0.165036
0.159732
0.151362
0.167037
0.167037
0.166502
0.166070
0.169037
0.167153
0.168296
0.175039
0.176093
0.174110
0.176039
0.179994
0.186298
0.185281
0.189145
0.187161
0.184689
0.179137
0.185041
0.181040
0.172450
0.168234
0.167210
0.164577
0.164310
0.165092
0.165174
0.164195
0.165418
0.166126
0.167037
0.171744
0.171355
0.176121
0.168279
0.173177
0.172237
0.172445
0.172039
0.173038
0.174039
0.164447
0.165007
0.166050
0.164543
0.164036
0.171377
0.172468
0.177335
0.178040
0.179198
0.182471
0.183150
0.185041
0.194004
0.185041
0.179111
0.166348
0.162711
0.165875
0.169402
0.171929
0.171688
0.177877
0.179018
0.181085
0.185141
0.183435
0.186793
0.183319
0.192322
0.189841
0.184083
0.176022
0.152575
0.130009
0.145111
0.164108
0.184440
0.182402
0.144963
0.161036
0.158092
0.164036
0.162184
0.178209
0.132523
0.146477
0.156317
0.170486
0.178178
0.179074
0.170702
0.170506
0.171705
0.171052
0.170643
0.144032
0.155743
0.181466
0.184063
0.183688
0.179040
0.177117
0.184396
0.186041
0.186376
0.178346
0.181533
0.184014
0.181818
0.178113
0.146765
0.165362
0.165515
0.165132
0.164482
0.166096
0.165914
0.166954
0.164199
0.174692
0.171024
0.164012
0.165400
0.166314
0.165993
0.165792
0.166176
0.166418
0.165945
0.156806
0.179040
0.192909
0.086128
0.186962
0.187046
0.185939
0.185611
0.189011
0.191146
0.186319
0.183527
0.185853
0.185278
0.164871
0.164919
0.170684
0.171294
0.171629
0.171269
0.137721
0.180022
0.183887
0.183542
0.184616
0.185646
0.185127
0.181206
0.179091
0.185018
0.189531
0.187777
0.176586
0.171433
0.168567
