197	216	106	39
172	210	128	36
169	197	114	32
154	177	114	36
138	166	115	38
111	161	107	39
81	163	108	38
76	170	104	35
67	176	108	36
67	182	106	33
74	187	101	34
93	197	100	33
99	207	108	34
107	227	102	31
111	245	101	29
120	253	105	32
128	259	97	29
133	264	97	28
136	263	100	30
138	254	105	31
149	247	104	33
156	238	99	32
162	238	97	30
150	234	104	32
150	234	96	30
141	239	98	29
131	242	101	30
130	239	98	31
125	244	95	29
116	243	100	30
120	245	94	27
130	246	92	29
141	242	89	31
150	239	90	30
150	236	89	30
150	233	88	30
147	228	89	30
151	222	88	29
155	217	87	29
161	214	84	30
159	211	86	29
159	216	85	28
154	215	88	28
149	223	89	29
150	224	85	29
149	229	85	28
161	228	82	28
165	233	82	27
169	234	81	27
178	238	81	27
187	235	80	28
190	236	80	28
191	233	77	28
191	230	78	28
194	228	79	28
196	227	76	28
195	224	77	27
191	228	79	28
192	225	72	28
184	229	74	27
183	227	74	27
177	229	72	30
169	233	75	29
167	238	73	28
160	242	73	27
158	241	68	27
159	244	72	29
169	244	71	27
187	234	68	27
205	224	67	27
214	214	69	28
216	210	71	28
218	205	69	27
218	202	67	29
218	199	68	29
204	202	67	30
195	197	66	30
193	201	64	30
196	198	65	31
196	202	66	30
197	206	60	30
192	205	60	30
186	210	63	28
183	213	63	28
180	209	60	34
177	215	61	30
176	212	58	35
174	218	60	30
173	214	57	34
170	213	60	34
167	202	60	36
165	192	63	37
170	184	61	37
170	181	60	34
171	175	60	36
169	171	62	33
171	168	57	34
169	167	56	35
166	166	57	36
159	163	57	36
153	167	54	37
149	162	57	40
139	167	57	38
139	165	55	37
132	169	54	37
135	167	57	36
145	170	54	36
148	171	55	42
162	172	57	39
182	177	48	38
195	179	50	41
203	178	50	41
207	181	49	43
210	183	50	42
220	187	47	40
223	182	48	42
220	180	49	43
224	177	47	44
222	181	46	44
223	173	43	45
217	177	46	45
216	175	45	43
213	178	43	43
212	176	44	43
204	176	45	45
202	180	45	43
201	177	45	44
201	181	43	43
200	186	41	41
201	182	45	45
205	180	43	43
201	175	42	47
200	172	43	45
196	164	42	48
195	155	43	45
192	151	42	48
193	148	41	45
200	142	41	47
213	137	42	48
216	136	43	49
223	136	37	46
221	133	40	49
227	139	35	44
218	137	40	47
214	140	44	49
214	145	37	46
210	148	42	46
204	153	44	44
201	155	44	48
198	160	37	46
193	164	42	46
191	167	44	48
190	175	41	46
186	178	44	47
189	182	36	46
196	186	41	46
198	188	44	49
201	192	37	46
206	192	42	46
211	194	39	48
211	192	39	47
209	196	43	47
210	192	40	49
212	187	36	50
208	189	42	47
210	187	45	45
207	185	40	45
206	189	43	43
206	185	43	47
207	191	36	43
204	188	40	47
200	193	43	43
199	191	44	47
194	196	41	44
193	201	42	41
195	204	42	42
198	203	42	42
207	208	42	40
213	210	45	37
217	213	46	36
231	215	42	39
245	210	41	36
254	205	42	35
255	206	46	35
257	208	45	32
256	212	45	30
257	210	44	30
257	211	43	29
257	209	42	29
254	211	47	30
255	209	45	30
253	213	44	28
243	215	42	24
232	217	43	24
221	221	43	21
208	225	41	20
200	228	39	19
192	230	43	18
188	233	42	19
184	228	43	16
188	220	41	15
203	212	42	14
223	207	41	14
238	203	41	14
250	200	43	14
263	196	42	14
273	193	41	16
281	191	40	16
284	192	40	19
288	194	41	17
298	189	40	21
303	186	39	23
305	183	41	23
307	179	41	24
303	175	40	25
293	170	40	26
277	168	41	26
270	178	41	28
263	186	41	27
250	195	42	30
231	204	43	29
215	206	42	31
205	208	39	32
198	203	39	34
194	203	38	33
189	198	40	36
190	187	45	34
203	171	45	35
204	159	41	39
207	152	43	36
206	145	41	38
208	140	43	40
212	149	41	40
210	157	41	39
209	158	39	44
212	159	40	41
207	165	44	44
199	168	42	45
187	175	39	48
180	174	39	48
176	178	42	47
174	176	36	50
171	175	41	50
173	175	36	49
191	168	43	50
211	157	42	52
221	150	45	51
235	146	38	49
243	140	42	52
252	150	40	52
258	157	37	55
262	155	36	53
266	156	35	52
260	154	38	54
258	154	36	53
256	148	35	52
243	143	34	57
212	141	39	56
184	152	37	55
161	169	36	54
147	186	36	53
141	200	35	52
132	207	34	57
116	211	35	56
108	216	31	53
113	217	29	51
121	216	35	52
133	204	32	57
144	205	29	51
150	202	31	52
149	200	28	54
144	204	26	53
140	205	26	50
141	209	29	49
143	210	30	51
145	209	26	53
149	213	26	50
153	213	24	49
159	214	28	46
167	211	24	48
171	215	23	46
174	217	22	44
179	220	25	41
186	223	26	36
192	223	24	41
190	222	21	42
187	226	20	40
186	234	23	34
191	232	19	38
188	240	21	31
188	242	21	35
188	244	22	36
186	248	19	38
181	245	18	27
163	243	17	22
152	225	13	40
142	209	15	48
129	207	15	44
112	208	15	42
97	205	15	46
91	203	15	42
86	197	16	46
85	197	16	44
89	202	18	44
96	205	16	44
104	210	18	43
113	212	17	43
116	214	17	43
112	220	18	44
107	227	19	44
101	231	18	45
98	237	19	44
104	235	19	45
114	230	21	45
129	221	23	44
145	224	22	43
158	227	25	42
174	229	23	43
184	235	24	42
174	241	21	43
154	248	24	41
149	254	24	43
146	262	23	41
141	267	24	41
141	262	25	43
146	258	26	42
149	253	27	42
156	237	29	40
156	225	27	41
151	220	27	40
151	217	26	39
153	219	28	40
156	219	27	39
159	222	26	39
160	224	28	40
167	229	31	40
175	233	28	38
172	239	32	39
170	247	28	36
164	248	31	38
164	255	31	37
165	250	32	37
168	242	33	35
166	231	33	37
165	224	34	36
168	211	33	38
175	195	35	37
184	183	35	37
195	178	35	39
195	179	30	36
189	177	33	35
188	179	33	35
180	189	34	37
179	203	32	36
177	217	32	35
178	230	32	34
180	234	33	37
173	239	32	34
175	242	33	34
175	243	32	36
173	237	33	35
169	232	32	34
167	227	34	33
163	222	34	32
166	215	34	32
169	211	34	33
166	207	32	32
159	204	33	32
159	201	33	31
160	197	35	31
151	193	34	33
133	196	34	32
120	193	36	33
118	191	35	31
118	189	34	30
116	187	35	30
120	188	33	26
127	184	33	27
145	180	32	26
160	187	32	26
167	192	32	25
171	193	34	27
174	197	33	24
179	200	34	23
181	206	35	25
180	206	35	24
183	200	34	25
188	200	35	23
191	196	34	25
193	193	34	23
194	185	36	27
194	180	37	25
185	177	37	24
171	176	38	24
149	174	38	24
132	173	41	24
127	169	38	25
120	174	37	25
108	179	39	26
103	176	38	26
99	179	40	25
97	196	42	25
99	220	39	26
97	242	40	29
105	250	41	27
108	253	40	27
107	249	41	29
107	244	42	28
109	234	43	30
115	227	43	29
121	215	45	31
124	223	44	30
122	234	43	29
122	232	42	32
119	228	44	32
115	225	44	34
110	222	45	34
105	214	47	38
103	206	47	36
101	201	46	33
98	197	46	37
94	194	49	33
92	187	48	36
99	183	50	34
103	181	51	37
106	181	51	39
109	184	53	40
108	184	53	41
120	186	52	45
133	191	54	42
145	198	52	46
143	201	54	47
146	203	56	40
140	202	57	43
141	198	55	39
138	189	55	47
135	182	55	45
129	174	56	50
116	167	59	48
108	158	58	54
102	152	57	54
96	146	57	54
92	150	60	53
90	154	57	54
109	161	61	50
126	163	60	53
137	175	57	57
139	182	62	51
139	177	61	54
145	181	57	55
140	179	61	54
138	177	59	55
133	173	62	57
131	165	65	60
132	162	64	60
132	155	63	59
133	154	63	55
137	147	64	57
140	148	61	52
144	141	62	54
142	137	59	56
137	129	62	46
137	119	62	54
135	112	63	56
137	113	57	51
133	110	59	52
131	109	57	48
143	111	58	42
151	113	59	45
157	112	56	46
161	117	57	45
166	120	55	46
170	120	55	46
165	124	55	45
161	128	55	45
159	133	54	45
158	137	54	45
158	142	54	43
162	150	53	43
166	154	53	43
169	158	53	43
178	167	53	42
192	175	52	43
203	182	52	38
211	184	53	40
211	192	52	40
213	196	54	41
218	197	52	41
222	202	51	37
223	205	48	39
222	208	48	39
221	201	50	35
221	191	48	36
218	181	50	38
222	178	49	39
219	171	49	39
215	165	48	38
216	165	46	34
214	166	47	38
212	172	46	41
216	181	45	39
214	191	43	38
214	199	42	41
213	211	42	42
221	219	42	41
224	213	42	40
228	204	42	41
228	190	40	42
232	182	40	41
237	176	36	44
237	178	39	48
236	182	34	47
240	190	32	45
235	197	34	45
232	202	32	49
228	206	32	47
226	209	31	48
224	213	31	48
223	221	31	46
222	221	30	50
226	220	27	52
229	220	27	51
232	221	26	50
236	221	25	48
243	213	25	53
247	213	24	52
250	211	24	53
253	210	24	53
256	209	24	55
259	211	23	52
257	215	23	55
252	221	24	51
249	223	24	53
244	222	28	50
241	225	27	51
235	228	30	50
229	221	31	52
222	217	32	51
213	213	36	51
206	210	37	51
199	209	42	49
195	205	41	46
190	206	42	43
182	206	44	43
175	206	44	42
173	201	47	41
177	201	48	40
185	203	48	35
188	207	49	33
188	211	48	32
192	215	47	31
194	218	49	31
196	216	52	31
200	215	51	32
203	216	52	29
206	220	52	27
207	214	50	30
210	215	52	27
208	219	51	26
208	216	51	26
206	216	51	25
202	216	51	24
198	221	50	21
193	218	51	23
189	214	50	23
183	210	53	20
180	203	51	20
184	201	49	21
189	200	50	19
187	200	51	19
183	198	51	18
186	196	50	18
194	193	49	18
193	193	50	17
192	192	49	17
191	191	47	17
192	192	47	17
194	194	48	17
194	209	47	17
193	217	47	17
192	220	46	17
192	225	44	17
191	228	47	16
197	230	48	17
197	220	44	17
194	207	45	18
195	198	45	17
194	192	43	17
195	186	45	18
195	182	44	19
194	184	43	19
192	193	41	19
187	200	42	19
182	204	43	20
178	203	42	19
176	204	41	19
165	201	43	18
159	191	43	19
154	174	41	17
150	160	41	18
147	154	41	18
144	149	42	18
142	146	40	19
144	152	41	19
151	176	40	18
159	195	41	18
168	213	41	18
171	239	39	18
174	253	38	18
182	257	41	19
192	260	39	18
197	265	41	18
199	267	40	18
193	268	41	16
188	270	40	17
185	276	40	17
190	282	39	18
192	290	39	17
192	294	37	17
190	296	39	17
196	298	40	17
199	300	39	17
201	301	39	17
201	304	37	16
200	298	38	16
198	298	38	16
195	294	38	15
193	290	37	16
187	287	38	16
181	286	39	17
174	281	39	17
168	280	39	16
166	277	36	17
162	274	38	15
160	269	36	14
158	266	36	15
156	263	36	15
155	259	36	15
154	257	37	16
155	255	37	16
161	255	38	15
166	252	37	16
172	249	36	15
177	247	36	16
181	245	36	16
186	244	36	16
189	243	35	15
191	242	36	14
193	244	35	14
194	245	36	15
193	252	36	15
193	257	33	15
190	257	34	14
185	257	36	14
184	257	36	14
182	256	35	13
180	254	36	14
178	252	37	15
177	249	34	16
174	249	33	14
174	245	31	15
173	243	33	14
171	240	34	15
177	238	32	13
183	235	32	14
184	235	33	13
186	238	33	14
190	237	33	14
191	236	34	15
197	236	34	15
202	234	32	15
206	236	32	15
208	239	31	13
210	242	32	14
211	246	33	14
211	251	33	13
210	254	33	14
213	256	31	13
212	258	31	13
212	258	32	13
212	259	32	14
213	258	33	13
212	258	32	14
212	255	32	14
213	255	31	14
211	254	30	16
209	251	31	17
208	252	31	18
206	251	32	19
205	253	33	16
206	252	31	18
207	254	32	16
209	253	30	16
207	255	32	14
210	254	31	15
209	256	31	14
209	258	31	14
208	260	32	14
208	262	30	14
203	261	31	15
203	263	29	15
201	262	28	15
198	264	31	14
196	266	30	15
195	268	30	15
194	271	29	16
194	274	29	14
193	275	29	14
193	277	29	14
193	279	29	14
194	279	28	14
195	279	29	14
194	278	31	13
198	276	29	16
200	275	30	15
202	274	30	14
203	273	31	14
206	272	28	14
207	271	29	14
209	271	29	13
209	269	29	16
210	271	29	15
210	269	28	17
207	268	30	18
203	268	31	16
202	269	30	18
200	268	32	19
200	271	29	17
198	269	30	18
197	271	29	19
196	275	29	19
195	276	30	19
195	280	30	19
194	282	30	19
197	284	28	19
195	281	29	19
198	277	32	19
202	277	29	17
203	274	30	18
206	266	30	18
207	262	31	18
210	260	30	16
212	261	30	18
210	260	31	17
210	263	29	16
209	261	30	18
207	263	27	16
205	263	28	17
204	266	30	15
203	265	28	17
202	268	30	15
202	266	28	17
201	269	30	15
200	268	29	17
196	269	30	16
197	269	28	15
196	268	28	17
195	269	29	15
194	268	29	17
194	270	28	15
194	266	28	16
192	266	29	17
194	265	28	16
193	263	29	17
195	261	28	16
194	254	28	17
196	252	28	18
199	249	28	15
206	246	28	17
210	244	29	17
214	241	27	18
217	241	28	18
220	240	27	17
222	244	26	17
222	249	27	17
220	255	29	17
218	260	26	18
215	265	26	17
214	270	25	17
213	273	26	17
211	275	27	17
211	274	27	17
210	277	26	15
210	277	27	16
208	271	28	14
208	265	27	13
209	262	26	14
209	258	26	13
208	252	26	12
207	245	26	13
209	243	26	12
211	240	25	12
210	239	26	11
212	237	25	12
215	241	23	10
214	244	23	10
214	245	24	10
213	246	24	13
212	248	23	11
212	247	22	11
211	245	22	12
211	245	22	11
215	243	21	10
217	240	20	11
218	236	21	11
217	234	21	12
218	231	21	10
218	227	21	12
218	228	22	13
221	228	18	11
222	230	16	12
219	230	19	12
221	232	18	12
218	231	18	12
218	231	18	12
216	229	20	12
219	225	19	12
223	224	18	12
224	219	18	12
225	216	18	13
224	213	18	12
225	207	19	13
225	206	19	13
224	203	18	13
224	202	18	13
222	205	17	14
222	207	17	12
219	206	18	15
218	208	18	13
216	205	20	16
214	203	20	14
215	201	19	15
218	198	19	17
221	195	18	18
223	192	18	16
224	191	19	15
225	189	19	17
229	187	19	19
231	188	19	19
231	189	19	17
232	190	18	18
230	191	20	18
229	192	19	19
227	196	20	19
225	198	19	19
223	200	20	19
222	201	19	19
218	202	20	20
217	206	19	19
214	210	19	19
211	211	19	19
208	213	20	20
206	212	19	20
202	212	20	20
200	212	20	19
199	214	20	19
202	211	20	20
205	212	21	19
207	211	20	20
207	210	20	20
209	208	20	19
210	208	21	18
214	206	20	18
216	205	20	19
218	204	20	18
218	205	21	18
217	208	20	19
218	209	21	19
217	213	19	19
217	215	21	19
217	218	20	19
216	218	20	19
215	222	20	18
214	222	21	17
214	225	19	19
213	227	21	19
211	231	20	18
212	230	21	17
214	231	21	18
217	232	21	19
221	232	22	19
225	232	21	18
227	231	21	19
231	231	21	18
233	230	21	18
234	228	21	19
236	227	22	18
238	225	20	18
239	224	21	19
241	224	22	17
242	225	21	18
242	223	20	17
242	224	22	18
243	225	22	18
244	224	22	19
244	226	21	18
245	228	21	19
247	230	21	19
247	231	21	19
251	232	22	19
256	232	21	18
259	233	22	19
264	234	21	20
267	234	22	19
269	233	21	20
273	234	21	20
274	233	22	21
273	232	21	21
272	232	20	20
270	231	20	20
264	229	22	23
256	226	20	22
248	225	21	23
240	224	21	21
234	226	20	22
225	225	20	23
217	227	21	22
213	226	20	22
209	225	21	23
208	227	21	22
206	224	21	24
203	226	21	24
198	224	22	23
196	226	22	23
195	222	22	23
194	223	22	24
192	224	22	24
188	225	20	26
182	230	22	25
179	232	21	24
177	236	22	25
175	235	19	26
171	240	21	25
169	240	22	28
169	239	20	27
171	240	20	28
172	238	19	27
176	240	20	27
178	238	21	28
181	239	19	26
183	236	20	27
189	234	19	29
192	230	21	32
191	229	20	28
193	226	19	29
194	224	19	32
192	224	20	31
190	221	20	33
188	222	18	32
192	223	19	32
192	222	19	30
189	223	19	32
185	222	20	31
190	220	20	33
195	219	21	33
201	220	21	35
207	223	22	32
209	228	21	33
208	233	21	33
212	238	21	31
214	238	23	33
221	240	22	33
224	239	22	35
226	241	22	34
228	241	24	35
225	240	23	34
224	240	23	34
225	238	24	35
225	237	23	35
224	235	23	34
222	233	22	35
225	231	27	35
229	227	25	37
230	226	26	36
230	225	25	36
231	225	27	36
236	223	27	37
239	225	28	38
238	223	28	38
245	227	26	36
249	226	30	36
253	228	26	37
254	225	30	39
258	226	27	37
266	224	26	38
265	227	30	37
267	222	27	40
264	222	31	39
272	220	28	38
271	218	31	39
269	218	32	38
272	214	31	41
275	211	31	39
277	215	32	38
275	209	32	39
274	207	32	42
272	206	33	40
266	205	33	40
261	204	35	39
260	202	33	38
255	200	34	39
253	197	35	40
246	194	33	41
235	191	32	40
228	187	34	40
225	184	30	38
222	180	32	38
215	179	35	38
209	183	35	37
212	187	35	35
215	185	35	38
224	181	35	37
235	185	35	35
242	183	35	36
251	186	34	35
257	190	35	34
264	196	35	33
267	199	33	33
265	197	34	36
265	201	33	33
265	200	32	34
260	198	34	34
257	197	33	35
249	197	34	32
240	195	32	34
229	191	33	32
220	191	31	31
210	187	31	30
200	185	33	31
196	181	31	31
191	180	31	30
191	186	31	27
188	191	30	29
191	199	29	27
199	206	30	28
209	208	28	30
215	209	28	28
217	210	29	30
219	207	30	29
223	208	27	27
224	204	30	27
225	203	29	25
224	197	30	27
225	197	29	26
224	197	28	25
223	196	27	25
218	198	29	25
219	206	27	22
221	212	27	22
223	219	26	22
224	226	25	19
225	229	28	18
231	231	26	18
235	233	27	17
240	235	26	17
239	234	27	17
241	231	27	17
241	231	26	17
241	230	27	17
243	229	25	17
239	225	26	17
238	227	25	14
235	223	25	13
230	218	26	14
228	215	26	15
225	217	24	14
223	213	25	15
221	214	26	15
222	211	27	16
220	209	28	21
216	210	32	21
219	209	31	21
228	215	28	17
232	217	30	18
235	219	31	19
237	222	33	17
242	226	32	17
243	230	29	18
242	234	31	18
240	239	32	17
240	241	31	15
239	243	31	15
239	244	30	18
235	244	31	15
233	242	30	14
231	244	28	14
227	242	30	13
224	233	31	16
226	227	30	14
231	226	31	14
233	226	30	13
233	228	30	13
239	230	31	13
245	231	31	14
247	235	29	14
247	236	32	15
250	241	30	15
250	241	32	13
251	243	31	14
250	244	31	14
249	243	31	17
247	242	33	15
243	244	31	16
243	246	32	15
241	248	32	15
240	249	30	15
237	250	31	17
237	254	31	15
239	259	31	15
247	261	29	14
247	265	32	15
247	264	31	14
246	261	30	16
244	258	34	15
242	251	31	16
241	244	30	16
241	233	31	17
239	223	32	15
238	218	32	17
239	214	31	16
239	210	31	17
237	206	31	15
235	200	29	17
233	197	31	16
228	195	30	18
224	194	31	17
220	191	32	16
216	189	30	18
213	184	28	15
211	177	30	15
220	166	28	16
232	160	29	15
240	158	29	17
251	159	30	15
262	159	29	14
270	160	27	15
276	162	28	15
280	172	28	17
281	180	29	16
285	188	26	16
288	195	28	16
289	201	29	17
292	207	27	15
294	211	27	16
294	212	26	17
294	208	27	16
287	197	26	17
279	187	28	17
274	186	28	18
266	182	28	18
257	181	29	18
246	180	29	18
241	183	29	16
235	187	28	16
232	188	29	17
229	194	27	16
224	200	28	17
221	206	28	15
216	210	28	16
211	214	29	17
210	218	29	16
207	219	29	17
206	224	30	16
215	226	28	15
218	229	29	17
219	232	30	15
223	236	29	15
228	237	28	17
231	239	30	15
233	240	31	17
230	243	31	15
231	245	29	14
232	244	31	17
236	246	31	15
239	249	29	14
241	251	28	15
247	252	29	16
255	256	29	15
258	258	30	15
263	260	29	16
264	263	29	17
267	266	30	15
271	265	30	17
272	266	32	16
273	268	31	15
272	263	30	17
271	266	31	16
266	268	30	16
259	265	30	18
244	268	31	14
229	265	30	15
219	263	29	14
212	254	29	14
207	243	31	15
206	229	31	15
207	216	32	14
208	209	30	14
209	206	31	14
209	204	31	14
209	202	30	15
208	201	30	14
208	204	28	14
207	208	27	14
207	212	27	14
209	216	27	15
210	224	28	14
211	234	28	14
208	241	28	14
209	246	27	14
212	252	28	16
211	260	28	14
212	265	27	14
213	268	28	16
222	270	28	14
233	267	27	16
246	265	26	15
254	263	27	15
258	259	27	16
259	256	29	14
259	254	28	14
256	252	27	16
252	250	26	17
246	248	27	15
240	247	27	16
238	243	25	17
240	240	25	16
242	236	25	16
240	234	24	16
240	233	23	16
236	235	23	15
231	242	22	15
225	248	23	16
218	252	23	16
214	256	22	15
215	257	23	16
222	258	23	16
228	258	21	15
232	257	21	16
233	251	22	16
231	247	20	15
228	241	20	17
224	240	18	15
224	236	17	16
230	232	16	16
234	231	14	14
233	229	14	14
239	229	10	12
243	229	12	13
247	228	10	13
246	227	10	13
244	227	11	13
243	224	12	14
246	224	11	13
247	223	12	14
244	227	15	13
242	230	14	11
240	231	15	15
239	232	13	15
234	235	16	14
233	236	16	16
231	237	16	16
229	240	13	16
224	246	16	15
223	251	16	16
224	260	16	13
223	268	14	14
216	274	17	15
209	277	16	16
203	278	16	16
196	280	16	16
192	281	17	17
190	280	17	17
199	278	17	17
202	280	20	14
203	278	17	17
200	276	17	17
206	276	17	17
211	270	18	18
209	265	14	20
205	262	17	17
202	251	15	17
205	239	17	15
215	225	16	16
214	218	16	16
214	213	19	16
220	207	19	18
232	204	21	15
241	199	21	16
241	197	20	18
241	203	17	17
239	203	17	15
240	206	19	13
237	203	18	16
235	202	20	17
235	207	19	15
233	207	20	17
229	210	22	15
227	210	21	15
224	210	21	14
220	208	19	15
215	208	21	14
211	205	21	14
207	200	20	17
202	199	21	15
197	199	20	12
193	200	21	16
191	201	18	16
186	200	21	17
189	200	21	15
191	201	19	14
195	201	20	13
199	200	20	13
205	200	19	13
208	200	20	13
216	198	19	13
227	194	21	13
246	191	18	13
263	189	19	11
271	194	20	13
276	206	19	11
279	213	19	11
280	219	20	12
281	224	19	13
280	225	19	12
279	225	20	12
279	224	20	13
274	224	19	14
267	224	20	13
261	224	19	13
255	224	19	13
245	224	19	13
239	223	19	12
234	223	21	12
227	225	19	11
218	228	20	12
210	232	21	10
205	235	19	10
200	239	19	10
194	240	20	10
191	240	19	10
187	240	19	10
185	236	19	10
184	230	19	10
185	225	19	10
194	221	20	10
214	216	19	10
224	212	18	10
226	208	19	10
228	206	18	10
229	204	19	10
231	204	18	10
232	202	19	10
235	201	18	10
238	203	18	10
243	208	18	10
246	213	18	10
249	222	18	10
250	227	18	10
251	229	20	10
254	231	19	10
255	230	18	10
256	231	18	10
258	231	18	10
260	231	18	10
257	230	19	10
245	230	18	10
234	230	20	10
229	226	19	10
224	219	20	10
218	215	19	10
213	211	19	10
210	207	21	10
206	204	19	10
201	202	21	10
200	202	19	10
197	206	19	10
194	209	20	10
193	212	19	10
192	213	19	10
195	213	20	10
205	212	20	10
212	210	21	10
215	205	20	10
218	202	22	11
221	202	21	10
223	200	19	10
224	199	21	11
222	198	21	12
221	198	20	12
218	198	21	13
218	194	22	12
220	193	21	13
220	192	21	13
220	191	22	13
220	188	22	13
222	189	22	14
221	186	22	14
223	185	21	14
224	184	22	14
226	182	22	14
227	180	22	14
228	178	23	14
232	177	21	14
234	180	21	14
233	180	22	17
231	180	23	16
234	182	21	15
232	180	21	16
229	181	22	15
229	178	22	18
225	178	22	17
220	177	23	19
215	176	23	17
213	175	22	18
211	172	23	19
209	173	23	19
208	172	21	20
209	171	23	20
211	173	22	20
212	177	23	20
214	178	22	21
220	180	23	21
226	182	23	21
230	180	22	21
232	182	22	22
233	179	24	22
240	182	22	21
241	179	24	24
244	179	23	23
245	181	23	23
247	178	24	24
247	180	23	24
249	178	23	24
249	179	23	24
249	179	22	24
247	177	22	25
245	180	23	24
243	178	23	26
242	180	22	25
241	177	23	26
239	178	22	25
241	177	23	26
242	179	24	27
245	184	24	25
251	186	24	26
256	191	24	26
264	194	24	24
269	195	23	26
273	196	24	28
272	199	23	26
277	201	22	27
277	203	22	27
276	202	22	27
272	207	24	28
270	206	22	28
261	208	23	29
249	210	23	28
245	212	20	28
239	213	22	28
235	215	23	27
231	215	24	27
229	217	23	28
228	214	23	28
229	212	20	28
230	215	22	27
228	212	23	28
230	216	23	25
230	214	22	28
232	217	22	26
234	217	23	27
235	218	24	27
235	218	22	28
238	223	25	26
237	222	23	28
240	225	23	26
239	227	23	26
241	230	23	25
241	232	23	25
241	233	23	26
243	233	24	24
240	232	24	24
239	232	23	24
240	230	23	24
240	229	23	24
240	229	23	23
238	232	23	22
240	231	23	20
239	232	24	21
240	231	24	22
236	233	23	21
234	235	24	20
234	232	24	19
231	228	23	19
228	225	23	17
226	221	24	16
227	219	24	18
226	218	24	16
224	216	24	16
223	216	23	16
223	217	24	15
222	216	23	13
220	217	24	14
220	219	23	14
219	220	23	15
220	224	23	13
220	226	24	12
222	230	23	12
223	232	23	13
224	234	23	12
226	238	23	11
226	234	25	11
228	231	23	10
231	228	24	10
232	229	24	10
235	227	24	10
239	228	23	10
242	227	24	10
245	229	24	10
249	230	24	10
250	232	24	10
253	232	24	10
256	233	24	10
257	233	24	10
260	234	24	10
262	232	24	10
260	233	24	10
256	235	24	10
255	234	22	10
247	235	24	11
237	234	23	11
231	235	24	11
230	234	22	11
229	236	23	11
222	235	22	11
216	236	23	13
215	237	23	12
215	238	23	14
214	240	24	12
214	241	23	12
214	240	23	14
215	241	24	14
215	240	23	13
216	236	24	15
218	234	24	15
220	231	23	15
223	231	23	15
226	231	23	15
234	230	22	15
240	232	23	15
246	231	23	15
249	231	23	15
254	233	22	15
255	233	23	18
257	234	23	18
257	235	24	19
256	235	24	19
254	238	23	17
249	239	24	18
243	241	23	19
239	242	23	20
232	244	23	19
229	243	23	18
225	246	23	19
223	244	23	20
221	243	22	19
220	241	23	20
217	241	23	20
215	240	22	20
215	239	23	18
214	235	23	20
213	234	23	20
212	234	24	20
212	233	24	20
214	235	24	20
216	235	24	20
215	236	24	19
217	237	24	19
217	237	23	19
218	239	25	18
220	241	23	19
220	240	23	19
222	239	23	19
221	240	23	20
221	240	24	19
219	237	23	19
215	235	23	20
212	234	24	21
207	234	24	22
203	235	24	22
198	234	25	21
196	234	25	21
193	234	24	21
192	233	24	21
189	233	25	20
187	232	25	20
185	232	24	18
185	229	23	20
182	228	24	20
183	227	24	20
181	226	24	21
180	227	25	20
180	226	25	21
180	228	25	21
185	228	25	20
191	228	25	22
198	231	25	19
200	228	26	21
204	230	23	21
207	229	25	21
209	231	25	22
213	231	26	21
213	229	26	23
216	231	23	23
218	228	24	23
220	228	24	24
217	223	24	23
216	220	24	24
213	215	24	23
212	211	25	23
207	208	23	23
202	206	24	23
196	204	24	24
192	200	25	25
187	199	24	25
185	197	25	27
185	196	25	26
185	194	25	26
184	193	25	26
182	195	23	26
183	193	25	27
182	195	25	26
184	193	25	28
187	196	24	27
187	197	26	28
189	200	25	27
191	201	25	28
194	201	24	29
196	203	25	30
198	203	24	28
200	205	25	29
201	203	26	32
198	206	23	30
195	205	26	31
196	205	23	31
195	204	26	32
197	207	25	32
199	202	25	34
202	204	25	33
201	204	23	32
199	206	25	33
198	209	23	32
194	208	26	34
192	212	24	33
186	211	27	36
185	214	25	34
178	212	26	35
176	213	27	36
170	211	28	35
167	214	25	34
160	211	30	35
157	211	28	35
154	212	28	34
148	211	30	35
143	209	29	35
138	211	29	35
135	208	29	35
134	210	30	35
136	207	31	35
136	210	32	34
139	205	32	36
145	206	32	32
147	208	33	33
154	206	34	34
161	209	33	34
167	207	37	35
176	211	32	32
177	207	35	36
175	211	34	32
172	208	36	36
169	211	35	35
171	207	36	38
168	208	33	36
166	207	38	37
166	211	36	36
163	205	37	39
164	210	37	37
162	207	38	38
161	210	39	38
163	205	39	39
162	209	40	38
164	202	42	42
166	208	41	38
169	202	41	41
172	202	41	41
177	202	40	40
179	199	43	43
184	200	42	42
187	197	43	42
196	201	41	41
193	196	45	46
191	196	43	43
188	196	45	44
192	194	45	45
190	199	46	43
193	196	49	43
189	195	46	44
192	195	46	43
188	198	49	43
192	193	50	44
187	197	48	43
182	192	49	44
176	196	51	42
174	192	50	44
171	197	51	43
166	191	51	45
162	198	52	38
166	195	53	43
165	199	53	43
166	197	54	42
170	200	53	43
178	202	53	38
186	203	54	43
190	207	53	42
193	209	56	38
197	209	55	44
201	214	55	43
205	213	55	43
214	214	54	42
221	211	57	43
229	203	59	45
234	201	57	41
238	198	58	43
238	191	60	45
241	190	61	41
246	186	60	44
237	187	61	41
237	184	60	40
242	182	58	43
249	183	62	40
258	187	67	40
263	183	65	41
275	187	66	42
287	191	67	42
299	196	67	43
310	200	67	43
320	205	72	43
334	209	70	45
350	215	70	40
362	214	71	41
374	219	72	40
383	224	72	38
388	222	70	37
398	221	68	36
406	221	71	35
410	217	69	38
407	222	69	36
393	219	75	35
391	229	69	34
383	234	69	32
374	242	67	33
359	245	67	36
345	250	66	35
335	255	64	32
331	254	69	32
325	258	66	31
306	253	71	30
289	257	69	31
272	252	72	29
262	257	71	29
247	252	70	27
234	255	67	29
223	257	71	26
220	261	67	26
217	262	68	25
207	266	71	25
204	269	68	25
198	273	67	24
190	276	69	24
188	280	66	23
179	278	71	22
174	273	71	23
165	270	72	21
159	261	72	22
155	253	69	21
148	255	65	22
141	250	68	20
141	249	67	21
140	248	67	21
139	249	65	22
133	248	65	22
134	252	63	22
137	255	63	21
133	254	67	19
131	256	64	21
129	260	64	21
132	257	63	21
128	261	66	21
125	258	64	21
119	258	60	21
110	258	64	20
109	256	62	20
108	255	61	20
112	252	59	20
112	250	59	20
119	248	59	19
126	246	57	20
131	249	58	19
137	255	57	20
145	260	56	20
158	264	56	20
182	268	55	19
208	273	56	20
232	281	56	20
252	292	52	19
272	297	58	20
288	300	57	19
306	302	51	20
322	301	54	19
332	295	53	21
327	292	54	20
318	288	53	19
317	284	52	21
322	282	54	22
329	279	52	23
324	275	54	23
323	273	55	24
325	272	56	22
324	269	55	23
318	264	51	29
309	265	52	26
299	263	49	26
286	261	50	28
272	266	51	25
262	264	48	24
254	261	51	27
257	260	50	28
264	259	51	25
268	256	48	24
274	254	48	23
279	251	49	22
281	249	51	22
280	247	51	23
287	246	48	21
295	245	43	21
301	247	45	18
310	257	41	17
321	266	36	18
330	278	36	17
338	296	33	16
345	321	38	14
352	344	32	12
359	341	10	10
359	342	10	10
360	342	10	10
360	343	10	10
361	343	10	10
361	344	10	10
362	344	10	10
362	345	10	10
363	345	10	10
363	345	10	10
364	346	10	10
364	346	10	10
364	347	10	10
365	347	10	10
365	348	10	10
366	348	10	10
366	348	10	10
367	349	10	10
367	349	10	10
368	350	10	10
368	350	10	10
369	350	10	10
369	350	10	10
370	350	10	10
370	350	10	10
371	350	10	10
371	350	10	10
372	350	10	10
372	350	10	10
373	350	10	10
373	350	10	10
373	350	10	10
374	350	10	10
374	350	10	10
375	350	10	10
375	350	10	10
376	350	10	10
376	350	10	10
377	350	10	10
377	350	10	10
378	350	10	10
378	350	10	10
379	350	10	10
379	350	10	10
380	350	10	10
380	350	10	10
381	350	10	10
381	350	10	10
382	350	10	10
382	350	10	10
382	350	10	10
383	350	10	10
383	350	10	10
384	350	10	10
384	350	10	10
385	350	10	10
385	350	10	10
386	350	10	10
386	350	10	10
387	350	10	10
387	350	10	10
388	350	10	10
388	350	10	10
389	350	10	10
389	350	10	10
390	350	10	10
390	350	10	10
391	350	10	10
391	350	10	10
391	350	10	10
392	350	10	10
392	350	10	10
393	350	10	10
393	350	10	10
394	350	10	10
394	350	10	10
395	350	10	10
395	350	10	10
396	350	10	10
396	350	10	10
397	350	10	10
397	350	10	10
398	350	10	10
398	350	10	10
399	350	10	10
399	350	10	10
400	350	10	10
400	350	10	10
400	350	10	10
401	350	10	10
401	350	10	10
402	350	10	10
402	350	10	10
403	350	10	10
403	350	10	10
404	350	10	10
404	350	10	10
405	350	10	10
405	350	10	10
406	350	10	10
406	350	10	10
407	350	10	10
407	350	10	10
408	350	10	10
408	350	10	10
409	350	10	10
409	350	10	10
409	350	10	10
410	350	10	10
410	350	10	10
411	350	10	10
411	350	10	10
412	350	10	10
412	350	10	10
413	350	10	10
413	350	10	10
414	350	10	10
414	350	10	10
415	350	10	10
415	350	10	10
416	350	10	10
416	350	10	10
417	350	10	10
417	350	10	10
418	350	10	10
418	350	10	10
418	350	10	10
419	350	10	10
419	350	10	10
420	350	10	10
420	350	10	10
421	350	10	10
421	350	10	10
422	350	10	10
422	350	10	10
423	350	10	10
423	350	10	10
424	350	10	10
424	350	10	10
425	350	10	10
425	350	10	10
426	350	10	10
426	350	10	10
427	350	10	10
427	350	10	10
427	350	10	10
428	350	10	10
428	350	10	10
429	350	10	10
429	350	10	10
430	350	10	10
430	350	10	10
431	350	10	10
431	350	10	10
432	350	10	10
432	350	10	10
433	350	10	10
433	350	10	10
434	350	10	10
434	350	10	10
435	350	10	10
435	350	10	10
436	350	10	10
436	350	10	10
436	350	10	10
437	350	10	10
437	350	10	10
438	350	10	10
438	350	10	10
439	350	10	10
439	350	10	10
440	350	10	10
440	350	10	10
441	350	10	10
441	350	10	10
442	350	10	10
442	350	10	10
443	350	10	10
443	350	10	10
444	350	10	10
444	350	10	10
445	350	10	10
445	350	10	10
446	350	10	10
446	350	10	10
446	350	10	10
447	350	10	10
447	350	10	10
448	350	10	10
448	350	10	10
449	350	10	10
449	350	10	10
450	350	10	10
450	350	10	10
451	350	10	10
451	350	10	10
452	350	10	10
452	350	10	10
453	350	10	10
453	350	10	10
454	350	10	10
454	350	10	10
455	350	10	10
441	350	10	10
442	350	10	10
442	350	10	10
443	350	10	10
443	350	10	10
444	350	10	10
444	350	10	10
445	350	10	10
445	350	10	10
446	350	10	10
446	350	10	10
447	350	10	10
447	350	10	10
448	350	10	10
448	350	10	10
448	350	10	10
449	350	10	10
449	350	10	10
450	350	10	10
450	350	10	10
451	350	10	10
451	350	10	10
452	350	10	10
452	350	10	10
453	350	10	10
453	350	10	10
454	350	10	10
454	350	10	10
455	350	10	10
455	350	10	10
456	350	10	10
456	350	10	10
457	350	10	10
457	350	10	10
457	350	10	10
458	350	10	10
458	350	10	10
459	350	10	10
459	350	10	10
460	350	10	10
460	350	10	10
461	350	10	10
461	350	10	10
462	350	10	10
462	350	10	10
463	350	10	10
463	350	10	10
464	350	10	10
464	350	10	10
465	350	10	10
465	350	10	10
466	350	10	10
466	350	10	10
466	350	10	10
467	350	10	10
467	350	10	10
468	350	10	10
468	350	10	10
470	350	10	10
470	350	10	10
470	350	10	10
470	350	10	10
470	350	10	10
470	350	10	10
470	350	10	10
470	350	10	10
470	350	10	10
470	350	10	10
470	350	10	10
470	350	10	10
470	350	10	10
470	350	10	10
470	350	10	10
470	350	10	10
470	350	10	10
470	350	10	10
470	350	10	10
470	350	10	10
470	350	10	10
470	350	10	10
470	350	10	10
470	350	10	10
470	350	10	10
470	350	10	10
470	350	10	10
470	350	10	10
470	350	10	10
470	350	10	10
470	350	10	10
470	350	10	10
470	350	10	10
470	350	10	10
470	350	10	10
470	350	10	10
470	350	10	10
470	350	10	10
470	350	10	10
470	350	10	10
470	350	10	10
470	350	10	10
470	350	10	10
470	350	10	10
470	350	10	10
470	350	10	10
470	350	10	10
470	350	10	10
470	350	10	10
470	350	10	10
470	350	10	10
470	350	10	10
470	350	10	10
470	350	10	10
470	350	10	10
470	350	10	10
470	350	10	10
470	350	10	10
470	350	10	10
470	350	10	10
470	350	10	10
470	350	10	10
470	350	10	10
470	350	10	10
470	350	10	10
470	350	10	10
470	350	10	10
470	350	10	10
470	350	10	10
470	350	10	10
470	350	10	10
470	350	10	10
470	350	10	10
470	350	10	10
470	350	10	10
470	350	10	10
470	350	10	10
470	350	10	10
470	350	10	10
470	350	10	10
470	350	10	10
470	350	10	10
470	350	10	10
470	350	10	10
470	350	10	10
470	350	10	10
470	350	10	10
470	350	10	10
470	350	10	10
470	350	10	10
470	350	10	10
470	350	10	10
470	350	10	10
470	350	10	10
470	350	10	10
470	350	10	10
470	350	10	10
470	350	10	10
470	350	10	10
470	350	10	10
470	350	10	10
470	350	10	10
470	350	10	10
470	350	10	10
470	350	10	10
470	350	10	10
470	350	10	10
470	350	10	10
470	350	10	10
470	350	10	10
470	350	10	10
470	350	10	10
470	350	10	10
470	350	10	10
470	350	10	10
470	350	10	10
470	350	10	10
470	350	10	10
470	350	10	10
470	350	10	10
470	350	10	10
470	350	10	10
470	350	10	10
470	350	10	10
470	350	10	10
470	350	10	10
470	350	10	10
470	350	10	10
470	350	10	10
470	350	10	10
470	350	10	10
470	350	10	10
470	350	10	10
470	350	10	10
470	350	10	10
470	350	10	10
470	350	10	10
470	350	10	10
470	350	10	10
470	350	10	10
470	350	10	10
470	350	10	10
470	350	10	10
470	350	10	10
470	350	10	10
470	350	10	10
470	350	10	10
470	350	10	10
470	350	10	10
470	350	10	10
470	350	10	10
470	350	10	10
470	350	10	10
470	350	10	10
470	350	10	10
470	350	10	10
470	350	10	10
470	350	10	10
470	350	10	10
470	350	10	10
470	350	10	10
470	350	10	10
470	350	10	10
470	350	10	10
470	350	10	10
470	350	10	10
470	350	10	10
470	350	10	10
470	350	10	10
470	350	10	10
470	350	10	10
470	350	10	10
470	350	10	10
470	350	10	10
470	350	10	10
470	350	10	10
470	350	10	10
470	350	10	10
470	350	10	10
470	350	10	10
470	350	10	10
470	350	10	10
470	350	10	10
470	350	10	10
470	350	10	10
470	350	10	10
470	350	10	10
470	350	10	10
470	350	10	10
470	350	10	10
470	350	10	10
470	350	10	10
470	350	10	10
470	350	10	10
470	350	10	10
470	350	10	10
470	350	10	10
470	350	10	10
470	350	10	10
470	350	10	10
470	350	10	10
470	350	10	10
470	350	10	10
470	350	10	10
470	350	10	10
470	350	10	10
470	350	10	10
470	350	10	10
470	350	10	10
470	350	10	10
470	350	10	10
470	350	10	10
470	350	10	10
470	350	10	10
470	350	10	10
470	350	10	10
470	350	10	10
470	350	10	10
470	350	10	10
470	350	10	10
470	350	10	10
470	350	10	10
470	350	10	10
470	350	10	10
470	350	10	10
470	350	10	10
470	350	10	10
470	350	10	10
470	350	10	10
470	350	10	10
470	350	10	10
470	350	10	10
470	350	10	10
470	350	10	10
470	350	10	10
470	350	10	10
470	350	10	10
470	350	10	10
470	350	10	10
470	350	10	10
470	350	10	10
470	350	10	10
470	350	10	10
470	350	10	10
470	350	10	10
470	350	10	10
470	350	10	10
470	350	10	10
470	350	10	10
470	350	10	10
470	350	10	10
470	350	10	10
470	350	10	10
470	350	10	10
470	350	10	10
470	350	10	10
470	350	10	10
470	350	10	10
470	350	10	10
470	350	10	10
470	350	10	10
470	350	10	10
470	350	10	10
470	350	10	10
470	350	10	10
470	350	10	10
470	350	10	10
470	350	10	10
470	350	10	10
470	350	10	10
470	350	10	10
470	350	10	10
470	350	10	10
470	350	10	10
470	350	10	10
470	350	10	10
470	350	10	10
470	350	10	10
470	350	10	10
470	350	10	10
470	350	10	10
470	350	10	10
470	350	10	10
470	350	10	10
470	350	10	10
470	350	10	10
470	350	10	10
470	350	10	10
470	350	10	10
470	350	10	10
470	350	10	10
470	350	10	10
470	350	10	10
470	350	10	10
470	350	10	10
470	350	10	10
470	350	10	10
470	350	10	10
470	350	10	10
470	350	10	10
470	350	10	10
470	350	10	10
470	350	10	10
470	350	10	10
470	350	10	10
470	350	10	10
470	350	10	10
470	350	10	10
470	350	10	10
470	350	10	10
470	350	10	10
470	350	10	10
470	350	10	10
470	350	10	10
470	350	10	10
470	350	10	10
470	350	10	10
470	350	10	10
470	350	10	10
470	350	10	10
470	350	10	10
470	350	10	10
470	350	10	10
470	350	10	10
470	350	10	10
470	350	10	10
470	350	10	10
470	350	10	10
470	350	10	10
470	350	10	10
470	350	10	10
470	350	10	10
470	350	10	10
470	350	10	10
470	350	10	10
470	350	10	10
470	350	10	10
470	350	10	10
470	350	10	10
470	350	10	10
470	350	10	10
470	350	10	10
470	350	10	10
470	350	10	10
470	350	10	10
470	350	10	10
470	350	10	10
470	350	10	10
470	350	10	10
470	350	10	10
470	350	10	10
470	350	10	10
470	350	10	10
470	350	10	10
470	350	10	10
470	350	10	10
470	350	10	10
470	350	10	10
470	350	10	10
470	350	10	10
470	350	10	10
470	350	10	10
470	350	10	10
470	350	10	10
470	350	10	10
470	350	10	10
470	350	10	10
470	350	10	10
470	350	10	10
470	350	10	10
470	350	10	10
470	350	10	10
470	350	10	10
470	350	10	10
470	350	10	10
470	350	10	10
470	350	10	10
470	350	10	10
470	350	10	10
470	350	10	10
470	350	10	10
470	350	10	10
470	350	10	10
470	350	10	10
470	350	10	10
470	350	10	10
470	350	10	10
470	350	10	10
470	350	10	10
470	350	10	10
470	350	10	10
470	350	10	10
470	350	10	10
470	350	10	10
470	350	10	10
470	350	10	10
470	350	10	10
470	350	10	10
470	350	10	10
470	350	10	10
470	350	10	10
470	350	10	10
470	350	10	10
470	350	10	10
470	350	10	10
470	350	10	10
470	350	10	10
470	350	10	10
470	350	10	10
470	350	10	10
470	350	10	10
470	350	10	10
470	350	10	10
470	350	10	10
470	350	10	10
470	350	10	10
470	350	10	10
470	350	10	10
470	350	10	10
470	350	10	10
470	350	10	10
470	350	10	10
470	350	10	10
470	350	10	10
470	350	10	10
470	350	10	10
470	350	10	10
470	350	10	10
470	350	10	10
470	350	10	10
470	350	10	10
470	350	10	10
470	350	10	10
470	350	10	10
470	350	10	10
470	350	10	10
470	350	10	10
470	350	10	10
470	350	10	10
470	350	10	10
470	350	10	10
470	350	10	10
470	350	10	10
470	350	10	10
470	350	10	10
470	350	10	10
470	350	10	10
470	350	10	10
470	350	10	10
470	350	10	10
470	350	10	10
470	350	10	10
470	350	10	10
470	350	10	10
470	350	10	10
470	350	10	10
470	350	10	10
470	350	10	10
470	350	10	10
470	350	10	10
470	350	10	10
470	350	10	10
470	350	10	10
470	350	10	10
470	350	10	10
470	350	10	10
470	350	10	10
470	350	10	10
470	350	10	10
470	350	10	10
470	350	10	10
470	350	10	10
470	350	10	10
470	350	10	10
470	350	10	10
470	350	10	10
470	350	10	10
470	350	10	10
470	350	10	10
470	350	10	10
470	350	10	10
470	350	10	10
470	350	10	10
470	350	10	10
470	350	10	10
470	350	10	10
470	350	10	10
470	350	10	10
470	350	10	10
470	350	10	10
470	350	10	10
470	350	10	10
470	350	10	10
470	350	10	10
470	350	10	10
470	350	10	10
470	350	10	10
470	350	10	10
470	350	10	10
470	350	10	10
470	350	10	10
470	350	10	10
470	350	10	10
470	350	10	10
470	350	10	10
470	350	10	10
470	350	10	10
470	350	10	10
470	350	10	10
470	350	10	10
470	350	10	10
470	350	10	10
470	350	10	10
470	350	10	10
470	350	10	10
470	350	10	10
470	350	10	10
470	350	10	10
470	350	10	10
470	350	10	10
470	350	10	10
470	350	10	10
470	350	10	10
470	350	10	10
470	350	10	10
470	350	10	10
470	350	10	10
470	350	10	10
470	350	10	10
470	350	10	10
470	350	10	10
470	350	10	10
470	350	10	10
470	350	10	10
470	350	10	10
470	350	10	10
470	350	10	10
470	350	10	10
470	350	10	10
470	350	10	10
470	350	10	10
470	350	10	10
470	350	10	10
470	350	10	10
470	350	10	10
470	350	10	10
470	350	10	10
470	350	10	10
470	350	10	10
470	350	10	10
470	350	10	10
470	350	10	10
470	350	10	10
470	350	10	10
470	350	10	10
470	350	10	10
470	350	10	10
470	350	10	10
470	350	10	10
470	350	10	10
470	350	10	10
470	350	10	10
470	350	10	10
470	350	10	10
470	350	10	10
470	350	10	10
470	350	10	10
470	350	10	10
470	350	10	10
470	350	10	10
470	350	10	10
470	350	10	10
470	350	10	10
470	350	10	10
470	350	10	10
470	350	10	10
470	350	10	10
470	350	10	10
470	350	10	10
470	350	10	10
470	350	10	10
470	350	10	10
470	350	10	10
470	350	10	10
470	350	10	10
470	350	10	10
470	350	10	10
470	350	10	10
470	350	10	10
470	350	10	10
470	350	10	10
470	350	10	10
470	350	10	10
470	350	10	10
470	350	10	10
470	350	10	10
470	350	10	10
470	350	10	10
470	350	10	10
470	350	10	10
470	350	10	10
470	350	10	10
470	350	10	10
470	350	10	10
470	350	10	10
470	350	10	10
470	350	10	10
470	350	10	10
470	350	10	10
470	350	10	10
470	350	10	10
470	350	10	10
470	350	10	10
470	350	10	10
470	350	10	10
470	350	10	10
470	350	10	10
470	350	10	10
470	350	10	10
470	350	10	10
470	350	10	10
470	350	10	10
470	350	10	10
470	350	10	10
470	350	10	10
470	350	10	10
470	350	10	10
470	350	10	10
470	350	10	10
470	350	10	10
470	350	10	10
470	350	10	10
470	350	10	10
470	350	10	10
470	350	10	10
470	350	10	10
470	350	10	10
470	350	10	10
470	350	10	10
470	350	10	10
470	350	10	10
470	350	10	10
470	350	10	10
470	350	10	10
470	350	10	10
470	350	10	10
470	350	10	10
470	350	10	10
470	350	10	10
470	350	10	10
470	350	10	10
470	350	10	10
470	350	10	10
470	350	10	10
470	350	10	10
470	350	10	10
470	350	10	10
470	350	10	10
470	350	10	10
470	350	10	10
470	350	10	10
470	350	10	10
470	350	10	10
470	350	10	10
470	350	10	10
470	350	10	10
470	350	10	10
470	350	10	10
470	350	10	10
470	350	10	10
470	350	10	10
470	350	10	10
470	350	10	10
470	350	10	10
470	350	10	10
470	350	10	10
470	350	10	10
470	350	10	10
470	350	10	10
470	350	10	10
470	350	10	10
470	350	10	10
470	350	10	10
470	350	10	10
470	350	10	10
470	350	10	10
470	350	10	10
470	350	10	10
470	350	10	10
470	350	10	10
470	350	10	10
470	350	10	10
470	350	10	10
470	350	10	10
470	350	10	10
470	350	10	10
470	350	10	10
470	350	10	10
470	350	10	10
470	350	10	10
470	350	10	10
470	350	10	10
470	350	10	10
470	350	10	10
470	350	10	10
470	350	10	10
470	350	10	10
470	350	10	10
470	350	10	10
470	350	10	10
470	350	10	10
470	350	10	10
470	350	10	10
470	350	10	10
470	350	10	10
470	350	10	10
470	350	10	10
470	350	10	10
470	350	10	10
470	350	10	10
470	350	10	10
470	350	10	10
470	350	10	10
470	350	10	10
470	350	10	10
470	350	10	10
470	350	10	10
470	350	10	10
470	350	10	10
470	350	10	10
470	350	10	10
470	350	10	10
470	350	10	10
470	350	10	10
470	350	10	10
470	350	10	10
470	350	10	10
470	350	10	10
470	350	10	10
470	350	10	10
470	350	10	10
470	350	10	10
470	350	10	10
470	350	10	10
470	350	10	10
470	350	10	10
470	350	10	10
470	350	10	10
470	350	10	10
470	350	10	10
470	350	10	10
470	350	10	10
470	350	10	10
470	350	10	10
470	350	10	10
470	350	10	10
470	350	10	10
470	350	10	10
470	350	10	10
470	350	10	10
470	350	10	10
470	350	10	10
470	350	10	10
470	350	10	10
470	350	10	10
470	350	10	10
470	350	10	10
470	350	10	10
470	350	10	10
470	350	10	10
470	350	10	10
470	350	10	10
470	350	10	10
470	350	10	10
470	350	10	10
470	350	10	10
470	350	10	10
470	350	10	10
470	350	10	10
470	350	10	10
470	350	10	10
470	350	10	10
470	350	10	10
470	350	10	10
470	350	10	10
470	350	10	10
470	350	10	10
470	350	10	10
470	350	10	10
470	350	10	10
470	350	10	10
470	350	10	10
470	350	10	10
470	350	10	10
470	350	10	10
470	350	10	10
470	350	10	10
470	350	10	10
470	350	10	10
470	350	10	10
470	350	10	10
470	350	10	10
470	350	10	10
470	350	10	10
470	350	10	10
470	350	10	10
470	350	10	10
470	350	10	10
470	350	10	10
470	350	10	10
470	350	10	10
470	350	10	10
470	350	10	10
470	350	10	10
470	350	10	10
470	350	10	10
470	350	10	10
470	350	10	10
470	350	10	10
470	350	10	10
470	350	10	10
470	350	10	10
470	350	10	10
470	350	10	10
470	350	10	10
470	350	10	10
470	350	10	10
470	350	10	10
470	350	10	10
470	350	10	10
470	350	10	10
470	350	10	10
470	350	10	10
470	350	10	10
470	350	10	10
470	350	10	10
470	350	10	10
470	350	10	10
470	350	10	10
470	350	10	10
470	350	10	10
470	350	10	10
470	350	10	10
470	350	10	10
470	350	10	10
470	350	10	10
470	350	10	10
470	350	10	10
470	350	10	10
470	350	10	10
470	350	10	10
470	350	10	10
470	350	10	10
470	350	10	10
470	350	10	10
470	350	10	10
470	350	10	10
470	350	10	10
470	350	10	10
470	350	10	10
470	350	10	10
470	350	10	10
470	350	10	10
470	350	10	10
470	350	10	10
470	350	10	10
470	350	10	10
470	350	10	10
470	350	10	10
470	350	10	10
470	350	10	10
470	350	10	10
470	350	10	10
470	350	10	10
470	350	10	10
470	350	10	10
470	350	10	10
470	350	10	10
470	350	10	10
470	350	10	10
470	350	10	10
470	350	10	10
470	350	10	10
470	350	10	10
470	350	10	10
470	350	10	10
470	350	10	10
470	350	10	10
470	350	10	10
470	350	10	10
470	350	10	10
470	350	10	10
470	350	10	10
470	350	10	10
470	350	10	10
470	350	10	10
470	350	10	10
470	350	10	10
470	350	10	10
470	350	10	10
470	350	10	10
470	350	10	10
470	350	10	10
470	350	10	10
470	350	10	10
470	350	10	10
470	350	10	10
470	350	10	10
470	350	10	10
470	350	10	10
470	350	10	10
470	350	10	10
470	350	10	10
470	350	10	10
470	350	10	10
470	350	10	10
470	350	10	10
470	350	10	10
470	350	10	10
470	350	10	10
470	350	10	10
470	350	10	10
470	350	10	10
470	350	10	10
470	350	10	10
470	350	10	10
470	350	10	10
470	350	10	10
470	350	10	10
470	350	10	10
470	350	10	10
470	350	10	10
470	350	10	10
470	350	10	10
470	350	10	10
470	350	10	10
470	350	10	10
470	350	10	10
470	350	10	10
470	350	10	10
470	350	10	10
470	350	10	10
470	350	10	10
470	350	10	10
470	350	10	10
470	350	10	10
470	350	10	10
470	350	10	10
470	350	10	10
470	350	10	10
470	350	10	10
470	350	10	10
470	350	10	10
470	350	10	10
470	350	10	10
470	350	10	10
470	350	10	10
470	350	10	10
470	350	10	10
470	350	10	10
470	350	10	10
470	350	10	10
470	350	10	10
470	350	10	10
470	350	10	10
470	350	10	10
470	350	10	10
470	350	10	10
470	350	10	10
470	350	10	10
470	350	10	10
470	350	10	10
470	350	10	10
470	350	10	10
470	350	10	10
470	350	10	10
470	350	10	10
470	350	10	10
470	350	10	10
470	350	10	10
470	350	10	10
470	350	10	10
470	350	10	10
470	350	10	10
470	350	10	10
470	350	10	10
470	350	10	10
470	350	10	10
470	350	10	10
470	350	10	10
470	350	10	10
470	350	10	10
470	350	10	10
470	350	10	10
470	350	10	10
470	350	10	10
470	350	10	10
470	350	10	10
470	350	10	10
470	350	10	10
470	350	10	10
470	350	10	10
470	350	10	10
470	350	10	10
470	350	10	10
470	350	10	10
470	350	10	10
470	350	10	10
470	350	10	10
470	350	10	10
470	350	10	10
470	350	10	10
470	350	10	10
470	350	10	10
470	350	10	10
470	350	10	10
470	350	10	10
470	350	10	10
470	350	10	10
470	350	10	10
470	350	10	10
470	350	10	10
470	350	10	10
470	350	10	10
470	350	10	10
470	350	10	10
470	350	10	10
470	350	10	10
470	350	10	10
470	350	10	10
470	350	10	10
470	350	10	10
470	350	10	10
470	350	10	10
470	350	10	10
470	350	10	10
470	350	10	10
470	350	10	10
470	350	10	10
470	350	10	10
470	350	10	10
470	350	10	10
470	350	10	10
470	350	10	10
470	350	10	10
470	350	10	10
470	350	10	10
470	350	10	10
470	350	10	10
470	350	10	10
470	350	10	10
470	350	10	10
470	350	10	10
470	350	10	10
470	350	10	10
470	350	10	10
470	350	10	10
470	350	10	10
470	350	10	10
470	350	10	10
470	350	10	10
470	350	10	10
470	350	10	10
470	350	10	10
470	350	10	10
470	350	10	10
470	350	10	10
470	350	10	10
470	350	10	10
470	350	10	10
470	350	10	10
470	350	10	10
470	350	10	10
470	350	10	10
470	350	10	10
470	350	10	10
470	350	10	10
470	350	10	10
470	350	10	10
470	350	10	10
470	350	10	10
470	350	10	10
470	350	10	10
470	350	10	10
470	350	10	10
470	350	10	10
470	350	10	10
470	350	10	10
470	350	10	10
470	350	10	10
470	350	10	10
470	350	10	10
470	350	10	10
470	350	10	10
470	350	10	10
470	350	10	10
470	350	10	10
470	350	10	10
470	350	10	10
470	350	10	10
470	350	10	10
470	350	10	10
470	350	10	10
470	350	10	10
470	350	10	10
470	350	10	10
470	350	10	10
470	350	10	10
470	350	10	10
470	350	10	10
470	350	10	10
470	350	10	10
470	350	10	10
470	350	10	10
470	350	10	10
470	350	10	10
470	350	10	10
470	350	10	10
470	350	10	10
470	350	10	10
470	350	10	10
470	350	10	10
470	350	10	10
470	350	10	10
470	350	10	10
470	350	10	10
470	350	10	10
470	350	10	10
470	350	10	10
470	350	10	10
470	350	10	10
470	350	10	10
470	350	10	10
470	350	10	10
470	350	10	10
470	350	10	10
470	350	10	10
470	350	10	10
470	350	10	10
470	350	10	10
470	350	10	10
470	350	10	10
470	350	10	10
470	350	10	10
470	350	10	10
470	350	10	10
470	350	10	10
470	350	10	10
470	350	10	10
470	350	10	10
470	350	10	10
470	350	10	10
470	350	10	10
470	350	10	10
470	350	10	10
470	350	10	10
470	350	10	10
470	350	10	10
470	350	10	10
470	350	10	10
470	350	10	10
470	350	10	10
470	350	10	10
470	350	10	10
470	350	10	10
470	350	10	10
470	350	10	10
470	350	10	10
470	350	10	10
470	350	10	10
470	350	10	10
470	350	10	10
470	350	10	10
470	350	10	10
470	350	10	10
470	350	10	10
470	350	10	10
470	350	10	10
470	350	10	10
470	350	10	10
470	350	10	10
470	350	10	10
470	350	10	10
470	350	10	10
470	350	10	10
470	350	10	10
470	350	10	10
470	350	10	10
470	350	10	10
470	350	10	10
470	350	10	10
470	350	10	10
470	350	10	10
470	350	10	10
470	350	10	10
470	350	10	10
470	350	10	10
470	350	10	10
470	350	10	10
470	350	10	10
470	350	10	10
470	350	10	10
470	350	10	10
470	350	10	10
470	350	10	10
470	350	10	10
470	350	10	10
470	350	10	10
470	350	10	10
470	350	10	10
470	350	10	10
470	350	10	10
470	350	10	10
470	350	10	10
470	350	10	10
470	350	10	10
470	350	10	10
470	350	10	10
470	350	10	10
470	350	10	10
470	350	10	10
470	350	10	10
470	350	10	10
470	350	10	10
470	350	10	10
470	350	10	10
470	350	10	10
470	350	10	10
470	350	10	10
470	350	10	10
470	350	10	10
470	350	10	10
470	350	10	10
470	350	10	10
470	350	10	10
470	350	10	10
470	350	10	10
470	350	10	10
470	350	10	10
470	350	10	10
470	350	10	10
470	350	10	10
470	350	10	10
470	350	10	10
470	350	10	10
470	350	10	10
470	350	10	10
470	350	10	10
470	350	10	10
470	350	10	10
470	350	10	10
470	350	10	10
470	350	10	10
470	350	10	10
470	350	10	10
470	350	10	10
470	350	10	10
470	350	10	10
470	350	10	10
470	350	10	10
470	350	10	10
470	350	10	10
470	350	10	10
470	350	10	10
470	350	10	10
470	350	10	10
470	350	10	10
470	350	10	10
470	350	10	10
470	350	10	10
470	350	10	10
470	350	10	10
470	350	10	10
470	350	10	10
470	350	10	10
470	350	10	10
470	350	10	10
470	350	10	10
470	350	10	10
470	350	10	10
470	350	10	10
470	350	10	10
470	350	10	10
470	350	10	10
470	350	10	10
470	350	10	10
470	350	10	10
470	350	10	10
470	350	10	10
470	350	10	10
470	350	10	10
470	350	10	10
470	350	10	10
470	350	10	10
470	350	10	10
470	350	10	10
470	350	10	10
470	350	10	10
470	350	10	10
470	350	10	10
470	350	10	10
470	350	10	10
470	350	10	10
470	350	10	10
470	350	10	10
470	350	10	10
470	350	10	10
470	350	10	10
470	350	10	10
470	350	10	10
470	350	10	10
470	350	10	10
470	350	10	10
470	350	10	10
470	350	10	10
470	350	10	10
470	350	10	10
470	350	10	10
470	350	10	10
470	350	10	10
470	350	10	10
470	350	10	10
470	350	10	10
470	350	10	10
470	350	10	10
470	350	10	10
470	350	10	10
470	350	10	10
470	350	10	10
470	350	10	10
470	350	10	10
470	350	10	10
470	350	10	10
470	350	10	10
470	350	10	10
470	350	10	10
470	350	10	10
470	350	10	10
470	350	10	10
470	350	10	10
470	350	10	10
470	350	10	10
470	350	10	10
470	350	10	10
470	350	10	10
470	350	10	10
470	350	10	10
470	350	10	10
470	350	10	10
470	350	10	10
470	350	10	10
470	350	10	10
470	350	10	10
470	350	10	10
470	350	10	10
470	350	10	10
470	350	10	10
470	350	10	10
470	350	10	10
470	350	10	10
470	350	10	10
470	350	10	10
470	350	10	10
470	350	10	10
470	350	10	10
470	350	10	10
470	350	10	10
470	350	10	10
470	350	10	10
470	350	10	10
470	350	10	10
470	350	10	10
470	350	10	10
470	350	10	10
470	350	10	10
470	350	10	10
470	350	10	10
470	350	10	10
470	350	10	10
470	350	10	10
470	350	10	10
470	350	10	10
470	350	10	10
470	350	10	10
470	350	10	10
470	350	10	10
470	350	10	10
470	350	10	10
470	350	10	10
470	350	10	10
470	350	10	10
470	350	10	10
470	350	10	10
470	350	10	10
470	350	10	10
470	350	10	10
470	350	10	10
470	350	10	10
470	350	10	10
470	350	10	10
470	350	10	10
470	350	10	10
470	350	10	10
470	350	10	10
470	350	10	10
470	350	10	10
470	350	10	10
470	350	10	10
470	350	10	10
470	350	10	10
470	350	10	10
470	350	10	10
470	350	10	10
470	350	10	10
470	350	10	10
470	350	10	10
470	350	10	10
470	350	10	10
470	350	10	10
470	350	10	10
470	350	10	10
470	350	10	10
470	350	10	10
470	350	10	10
470	350	10	10
470	350	10	10
470	350	10	10
470	350	10	10
470	350	10	10
470	350	10	10
470	350	10	10
470	350	10	10
470	350	10	10
470	350	10	10
470	350	10	10
470	350	10	10
470	350	10	10
470	350	10	10
470	350	10	10
470	350	10	10
470	350	10	10
470	350	10	10
470	350	10	10
470	350	10	10
470	350	10	10
470	350	10	10
470	350	10	10
470	350	10	10
470	350	10	10
470	350	10	10
470	350	10	10
470	350	10	10
470	350	10	10
470	350	10	10
470	350	10	10
470	350	10	10
470	350	10	10
470	350	10	10
470	350	10	10
470	350	10	10
470	350	10	10
470	350	10	10
470	350	10	10
470	350	10	10
470	350	10	10
470	350	10	10
470	350	10	10
470	350	10	10
470	350	10	10
470	350	10	10
470	350	10	10
470	350	10	10
470	350	10	10
470	350	10	10
470	350	10	10
470	350	10	10
470	350	10	10
470	350	10	10
470	350	10	10
470	350	10	10
470	350	10	10
470	350	10	10
470	350	10	10
470	350	10	10
470	350	10	10
470	350	10	10
470	350	10	10
470	350	10	10
470	350	10	10
470	350	10	10
470	350	10	10
470	350	10	10
470	350	10	10
470	350	10	10
470	350	10	10
470	350	10	10
470	350	10	10
470	350	10	10
470	350	10	10
470	350	10	10
470	350	10	10
470	350	10	10
470	350	10	10
470	350	10	10
470	350	10	10
470	350	10	10
470	350	10	10
470	350	10	10
470	350	10	10
470	350	10	10
470	350	10	10
470	350	10	10
470	350	10	10
470	350	10	10
470	350	10	10
470	350	10	10
470	350	10	10
470	350	10	10
470	350	10	10
470	350	10	10
470	350	10	10
470	350	10	10
470	350	10	10
470	350	10	10
470	350	10	10
470	350	10	10
470	350	10	10
470	350	10	10
470	350	10	10
470	350	10	10
470	350	10	10
470	350	10	10
470	350	10	10
470	350	10	10
470	350	10	10
470	350	10	10
470	350	10	10
470	350	10	10
470	350	10	10
470	350	10	10
470	350	10	10
470	350	10	10
470	350	10	10
470	350	10	10
470	350	10	10
470	350	10	10
470	350	10	10
470	350	10	10
470	350	10	10
470	350	10	10
470	350	10	10
470	350	10	10
470	350	10	10
470	350	10	10
470	350	10	10
470	350	10	10
470	350	10	10
470	350	10	10
470	350	10	10
470	350	10	10
470	350	10	10
470	350	10	10
470	350	10	10
470	350	10	10
470	350	10	10
470	350	10	10
470	350	10	10
470	350	10	10
470	350	10	10
470	350	10	10
470	350	10	10
470	350	10	10
470	350	10	10
470	350	10	10
470	350	10	10
470	350	10	10
470	350	10	10
470	350	10	10
470	350	10	10
470	350	10	10
470	350	10	10
470	350	10	10
470	350	10	10
470	350	10	10
470	350	10	10
470	350	10	10
470	350	10	10
470	350	10	10
470	350	10	10
470	350	10	10
470	350	10	10
470	350	10	10
470	350	10	10
470	350	10	10
470	350	10	10
470	350	10	10
470	350	10	10
470	350	10	10
470	350	10	10
470	350	10	10
470	350	10	10
470	350	10	10
470	350	10	10
470	350	10	10
470	350	10	10
470	350	10	10
470	350	10	10
470	350	10	10
470	350	10	10
470	350	10	10
470	350	10	10
470	350	10	10
470	350	10	10
470	350	10	10
470	350	10	10
470	350	10	10
470	350	10	10
470	350	10	10
470	350	10	10
470	350	10	10
470	350	10	10
470	350	10	10
470	350	10	10
470	350	10	10
470	350	10	10
470	350	10	10
470	350	10	10
470	350	10	10
470	350	10	10
470	350	10	10
470	350	10	10
470	350	10	10
470	350	10	10
470	350	10	10
470	350	10	10
470	350	10	10
470	350	10	10
470	350	10	10
470	350	10	10
470	350	10	10
470	350	10	10
470	350	10	10
470	350	10	10
470	350	10	10
470	350	10	10
470	350	10	10
470	350	10	10
470	350	10	10
470	350	10	10
470	350	10	10
470	350	10	10
470	350	10	10
470	350	10	10
470	350	10	10
470	350	10	10
470	350	10	10
470	350	10	10
470	350	10	10
470	350	10	10
470	350	10	10
470	350	10	10
470	350	10	10
470	350	10	10
470	350	10	10
470	350	10	10
470	350	10	10
470	350	10	10
470	350	10	10
470	350	10	10
470	350	10	10
470	350	10	10
470	350	10	10
470	350	10	10
470	350	10	10
470	350	10	10
470	350	10	10
470	350	10	10
470	350	10	10
470	350	10	10
470	350	10	10
470	350	10	10
470	350	10	10
470	350	10	10
470	350	10	10
470	350	10	10
470	350	10	10
470	350	10	10
470	350	10	10
470	350	10	10
470	350	10	10
470	350	10	10
470	350	10	10
470	350	10	10
470	350	10	10
470	350	10	10
470	350	10	10
470	350	10	10
470	350	10	10
470	350	10	10
470	350	10	10
470	350	10	10
470	350	10	10
470	350	10	10
470	350	10	10
470	350	10	10
470	350	10	10
470	350	10	10
470	350	10	10
470	350	10	10
470	350	10	10
470	350	10	10
470	350	10	10
470	350	10	10
470	350	10	10
470	350	10	10
470	350	10	10
470	350	10	10
470	350	10	10
470	350	10	10
470	350	10	10
470	350	10	10
470	350	10	10
470	350	10	10
470	350	10	10
470	350	10	10
470	350	10	10
470	350	10	10
470	350	10	10
470	350	10	10
470	350	10	10
470	350	10	10
470	350	10	10
470	350	10	10
470	350	10	10
470	350	10	10
470	350	10	10
470	350	10	10
470	350	10	10
470	350	10	10
470	350	10	10
470	350	10	10
470	350	10	10
470	350	10	10
470	350	10	10
470	350	10	10
470	350	10	10
470	350	10	10
470	350	10	10
470	350	10	10
470	350	10	10
470	350	10	10
470	350	10	10
470	350	10	10
470	350	10	10
470	350	10	10
470	350	10	10
470	350	10	10
470	350	10	10
470	350	10	10
470	350	10	10
470	350	10	10
470	350	10	10
470	350	10	10
470	350	10	10
470	350	10	10
470	350	10	10
470	350	10	10
470	350	10	10
470	350	10	10
470	350	10	10
470	350	10	10
470	350	10	10
470	350	10	10
470	350	10	10
470	350	10	10
470	350	10	10
470	350	10	10
470	350	10	10
470	350	10	10
470	350	10	10
470	350	10	10
470	350	10	10
470	350	10	10
470	350	10	10
470	350	10	10
470	350	10	10
470	350	10	10
470	350	10	10
470	350	10	10
470	350	10	10
470	350	10	10
470	350	10	10
470	350	10	10
470	350	10	10
470	350	10	10
470	350	10	10
470	350	10	10
470	350	10	10
470	350	10	10
470	350	10	10
470	350	10	10
470	350	10	10
470	350	10	10
470	350	10	10
470	350	10	10
470	350	10	10
470	350	10	10
470	350	10	10
470	350	10	10
470	350	10	10
470	350	10	10
470	350	10	10
470	350	10	10
470	350	10	10
470	350	10	10
470	350	10	10
470	350	10	10
470	350	10	10
470	350	10	10
470	350	10	10
470	350	10	10
470	350	10	10
470	350	10	10
470	350	10	10
470	350	10	10
470	350	10	10
470	350	10	10
470	350	10	10
470	350	10	10
470	350	10	10
470	350	10	10
470	350	10	10
470	350	10	10
470	350	10	10
470	350	10	10
470	350	10	10
470	350	10	10
470	350	10	10
470	350	10	10
470	350	10	10
470	350	10	10
470	350	10	10
470	350	10	10
470	350	10	10
470	350	10	10
470	350	10	10
470	350	10	10
470	350	10	10
470	350	10	10
470	350	10	10
470	350	10	10
470	350	10	10
470	350	10	10
470	350	10	10
470	350	10	10
470	350	10	10
470	350	10	10
470	350	10	10
470	350	10	10
470	350	10	10
470	350	10	10
470	350	10	10
470	350	10	10
470	350	10	10
470	350	10	10
470	350	10	10
470	350	10	10
470	350	10	10
470	350	10	10
470	350	10	10
470	350	10	10
470	350	10	10
470	350	10	10
470	350	10	10
470	350	10	10
470	350	10	10
470	350	10	10
470	350	10	10
470	350	10	10
470	350	10	10
470	350	10	10
470	350	10	10
470	350	10	10
470	350	10	10
470	350	10	10
470	350	10	10
470	350	10	10
470	350	10	10
470	350	10	10
470	350	10	10
470	350	10	10
470	350	10	10
470	350	10	10
470	350	10	10
470	350	10	10
470	350	10	10
470	350	10	10
470	350	10	10
470	350	10	10
470	350	10	10
470	350	10	10
470	350	10	10
470	350	10	10
470	350	10	10
470	350	10	10
470	350	10	10
470	350	10	10
470	350	10	10
470	350	10	10
470	350	10	10
470	350	10	10
470	350	10	10
470	350	10	10
470	350	10	10
470	350	10	10
470	350	10	10
470	350	10	10
470	350	10	10
470	350	10	10
470	350	10	10
470	350	10	10
470	350	10	10
470	350	10	10
470	350	10	10
470	350	10	10
470	350	10	10
470	350	10	10
470	350	10	10
470	350	10	10
470	350	10	10
470	350	10	10
470	350	10	10
470	350	10	10
470	350	10	10
470	350	10	10
470	350	10	10
470	350	10	10
470	350	10	10
470	350	10	10
470	350	10	10
470	350	10	10
470	350	10	10
470	350	10	10
470	350	10	10
470	350	10	10
470	350	10	10
470	350	10	10
470	350	10	10
470	350	10	10
470	350	10	10
470	350	10	10
470	350	10	10
470	350	10	10
470	350	10	10
470	350	10	10
470	350	10	10
470	350	10	10
470	350	10	10
470	350	10	10
470	350	10	10
470	350	10	10
470	350	10	10
470	350	10	10
470	350	10	10
470	350	10	10
470	350	10	10
470	350	10	10
470	350	10	10
470	350	10	10
470	350	10	10
470	350	10	10
470	350	10	10
470	350	10	10
470	350	10	10
470	350	10	10
470	350	10	10
470	350	10	10
470	350	10	10
470	350	10	10
470	350	10	10
470	350	10	10
470	350	10	10
470	350	10	10
470	350	10	10
470	350	10	10
470	350	10	10
470	350	10	10
470	350	10	10
470	350	10	10
470	350	10	10
470	350	10	10
470	350	10	10
470	350	10	10
470	350	10	10
470	350	10	10
470	350	10	10
470	350	10	10
470	350	10	10
470	350	10	10
470	350	10	10
470	350	10	10
470	350	10	10
470	350	10	10
470	350	10	10
470	350	10	10
470	350	10	10
470	350	10	10
470	350	10	10
470	350	10	10
470	350	10	10
470	350	10	10
470	350	10	10
470	350	10	10
470	350	10	10
470	350	10	10
470	350	10	10
470	350	10	10
470	350	10	10
470	350	10	10
470	350	10	10
470	350	10	10
470	350	10	10
470	350	10	10
470	350	10	10
470	350	10	10
470	350	10	10
470	350	10	10
470	350	10	10
470	350	10	10
470	350	10	10
470	350	10	10
470	350	10	10
470	350	10	10
470	350	10	10
470	350	10	10
470	350	10	10
470	350	10	10
470	350	10	10
470	350	10	10
470	350	10	10
470	350	10	10
470	350	10	10
470	350	10	10
470	350	10	10
470	350	10	10
470	350	10	10
470	350	10	10
470	350	10	10
470	350	10	10
470	350	10	10
470	350	10	10
470	350	10	10
470	350	10	10
470	350	10	10
470	350	10	10
470	350	10	10
470	350	10	10
470	350	10	10
470	350	10	10
470	350	10	10
470	350	10	10
470	350	10	10
470	350	10	10
470	350	10	10
470	350	10	10
470	350	10	10
470	350	10	10
470	350	10	10
470	350	10	10
470	350	10	10
470	350	10	10
470	350	10	10
470	350	10	10
470	350	10	10
470	350	10	10
470	350	10	10
470	350	10	10
470	350	10	10
470	350	10	10
470	350	10	10
470	350	10	10
470	350	10	10
470	350	10	10
470	350	10	10
470	350	10	10
470	350	10	10
470	350	10	10
470	350	10	10
470	350	10	10
470	350	10	10
470	350	10	10
470	350	10	10
470	350	10	10
470	350	10	10
470	350	10	10
470	350	10	10
470	350	10	10
470	350	10	10
470	350	10	10
470	350	10	10
470	350	10	10
470	350	10	10
470	350	10	10
470	350	10	10
470	350	10	10
470	350	10	10
470	350	10	10
470	350	10	10
470	350	10	10
470	350	10	10
470	350	10	10
470	350	10	10
470	350	10	10
470	350	10	10
470	350	10	10
470	350	10	10
470	350	10	10
470	350	10	10
470	350	10	10
470	350	10	10
470	350	10	10
470	350	10	10
470	350	10	10
470	350	10	10
470	350	10	10
470	350	10	10
470	350	10	10
470	350	10	10
470	350	10	10
470	350	10	10
470	350	10	10
470	350	10	10
470	350	10	10
470	350	10	10
470	350	10	10
470	350	10	10
470	350	10	10
470	350	10	10
470	350	10	10
470	350	10	10
470	350	10	10
470	350	10	10
470	350	10	10
470	350	10	10
470	350	10	10
470	350	10	10
470	350	10	10
470	350	10	10
470	350	10	10
470	350	10	10
470	350	10	10
470	350	10	10
470	350	10	10
470	350	10	10
470	350	10	10
470	350	10	10
470	350	10	10
470	350	10	10
470	350	10	10
470	350	10	10
470	350	10	10
470	350	10	10
470	350	10	10
470	350	10	10
470	350	10	10
470	350	10	10
470	350	10	10
470	350	10	10
470	350	10	10
470	350	10	10
470	350	10	10
470	350	10	10
470	350	10	10
470	350	10	10
470	350	10	10
470	350	10	10
470	350	10	10
470	350	10	10
470	350	10	10
470	350	10	10
470	350	10	10
470	350	10	10
470	350	10	10
470	350	10	10
470	350	10	10
470	350	10	10
470	350	10	10
470	350	10	10
470	350	10	10
470	350	10	10
470	350	10	10
470	350	10	10
470	350	10	10
470	350	10	10
470	350	10	10
470	350	10	10
470	350	10	10
470	350	10	10
470	350	10	10
470	350	10	10
470	350	10	10
470	350	10	10
470	350	10	10
470	350	10	10
470	350	10	10
470	350	10	10
470	350	10	10
470	350	10	10
470	350	10	10
470	350	10	10
470	350	10	10
470	350	10	10
470	350	10	10
470	350	10	10
470	350	10	10
470	350	10	10
470	350	10	10
470	350	10	10
470	350	10	10
470	350	10	10
470	350	10	10
470	350	10	10
470	350	10	10
470	350	10	10
470	350	10	10
470	350	10	10
470	350	10	10
470	350	10	10
470	350	10	10
470	350	10	10
470	350	10	10
470	350	10	10
470	350	10	10
470	350	10	10
470	350	10	10
470	350	10	10
470	350	10	10
470	350	10	10
470	350	10	10
470	350	10	10
470	350	10	10
470	350	10	10
470	350	10	10
470	350	10	10
470	350	10	10
470	350	10	10
470	350	10	10
470	350	10	10
470	350	10	10
470	350	10	10
470	350	10	10
470	350	10	10
470	350	10	10
470	350	10	10
470	350	10	10
470	350	10	10
470	350	10	10
470	350	10	10
470	350	10	10
470	350	10	10
470	350	10	10
470	350	10	10
470	350	10	10
470	350	10	10
470	350	10	10
470	350	10	10
470	350	10	10
470	350	10	10
470	350	10	10
470	350	10	10
470	350	10	10
470	350	10	10
470	350	10	10
470	350	10	10
470	350	10	10
470	350	10	10
470	350	10	10
470	350	10	10
470	350	10	10
470	350	10	10
470	350	10	10
470	350	10	10
470	350	10	10
470	350	10	10
470	350	10	10
470	350	10	10
470	350	10	10
470	350	10	10
470	350	10	10
470	350	10	10
470	350	10	10
470	350	10	10
470	350	10	10
470	350	10	10
470	350	10	10
470	350	10	10
470	350	10	10
470	350	10	10
470	350	10	10
470	350	10	10
470	350	10	10
470	350	10	10
470	350	10	10
470	350	10	10
470	350	10	10
470	350	10	10
470	350	10	10
470	350	10	10
470	350	10	10
470	350	10	10
470	350	10	10
470	350	10	10
470	350	10	10
470	350	10	10
470	350	10	10
470	350	10	10
470	350	10	10
470	350	10	10
470	350	10	10
470	350	10	10
470	350	10	10
470	350	10	10
470	350	10	10
470	350	10	10
470	350	10	10
470	350	10	10
470	350	10	10
470	350	10	10
470	350	10	10
470	350	10	10
470	350	10	10
470	350	10	10
470	350	10	10
470	350	10	10
470	350	10	10
470	350	10	10
470	350	10	10
470	350	10	10
470	350	10	10
470	350	10	10
470	350	10	10
470	350	10	10
470	350	10	10
470	350	10	10
470	350	10	10
470	350	10	10
470	350	10	10
470	350	10	10
470	350	10	10
470	350	10	10
470	350	10	10
470	350	10	10
470	350	10	10
470	350	10	10
470	350	10	10
470	350	10	10
470	350	10	10
470	350	10	10
470	350	10	10
470	350	10	10
470	350	10	10
470	350	10	10
470	350	10	10
470	350	10	10
470	350	10	10
470	350	10	10
470	350	10	10
470	350	10	10
470	350	10	10
470	350	10	10
470	350	10	10
470	350	10	10
470	350	10	10
470	350	10	10
470	350	10	10
470	350	10	10
470	350	10	10
470	350	10	10
470	350	10	10
470	350	10	10
470	350	10	10
470	350	10	10
470	350	10	10
470	350	10	10
470	350	10	10
470	350	10	10
470	350	10	10
470	350	10	10
