0.002207
0.171143
0.170038
0.187612
0.176039
0.153109
0.172299
0.169632
0.169038
0.170038
0.115026
0.173038
0.182040
0.169038
0.171038
0.169038
0.170038
0.177039
0.183394
0.182040
0.178040
0.179040
0.181644
0.182040
0.182712
0.188041
0.191234
0.187042
0.190063
0.185133
0.191043
0.182040
0.181081
0.187042
0.185041
0.183042
0.182302
0.182041
0.178040
0.180040
0.170499
0.172038
0.172038
0.172137
0.174038
0.179040
0.181332
0.172038
0.174100
0.173039
0.178584
0.179040
0.181109
0.179192
0.167346
0.186542
0.188042
0.179040
0.173337
0.174123
0.174337
0.173167
0.173122
0.174097
0.144489
0.174039
0.174105
0.177412
0.175039
0.175100
0.175039
0.174360
0.188194
0.183214
0.181041
0.180197
0.173254
0.180040
0.181091
0.176862
0.181041
0.181388
0.170194
0.182805
0.184041
0.183130
0.176526
0.176646
0.175562
0.176340
0.181100
0.181154
0.181746
0.182132
0.180349
0.182150
0.180040
0.177118
0.175039
0.176141
0.163376
0.174160
0.174104
0.173038
0.173351
0.183040
0.183090
0.172339
0.137764
0.185363
0.182178
0.182264
0.182314
0.180120
0.175139
0.174038
0.174711
0.156132
0.174039
0.174514
0.173208
0.173208
0.173937
0.186107
0.190043
0.179113
0.184201
0.183527
0.181107
0.181634
0.179076
0.185268
0.184149
0.180198
0.173789
0.188115
0.188565
0.187041
0.180112
0.175080
0.176155
0.173706
0.175264
0.175040
0.178481
0.175039
0.174214
0.176039
0.176092
0.174859
0.175366
0.174179
0.167845
0.176117
0.175039
0.175756
0.176170
0.176276
0.175510
0.176229
0.175302
0.158557
0.178039
0.176056
0.175100
0.176161
0.176916
0.175347
0.177142
0.178138
0.153275
0.175039
0.174611
0.175469
0.176075
0.174039
0.175261
0.175109
0.175040
0.175056
0.177040
0.177040
0.174613
0.174726
0.176282
0.175039
0.176158
0.176039
0.163209
0.174125
0.175039
0.175266
0.175119
0.174267
0.175523
0.183041
0.172744
0.187181
0.169295
0.170703
0.174137
0.175039
0.176039
0.177039
0.176125
0.169233
0.174279
0.176079
0.177065
0.176101
0.175108
0.174518
0.175080
0.176098
0.175118
0.176080
0.175889
0.175370
0.177140
0.176285
0.175349
0.174208
0.175292
0.170210
0.176301
0.177039
0.175752
0.173906
0.176261
0.176283
0.178164
0.176179
0.176039
0.176452
0.186042
0.185164
0.183097
0.180472
0.183040
0.180093
0.182040
0.169367
0.172038
0.176039
0.154528
0.179039
0.177039
0.175076
0.176139
0.176108
0.175144
0.176881
0.182250
0.178436
0.178381
0.179465
0.177110
0.176114
0.138228
0.142145
0.175839
0.175338
0.175093
0.181147
0.178805
0.177183
0.176367
0.177126
0.177105
0.177091
0.180092
0.179556
0.180528
0.178067
0.176275
0.176933
0.178133
0.171027
0.175195
0.176039
0.177106
0.176144
0.175934
0.177935
0.176207
0.177240
0.176633
0.176039
0.180042
0.180268
0.177104
0.177204
0.178289
0.177039
0.175756
0.162036
0.191664
0.188235
0.177040
0.177597
0.178040
0.174910
0.177039
0.175079
0.176118
0.169494
0.191043
0.173213
0.176171
0.177039
0.177040
0.177298
0.166619
0.176673
0.180040
0.180041
0.179979
0.179040
0.178126
0.177175
0.177098
0.177061
0.175940
0.182041
0.180540
0.181040
0.181356
0.184165
0.190042
0.198375
0.197119
0.198341
0.199258
0.198737
0.199116
0.198045
0.185204
0.177457
0.175088
0.176129
0.175039
0.178040
0.181678
0.183111
0.186041
0.177040
0.166517
0.175327
0.175444
0.178130
0.175805
0.174039
0.176039
0.175410
0.175862
0.176105
0.175232
0.176355
0.176136
0.175165
0.178040
0.157186
0.174145
0.177273
0.161423
0.176029
0.174080
0.176110
0.156690
0.176039
0.175478
0.175164
0.175187
0.178718
0.175142
0.176039
0.177039
0.177264
0.179079
0.183387
0.186369
0.180696
0.187042
0.191167
0.189311
0.185123
0.186834
0.177040
0.178040
0.176094
0.176403
0.176294
0.176554
0.176039
0.174667
0.176142
0.180220
0.180362
0.178657
0.163036
0.176039
0.176039
0.175039
0.176106
0.176039
0.176328
0.175553
0.175159
0.175142
0.177040
0.177039
0.175417
0.182403
0.181040
0.184228
0.185193
0.188394
0.196065
0.187178
0.185383
0.183041
0.183584
0.184208
0.175100
0.174547
0.174134
0.175248
0.176213
0.174173
0.174459
0.175039
0.175131
0.177264
0.175543
0.168154
0.175221
0.175345
0.178162
0.176733
0.177106
0.178223
0.177257
0.177420
0.177039
0.178185
0.176323
0.177039
0.177829
0.177038
0.178040
0.179762
0.193043
0.178584
0.179408
0.177357
0.178417
0.177330
0.177323
0.177951
0.179548
0.179040
0.178108
0.178039
0.178359
0.178375
0.178126
0.182042
0.177857
0.185040
0.189042
0.191042
0.182277
0.173331
0.179187
0.183131
0.181146
0.184162
0.182090
0.193044
0.179611
0.184095
0.179111
0.181041
0.182136
0.180666
0.175040
0.182047
0.184486
0.182104
0.166360
0.176039
0.184041
0.184098
0.183106
0.183210
0.175157
0.175088
0.175556
0.175137
0.176039
0.175299
0.175083
0.149129
0.175140
0.176206
0.174440
0.175317
0.174818
0.154802
0.175232
0.175039
0.174620
0.175739
0.176040
0.175010
0.178039
0.178319
0.174758
0.173038
0.174754
0.145525
0.174499
0.177085
0.175407
0.173271
0.174179
0.175646
0.175145
0.175039
0.175244
0.174109
0.176044
0.176039
0.174118
0.165058
0.190092
0.182475
0.170744
0.181521
0.188158
0.185389
0.178527
0.177039
0.180077
0.178040
0.177481
0.177039
0.177780
0.178040
0.177160
0.178618
0.177067
0.177239
0.177039
0.184111
0.162538
0.330528
0.352988
0.297451
0.320070
0.307517
0.347423
0.325072
0.341074
0.345988
0.353566
0.312508
0.370709
0.326067
0.301087
0.316322
0.314431
0.359840
0.241112
0.178511
0.177196
0.174134
0.176983
0.174552
0.164182
0.168100
0.170096
0.177154
0.157154
0.176039
0.173261
0.169289
0.171145
0.172130
0.170885
0.144558
0.171038
0.171376
0.170611
0.171038
0.171203
0.170277
0.170368
0.170437
0.170038
0.170161
0.170302
0.171038
0.170126
0.171271
0.179041
0.180759
0.178252
0.175261
0.184993
0.171226
0.170564
0.183496
0.186041
0.183152
0.183611
0.182241
0.176168
0.170111
0.171680
0.181617
0.171038
0.170099
0.172644
0.154050
0.173222
0.172117
0.172039
0.172579
0.172111
0.173174
0.172664
0.174138
0.172039
0.172325
0.174245
0.174122
0.172852
0.172411
0.174130
0.174012
0.173415
0.158275
0.179257
0.186337
0.185757
0.174702
0.175130
0.175112
0.174047
0.171606
0.172443
0.175194
0.178039
0.172038
0.173339
0.173880
0.173465
0.143090
0.178114
0.177099
0.177879
0.177408
0.184133
0.187013
0.193507
0.192761
0.190087
0.192043
0.190042
0.189042
0.187042
0.179502
0.176174
0.176324
0.168037
0.180103
0.176472
0.173475
0.174200
0.173038
0.173120
0.173110
0.172772
0.175082
0.173028
0.171038
0.172710
0.171430
0.172846
0.144237
0.175184
0.175355
0.151744
0.175649
0.175420
0.176443
0.176832
0.176463
0.176123
0.174740
0.177157
0.177182
0.177977
0.178040
0.177669
0.178116
0.177039
0.176972
0.176082
0.177163
0.165580
0.176039
0.175888
0.175039
0.177078
0.176039
0.174571
0.176148
0.177568
0.178040
0.177040
0.177039
0.178132
0.176140
0.176342
0.177155
0.177105
0.178787
0.161859
0.176264
0.175829
0.175039
0.184496
0.185148
0.186041
0.186239
0.155832
0.172815
0.173298
0.177040
0.196050
0.174040
0.176838
0.180109
0.154034
0.179366
0.179142
0.180442
0.179576
0.180790
0.179040
0.180066
0.181040
0.179040
0.179141
0.181206
0.179040
0.179465
0.179291
0.179038
0.178472
0.186093
0.153092
0.180095
0.178440
0.178685
0.180040
0.179298
0.179248
0.179848
0.179672
0.178040
0.179322
0.183041
0.180192
0.178687
0.175246
0.121027
0.173458
0.172271
0.142468
0.348148
0.327327
0.287563
0.333731
0.329152
0.342083
0.351738
0.359894
0.363486
0.340696
0.354827
0.367078
0.319605
0.313355
0.343139
0.349414
0.298559
0.171138
0.170330
0.170261
0.170268
0.171300
0.171038
0.171150
0.170203
0.170038
0.172038
0.170757
0.171680
0.171115
0.173212
0.172292
0.171038
0.170131
0.164252
0.170038
0.172754
0.183042
0.185043
0.182547
0.186177
0.177041
0.178417
0.177087
0.180089
0.173496
0.179158
0.167037
0.171198
0.172038
0.170506
0.149675
0.170371
0.171231
0.170038
0.170175
0.170038
0.172277
0.172038
0.172038
0.170112
0.171039
0.171183
0.171126
0.172211
0.171151
0.171151
0.171360
0.170528
0.157318
0.172038
0.171146
0.170038
0.171574
0.187270
0.182040
0.170187
0.173038
0.173327
0.173393
0.184724
0.174038
0.174039
0.185268
0.182041
0.173082
0.167634
0.169304
0.173170
0.179040
0.178320
0.177102
0.178243
0.178120
0.178525
0.177560
0.177284
0.176208
0.171227
0.171113
0.181760
0.182452
0.161273
0.173360
0.174039
0.167037
0.173414
0.174151
0.175520
0.181040
0.184213
0.180091
0.180565
0.180040
0.176338
0.181195
0.177188
0.185376
0.193989
0.163061
0.174231
0.175305
0.174350
0.174171
0.174170
0.175710
0.174250
0.173944
0.173233
0.174079
0.185092
0.183104
0.185582
0.184253
0.184041
0.181041
0.174440
0.182456
0.185137
0.187864
0.188042
0.183041
0.183196
0.175409
0.176093
0.176245
0.175789
0.174558
0.174065
0.175039
0.174898
0.175616
0.177039
0.175183
0.163744
0.173842
0.175135
0.174910
0.176398
0.180598
0.178341
0.177390
0.176830
0.176136
0.176039
0.176556
0.175363
0.173326
0.176132
0.176304
0.173381
0.174495
0.166804
0.191131
0.185041
0.186619
0.186275
0.185129
0.175039
0.177251
0.175134
0.175389
0.174108
0.175487
0.175098
0.175158
0.175560
0.175366
0.176117
0.143141
0.177040
0.175113
0.175775
0.174765
0.176039
0.175148
0.174894
0.175446
0.174177
0.176101
0.176039
0.177108
0.175138
0.174157
0.175174
0.175440
0.173598
0.149074
0.177039
0.175397
0.175279
0.176551
0.175356
0.175039
0.175620
0.175051
0.180043
0.177040
0.176635
0.175038
0.177131
0.175517
0.175537
0.177039
0.176039
0.170568
0.175743
0.178179
0.157788
0.174801
0.175534
0.174039
0.175954
0.175471
0.174047
0.176039
0.183040
0.181008
0.183106
0.179214
0.180120
0.176040
0.176093
0.153506
0.176471
0.173161
0.175254
0.175090
0.174038
0.175488
0.176268
0.174721
0.182040
0.184122
0.182096
0.183041
0.183384
0.183143
0.188088
0.188607
0.174089
0.176660
0.182040
0.182121
0.180485
0.181121
0.180118
0.182325
0.179062
0.179575
0.180653
0.178619
0.180819
0.180040
0.180096
0.180410
0.179401
0.172770
0.180634
0.180901
0.182041
0.181046
0.180165
0.177040
0.191042
0.190042
0.189478
0.170344
0.181040
0.171370
0.171192
0.172623
0.176124
0.178150
0.149059
0.177388
0.175358
0.176188
0.180618
0.176588
0.183142
0.188042
0.177593
0.179375
0.178642
0.175510
0.175134
0.175631
0.176746
0.176039
0.174009
0.158587
0.176039
0.176039
0.176400
0.176217
0.176823
0.175321
0.175039
0.175144
0.176057
0.176337
0.175173
0.182095
0.182930
0.182277
0.182266
0.179177
0.181080
0.149019
0.176319
0.176406
0.175193
0.177165
0.178082
0.176741
0.176040
0.176102
0.177519
0.175886
0.176040
0.175628
0.177039
0.174352
0.177039
0.177635
0.175191
0.172711
0.175233
0.176037
0.176039
0.173483
0.179359
0.181359
0.159919
0.176461
0.182041
0.189655
0.186041
0.187273
0.177429
0.180179
0.177597
0.177982
0.149374
0.186303
0.186235
0.188043
0.187361
0.184718
0.190439
0.189043
0.190351
0.178357
0.178627
0.176993
0.176039
0.177039
0.176723
0.180041
0.179040
0.167957
0.176039
0.175039
0.176326
0.175574
0.176040
0.175168
0.179372
0.178219
0.177123
0.178620
0.176132
0.175364
0.175400
0.176492
0.177896
0.176749
0.177322
0.156741
0.175289
0.176523
0.176039
0.177062
0.176039
0.177099
0.178475
0.176107
0.176295
0.176039
0.177039
0.175039
0.175117
0.174039
0.176040
0.175591
0.175039
0.146033
0.176110
0.176164
0.176109
0.175458
0.176039
0.176920
0.176333
0.177102
0.176456
0.176432
0.177094
0.157264
0.176039
0.177039
0.175533
0.176948
0.176497
0.153146
0.176121
0.176060
0.176553
0.176172
0.174984
0.176127
0.177039
0.177089
0.176435
0.176103
0.177107
0.174758
0.176039
0.176610
0.175040
0.176169
0.175449
0.148581
0.179696
0.176304
0.177172
0.176080
0.177066
0.175468
0.180787
0.176147
0.160823
0.179003
0.174753
0.176400
0.176298
0.177039
0.176493
0.176742
0.176513
0.158013
0.176039
0.176945
0.176505
0.175234
0.177114
0.175832
0.176281
0.176040
0.175572
0.176112
0.176611
0.176117
0.176231
0.176039
0.177760
0.177339
0.177126
0.146443
0.176298
0.177276
0.176368
0.176487
0.176535
0.177618
0.178040
0.177258
0.176691
0.177561
0.175308
0.177342
0.177683
0.175925
0.175387
0.176040
0.175112
0.152034
0.175538
0.177216
0.177039
0.176406
0.176441
0.176599
0.175913
0.176427
0.177259
0.176501
0.176156
0.175323
0.176502
0.175844
0.175104
0.177296
0.175590
0.159735
0.176167
0.174308
0.176985
0.176039
0.176483
0.176159
0.176039
0.176086
0.176111
0.177195
0.175946
0.176039
0.175555
0.176134
0.161035
0.176091
0.176039
0.165523
0.177214
0.176039
0.175041
0.176257
0.174039
0.177111
0.174420
0.177271
0.176105
0.176162
0.176137
0.176583
0.177102
0.177039
0.175524
0.176880
0.177081
0.160477
0.176579
0.175725
0.175040
0.176538
0.177112
0.176355
0.175483
0.177151
0.175503
0.176395
0.175251
0.177367
0.176498
0.176496
0.175415
0.176039
0.177090
0.172079
0.176374
0.177039
0.176039
0.175158
0.176750
0.173039
0.176039
0.156227
0.176039
0.176152
0.177150
0.175858
0.175333
0.176125
0.176517
0.176710
0.176038
0.155035
0.176581
0.176948
0.175039
0.177133
0.176122
0.175922
0.176392
0.175400
0.175189
0.177396
0.176039
0.177040
0.176651
0.176039
0.177039
0.176389
0.176040
0.144199
0.175039
0.176680
0.178157
0.177345
0.178500
0.177955
0.176052
0.177256
0.175192
0.177039
0.176288
0.175732
0.176199
0.175149
0.175908
0.177091
0.173761
0.128028
0.177108
0.177121
0.176414
0.176039
0.176398
0.176156
0.175929
0.177449
0.177488
0.176171
0.177595
0.176459
0.177127
0.176716
0.175100
0.177227
0.177180
0.160485
0.175756
0.179040
0.176040
0.176275
0.176039
0.176131
0.176039
0.176040
0.175003
0.176514
0.175690
0.175252
0.175039
0.176057
0.175962
0.175376
0.174196
0.168037
0.176039
0.176039
0.176202
0.177111
0.175083
0.177902
0.177040
0.176039
0.176483
0.178080
0.177078
0.178475
0.178113
0.176470
0.177279
0.175376
0.176039
0.154034
0.177305
0.175303
0.177039
0.177039
0.176462
0.152160
0.176194
0.175713
0.177229
0.176737
0.176111
0.177039
0.176218
0.177039
0.176199
0.176965
0.175099
0.143783
0.175633
0.174039
0.176128
0.176992
0.177257
0.177039
0.176576
0.175149
0.177039
0.177039
0.176039
0.176509
0.176271
0.177705
0.175278
0.176162
0.174144
0.148821
0.174789
0.176099
0.176533
0.178040
0.177430
0.176699
0.175176
0.176459
0.177048
0.177040
0.176370
0.176039
0.176039
0.178787
0.177024
0.176511
0.176507
0.170038
0.176339
0.176457
0.176108
0.177039
0.176370
0.177154
0.176201
0.174737
0.176222
0.176255
0.176039
0.177809
0.176089
0.175233
0.175277
0.176198
0.177129
0.132279
0.178231
0.176342
0.176404
0.176670
0.176337
0.177284
0.175777
0.176204
0.175666
0.175119
0.176335
0.177101
0.176039
0.176250
0.176344
0.176039
0.176039
0.172076
0.176193
0.175110
0.176461
0.177390
0.174266
0.176217
0.176039
0.175408
0.177014
0.176084
0.178752
0.177562
0.176086
0.175486
0.175366
0.178478
0.176097
0.143208
0.179137
0.184380
0.182040
0.181218
0.176039
0.176107
0.177403
0.175526
0.177248
0.176692
0.177039
0.176039
0.176032
0.176136
0.165200
0.178116
0.178040
0.175039
0.182040
0.180152
0.179040
0.178630
0.178145
0.176449
0.177039
0.176239
0.175675
0.177387
0.177151
0.175895
0.176127
0.176124
0.176039
0.177039
0.176528
0.161103
0.179812
0.181385
0.177197
0.176116
0.177117
0.175980
0.176237
0.175241
0.176240
0.176122
0.175954
0.175311
0.177028
0.176415
0.176454
0.176121
0.177185
0.156076
0.176039
0.177162
0.177153
0.176361
0.177040
0.176039
0.174252
0.177039
0.175039
0.177313
0.177542
0.166531
0.182492
0.180232
0.178912
0.177079
0.175557
0.172268
0.183244
0.178621
0.176389
0.175604
0.175115
0.177040
0.177039
0.177493
0.175734
0.179039
0.178474
0.175470
0.176632
0.177486
0.176039
0.177114
0.175118
0.154034
0.176039
0.176528
0.176604
0.175699
0.175104
0.177040
0.176136
0.177195
0.177040
0.177103
0.176039
0.175069
0.177575
0.177109
0.175583
0.174360
0.176476
0.144343
0.176368
0.176039
0.176402
0.175443
0.177445
0.177435
0.176039
0.178122
0.175782
0.177350
0.177040
0.176816
0.176185
0.176338
0.178040
0.176039
0.176094
0.171311
0.177039
0.177843
0.178371
0.178077
0.177188
0.175265
0.176238
0.177089
0.155697
0.176540
0.177547
0.177039
0.176397
0.175004
0.177039
0.176766
0.177171
0.159573
0.176040
0.176039
0.176431
0.177062
0.177041
0.181216
0.184495
0.183315
0.182087
0.182130
0.183040
0.184463
0.184507
0.183136
0.177039
0.172497
0.174298
0.145239
0.170987
0.176040
0.175373
0.174039
0.180283
0.182648
0.183041
0.182663
0.182040
0.173038
0.175226
0.174276
0.144646
0.177609
0.184252
0.185041
0.185158
0.165037
0.176039
0.175807
0.176140
0.175941
0.174434
0.175094
0.175039
0.175089
0.175175
0.175100
0.179298
0.182564
0.184040
0.185041
0.184097
0.176325
0.176039
0.162373
0.175121
0.176039
0.175171
0.175491
0.175235
0.174985
0.176081
0.176216
0.176241
0.175039
0.174323
0.175896
0.175039
0.174700
0.174038
0.176210
0.174587
0.142191
0.179040
0.175255
0.176141
0.177627
0.177008
0.175599
0.174386
0.175302
0.175125
0.175114
0.175223
0.181040
0.188317
0.185041
0.187042
0.161820
0.180173
0.177137
0.181166
0.179104
0.177079
0.179308
0.178140
0.178688
0.177783
0.177039
0.177116
0.176682
0.177096
0.178452
0.178040
0.178095
0.177163
0.180040
0.178140
0.152080
0.177207
0.178149
0.177198
0.156832
0.162069
0.178039
0.178145
0.177369
0.177098
0.177854
0.177039
0.177646
0.178106
0.177848
0.176091
0.177297
0.177186
0.157035
0.178525
0.177530
0.178496
0.178110
0.177039
0.177240
0.178370
0.179108
0.177040
0.150204
0.183930
0.183227
0.180403
0.178127
0.178838
0.176576
0.178107
0.168413
0.184464
0.181724
0.180041
0.179520
0.177039
0.178414
0.178382
0.178488
0.178967
0.177385
0.177120
0.177561
0.177156
0.177544
0.177522
0.178175
0.177884
0.154134
0.181658
0.181041
0.182106
0.180307
0.177542
0.177039
0.177598
0.178117
0.178222
0.178957
0.177208
0.178040
0.179855
0.178225
0.177316
0.178546
0.160633
0.176386
0.185334
0.182466
0.180041
0.179313
0.178183
0.178593
0.178040
0.178040
0.178039
0.176039
0.176154
0.177285
0.176137
0.178281
0.177992
0.178040
0.177101
0.171038
0.178356
0.178921
0.178105
0.176039
0.179123
0.179678
0.178039
0.178503
0.176163
0.177207
0.176040
0.178138
0.178550
0.178328
0.178128
0.176548
0.178123
0.163732
0.177711
0.178175
0.177020
0.178198
0.177781
0.177192
0.178630
0.177580
0.178516
0.177516
0.179089
0.176570
0.177040
0.178040
0.181648
0.178317
0.176616
0.153929
0.178097
0.177468
0.177226
0.177222
0.178673
0.179768
0.178040
0.178949
0.177461
0.178039
0.177262
0.178235
0.177119
0.178109
0.176039
0.177040
0.177380
0.107907
0.185107
0.182122
0.182130
0.179164
0.177656
0.177040
0.177039
0.179040
0.176939
0.178087
0.177766
0.177040
0.178063
0.178146
0.178372
0.176580
0.178040
0.167152
0.178123
0.179326
0.177594
0.176086
0.176152
0.178088
0.178040
0.177338
0.176640
0.178039
0.177040
0.177039
0.176038
0.174836
0.177039
0.178272
0.178192
0.156361
0.178361
0.178100
0.177264
0.177491
0.177039
0.179335
0.176857
0.176555
0.177458
0.179011
0.178040
0.177040
0.178716
0.176318
0.177039
0.178040
0.176668
0.164974
0.176777
0.178108
0.176269
0.177068
0.177425
0.176465
0.178040
0.177424
0.177039
0.177111
0.177382
0.177748
0.173170
0.177583
0.177897
0.178039
0.177039
0.168037
0.177276
0.177039
0.178393
0.177039
0.176797
0.177511
0.177039
0.179100
0.177299
0.176134
0.176224
0.177289
0.178258
0.177063
0.176811
0.176772
0.177070
0.153558
0.180147
0.176223
0.177380
0.176619
0.177039
0.176101
0.176584
0.176399
0.176407
0.176532
0.179126
0.178041
0.178063
0.176403
0.176386
0.177188
0.179040
0.159035
0.177245
0.178361
0.177415
0.177624
0.178738
0.177865
0.176132
0.176742
0.165671
0.182337
0.183092
0.176544
0.177113
0.177727
0.177169
0.176434
0.179517
0.174039
0.177178
0.176144
0.177424
0.177097
0.175218
0.177102
0.177324
0.177522
0.175506
0.178758
0.177191
0.178040
0.162306
0.180679
0.178040
0.179040
0.178288
0.172165
0.185944
0.183168
0.182041
0.180883
0.177846
0.177425
0.178041
0.178820
0.179091
0.177337
0.178577
0.177031
0.177081
0.177669
0.176457
0.178258
0.176719
0.164341
0.178135
0.177128
0.177104
0.176210
0.176528
0.178128
0.177040
0.176413
0.177114
0.178126
0.168336
0.179514
0.178773
0.178150
0.177242
0.176728
0.178040
0.171039
0.184041
0.181138
0.179705
0.179876
0.177138
0.178117
0.178346
0.177349
0.177475
0.177210
0.176139
0.178040
0.177338
0.176759
0.177222
0.176322
0.176606
0.174126
0.177087
0.177936
0.174369
0.175424
0.177820
0.178094
0.176424
0.156514
0.178126
