0.002354
0.161253
0.167314
0.168875
0.168691
0.180142
0.188247
0.190181
0.170188
0.171242
0.175039
0.192042
0.167779
0.169406
0.163379
0.168216
0.168981
0.167185
0.168037
0.167671
0.171427
0.168037
0.175220
0.170190
0.167436
0.172220
0.188200
0.182041
0.164268
0.166885
0.167818
0.166237
0.166632
0.166158
0.166107
0.167060
0.165164
0.166037
0.169348
0.166819
0.167037
0.188293
0.184042
0.164044
0.166850
0.167108
0.168083
0.170038
0.173130
0.193502
0.167111
0.167744
0.169092
0.169038
0.168958
0.168037
0.167139
0.177522
0.177951
0.174130
0.177039
0.184263
0.164980
0.185510
0.186339
0.186042
0.167160
0.167445
0.172067
0.181478
0.173039
0.168454
0.166600
0.166530
0.167727
0.165143
0.168175
0.169424
0.165242
0.171149
0.185297
0.180878
0.180727
0.182178
0.160182
0.182358
0.189859
0.180292
0.172204
0.166888
0.166665
0.166036
0.168437
0.164381
0.168412
0.166246
0.179289
0.192121
0.197044
0.177192
0.177214
0.167161
0.169037
0.182330
0.189703
0.173111
0.169159
0.168323
0.172211
0.173356
0.193609
0.192611
0.169173
0.173474
0.169294
0.166303
0.168211
0.167208
0.167508
0.167747
0.168023
0.166142
0.173563
0.193043
0.190969
0.170174
0.171565
0.168258
0.167436
0.166036
0.165050
0.167665
0.166769
0.168037
0.165908
0.176509
0.191157
0.188192
0.191212
0.169264
0.170482
0.168481
0.167271
0.167405
0.166844
0.167823
0.164634
0.165286
0.164205
0.166324
0.165036
0.167110
0.165758
0.171290
0.192044
0.152366
0.175337
0.171081
0.166618
0.168523
0.169642
0.168179
0.166676
0.176665
0.193305
0.192259
0.188603
0.194720
0.186042
0.179468
0.172368
0.169006
0.168037
0.168762
0.168996
0.167338
0.167037
0.168918
0.169525
0.170413
0.169038
0.169038
0.169253
0.168290
0.167188
0.167037
0.167221
0.170038
0.167202
0.167289
0.167332
0.168037
0.174038
0.172412
0.171614
0.167037
0.174923
0.169202
0.167802
0.171236
0.165058
0.167829
0.167930
0.173039
0.187414
0.194071
0.169397
0.172944
0.169378
0.168563
0.168123
0.174693
0.177051
0.193043
0.193467
0.193040
0.171915
0.169038
0.169119
0.169831
0.170645
0.171211
0.169064
0.171498
0.171331
0.174411
0.171360
0.170827
0.168866
0.169723
0.174038
0.184406
0.158380
0.183427
0.194483
0.196597
0.187332
0.189330
0.186041
0.169089
0.166091
0.167111
0.143491
0.169651
0.168247
0.168128
0.170199
0.168108
0.175100
0.187380
0.171175
0.161455
0.238332
0.346406
0.352703
0.392972
0.375973
0.330408
0.379686
0.375319
0.359457
0.345873
0.373282
0.374359
0.356386
0.351524
0.460267
0.429409
0.402091
0.264507
0.184255
0.186097
0.185214
0.167227
0.165107
0.165382
0.162036
0.159212
0.159684
0.167737
0.165037
0.163141
0.163177
0.162576
0.161601
0.164037
0.165156
0.162437
0.163260
0.166172
0.162143
0.163278
0.175029
0.187119
0.187042
0.163241
0.163035
0.162318
0.153990
0.164160
0.163036
0.148766
0.175843
0.166266
0.165113
0.164085
0.162035
0.162397
0.162186
0.164797
0.166149
0.164140
0.160156
0.164918
0.163169
0.163347
0.161036
0.158148
0.161191
0.162036
0.165213
0.163420
0.163036
0.164036
0.164362
0.161383
0.165037
0.163909
0.168101
0.164588
0.163619
0.164323
0.161859
0.162168
0.169117
0.166147
0.170514
0.169144
0.165619
0.165037
0.168118
0.176225
0.172038
0.166245
0.168216
0.168287
0.169461
0.168552
0.167130
0.167037
0.166146
0.164209
0.162124
0.162057
0.162369
0.171036
0.170037
0.171038
0.166124
0.175316
0.185145
0.162783
0.166037
0.167377
0.168389
0.167239
0.166884
0.178061
0.188114
0.175629
0.168234
0.170513
0.166339
0.168285
0.166358
0.166219
0.165355
0.165344
0.164284
0.165152
0.166585
0.166167
0.168231
0.176170
0.183494
0.190660
0.191557
0.167117
0.170228
0.168742
0.165455
0.166357
0.166233
0.165307
0.166134
0.168559
0.166037
0.162176
0.168359
0.166136
0.170789
0.190112
0.188254
0.178095
0.165761
0.165423
0.167037
0.167037
0.166255
0.166084
0.168183
0.167561
0.164706
0.167048
0.169161
0.166692
0.165926
0.165504
0.166133
0.164036
0.168164
0.165913
0.166038
0.171037
0.167218
0.171559
0.174855
0.172038
0.165036
0.164067
0.164125
0.167298
0.165884
0.165312
0.167037
0.163625
0.165265
0.168228
0.167823
0.167376
0.168037
0.167037
0.164357
0.173358
0.170523
0.167842
0.167542
0.170012
0.165037
0.166404
0.165365
0.166796
0.165037
0.167383
0.164318
0.095139
0.171612
0.170635
0.170281
0.167363
0.166037
0.165178
0.164928
0.170974
0.192338
0.185292
0.188043
0.176331
0.169038
0.168277
0.168307
0.172178
0.185828
0.183595
0.186735
0.186405
0.185694
0.170184
0.166197
0.182808
0.179491
0.173314
0.164910
0.166106
0.163526
0.165111
0.164037
0.165639
0.166211
0.168445
0.165510
0.163496
0.166101
0.167256
0.171253
0.191408
0.187041
0.188143
0.189769
0.185057
0.167038
0.364955
0.354469
0.404746
0.359357
0.369324
0.377913
0.351872
0.429286
0.352999
0.334019
0.077609
0.079122
0.074226
0.081381
0.075093
0.076044
0.075926
0.076444
0.077328
0.076093
0.080160
0.080439
0.082874
0.074178
0.075150
0.074932
0.082113
0.073152
0.074156
0.074425
0.074434
0.078647
0.079211
0.081976
0.084313
0.075507
0.076150
0.075496
0.084042
0.079993
0.074883
0.073894
0.075016
0.075377
0.075592
0.074646
0.086019
0.082060
0.082918
0.082100
0.077066
0.077744
0.076745
0.082081
0.077272
0.077105
0.075606
0.079102
0.077225
0.080703
0.084618
0.082420
0.084428
0.084768
0.088612
0.083694
0.091585
0.082027
0.081940
0.075074
0.074878
0.083378
0.072925
0.075177
0.077415
0.075709
0.075295
0.078343
0.083944
0.080561
0.083162
0.083594
0.086642
0.080026
0.079499
0.079346
0.077376
0.078126
0.080956
0.079367
0.077480
0.078121
0.097366
0.077823
0.078777
0.080462
0.079703
0.077871
0.082817
0.096667
0.076230
0.086119
0.075495
0.077910
0.076473
0.081607
0.082925
0.079632
0.078872
0.079114
0.081020
0.076284
0.076755
0.084680
0.076687
0.081571
0.083204
0.083881
0.084510
0.082136
0.083133
0.081756
0.088255
0.079237
0.092323
0.077343
0.077842
0.078847
0.082860
0.082201
0.082018
0.074835
0.077910
0.075278
0.077828
0.097886
0.090850
0.074590
0.077293
0.076722
0.075016
0.077211
0.078019
0.080534
0.077954
0.079030
0.076308
0.078151
0.077599
0.075016
0.074714
0.075747
0.075513
0.076945
0.080961
0.075737
0.080405
0.087310
0.084115
0.084336
0.088403
0.089524
0.087941
0.083742
0.079189
0.076366
0.076472
0.078476
0.074134
0.074016
0.074028
0.074016
0.079317
0.082735
0.081018
0.079360
0.079785
0.084020
0.077425
0.077308
0.080496
0.088019
0.074032
0.075603
0.075599
0.075235
0.075127
0.082019
0.095962
0.075795
0.075824
0.074865
0.073741
0.075586
0.073377
0.075197
0.076868
0.077375
0.078409
0.078463
0.075973
0.074127
0.077489
0.083822
0.076707
0.077123
0.076568
0.074248
0.095647
0.081673
0.080259
0.083517
0.075108
0.075765
0.073283
0.080412
0.075006
0.083955
0.080741
0.076607
0.076759
0.077562
0.077606
0.077935
0.085280
0.078376
0.075934
0.074920
0.076356
0.075211
0.080468
0.073330
0.074840
0.077689
0.076127
0.094106
0.075388
0.077110
0.077992
0.076956
0.076436
0.092506
0.077584
0.077854
0.075723
0.091341
0.077631
0.077039
0.082382
0.087113
0.085476
0.091250
0.085078
0.084137
0.083611
0.089609
0.080243
0.083029
0.088931
0.079051
0.087549
0.081086
0.078298
0.080018
0.076009
0.075878
0.073653
0.076649
0.076705
0.076329
0.078471
0.078153
0.075211
0.077117
0.075621
0.075753
0.075246
0.075865
0.075391
0.074213
0.075992
0.076705
0.080999
0.097675
0.080563
0.081974
0.082647
0.084039
0.097192
0.084478
0.075402
0.075846
0.076984
0.076652
0.077433
0.084819
0.097838
0.074582
0.080748
0.079493
0.080769
0.088078
0.078559
0.079002
0.077600
0.076037
0.078727
0.084049
0.075469
0.077504
0.076017
0.077063
0.078271
0.077128
0.080018
0.084489
0.076962
0.075544
0.080961
0.077043
0.097905
0.081938
0.098124
0.081027
0.084880
0.083968
0.084549
0.084240
0.082413
0.081508
0.079416
0.076914
0.076942
0.076772
0.085183
0.076107
0.078027
0.076728
0.079038
0.077860
0.080625
0.081119
0.083577
0.078996
0.076715
0.076750
0.078086
0.084360
0.096236
0.075887
0.076066
0.079218
0.076822
0.093234
0.076073
0.078910
0.081001
0.081395
0.081252
0.089705
0.079890
0.080563
0.078109
0.081170
0.081174
0.080360
0.076891
0.075981
0.075582
0.075761
0.083700
0.079352
0.078270
0.076191
0.076495
0.075784
0.077691
0.095257
0.076609
0.076018
0.074900
0.081600
0.085691
0.090176
0.083479
0.083963
0.088053
0.088550
0.086107
0.090143
0.080154
0.077602
0.076101
0.076469
0.084103
0.080768
0.091618
0.102631
0.089723
0.077017
0.075066
0.074956
0.075566
0.075240
0.072641
0.074938
0.089162
0.081394
0.083495
0.077275
0.078447
0.088776
0.088732
0.104571
0.089975
0.084287
0.084921
0.087960
0.076540
0.079810
0.075185
0.077696
0.077496
0.075597
0.076753
0.077163
0.076938
0.078352
0.083640
0.077318
0.076548
0.076462
0.077533
0.095756
0.090002
0.086383
0.085262
0.083719
0.084461
0.085793
0.083570
0.084470
0.083643
0.083216
0.081969
0.081303
0.079453
0.090395
0.084442
0.077417
0.080147
0.088051
0.077373
0.082953
0.076671
0.079899
0.076984
0.091905
0.079260
0.080367
0.095006
0.077816
0.081422
0.077791
0.078477
0.077605
0.080055
0.078601
0.080513
0.080479
0.076501
0.080335
0.081996
0.075884
0.077485
0.078662
0.076954
0.082511
0.080656
0.077557
0.077606
0.078020
0.077516
0.078017
0.075827
0.076965
0.075132
0.087740
0.084898
0.093607
0.085804
0.086467
0.084579
0.084245
0.083337
0.100734
0.087160
0.080958
0.088378
0.080018
0.078653
0.079934
0.079438
0.078192
0.080533
0.079638
0.078564
0.079757
0.080997
0.081576
0.074605
0.075468
0.076948
0.079346
0.075554
0.088364
0.076016
0.077559
0.077039
0.077790
0.079993
0.080198
0.078923
0.084746
0.079919
0.081041
0.080358
0.079972
0.093730
0.079982
0.080037
0.096068
0.076955
0.096220
0.077018
0.075381
0.077257
0.076195
0.075282
0.076928
0.077071
0.082745
0.083125
0.082681
0.088560
0.087313
0.090042
0.080589
0.080610
0.079094
0.080121
0.078544
0.080594
0.083475
0.082717
0.082009
0.079105
0.078860
0.077060
0.080052
0.084554
0.083623
0.076392
0.079230
0.081681
0.095535
0.075468
0.076017
0.083153
0.085054
0.089039
0.088559
0.085196
0.084224
0.082728
0.082939
0.082921
0.082073
0.080533
0.094989
0.078110
0.079769
0.076455
0.076490
0.076703
0.080314
0.080721
0.080477
0.074898
0.075084
0.076483
0.079393
0.080374
0.078671
0.080311
0.084063
0.088901
0.077665
0.079940
0.077870
0.096484
0.077422
0.075879
0.076129
0.075371
0.077982
0.079346
0.081315
0.077677
0.074929
0.077560
0.089444
0.077017
0.079321
0.077322
0.077548
0.077266
0.077455
0.079600
0.081137
0.077360
0.078068
0.078535
0.087065
0.075146
0.076258
0.076092
0.080300
0.077184
0.082428
0.086384
0.077882
0.078062
0.077559
0.078578
0.075575
0.085651
0.076934
0.076455
0.083295
0.076435
0.077018
0.078317
0.090472
0.077619
0.077153
0.079494
0.082094
0.078061
0.077182
0.077917
0.078473
0.084788
0.076394
0.082068
0.079410
0.080516
0.075755
0.085154
0.077909
0.078720
0.077018
0.082383
0.079692
0.078017
0.074929
0.092461
0.074980
0.077497
0.075547
0.076214
0.078523
0.075860
0.085452
0.082826
0.084001
0.102241
0.083019
0.082583
0.086684
0.082018
0.084570
0.083487
0.082200
0.082701
0.079293
0.080769
0.077530
0.079152
0.077292
0.079989
0.078285
0.077808
0.091298
0.073705
0.075911
0.078535
0.076545
0.076004
0.082847
0.076680
0.078677
0.086129
0.077892
0.078881
0.085201
0.075358
0.078222
0.081949
0.077041
0.075424
0.075082
0.078595
0.075053
0.083017
0.087355
0.093323
0.090307
0.079088
0.074017
0.076207
0.076571
0.078012
0.080212
0.084450
0.075887
0.075277
0.081930
0.083969
0.074250
0.099024
0.082022
0.083862
0.079085
0.080368
0.086492
0.082578
0.076017
0.096354
0.078018
0.080017
0.077949
0.078380
0.078009
0.078245
0.077975
0.074983
0.075410
0.076171
0.087940
0.098022
0.076050
0.075598
0.078652
0.079277
0.080367
0.084395
0.084335
0.079665
0.088036
0.079765
0.079389
0.080958
0.078192
0.076477
0.076900
0.076777
0.077338
0.075978
0.088150
0.076992
0.075694
0.081170
0.078366
0.076023
0.074594
0.076939
0.075474
0.075975
0.077629
0.080833
0.076027
0.075620
0.081835
0.075788
0.074679
0.078475
0.074016
0.076019
0.075602
0.085177
0.086347
0.083518
0.084355
0.084345
0.083425
0.102706
0.080341
0.082602
0.081488
0.082072
0.080817
0.080129
0.085638
0.085582
0.079117
0.077842
0.079991
0.085455
0.081485
0.078701
0.091877
0.076375
0.077890
0.076338
0.075631
0.077694
0.076314
0.090195
0.076934
0.076664
0.076018
0.076674
0.077189
0.078132
0.075129
0.078815
0.075568
0.074475
0.075752
0.076294
0.078006
0.082037
0.078017
0.079405
0.074512
0.088861
0.083604
0.093263
0.083662
0.086248
0.084757
0.084170
0.090701
0.082226
0.079899
0.083480
0.080903
0.080471
0.079307
0.096552
0.074413
0.075026
0.078469
