0.002001
0.174039
0.174700
0.171695
0.171430
0.144714
0.172985
0.171191
0.171144
0.190221
0.187322
0.190352
0.176215
0.143419
0.170789
0.171935
0.171025
0.170824
0.181701
0.179203
0.177902
0.175058
0.170345
0.167082
0.168182
0.157584
0.169624
0.127476
0.148853
0.170464
0.170577
0.169288
0.171309
0.155852
0.170352
0.185948
0.171883
0.180346
0.188946
0.186203
0.164733
0.172637
0.171117
0.131785
0.148032
0.164646
0.165201
0.170488
0.168698
0.169292
0.169175
0.170038
0.170083
0.168548
0.170422
0.111442
0.162465
0.163036
0.133855
0.161035
0.166653
0.166719
0.167483
0.168766
0.167622
0.166819
0.166227
0.168872
0.167424
0.165854
0.167989
0.154035
0.169038
0.131028
0.167625
0.168160
0.169037
0.167877
0.167037
0.168153
0.154034
0.175859
0.185975
0.163036
0.136217
0.161159
0.160035
0.131203
0.163038
0.167037
0.172311
0.170037
0.133177
0.142893
0.156546
0.166229
0.135456
0.170326
0.169037
0.166486
0.166617
0.166036
0.171477
0.176836
0.176282
0.174669
0.166406
0.166036
0.138335
0.157035
0.184041
0.185174
0.187119
0.189069
0.189480
0.188641
0.193415
0.163035
0.145442
0.156425
0.165067
0.167914
0.149208
0.163553
0.166879
0.155612
0.147226
0.173264
0.178294
0.175996
0.171400
0.180063
0.189498
0.167355
0.164953
0.148836
0.163664
0.168655
0.165407
0.143738
0.162035
0.167186
0.165845
0.167760
0.170591
0.155275
0.168309
0.167353
0.126743
0.163414
0.166002
0.161986
0.163087
0.167136
0.176246
0.181603
0.176693
0.176661
0.169681
0.180011
0.174564
0.170213
0.169145
0.126576
0.168929
0.168458
0.168437
0.167804
0.166081
0.166361
0.162300
0.177160
0.181344
0.186059
0.152633
0.162012
0.121126
0.147493
0.169100
0.168409
0.168693
0.166502
0.168657
0.167534
0.145922
0.167612
0.168129
0.169069
0.159482
0.177620
0.187028
0.185668
0.161805
0.137192
0.147853
0.163908
0.169127
0.167635
0.171954
0.168199
0.166756
0.131686
0.150909
0.168317
0.168577
0.168003
0.167006
0.156833
0.179861
0.188163
0.189955
0.193556
0.190288
0.190578
0.193014
0.191127
0.166007
0.170233
0.106995
0.152700
0.174733
0.137301
0.147718
0.163830
0.170204
0.169796
0.168700
0.134870
0.164546
0.168613
0.163003
0.143405
0.186203
0.187792
0.188256
0.168037
0.151090
0.166170
0.168164
0.169037
0.160099
0.146699
0.167667
0.168834
0.167951
0.169003
0.167959
0.169282
0.168429
0.140399
0.169850
0.169431
0.135688
0.175570
0.169889
0.167444
0.169351
0.168181
0.168839
0.168194
0.162014
0.177920
0.168480
0.135456
0.177297
0.168432
0.180144
0.192507
0.186720
0.165797
0.142623
0.165583
0.166466
0.167980
0.153865
0.166408
0.162948
0.148196
0.165443
0.168103
0.166568
0.167982
0.169072
0.167668
0.167233
0.168197
0.155703
0.172673
0.168472
0.178370
0.175805
0.171957
0.168037
0.157339
0.141373
0.160515
0.170054
0.173517
0.162158
0.170793
0.171718
0.174196
0.167064
0.156034
0.155034
0.165043
0.155586
0.151735
0.307825
0.291317
0.334540
0.305999
0.318097
0.302219
0.336089
0.332682
0.329546
0.327075
0.310956
0.319069
0.317713
0.299052
0.298900
0.327217
0.342976
0.336573
0.332457
0.289768
0.179300
0.179940
0.144542
0.153034
0.160865
0.162580
0.163068
0.124662
0.160144
0.163044
0.163553
0.162784
0.163439
0.161731
0.164884
0.163146
0.162613
0.163878
0.163570
0.130028
0.149130
0.157789
0.162768
0.143747
0.163766
0.162252
0.163111
0.162678
0.162462
0.162393
0.162828
0.163346
0.121294
0.158477
0.163022
0.161986
0.164503
0.161798
0.162854
0.155202
0.160516
0.157611
0.155148
0.168831
0.163204
0.162260
0.163233
0.163591
0.163021
0.153288
0.146580
0.174621
0.166490
0.164766
0.164170
0.157386
0.176421
0.183462
0.154033
0.163089
0.163446
0.162570
0.163036
0.164036
0.136030
0.156035
0.177376
0.168309
0.174040
0.168163
0.134889
0.149033
0.152034
0.172038
0.170037
0.162471
0.162415
0.162035
0.163665
0.161762
0.162279
0.163036
0.156054
0.181084
0.190041
0.187042
0.159483
0.167961
0.129234
0.164037
0.167438
0.167037
0.168123
0.169037
0.169320
0.166969
0.168832
0.169065
0.167800
0.149758
0.165036
0.167349
0.167807
0.169224
0.137298
0.162647
0.167819
0.167120
0.168028
0.168885
0.167370
0.167992
0.158248
0.167161
0.167531
0.168384
0.156463
0.166276
0.145844
0.144388
0.144402
0.166077
0.168364
0.168670
0.168295
0.166077
0.169196
0.166679
0.156135
0.175651
0.174151
0.168929
0.168048
0.164427
0.179497
0.187477
0.191302
0.186458
0.190302
0.164785
0.142635
0.163339
0.167126
0.170434
0.167389
0.139810
0.143454
0.150268
0.170842
0.167462
0.167656
0.168837
0.168688
0.152630
0.170707
0.187396
0.189754
0.188583
0.166579
0.123387
0.146746
0.167254
0.166010
0.168022
0.168589
0.167427
0.168708
0.167003
0.158569
0.179446
0.176402
0.171845
0.167610
0.166717
0.180182
0.174578
0.169134
0.169080
0.167112
0.167669
0.168804
0.147681
0.176542
0.172007
0.169028
0.165248
0.179499
0.179630
0.177704
0.170061
0.174630
0.179998
0.176666
0.174209
0.170452
0.166927
0.168086
0.141171
0.160917
0.180268
0.187585
0.185880
0.159982
0.133697
0.168455
0.168159
0.168037
0.135260
0.168098
0.168172
0.168908
0.161755
0.173418
0.187004
0.189653
0.164144
0.141656
0.116026
0.084517
0.174124
0.167797
0.168525
0.169352
0.168828
0.169398
0.165221
0.179800
0.185571
0.157170
0.119449
0.113246
0.172272
0.177862
0.170537
0.168016
0.169310
0.168383
0.140535
0.155937
0.191893
0.186485
0.186383
0.183975
0.150958
0.130049
0.153301
0.169429
0.172060
0.175529
0.170037
0.165879
0.164446
0.167037
0.150365
0.188112
0.164346
0.159262
0.162036
0.155946
0.163145
0.165036
0.149614
0.167037
0.164991
0.166037
0.165037
0.170099
0.171038
0.169146
0.167037
0.141129
0.141031
0.148074
0.167037
0.178348
0.180641
0.176380
0.174237
0.171261
0.167126
0.150059
0.168035
0.172008
0.166299
0.169801
0.129915
0.161131
0.165242
0.164449
0.165923
0.166278
0.164557
0.145945
0.179040
0.173720
0.168657
0.166038
0.167231
0.166718
0.163263
0.180565
0.186341
0.149237
0.166332
0.165487
0.167037
0.165036
0.166393
0.165521
0.165448
0.167104
0.166234
0.136274
0.144451
0.163266
0.156034
0.181332
0.181288
0.146455
0.144032
0.136767
0.165794
0.169897
0.170786
0.169315
0.172359
0.169668
0.149948
0.171392
0.171064
0.164628
0.178853
0.193417
0.191186
0.190297
0.193702
0.189161
0.188330
0.160462
0.168826
0.170365
0.171380
0.170000
0.169574
0.169919
0.140051
0.157448
0.167169
0.170259
0.162100
0.157376
0.173247
0.173652
0.171585
0.169746
0.169000
0.175134
0.171282
0.170940
0.171232
0.171308
0.171219
0.154176
0.154437
0.155760
0.167759
0.169505
0.170106
0.170433
0.169037
0.170010
0.151718
0.193675
0.154155
0.148135
0.171403
0.171037
0.170823
0.169291
0.171057
0.131029
0.156227
0.160035
0.193440
0.154660
0.132927
0.170043
0.171038
0.170038
0.170750
0.171047
0.171429
0.133057
0.167037
0.171429
0.171118
0.169735
0.170146
0.171106
0.166036
0.153281
0.174042
0.186041
0.191147
0.194042
0.190041
0.190042
0.152034
0.145954
0.162935
0.169286
0.165366
0.163148
0.138586
0.162740
0.150393
0.163408
0.152828
0.161096
0.166344
0.165695
0.159492
0.175200
0.190679
0.193475
0.190265
0.173147
0.138952
0.152328
0.159415
0.162857
0.166008
0.164681
0.158612
0.151839
0.164088
0.152028
0.167736
0.167260
0.166221
0.162179
0.175182
0.183764
0.151293
0.157863
0.163013
0.178039
0.172886
0.171636
0.131518
0.167037
0.171671
0.171382
0.170987
0.170504
0.171719
0.171579
0.159830
0.167743
0.171262
0.170089
0.170730
0.167542
0.162341
0.174149
0.170038
0.163036
0.164036
0.163415
0.134185
0.156072
0.193432
0.196813
0.196727
0.191583
0.189344
0.186564
0.185221
0.166467
0.143348
0.141729
0.144321
0.134043
0.166780
0.167784
0.167427
0.167116
0.166867
0.160059
0.175998
0.182737
0.151047
0.160892
0.127746
0.156413
0.155034
0.179080
0.174315
0.169252
0.154791
0.191360
0.192829
0.187038
0.189788
0.187430
0.152662
0.125283
0.151591
0.157126
0.186771
0.157725
0.122647
0.145387
0.152693
0.168345
0.167749
0.169946
0.167227
0.155490
0.155622
0.192636
0.182658
0.148156
0.128790
0.138789
0.168777
0.188705
0.182839
0.152435
0.140039
0.128719
0.162049
0.165634
0.165784
0.167526
0.166036
0.171035
0.165776
0.167967
0.164534
0.148444
0.162986
0.166619
0.167896
0.148786
0.162715
0.166841
0.166707
0.166626
0.168444
0.167786
0.166132
0.166337
0.167137
0.144113
0.146685
0.163383
0.167037
0.166428
0.167036
0.166036
0.167675
0.168531
0.168257
0.138727
0.169829
0.169093
0.167680
0.166623
0.166000
0.165709
0.169739
0.139630
0.173432
0.176686
0.173285
0.169685
0.168754
0.167449
0.168010
0.166776
0.166850
0.161564
0.175369
0.187384
0.182455
0.182113
0.178197
0.182244
0.180938
0.152953
0.165569
0.176358
0.140218
0.154579
0.163233
0.185463
0.198563
0.195188
0.193514
0.156015
0.105965
0.157290
0.182020
0.179242
0.181399
0.182366
0.143358
0.141307
0.168982
0.182375
0.186482
0.171216
0.170507
0.171235
0.127028
0.156600
0.190071
0.188624
0.169037
0.173110
0.173037
0.130029
0.160035
0.152378
0.170895
0.170628
0.171038
0.170038
0.172999
0.172120
0.172038
0.172038
0.165037
0.185040
0.182040
0.178040
0.172038
0.183040
0.182142
0.174552
0.173794
0.169037
0.166168
0.166581
0.170038
0.172393
0.170652
0.164607
0.177923
0.181197
0.179329
0.179799
0.178245
0.174038
0.177401
0.175038
0.174506
0.176059
0.172436
0.167306
0.170227
0.170472
0.171698
0.172303
0.169499
0.168037
0.169544
0.156034
0.159035
0.183040
0.191043
0.186229
0.161935
0.136101
0.134051
0.169479
0.164593
0.183561
0.193042
0.187041
0.162393
0.137030
0.154186
0.165301
0.169189
0.168418
0.169387
0.154825
0.168455
0.170072
0.164036
0.187197
0.186836
0.164110
0.140031
0.150890
0.164134
0.167103
0.168796
0.167963
0.167621
0.170568
0.168565
0.154733
0.182402
0.180456
0.182327
0.183873
0.151966
0.129194
0.146743
0.162287
0.179869
0.174753
0.170960
0.168272
0.150574
0.192531
0.188829
0.147388
0.146679
0.153378
0.165880
0.171661
0.171073
0.171900
0.171083
0.165618
0.154449
0.193081
0.191198
0.185290
0.162248
0.159441
0.165687
0.154218
0.151714
0.165542
0.169501
0.170944
0.170085
0.169853
0.155137
0.178967
0.174582
0.169628
0.170460
0.171201
0.170256
0.172277
0.169950
0.168260
0.180102
0.180871
0.183040
0.185228
0.187054
0.158556
0.165107
0.166210
0.185041
0.190042
0.185436
0.185799
0.158337
0.128379
0.145051
0.152721
0.188467
0.190042
0.159486
0.118026
0.185041
0.169037
0.167037
0.151211
0.191042
0.186040
0.190042
0.186041
0.189040
0.166047
0.142488
0.144063
0.147032
0.168420
0.167692
0.160720
0.169420
0.189500
0.189042
0.185364
0.189454
0.188344
0.189826
0.184605
0.159374
0.130553
0.165036
0.168139
0.168036
0.169468
0.169793
0.168060
0.168955
0.168509
0.153629
0.164143
0.168420
0.169129
0.168270
0.168485
0.154750
0.173581
0.168540
0.169725
0.169244
0.168729
0.160199
0.180470
0.176514
0.172056
0.168037
0.168257
0.168279
0.180039
0.174543
0.171038
0.168159
0.170716
0.168384
0.169643
0.167667
0.169038
0.166364
0.181176
0.177039
0.174039
0.172237
0.166274
0.177295
0.172835
0.171306
0.169081
0.167163
0.162079
0.182040
0.186041
0.104550
0.150578
0.180685
0.178400
0.173331
0.174530
0.173236
0.162744
0.183774
0.192769
0.191402
0.192889
0.189900
0.193658
0.192883
0.133884
0.159023
0.162583
0.164878
0.165031
0.160284
0.152402
0.154031
0.163226
0.191690
0.092462
0.171203
0.165122
0.179307
0.174877
0.170365
0.164584
0.186188
0.192545
0.190266
0.191307
0.192149
0.186603
0.161994
0.139034
0.151290
0.164884
0.169379
0.170518
0.169175
0.170038
0.169955
0.169236
0.164521
0.161254
0.185639
0.188227
0.096267
0.155984
0.190274
0.192173
0.186691
0.165284
0.171530
0.170572
0.171852
0.133270
0.153691
0.165787
0.169093
0.171394
0.169939
0.169492
0.170038
0.170037
0.156466
0.151112
0.173758
0.181341
0.191859
0.183426
0.190089
0.189751
0.189986
0.170098
0.134513
0.161108
0.167479
0.165113
0.142637
0.169180
0.168241
0.165582
0.162598
0.175902
0.186187
0.189889
0.128621
0.170079
0.171479
0.167484
0.170038
0.171144
0.169856
0.171038
0.170811
0.170417
0.170131
0.170037
0.134029
0.163036
0.189491
0.192032
0.186199
0.182590
0.179402
0.180063
0.152213
0.160917
0.164171
0.167182
0.178231
0.133152
0.157568
0.168307
0.170022
0.169668
0.162307
0.175027
0.191042
0.181927
0.145727
0.125028
0.165168
0.149538
0.172719
0.172373
0.171423
0.172013
0.171227
0.172580
0.172038
0.163846
0.190064
0.188446
0.147965
0.130911
0.169651
0.170542
0.170181
0.169848
0.169722
0.170038
0.169994
0.169469
0.158106
0.181252
0.181442
0.176490
0.185259
0.182739
0.178507
0.175861
0.174191
0.172061
0.172466
0.170781
0.171140
0.167382
0.178910
0.175124
0.166887
0.176772
0.180604
0.180703
0.181582
0.178198
0.176966
0.168418
0.187418
0.177595
0.175274
0.172722
0.168866
0.172956
0.167739
0.185206
0.181449
0.176054
0.175990
0.172210
0.172775
0.172064
0.172776
0.171978
0.165595
0.182062
0.171392
0.145659
0.154632
0.153977
0.170442
0.150033
0.165362
0.185080
0.188531
0.163090
0.134239
0.143196
0.162199
0.165772
0.166692
0.165929
0.166324
0.167536
0.166905
0.166442
0.159029
0.174088
0.189126
0.185191
0.189703
0.186446
0.160693
0.131118
0.144792
0.163631
0.167208
0.166100
0.166630
0.166780
0.161108
0.174084
0.189640
0.186314
0.094631
0.152697
0.189720
0.189126
0.188837
0.186186
0.138561
0.138510
0.145032
0.168037
0.158034
0.189043
0.190524
0.193043
0.189042
0.189042
0.183786
0.170619
0.167428
0.159839
0.159237
0.160008
0.140840
0.142263
0.169567
0.166104
0.168903
0.166832
0.164930
0.168416
0.165091
0.179214
0.182086
0.169041
0.168720
0.164785
0.164650
0.175075
0.174279
0.171523
0.172847
0.172931
0.172095
0.170037
0.172038
0.172039
0.183301
0.177396
0.175038
0.176039
0.167491
0.192637
0.195043
0.191065
0.143146
0.168037
0.115307
0.194931
0.189042
0.153490
0.130787
0.158035
0.167771
0.170338
0.171151
0.159804
0.173329
0.187070
0.183986
0.145467
0.122173
0.147146
0.169233
0.184870
0.193683
0.193256
0.183715
0.146211
0.117085
0.158814
0.150046
0.191109
0.190489
0.190587
0.167045
0.144618
0.146030
0.144726
0.160087
0.192298
0.190595
0.194080
0.183863
0.186539
0.191173
0.187209
0.188013
0.177029
0.187706
0.145402
0.125836
0.154540
0.167542
0.184598
0.169955
0.169710
0.165890
0.165411
0.165578
0.166468
0.166578
0.167011
0.167688
0.169840
0.124077
0.167997
0.167224
0.166474
0.166983
0.165547
0.151928
0.180696
0.174464
0.170025
0.170264
0.168687
0.172064
0.175611
0.175516
0.170774
0.169946
0.169499
0.168037
0.167511
0.168488
0.164476
0.171958
0.179046
0.172734
0.170038
0.168208
0.167386
0.172038
0.169038
0.167036
0.180493
0.169194
0.131311
0.155711
0.169135
0.167123
0.168320
0.167610
0.147866
0.164538
0.168063
0.166332
0.169037
0.160069
0.144943
0.160381
0.182854
0.188243
0.145747
0.145169
0.145032
0.164337
0.167583
0.165881
0.168757
0.162741
0.178162
0.184147
0.188284
0.166513
0.140623
0.144851
0.150305
0.167186
0.167841
0.167877
0.169217
0.169037
0.163341
0.175357
0.191207
0.192153
0.191042
0.187450
0.162199
0.138770
0.146374
0.166165
0.166974
0.162619
0.166586
0.167217
0.167222
0.165978
0.170037
0.168038
0.168037
0.168290
0.168483
0.157308
0.177079
0.178571
0.173537
0.169924
0.168718
0.170389
0.169996
0.169331
0.167715
0.162449
0.185040
0.178728
0.168912
0.168598
0.169037
0.168195
0.168694
0.167621
0.164820
0.181868
0.171336
0.168037
0.167452
0.169438
0.167222
0.166401
0.166580
0.168236
0.165580
0.172639
0.180346
0.190433
0.192481
0.190784
0.190082
0.190433
0.191575
0.185540
0.190376
0.191467
0.188632
0.190202
0.191057
0.190627
0.151242
0.124295
0.150397
0.169366
0.169037
0.169038
0.171038
0.167585
0.167496
0.167037
0.150462
0.172141
0.184150
0.187042
0.128244
0.164330
0.168037
0.167037
0.172038
0.167568
0.168020
0.154382
0.167506
0.169541
0.167423
0.168098
0.164976
0.164037
0.155034
0.168974
0.168211
0.169662
0.168629
0.168199
0.171749
0.170353
0.167037
0.168332
0.169845
0.169225
0.155563
0.171926
0.187563
0.190535
0.191042
0.187701
0.183309
0.179431
0.178455
0.144210
0.164934
0.169106
0.168378
0.169260
0.168713
0.147687
0.163582
0.168127
0.169238
0.168435
0.168367
0.169368
0.168183
0.169737
0.159826
0.166481
0.166592
0.169395
0.162086
0.165313
0.165991
0.169446
0.180503
0.182765
0.190042
0.147477
0.125768
0.151685
0.168824
0.169037
0.169620
0.166860
0.167037
0.168970
0.163677
0.173014
0.185308
0.193043
0.190574
0.152329
0.166166
0.168545
0.168436
0.166037
0.164485
0.167039
0.167037
0.136030
0.153139
0.169038
0.169697
0.170884
0.166171
0.169713
0.167135
0.155927
0.177117
0.169038
0.171038
0.177199
0.186042
0.184041
0.155034
0.119026
0.153111
0.167927
0.168037
0.169335
0.162904
0.174957
0.176152
0.170167
0.169570
0.170154
0.167361
0.169038
0.172094
0.171288
0.169038
0.168142
0.164388
0.167037
0.168003
0.168037
0.168038
0.167978
0.167111
0.167554
0.167469
0.168037
0.167037
0.167320
0.169038
0.165333
0.169038
0.174039
0.169535
0.170037
0.170038
0.169707
0.171221
0.171489
0.168037
0.166864
0.167507
0.167819
0.165615
0.168326
0.170478
0.168038
0.169038
0.166986
0.172505
0.169442
0.168380
0.168037
0.168778
0.167525
0.167245
0.169123
0.169511
0.170038
0.165413
0.167342
0.167073
0.170348
0.168037
0.170038
0.167037
0.167465
0.168425
0.169038
0.169765
0.168208
0.165677
0.166037
0.168366
0.168037
0.170038
0.168037
0.169037
0.169038
0.168500
0.167915
0.172038
0.163989
0.167407
0.167037
0.167683
0.166466
0.166037
0.166037
0.166971
0.169038
0.167037
0.167037
0.167831
0.167058
0.167037
0.168333
0.167037
0.168535
0.166265
0.166958
0.169038
0.165206
0.167037
0.168648
0.165864
0.168253
0.168036
0.167368
0.168037
0.167475
0.167037
0.170263
0.166037
0.167648
0.167037
0.166999
0.166219
0.167037
0.168533
0.167037
0.167331
0.167037
0.166037
0.167500
0.169233
0.168037
0.166347
0.165299
0.166780
0.168037
0.168037
0.168554
0.170537
0.155448
0.188129
0.189185
0.190727
0.192043
0.187849
0.184976
0.172935
0.167411
0.171038
0.170867
0.169237
0.170038
0.171353
0.172038
0.170952
0.170819
0.169598
0.169037
0.172580
0.172038
0.171869
0.171903
0.171213
0.173038
0.172886
0.172160
0.172038
0.171798
0.172039
0.172300
0.172038
0.172038
0.170643
0.171318
0.171178
0.168505
0.173496
0.173038
0.171192
0.172258
0.172905
0.171582
0.165063
0.163102
0.164709
0.164297
0.163221
0.164321
0.163036
0.169105
0.172534
0.172905
0.174500
0.173512
0.166037
0.164823
0.169773
0.166037
0.167037
0.165319
0.167037
0.166720
0.166715
0.171794
0.176039
0.176039
0.173038
0.165377
0.167294
0.170130
0.166037
0.166615
0.165729
0.165879
0.165611
0.165152
0.169305
0.173965
0.173038
0.173038
0.164241
0.166037
0.165036
0.166037
0.164086
0.165681
0.166397
0.169418
0.167405
0.166904
0.172271
0.170116
0.168595
0.171038
0.168037
0.171585
0.168277
0.168491
0.171038
0.169037
0.171533
0.169759
0.170007
0.168036
0.167103
0.168037
0.168037
0.165791
0.170146
0.168037
0.169523
0.169105
0.168183
0.165458
0.168618
0.169037
0.167373
0.168037
0.165529
0.169410
0.169229
0.168630
0.166037
0.169037
0.169037
0.167785
0.167425
0.168297
0.168037
0.168166
0.165822
0.171947
0.170743
0.168565
0.167197
0.166312
0.169287
0.170138
0.173820
0.167037
0.166055
0.167780
0.167967
0.167037
0.166318
0.170596
0.172601
0.167100
0.166982
0.170408
0.166350
0.173038
0.166037
0.171015
0.167097
0.166037
0.168037
0.166564
0.170038
0.167627
0.170986
0.168037
0.168423
0.166731
0.170196
0.166161
0.168152
0.167410
0.167236
0.170004
0.165957
0.170208
0.167151
0.168763
0.169283
0.166444
0.168286
0.167623
0.166159
0.167392
0.168037
0.169215
0.169312
0.166797
0.166207
0.166396
0.169121
0.170744
0.167431
0.167037
0.172118
0.171767
0.167485
0.169355
0.167037
0.168861
0.169421
0.168065
0.167527
0.174315
0.169830
0.166459
0.168037
0.164037
0.166750
0.166037
0.164992
0.166188
0.168180
0.167037
0.166628
0.163420
0.165841
0.163439
0.166505
0.163036
0.166042
0.167183
0.165101
0.164043
0.166216
0.166903
0.166103
0.167426
0.165037
0.163969
0.164145
0.165036
0.162201
0.171598
0.166517
0.166601
0.166037
0.170988
0.165244
0.164036
0.166031
0.167037
0.161035
0.162082
0.165455
0.167933
0.167121
0.167483
0.164036
0.166790
0.164621
0.166775
0.168172
0.169526
0.166161
0.169734
0.163036
0.164159
0.166037
0.165036
0.160367
0.180632
0.168038
0.167149
0.165510
0.169152
0.168037
0.167508
0.163890
0.165847
0.166819
0.170449
0.166219
0.165274
0.164465
0.166043
0.165037
0.166159
0.165037
0.167192
0.164924
0.165455
0.165319
0.162231
0.163432
0.166464
0.167037
0.166833
0.168140
0.164036
0.166037
0.168038
0.166826
0.167037
0.166168
0.163998
0.164578
0.166419
0.164651
0.166273
0.168074
0.170038
0.167304
0.168930
0.166277
0.169037
0.162390
0.175844
0.169126
0.167037
0.164036
0.165533
0.170037
0.162153
0.165162
0.166657
0.168080
0.167037
0.164707
0.165615
0.166037
0.165184
0.166420
0.165037
0.164472
0.170037
0.172038
0.165813
0.169038
0.166881
0.166640
0.165082
0.165635
0.167039
0.165615
0.164036
0.169295
0.162035
0.167037
0.168037
0.168465
0.168816
0.165928
0.164037
0.164036
0.165307
0.165055
0.164479
0.165037
0.166179
0.167660
0.167037
0.166037
0.164988
0.165840
0.164114
0.165757
0.165158
0.166037
0.166037
0.163036
0.164209
0.167037
0.168037
0.155805
0.168874
0.167686
0.166964
0.167037
0.168037
0.165301
0.163988
0.165036
0.163036
0.165037
0.166036
0.145894
0.175108
0.172355
0.168304
0.167037
0.167037
0.164096
0.169039
0.166687
0.167037
0.165367
0.165037
0.166893
0.167037
0.167340
0.164036
0.166814
0.165037
0.165036
0.163421
0.168697
0.164036
0.165036
0.167493
0.166474
0.166255
0.167545
0.168037
0.165036
0.165366
0.164451
0.162567
0.162780
0.166037
0.167037
0.165745
0.167402
0.165951
0.165713
0.166595
0.167419
0.165147
0.166751
0.167332
0.167036
0.151216
0.166129
0.165795
0.166069
0.170038
0.167037
0.163036
0.165106
0.167037
0.164394
0.165037
0.165361
0.164121
0.164714
0.165053
0.165080
0.167247
0.158418
0.078996
0.080729
0.078587
0.080797
0.086884
0.085151
0.082430
0.083917
0.083938
0.084018
0.085423
0.086019
0.083021
0.083402
0.090501
0.081276
0.085425
0.077497
0.079716
0.083019
0.083018
0.089020
0.087800
0.086758
0.081552
0.078764
0.078598
0.076544
0.080401
0.078114
0.076072
0.074399
0.091336
0.077256
0.078357
0.084101
0.074381
0.075219
0.076272
0.074515
0.077015
0.075341
0.133003
0.086118
0.085468
0.093249
0.083746
0.079886
0.077695
0.075060
0.076566
0.082252
0.083580
0.077017
0.081810
0.082878
0.079266
0.079418
0.077339
0.078464
0.078407
0.075384
0.081918
0.076513
0.080026
0.080631
0.075056
0.078405
0.075542
0.073715
0.076884
0.076873
0.077178
0.075153
0.080203
0.073800
0.076801
0.076606
0.074867
0.075092
0.076943
0.075580
0.075899
0.082200
0.080306
0.077945
0.073732
0.080273
0.075538
0.074202
0.081017
0.076828
0.075435
0.075286
0.075547
0.074835
0.075743
0.082444
0.079164
0.074553
0.075227
0.075510
0.076577
0.073895
0.075212
0.083307
0.075709
0.084092
0.076458
0.078230
0.076919
0.076550
0.073978
0.078363
0.073739
0.073358
0.072016
0.094411
0.072777
0.091021
0.089592
0.090512
0.122599
0.164036
0.140924
0.152037
0.168524
0.180212
0.189247
0.190181
0.126799
0.126772
0.168481
0.179137
0.192042
0.150033
0.163664
0.163538
0.163119
0.162131
0.165980
0.163510
0.164670
0.165305
0.162157
0.126902
0.181221
0.173190
0.167437
0.176221
0.188200
0.182041
0.147381
0.160282
0.162067
0.161680
0.161522
0.160035
0.162158
0.162106
0.162188
0.162035
0.161171
0.158465
0.141072
0.159296
0.184292
0.184041
0.151041
0.124869
0.154297
0.145504
0.171084
0.166037
0.179587
0.188502
0.142106
0.155606
0.136405
0.158035
0.162036
0.158549
0.167036
0.164437
0.184437
0.187042
0.180132
0.173155
0.185144
0.170527
0.183224
0.188339
0.184042
0.153260
0.135095
0.136137
0.155064
0.165474
0.167037
0.161106
0.159670
0.161610
0.161383
0.160563
0.164173
0.128415
0.157035
0.160684
0.174486
0.184299
0.182878
0.181727
0.181177
0.140031
0.136535
0.180748
0.186404
0.171165
0.162904
0.161885
0.160817
0.161436
0.162036
0.161559
0.164231
0.162153
0.183134
0.192121
0.197044
0.160578
0.145077
0.160592
0.138155
0.165037
0.183744
0.186381
0.159108
0.131618
0.142993
0.156043
0.173278
0.096728
0.153540
0.192608
0.191609
0.149033
0.135335
0.158698
0.166134
0.153136
0.166372
0.165119
0.166508
0.166527
0.166244
0.164598
0.177851
0.190042
0.189968
0.147518
0.121163
0.155664
0.170258
0.167436
0.168442
0.164552
0.167094
0.165037
0.169491
0.163725
0.177509
0.191157
0.187192
0.191211
0.147147
0.120905
0.155852
0.170027
0.168212
0.168573
0.169677
0.167823
0.167634
0.166286
0.166205
0.168324
0.166109
0.167591
0.158528
0.170110
0.191045
0.164266
0.184339
0.178189
0.167512
0.169523
0.170642
0.168179
0.164318
0.179125
0.191305
0.190259
0.188603
0.187511
0.176039
0.169467
0.168367
0.163749
0.164037
0.156759
0.161738
0.165441
0.155946
0.161917
0.166193
0.160741
0.160036
0.153034
0.172254
0.170038
0.170292
0.169189
0.170132
0.165223
0.169037
0.167203
0.168421
0.168201
0.168037
0.182040
0.178413
0.177127
0.167665
0.176294
0.172580
0.169624
0.170038
0.167488
0.167830
0.171932
0.179039
0.189415
0.190042
0.145032
0.125341
0.155837
0.171378
0.168564
0.168079
0.182949
0.183562
0.191042
0.193467
0.191040
0.156670
0.168443
0.170119
0.164701
0.166568
0.166210
0.166063
0.167643
0.127687
0.154034
0.175411
0.171360
0.169828
0.168394
0.166714
0.180040
0.181406
0.145177
0.113002
0.164930
0.196484
0.197597
0.188332
0.187330
0.185042
0.156606
0.119606
0.153033
0.155140
0.147881
0.172063
0.168247
0.165267
0.171059
0.167107
0.179100
0.186379
0.157172
0.156454
0.145164
0.301885
0.343846
0.397758
0.358195
0.342954
0.380757
0.367848
0.376271
0.369871
0.366922
0.352317
0.341627
0.342652
0.413792
0.437721
0.370811
0.357667
0.208430
0.181971
0.186097
0.185214
0.152224
0.133235
0.150146
0.156396
0.154034
0.152210
0.151789
0.178740
0.169037
0.166141
0.163176
0.163576
0.160600
0.164036
0.164602
0.159871
0.163539
0.165172
0.164144
0.160277
0.181031
0.187119
0.187042
0.137103
0.158240
0.160161
0.161006
0.161301
0.161129
0.160196
0.167841
0.161575
0.160317
0.120519
0.150081
0.161036
0.163546
0.155034
0.160796
0.164265
0.159199
0.140247
0.134911
0.153110
0.138252
0.164125
0.163036
0.160148
0.158628
0.161290
0.158267
0.162036
0.163036
0.166037
0.164362
0.161382
0.164687
0.165036
0.176104
0.170793
0.164413
0.165323
0.163859
0.161168
0.174119
0.168147
0.171515
0.172145
0.170127
0.168037
0.171058
0.184227
0.180247
0.170129
0.169152
0.166171
0.168461
0.171552
0.169131
0.169038
0.167146
0.167209
0.164238
0.162056
0.164369
0.169035
0.169038
0.169116
0.162320
0.176392
0.184145
0.151289
0.123528
0.156277
0.163228
0.159882
0.160237
0.159883
0.181062
0.188114
0.165938
0.138153
0.139105
0.152591
0.167137
0.165407
0.167237
0.164218
0.167662
0.169217
0.165787
0.166416
0.164794
0.166037
0.159229
0.184172
0.184000
0.190660
0.191557
0.151115
0.137220
0.143368
0.165569
0.167293
0.166553
0.165036
0.167307
0.155131
0.166559
0.169178
0.167211
0.164029
0.160695
0.170077
0.189111
0.187253
0.165092
0.144756
0.157421
0.163036
0.156034
0.163036
0.166036
0.164102
0.168505
0.170239
0.165730
0.141031
0.168161
0.167692
0.167392
0.166037
0.169252
0.167035
0.166164
0.166104
0.159123
0.177172
0.171552
0.173496
0.182855
0.181040
0.168037
0.168068
0.166848
0.166598
0.166733
0.166312
0.167037
0.169628
0.164266
0.163226
0.159804
0.170297
0.171038
0.169250
0.161203
0.178638
0.173245
0.170923
0.167037
0.170013
0.167037
0.167732
0.167212
0.167125
0.167382
0.166037
0.158737
0.126344
0.147868
0.173633
0.169397
0.170248
0.167153
0.167981
0.163242
0.174509
0.191338
0.188293
0.187043
0.161328
0.135016
0.141270
0.156035
0.168441
0.177627
0.184923
0.183595
0.186735
0.186405
0.185192
0.156028
0.118475
0.140299
0.188810
0.178709
0.170753
0.167971
0.167357
0.165526
0.169111
0.165226
0.165450
0.165225
0.165431
0.168883
0.166124
0.165924
0.157058
0.176256
0.189408
0.187041
0.188143
0.190769
0.186057
0.155155
0.332447
0.373474
0.366735
0.358355
0.385254
0.371124
0.406885
0.398139
0.367002
0.348022
