0.002001
0.160157
0.180115
0.174163
0.163104
0.162078
0.158311
0.156491
0.144135
0.141846
0.158246
0.158035
0.129828
0.157594
0.158068
0.156034
0.157035
0.158440
0.158127
0.155705
0.144696
0.153036
0.152886
0.152034
0.132494
0.139031
0.158394
0.158197
0.157296
0.158374
0.159036
0.158123
0.157303
0.158190
0.157125
0.157126
0.155035
0.165876
0.244367
0.184456
0.157280
0.111074
0.140030
0.158275
0.156524
0.157041
0.157035
0.157388
0.157035
0.155977
0.148413
0.175958
0.145032
0.156528
0.154034
0.155247
0.159129
0.157096
0.131029
0.144212
0.156285
0.159868
0.160479
0.159528
0.159440
0.159035
0.158375
0.150557
0.157035
0.159035
0.152363
0.175115
0.179040
0.183140
0.179039
0.194043
0.182544
0.181064
0.179558
0.163170
0.153034
0.158252
0.154166
0.155035
0.151400
0.153240
0.146032
0.153555
0.156919
0.160036
0.160312
0.161513
0.139941
0.158462
0.161161
0.159611
0.143879
0.161036
0.160484
0.159571
0.161557
0.161036
0.160312
0.160318
0.160976
0.160391
0.160035
0.148193
0.168109
0.169038
0.166109
0.164415
0.162379
0.163007
0.132438
0.133093
0.153028
0.142805
0.160107
0.184041
0.185523
0.179269
0.143505
0.100706
0.156155
0.139806
0.156034
0.156227
0.156171
0.155735
0.157035
0.156216
0.138101
0.153396
0.155035
0.156699
0.156590
0.156425
0.156114
0.156991
0.149623
0.140640
0.156238
0.175303
0.155980
0.161491
0.160178
0.161109
0.160036
0.134030
0.140445
0.157102
0.158931
0.159129
0.161219
0.160114
0.160337
0.160468
0.161036
0.142381
0.165440
0.161301
0.163036
0.160766
0.159936
0.161661
0.157925
0.158267
0.156173
0.156502
0.153184
0.170907
0.178039
0.159034
0.137140
0.132431
0.137815
0.148032
0.181040
0.181150
0.181041
0.178138
0.179797
0.181040
0.178039
0.160035
0.123027
0.139241
0.154147
0.158139
0.157097
0.157899
0.157034
0.156055
0.156329
0.152034
0.161810
0.160036
0.159035
0.154961
0.172103
0.167094
0.178621
0.177238
0.158667
0.119027
0.144692
0.154541
0.158126
0.158034
0.158035
0.151132
0.178040
0.179119
0.180040
0.180040
0.142815
0.124113
0.145447
0.154807
0.158036
0.159098
0.158035
0.158525
0.160124
0.135542
0.155091
0.158035
0.158035
0.159163
0.159035
0.171124
0.170191
0.166046
0.165667
0.165177
0.163036
0.159110
0.171232
0.181278
0.179450
0.180040
0.179248
0.177119
0.179039
0.180145
0.177391
0.150730
0.155117
0.156036
0.151092
0.117826
0.154034
0.157107
0.157036
0.158390
0.158101
0.156525
0.151185
0.168038
0.166478
0.164351
0.159785
0.166206
0.160733
0.166036
0.166219
0.175039
0.175360
0.173190
0.164938
0.162844
0.161035
0.161254
0.160123
0.140031
0.155181
0.156872
0.155613
0.141332
0.151111
0.153279
0.154260
0.154034
0.153414
0.168710
0.168424
0.166037
0.147181
0.164421
0.167640
0.170038
0.170038
0.166745
0.171350
0.166065
0.176039
0.168535
0.181040
0.180471
0.131823
0.156587
0.159131
0.157249
0.154851
0.154113
0.133989
0.155034
0.158036
0.164096
0.160811
0.175114
0.167773
0.162536
0.160036
0.157035
0.157035
0.135348
0.157475
0.159144
0.157402
0.159035
0.134531
0.156290
0.171086
0.167094
0.171064
0.167037
0.170038
0.169606
0.166800
0.178694
0.175036
0.174264
0.167090
0.163658
0.162036
0.146458
0.165354
0.171048
0.171038
0.165546
0.163910
0.167265
0.167506
0.162860
0.171038
0.177489
0.170759
0.165387
0.167037
0.166132
0.165118
0.166397
0.173243
0.165073
0.163036
0.167126
0.169142
0.176680
0.165455
0.156035
0.147120
0.134266
0.151032
0.154652
0.153034
0.137701
0.167037
0.168279
0.165190
0.166307
0.164036
0.170099
0.165037
0.167501
0.170314
0.163484
0.179187
0.179206
0.181024
0.181578
0.154001
0.155062
0.157158
0.158365
0.157291
0.137226
0.159475
0.152102
0.148516
0.155034
0.159461
0.158171
0.168093
0.169038
0.167331
0.157034
0.157036
0.158248
0.157265
0.152577
0.171167
0.168039
0.162981
0.169250
0.164991
0.170038
0.167037
0.164845
0.164423
0.164037
0.163759
0.156533
0.180423
0.175039
0.169038
0.164044
0.160321
0.144032
0.157670
0.141891
0.154093
0.149210
0.153516
0.157035
0.151269
0.161666
0.164036
0.159128
0.172038
0.169037
0.169194
0.165251
0.166171
0.163143
0.165108
0.159799
0.171352
0.169096
0.155034
0.154354
0.157012
0.160214
0.159121
0.160035
0.160035
0.161036
0.164724
0.169635
0.167541
0.166484
0.166038
0.170127
0.172341
0.177100
0.177040
0.173273
0.171169
0.169386
0.168163
0.166037
0.169310
0.165504
0.158036
0.173159
0.173125
0.172038
0.171115
0.168097
0.176417
0.173483
0.172038
0.167667
0.168037
0.167087
0.166692
0.164037
0.168699
0.169037
0.159098
0.160036
0.156217
0.157221
0.157035
0.154052
0.182041
0.179413
0.179649
0.183058
0.179040
0.174038
0.146974
0.154034
0.156513
0.136076
0.152159
0.157624
0.156521
0.156106
0.156227
0.150407
0.157481
0.168037
0.167037
0.164037
0.165036
0.163036
0.159474
0.169325
0.169189
0.163099
0.173519
0.170038
0.168038
0.165037
0.164213
0.165036
0.173395
0.166151
0.163220
0.166004
0.166036
0.160994
0.171109
0.171158
0.167037
0.165138
0.165121
0.162312
0.164196
0.161227
0.167037
0.169278
0.172120
0.170115
0.170068
0.171345
0.170346
0.172148
0.171038
0.167100
0.179040
0.177039
0.177121
0.182123
0.170628
0.160036
0.136030
0.151033
0.154240
0.156106
0.156034
0.155034
0.154690
0.156341
0.148031
0.155034
0.167196
0.166168
0.170118
0.166537
0.173038
0.172037
0.168374
0.174038
0.170394
0.169037
0.165037
0.151356
0.170038
0.168294
0.174493
0.172116
0.171125
0.170105
0.168486
0.167037
0.166062
0.163036
0.168037
0.165143
0.170573
0.172038
0.169726
0.180511
0.181040
0.173619
0.171038
0.162392
0.159035
0.154750
0.153138
0.153154
0.137030
0.151476
0.155217
0.149084
0.150966
0.163559
0.165157
0.164036
0.168037
0.168037
0.171041
0.170073
0.168412
0.169289
0.181528
0.176037
0.159217
0.157350
0.154035
0.154034
0.142284
0.154033
0.154359
0.143834
0.145338
0.161035
0.164037
0.164036
0.170608
0.170911
0.170038
0.169440
0.170113
0.169291
0.169721
0.168358
0.181122
0.177096
0.174039
0.169099
0.163036
0.158912
0.157035
0.141318
0.149407
0.154996
0.125277
0.163697
0.171038
0.161036
0.158236
0.154315
0.152749
0.152740
0.156035
0.154034
0.155035
0.155225
0.134102
0.153918
0.163049
0.160958
0.163644
0.165867
0.160050
0.168319
0.169308
0.168196
0.165122
0.166098
0.176126
0.181245
0.159092
0.157130
0.154033
0.151166
0.155488
0.153352
0.153164
0.130029
0.149033
0.162036
0.167037
0.167037
0.166388
0.166795
0.167631
0.182057
0.165037
0.160384
0.157808
0.155035
0.155035
0.154034
0.140290
0.151123
0.154686
0.154131
0.156441
0.154034
0.152290
0.166487
0.170062
0.179949
0.178337
0.181272
0.176066
0.174606
0.166110
0.162574
0.157490
0.156135
0.153092
0.149189
0.152791
0.142031
0.151514
0.142160
0.164036
0.169037
0.166977
0.172038
0.168639
0.164721
0.175628
0.172819
0.168519
0.179932
0.174156
0.172316
0.164271
0.160753
0.158100
0.138703
0.153620
0.157115
0.158853
0.159380
0.158035
0.160188
0.159035
0.159035
0.160114
0.118064
0.156034
0.164249
0.159034
0.158208
0.160151
0.172584
0.169038
0.168098
0.167354
0.177210
0.176204
0.176039
0.171386
0.167564
0.174103
0.177187
0.181566
0.182041
0.177167
0.172287
0.145291
0.151685
0.143871
0.149499
0.155034
0.153163
0.134795
0.162036
0.164099
0.163846
0.167277
0.166037
0.167124
0.166238
0.168915
0.167037
0.170118
0.169230
0.177156
0.180040
0.178490
0.170384
0.164036
0.158475
0.156132
0.154034
0.155103
0.154112
0.155034
0.155296
0.139583
0.153324
0.154731
0.154129
0.144032
0.167212
0.167037
0.167037
0.165525
0.165162
0.166137
0.164115
0.162036
0.163108
0.161552
0.162036
0.159035
0.171281
0.169038
0.168037
0.165399
0.160184
0.174059
0.175145
0.174040
0.172161
0.170175
0.167836
0.167037
0.164311
0.164912
0.165037
0.163036
0.159035
0.167108
0.165176
0.163149
0.161605
0.166865
0.166037
0.165405
0.159382
0.168109
0.167798
0.164817
0.164118
0.161163
0.162569
0.168108
0.177412
0.174039
0.176064
0.176039
0.175038
0.167370
0.164436
0.164036
0.161598
0.160036
0.156154
0.155034
0.156239
0.156034
0.156124
0.130862
0.151085
0.155034
0.155113
0.148156
0.161236
0.163125
0.163037
0.160373
0.169171
0.170561
0.166118
0.166106
0.162372
0.163525
0.163523
0.172038
0.170038
0.166265
0.179100
0.180702
0.138358
0.136627
0.154034
0.155034
0.154825
0.153467
0.154860
0.135030
0.158628
0.162036
0.162637
0.155919
0.182066
0.173742
0.129030
0.150033
0.154347
0.151034
0.155034
0.154587
0.154373
0.154366
0.155034
0.156034
0.149298
0.180136
0.136030
0.133107
0.147089
0.153034
0.159035
0.154821
0.183156
0.180243
0.139316
0.100653
0.170110
0.164151
0.182065
0.173038
0.143125
0.118348
0.140482
0.156321
0.155287
0.174041
0.176039
0.176039
0.179158
0.133801
0.139089
0.150546
0.154168
0.153034
0.132853
0.153258
0.163105
0.167037
0.168106
0.162315
0.174866
0.181040
0.181040
0.176165
0.168037
0.157179
0.132609
0.139883
0.150033
0.154037
0.154525
0.153100
0.155886
0.170848
0.168867
0.167185
0.170038
0.169196
0.169512
0.165666
0.179040
0.169256
0.164096
0.159817
0.155464
0.158035
0.157327
0.135625
0.155092
0.133895
0.169037
0.165036
0.161035
0.158035
0.155035
0.154289
0.153034
0.153270
0.153034
0.155040
0.157110
0.160036
0.160035
0.143374
0.156035
0.155238
0.156429
0.169038
0.166646
0.156499
0.145223
0.150033
0.155116
0.155412
0.156035
0.152500
0.135485
0.153033
0.162120
0.154847
0.154150
0.155177
0.155266
0.141519
0.173787
0.174154
0.174181
0.170624
0.172143
0.175113
0.172469
0.170036
0.169336
0.164035
0.163215
0.171038
0.169037
0.169367
0.170408
0.178879
0.177450
0.168355
0.162400
0.158143
0.158322
0.156487
0.155034
0.157091
0.156242
0.131390
0.152034
0.157735
0.163002
0.161365
0.173509
0.171751
0.170857
0.170426
0.170116
0.169124
0.168447
0.177235
0.181115
0.176039
0.180237
0.180040
0.176365
0.170038
0.164061
0.151294
0.151033
0.138232
0.151034
0.157035
0.156586
0.157096
0.158035
0.161036
0.164209
0.166098
0.168361
0.158576
0.170701
0.172038
0.170079
0.169627
0.168586
0.177088
0.178106
0.154822
0.151147
0.147032
0.148532
0.154034
0.157202
0.156034
0.156079
0.143308
0.159534
0.162099
0.170134
0.179749
0.173534
0.169037
0.159398
0.156034
0.156283
0.156087
0.156171
0.157034
0.135516
0.153265
0.156035
0.157045
0.160335
0.172038
0.170527
0.170089
0.164483
0.165036
0.171104
0.170038
0.167754
0.180969
0.177557
0.169038
0.160656
0.157035
0.144125
0.157401
0.157035
0.135211
0.149033
0.161117
0.168037
0.166674
0.168103
0.169037
0.165164
0.173039
0.169480
0.167042
0.169310
0.166037
0.173149
0.170693
0.164936
0.174089
0.173038
0.170386
0.167551
0.164727
0.174039
0.170061
0.170038
0.168302
0.160054
0.168869
0.168103
0.165296
0.167098
0.163036
0.163036
0.162253
0.160133
0.174084
0.175215
0.174039
0.167461
0.163226
0.168133
0.181340
0.180105
0.182229
0.181427
0.180182
0.180040
0.174038
0.171683
0.161036
0.161046
0.147033
0.151033
0.156034
0.157035
0.157035
0.146229
0.152696
0.156433
0.141578
0.155295
0.160171
0.159882
0.162036
0.160156
0.161166
0.160488
0.161036
0.156777
0.174739
0.174232
0.171037
0.167164
0.167969
0.169251
0.164036
0.159153
0.162933
0.133030
0.157035
0.159525
0.160183
0.149411
0.155766
0.160250
0.161036
0.161344
0.157115
0.161258
0.166422
0.166134
0.170038
0.170855
0.167348
0.174039
0.175686
0.172038
0.166696
0.166070
0.163147
0.163169
0.163141
0.161209
0.160037
0.160351
0.154568
0.174116
0.169037
0.166285
0.126028
0.138031
0.161036
0.146298
0.175318
0.171631
0.168165
0.166037
0.162103
0.160035
0.153661
0.179040
0.177544
0.154167
0.130187
0.135030
0.152575
0.156035
0.148804
0.166012
0.164036
0.163036
0.164224
0.162036
0.164037
0.164099
0.163036
0.156198
0.180073
0.177355
0.157105
0.115163
0.136668
0.155055
0.158035
0.154414
0.159551
0.175092
0.178536
0.138764
0.146423
0.156160
0.161036
0.159036
0.139155
0.155034
0.160101
0.158180
0.161036
0.162098
0.156391
0.164036
0.171137
0.170097
0.164304
0.169454
0.163524
0.159163
0.147278
0.154349
0.160108
0.158471
0.158127
0.141298
0.151259
0.155762
0.146240
0.164173
0.167037
0.165283
0.164228
0.165102
0.165418
0.164037
0.170115
0.170038
0.164076
0.170314
0.168037
0.168101
0.166037
0.175811
0.170061
0.167037
0.165037
0.164237
0.164109
0.163036
0.159301
0.172291
0.170093
0.166631
0.165460
0.163228
0.162109
0.157160
0.176202
0.172098
0.170420
0.168163
0.165414
0.165622
0.164362
0.161310
0.162036
0.157679
0.171107
0.163419
0.174117
0.175142
0.172918
0.171543
0.172039
0.169036
0.168625
0.170174
0.171171
0.169130
0.166378
0.166076
0.169039
0.171188
0.169967
0.167327
0.162574
0.171439
0.170235
0.167103
0.166523
0.167714
0.170178
0.171516
0.169038
0.167046
0.163619
0.162036
0.172135
0.167268
0.166037
0.164036
0.163036
0.162161
0.157364
0.168116
0.168037
0.165120
0.165036
0.161226
0.161036
0.162036
0.161036
0.159303
0.157336
0.170038
0.170862
0.167145
0.165514
0.163036
0.164225
0.160367
0.165694
0.164235
0.173038
0.167055
0.177039
0.174038
0.172174
0.170038
0.167563
0.165111
0.165473
0.164036
0.169277
0.165092
0.172133
0.171136
0.168037
0.165498
0.164204
0.165037
0.161035
0.179332
0.180039
0.175038
0.174126
0.169037
0.173315
0.172105
0.171038
0.173771
0.173290
0.171038
0.161306
0.171038
0.172197
0.171467
0.167737
0.165037
0.164204
0.166599
0.166523
0.163047
0.174161
0.172220
0.166037
0.166097
0.162265
0.171205
0.168037
0.165240
0.164036
0.164037
0.164115
0.162047
0.163124
0.167017
0.169038
0.181124
0.180301
0.180040
0.178228
0.173038
0.173500
0.170641
0.169204
0.160225
0.159209
0.121454
0.132099
0.165159
0.176644
0.178147
0.178747
0.178071
0.151112
0.155604
0.160036
0.159035
0.147255
0.154607
0.160341
0.160370
0.160301
0.158035
0.160036
0.151179
0.156034
0.155176
0.172039
0.169021
0.168108
0.169684
0.166151
0.164251
0.165036
0.165167
0.166587
0.178134
0.175968
0.171488
0.169037
0.165035
0.177985
0.179509
0.160097
0.140603
0.155035
0.154123
0.155241
0.154166
0.157035
0.156422
0.131105
0.167359
0.176039
0.176390
0.180113
0.180177
0.177180
0.174015
0.168238
0.164037
0.161222
0.144301
0.153112
0.156078
0.145032
0.155735
0.147444
0.167285
0.165732
0.179040
0.161076
0.163036
0.165180
0.163773
0.163150
0.163519
0.164406
0.158102
0.155610
0.153212
0.158035
0.157053
0.158329
0.159036
0.158035
0.158565
0.160086
0.158088
0.153113
0.145757
0.159161
0.158035
0.150225
0.172039
0.170038
0.169038
0.165133
0.164577
0.161916
0.162036
0.166037
0.167037
0.164975
0.170372
0.169038
0.165037
0.167355
0.166037
0.170242
0.167511
0.166037
0.166037
0.165406
0.163393
0.167703
0.169242
0.166504
0.167037
0.162157
0.171192
0.166501
0.163456
0.159035
0.167037
0.174205
0.166036
0.172558
0.173037
0.169038
0.167587
0.165127
0.163173
0.164192
0.162456
0.163143
0.160358
0.170038
0.169117
0.165248
0.167082
0.165430
0.169579
0.168307
0.164097
0.172167
0.169114
0.164036
0.162036
0.161291
0.162064
0.161036
0.161215
0.155412
0.176039
0.154088
0.131519
0.140288
0.154120
0.157035
0.158160
0.159159
0.158034
0.158564
0.154095
0.151032
0.178209
0.178223
0.157038
0.159035
0.160093
0.128120
0.150151
0.147509
0.162037
0.160321
0.161054
0.152034
0.174181
0.179536
0.178167
0.177124
0.155606
0.130533
0.138095
0.154034
0.157344
0.157256
0.158077
0.157394
0.157035
0.151033
0.150406
0.179427
0.139807
0.134230
0.139078
0.168435
0.166289
0.162766
0.160379
0.159035
0.159156
0.160530
0.160213
0.160099
0.151579
0.178039
0.179039
0.140051
0.155231
0.157524
0.159247
0.157827
0.158366
0.158219
0.158035
0.160379
0.159036
0.158293
0.122532
0.159369
0.158035
0.158385
0.157888
0.143932
0.162838
0.164054
0.161577
0.160035
0.161274
0.160245
0.158378
0.168064
0.174546
0.171465
0.171038
0.167266
0.164357
0.161599
0.160218
0.163129
0.163369
0.165936
0.164125
0.169037
0.168037
0.166732
0.166036
0.163247
0.162036
0.161289
0.172038
0.169822
0.166036
0.166558
0.161454
0.167163
0.166398
0.165571
0.163845
0.169127
0.170097
0.167507
0.165452
0.170982
0.170037
0.169052
0.165470
0.162036
0.171864
0.165113
0.174039
0.171146
0.166037
0.163321
0.160036
0.158654
0.129908
0.152107
0.166037
0.165376
0.162036
0.160036
0.161036
0.161036
0.161036
0.160811
0.161461
0.160036
0.156093
0.145241
0.158139
0.160567
0.160122
0.160688
0.159084
0.172039
0.170035
0.168038
0.164178
0.165038
0.162206
0.164036
0.162266
0.163036
0.163879
0.163036
0.158848
0.160367
0.170038
0.169038
0.166260
0.168037
0.166114
0.170037
0.166370
0.176558
0.174943
0.173088
0.170213
0.165203
0.161622
0.160035
0.158810
0.160035
0.159967
0.159106
0.159518
0.161116
0.131027
0.166779
0.168189
0.164876
0.168037
0.168114
0.172146
0.167051
0.171038
0.170038
0.169078
0.169038
0.166133
0.167154
0.162093
0.162059
0.161197
0.159443
0.161035
0.162155
0.156035
0.172540
0.171106
0.169178
0.164037
0.157177
0.163036
0.164179
0.163038
0.163268
0.164037
0.159138
0.173038
0.170038
0.168433
0.167214
0.166944
0.165148
0.164152
0.166037
0.164534
0.162478
0.172285
0.168117
0.168404
0.167013
0.162036
0.173293
0.171540
0.171327
0.169287
0.168142
0.166037
0.167445
0.164999
0.164036
0.164187
0.161036
0.170995
0.171305
0.169037
0.167178
0.166370
0.168235
0.165589
0.164136
0.165037
0.162107
0.169484
0.168093
0.172527
0.169038
0.170038
0.171209
0.169185
0.168037
0.168269
0.166425
0.167355
0.168183
0.167329
0.167071
0.161036
0.163100
0.164037
0.171417
0.170038
0.164167
0.164129
0.164036
0.164271
0.164199
0.165036
0.163208
0.163036
0.165120
0.164036
0.165262
0.165092
0.165336
0.165208
0.166037
0.166037
0.167431
0.164036
0.164457
0.164129
0.164036
0.164036
0.165951
0.165106
0.165407
0.165036
0.165130
0.164133
0.165344
0.164111
0.163544
0.164037
0.164037
0.163038
0.163667
0.164037
0.165036
0.165863
0.163036
0.165094
0.165099
0.164141
0.165037
0.164548
0.164167
0.165036
0.164133
0.164521
0.164111
0.166218
0.166037
0.165431
0.165181
0.165221
0.166196
0.165461
0.164139
0.164461
0.164119
0.163267
0.163419
0.166077
0.165036
0.165539
0.166037
0.166310
0.166231
0.164082
0.166489
0.166723
0.165036
0.168038
0.166283
0.166037
0.167037
0.167037
0.166037
0.167037
0.164771
0.165130
0.165037
0.166101
0.165144
0.165542
0.164179
0.165284
0.165454
0.167037
0.166717
0.166037
0.167841
0.167037
0.167037
0.168276
0.165915
0.166098
0.165267
0.165312
0.165036
0.166036
0.165266
0.164960
0.164037
0.164189
0.165036
0.165157
0.165097
0.164196
0.164307
0.167037
0.166784
0.160382
0.173214
0.178270
0.179140
0.181214
0.179037
0.179994
0.167037
0.162921
0.160892
0.159630
0.158569
0.158752
0.159591
0.160284
0.159219
0.158318
0.159448
0.158445
0.160105
0.159613
0.158248
0.154493
0.154430
0.155035
0.161439
0.161036
0.162036
0.164037
0.166146
0.169215
0.167143
0.164403
0.162036
0.163354
0.166479
0.164035
0.166174
0.165106
0.168129
0.165037
0.163635
0.164592
0.162035
0.163191
0.163456
0.168037
0.169758
0.166543
0.166764
0.168126
0.167169
0.165036
0.166037
0.169288
0.161090
0.158115
0.157999
0.160089
0.158113
0.158203
0.158097
0.162036
0.165954
0.167063
0.167036
0.166502
0.165376
0.162122
0.162452
0.164085
0.166609
0.167325
0.165542
0.164108
0.164686
0.162137
0.165918
0.165036
0.165463
0.163203
0.164832
0.163652
0.164046
0.162134
0.164037
0.165090
0.166160
0.167037
0.167758
0.168037
0.167100
0.167037
0.167037
0.166086
0.162508
0.163037
0.163328
0.163868
0.163305
0.163073
0.163384
0.163095
0.163241
0.162947
0.164100
0.165108
0.164578
0.166037
0.165036
0.167145
0.169037
0.169037
0.169333
0.164577
0.165439
0.165036
0.164871
0.163932
0.164906
0.165531
0.164109
0.165374
0.166036
0.165063
0.164036
0.164037
0.166037
0.164438
0.164037
0.164492
0.165036
0.164036
0.164104
0.165126
0.165038
0.164052
0.163036
0.164613
0.165037
0.164036
0.167037
0.165478
0.166037
0.166281
0.165118
0.165036
0.166036
0.166847
0.164683
0.165871
0.166037
0.164036
0.167037
0.167363
0.169408
0.165296
0.166090
0.165961
0.165636
0.164461
0.166553
0.166069
0.165037
0.166098
0.166037
0.163299
0.167037
0.166492
0.165378
0.165570
0.167717
0.166432
0.166037
0.166085
0.164037
0.166293
0.169551
0.169445
0.169047
0.169083
0.170277
0.169037
0.167889
0.169038
0.169045
0.168037
0.165224
0.166569
0.165439
0.167181
0.166523
0.166131
0.167174
0.164617
0.165417
0.166340
0.170170
0.169338
0.165089
0.167509
0.167434
0.165355
0.168259
0.168130
0.168216
0.168037
0.166037
0.167220
0.165147
0.167674
0.167135
0.168038
0.168055
0.168514
0.167615
0.166498
0.168332
0.168378
0.166149
0.167301
0.169363
0.168037
0.166503
0.166497
0.167565
0.165940
0.163036
0.166284
0.170140
0.165037
0.164036
0.161245
0.162315
0.165513
0.154832
0.155527
0.155275
0.156035
0.160268
0.165091
0.163036
0.164074
0.165130
0.164810
0.168251
0.167037
0.161632
0.177190
0.177039
0.178170
0.173249
0.165107
0.162494
0.158544
0.083524
0.192042
0.176196
0.174039
0.145257
0.156041
0.156035
0.156035
0.155034
0.155547
0.156431
0.156035
0.156035
0.155198
0.155577
0.157035
0.156405
0.156236
0.156034
0.154078
0.160035
0.161111
0.162462
0.163156
0.163086
0.164061
0.165490
0.163036
0.163103
0.163036
0.164037
0.155035
0.156035
0.156105
0.156451
0.162197
0.164089
0.164037
0.166238
0.163110
0.165352
0.164133
0.163246
0.166134
0.166292
0.165117
0.165105
0.165036
0.165036
0.166037
0.166136
0.166129
0.165431
0.165036
0.166037
0.166264
0.158282
0.157083
0.156357
0.156622
0.156951
0.157035
0.158049
0.164193
0.164490
0.163303
0.165100
0.165266
0.164665
0.164105
0.166772
0.166036
0.166249
0.166839
0.166036
0.166126
0.166693
0.159481
0.177039
0.175038
0.168244
0.182549
0.182060
0.179541
0.169682
0.164547
0.157468
0.154253
0.160711
0.159902
0.157106
0.159338
0.159001
0.158777
0.162036
0.158034
0.161666
0.156212
0.154356
0.154698
0.154034
0.155618
0.153577
0.155287
0.155107
0.154584
0.155365
0.155332
0.156034
0.156336
0.160042
0.161968
0.163961
0.165428
0.166394
0.163036
0.161309
0.162272
0.162249
0.163113
0.162366
0.163120
0.161356
0.162215
0.161035
0.163056
0.164036
0.164052
0.163036
0.164101
0.165036
0.164036
0.165037
0.165036
0.166036
0.167037
0.168036
0.164946
0.164962
0.166377
0.166645
0.165713
0.167476
0.166070
0.165249
0.165542
0.164252
0.166541
0.164499
0.165816
0.165529
0.164954
0.164463
0.164625
0.164274
0.163689
0.164087
0.164743
0.163861
0.164025
0.160768
0.162103
0.161141
0.163036
0.162036
0.164036
0.167714
0.172380
0.167479
0.164037
0.163296
0.167037
0.157251
0.156802
0.157159
0.157566
0.156034
0.156508
0.157035
0.159446
0.159476
0.160225
0.161273
0.158181
0.080018
0.079017
0.076016
0.074082
0.073952
0.073789
0.076672
0.077017
0.078017
0.079017
0.077017
0.078017
0.077027
0.078031
0.077017
0.077459
0.087019
0.080011
0.078017
0.075608
0.076246
0.077686
0.078294
0.076216
0.075610
0.074314
0.071923
0.078058
0.071423
0.072189
0.071255
0.075264
0.072396
0.071064
0.070230
0.071016
0.070552
0.072253
0.073836
0.085119
0.087826
0.095502
0.129028
0.154622
0.165712
0.165517
0.163059
0.131996
0.136518
0.152034
0.142302
0.168262
0.166314
0.165017
0.161338
0.161873
0.161339
0.161698
0.160226
0.157769
0.169245
0.177837
0.157035
0.118026
0.151033
0.159425
0.151249
0.172039
0.183631
0.198043
0.180040
0.140413
0.132028
0.152033
0.154034
0.156222
0.155034
0.155034
0.155034
0.157035
0.154519
0.156034
0.158230
0.160878
0.163036
0.156855
0.179039
0.180807
0.138075
0.135554
0.150825
0.155028
0.155163
0.157343
0.154417
0.155529
0.177612
0.179249
0.178716
0.151976
0.144854
0.135387
0.154728
0.155205
0.136256
0.154483
0.167820
0.169790
0.166721
0.165312
0.165416
0.165982
0.160602
0.174038
0.173246
0.173038
0.169037
0.168292
0.167037
0.168037
0.164036
0.164036
0.164074
0.163272
0.170037
0.163036
0.152034
0.158035
0.164521
0.161036
0.157330
0.158377
0.157035
0.157034
0.157912
0.155547
0.157035
0.156034
0.157610
0.157778
0.139330
0.157858
0.138830
0.173044
0.166339
0.164935
0.167562
0.167346
0.166371
0.166888
0.162972
0.161911
0.164064
0.163646
0.155070
0.176967
0.144992
0.154220
0.153033
0.155185
0.155568
0.157262
0.137627
0.152587
0.155058
0.155337
0.154616
0.146032
0.159034
0.163199
0.160335
0.159035
0.156034
0.160036
0.155426
0.172667
0.177838
0.177620
0.177039
0.176058
0.176426
0.179925
0.179008
0.175865
0.154782
0.130288
0.129415
0.160310
0.159333
0.160257
0.156488
0.176736
0.180040
0.176244
0.178196
0.176028
0.153275
0.127139
0.136396
0.153451
0.158387
0.161604
0.149646
0.178737
0.176920
0.171351
0.167803
0.168517
0.166414
0.163085
0.157517
0.143549
0.157035
0.159035
0.158936
0.158608
0.159852
0.158247
0.159035
0.158062
0.137854
0.154887
0.167037
0.167037
0.173952
0.178040
0.178365
0.181110
0.178879
0.180602
0.181148
0.181602
0.182054
0.180040
0.184707
0.176146
0.176217
0.175653
0.169037
0.140821
0.152828
0.154253
0.155403
0.139759
0.147343
0.159035
0.160664
0.159248
0.161035
0.160082
0.171038
0.168212
0.166593
0.165505
0.163482
0.163642
0.162728
0.162626
0.164086
0.164080
0.162140
0.167207
0.178251
0.177333
0.175025
0.178598
0.159526
0.160884
0.162786
0.161036
0.156034
0.157288
0.158035
0.158089
0.158035
0.158100
0.158035
0.158035
0.158566
0.158356
0.131029
0.152179
0.164283
0.167037
0.161054
0.158036
0.170038
0.170037
0.168037
0.167109
0.166036
0.163056
0.171037
0.170037
0.168037
0.168037
0.166036
0.164036
0.160510
0.157490
0.170038
0.173619
0.173653
0.173039
0.170814
0.169892
0.170299
0.172197
0.171575
0.166414
0.176974
0.171474
0.176292
0.176453
0.177129
0.180331
0.183235
0.137338
0.156034
0.128028
0.153033
0.156160
0.156254
0.156548
0.157034
0.152033
0.165037
0.168037
0.165036
0.164443
0.164036
0.166452
0.167486
0.162035
0.162035
0.162036
0.160035
0.161105
0.161036
0.160036
0.169037
0.170038
0.167037
0.165036
0.165036
0.163084
0.158036
0.172099
0.171037
0.167037
0.173038
0.169176
0.173216
0.170346
0.168037
0.166226
0.163153
0.162816
0.160730
0.164425
0.162570
0.160499
0.167075
0.164115
0.170210
0.169314
0.167565
0.168607
0.172269
0.168367
0.166480
0.165096
0.161443
0.161188
0.160069
0.172355
0.168856
0.167037
0.165136
0.166548
0.165033
0.163600
0.161393
0.160331
0.158406
0.156752
0.137080
0.167071
0.164920
0.164125
0.163789
0.162142
0.159888
0.162935
0.158701
0.178116
0.172871
0.172776
0.168596
0.167205
0.160814
0.163511
0.164123
0.159246
0.171861
0.168740
0.164191
0.162000
0.171839
0.172078
0.168038
0.164499
0.159860
0.167146
0.170302
0.163771
0.164196
0.163238
0.160407
0.161602
0.158321
0.168038
0.169266
0.164081
0.162589
0.164102
0.165135
0.166440
0.161036
0.172718
0.168498
0.165076
0.165536
0.165962
0.163469
0.163707
0.158758
0.156159
0.160203
0.172487
0.168037
0.167095
0.159035
0.162036
0.165037
0.162513
0.172552
0.181041
0.175318
0.169037
0.169038
0.166037
0.166037
0.164036
0.162036
0.158036
0.172118
0.171038
0.169037
0.172037
0.169198
0.164036
0.164299
0.164306
0.163391
0.158728
0.162460
0.165252
0.161320
0.160014
0.175071
0.170892
0.165729
0.160074
0.157281
0.156525
0.165654
0.163539
0.162100
0.159787
0.159364
0.164420
0.163100
0.166456
0.166037
0.164899
0.161207
0.165918
0.166195
0.165588
0.163977
0.159669
0.161372
0.155035
0.172615
0.169562
0.173141
0.166242
0.165536
0.162200
0.164171
0.162774
0.164005
0.166184
0.168701
0.168385
0.165346
0.166064
0.171949
0.167720
0.172261
0.170038
0.170163
0.170627
0.167150
0.165091
0.163430
0.161221
0.162452
0.163208
0.160080
0.168799
0.166137
0.166403
0.165037
0.166255
0.164667
0.164592
0.160833
0.159742
0.159089
0.169419
0.166727
0.165277
0.162410
0.159854
0.159513
0.158865
0.162538
0.162284
0.167515
0.169419
0.166480
0.162820
0.163772
0.160605
0.157781
0.165307
0.165074
0.161976
0.159791
0.161953
0.170013
0.167175
0.164975
0.161238
0.160056
0.159566
0.159655
0.158119
0.157932
0.159483
0.170273
0.168635
0.163155
0.162141
0.160956
0.159880
0.159005
0.158613
0.156695
0.171202
0.165189
0.159443
0.180006
0.182086
0.178752
0.176477
0.177820
0.147033
0.154716
0.157689
0.157034
0.156096
0.158081
0.157823
0.158510
0.157027
0.158049
0.157140
0.157735
0.134236
0.138543
0.153567
0.158035
0.156065
0.158615
0.157882
0.157980
0.159035
0.159939
