1.446193
4.298549
0.176545
0.151034
0.148091
0.149464
0.149419
0.151616
0.148622
0.157420
0.150853
0.149416
0.149103
0.150033
0.153067
0.150656
0.149399
0.118303
0.151396
0.149467
0.149582
0.153321
0.158447
0.161088
0.151872
0.147782
0.148170
0.148348
0.150804
0.157424
0.160673
0.133619
0.150397
0.150959
0.149191
0.141041
0.152174
0.151906
0.149344
0.149359
0.149883
0.154800
0.166323
0.163394
0.165824
0.162393
0.165041
0.161995
0.165938
0.166649
0.164567
0.162807
0.162234
0.144427
0.151854
0.150597
0.150455
0.151291
0.149378
0.150544
0.150230
0.156906
0.160592
0.163593
0.166528
0.149414
0.151708
0.151916
0.151677
0.152558
0.151688
0.130191
0.154476
0.163382
0.163192
0.163479
0.165365
0.164343
0.164264
0.163337
0.164337
0.167814
0.166919
0.165543
0.164522
0.167409
0.160210
0.163405
0.156469
0.132233
0.150750
0.151854
0.137057
0.150222
0.158299
0.162299
0.164517
0.165553
0.166264
0.168073
0.170079
0.159789
0.156642
0.153900
0.152649
0.153452
0.152937
0.152602
0.136636
0.152929
0.151511
0.154903
0.162342
0.166159
0.165615
0.166644
0.166467
0.164677
0.165091
0.166348
0.165228
0.166073
0.159835
0.154528
0.151242
0.152495
0.152772
0.144968
0.151900
0.151342
0.151562
0.152309
0.154777
0.161643
0.164437
0.165513
0.167045
0.168665
0.163730
0.159836
0.155301
0.153921
0.152029
0.153278
0.155164
0.153228
0.151489
0.152167
0.154388
0.153498
0.153316
0.157829
0.161801
0.165378
0.166289
0.167879
0.167661
0.171433
0.174894
0.169331
0.159607
0.158597
0.160691
0.158470
0.154355
0.099752
0.163198
0.164918
0.166943
0.166337
0.169591
0.171426
0.167764
0.175043
0.169842
0.160988
0.156698
0.153090
0.154850
0.154360
0.160828
0.155603
0.152833
0.154636
0.141998
0.155906
0.155467
0.154561
0.154567
0.159040
0.162816
0.164417
0.168141
0.165795
0.168022
0.170326
0.167575
0.171396
0.154577
0.157786
0.163788
0.165334
0.166636
0.167467
0.171543
0.174341
0.176952
0.167109
0.162695
0.157287
0.155226
0.155622
0.155902
0.155850
0.155309
0.154669
0.155567
0.154332
0.155764
0.156623
0.156140
0.152470
0.166453
0.165694
0.167231
0.167532
0.169134
0.168839
0.166875
0.171147
0.173490
0.172696
0.169829
0.161115
0.170117
0.161711
0.160059
0.136007
0.153939
0.154536
0.153385
0.155019
0.153989
0.154378
0.159035
0.163624
0.166330
0.165823
0.165962
0.166631
0.166755
0.169577
0.165261
0.166561
0.165589
0.166419
0.167046
0.169974
0.166028
0.155840
0.155087
0.154744
0.156403
0.156364
0.156734
0.155293
0.154287
0.154766
0.154673
0.157432
0.157640
0.155755
0.155296
0.155781
0.161520
0.164932
0.166245
0.162317
0.173249
0.170936
0.164400
0.160614
0.157807
0.155368
0.155024
0.155161
0.154572
0.160037
0.159862
0.156535
0.155613
0.156153
0.155720
0.156057
0.156757
0.156404
0.137295
0.158026
0.164479
0.166300
0.165681
0.166252
0.166858
0.167395
0.166429
0.169613
0.157261
0.156184
0.155812
0.157879
0.157389
0.163172
0.164527
0.166766
0.159898
0.168037
0.163059
0.160350
0.157973
0.155033
0.156636
0.156815
0.155968
0.156423
0.157739
0.156358
0.158055
0.157766
0.156608
0.156355
0.157392
0.156886
0.157154
0.150270
0.170079
0.167607
0.163495
0.175330
0.167912
0.167229
0.163295
0.161423
0.170896
0.167436
0.162133
0.160367
0.158611
0.158327
0.158022
0.158282
0.158047
0.155771
0.151497
0.156785
0.157326
0.157982
0.156648
0.157065
0.156860
0.161216
0.158445
0.159816
0.163347
0.165308
0.166392
0.166201
0.166286
0.167196
0.167078
0.167579
0.163444
0.150182
0.156551
0.157491
0.157281
0.157861
0.158471
0.156836
0.157809
0.155010
0.157439
0.158447
0.157167
0.157535
0.156973
0.158249
0.158566
0.156390
0.159984
0.163711
0.166186
0.167218
0.167267
0.165796
0.168565
0.168961
0.157137
0.158254
0.157881
0.156945
0.159865
0.164276
0.166369
0.162872
0.174853
0.176217
0.171283
0.166159
0.155421
0.155995
0.158476
0.158884
0.157590
0.157410
0.157522
0.156382
0.157441
0.157801
0.156541
0.157811
0.137071
0.160505
0.163572
0.166683
0.167431
0.167644
0.165941
0.170306
0.167508
0.169235
0.169571
0.170036
0.161073
0.157705
0.158148
0.157850
0.157417
0.157364
0.155883
0.156768
0.156555
0.157865
0.159433
0.158561
0.154922
0.162899
0.165876
0.167157
0.167311
0.167718
0.157349
0.158054
0.163951
0.165225
0.166435
0.166986
0.167597
0.169868
0.156443
0.171629
0.167477
0.163537
0.162187
0.117993
0.159154
0.157920
0.158636
0.157936
0.158877
0.155657
0.158553
0.159194
0.157900
0.164186
0.165597
0.165882
0.166432
0.164168
0.173996
0.174649
0.176305
0.177664
0.151156
0.156912
0.156775
0.157937
0.159274
0.158144
0.156673
0.156829
0.157781
0.158374
0.159145
0.156853
0.157395
0.157645
0.157587
0.158332
0.159050
0.159415
0.159703
0.170877
0.169442
0.172634
0.168193
0.168021
0.168644
0.168425
0.169076
0.170223
0.170544
0.170537
0.172047
0.170954
0.167878
0.170001
0.168701
0.172159
0.167871
0.174535
0.174496
0.176976
0.170698
0.170663
0.169439
0.172377
0.171353
0.172278
0.173080
0.171249
0.170385
0.171136
0.169438
0.173766
0.171270
0.175998
0.176655
0.165391
0.163200
0.161404
0.164024
0.163309
0.161432
0.174473
0.172693
0.166015
0.164576
0.161081
0.160697
0.159183
0.159702
0.155969
0.157186
0.156954
0.158370
0.142483
0.158756
0.157784
0.156953
0.156792
0.160086
0.163444
0.163948
0.166408
0.166905
0.167222
0.168789
0.167301
0.167508
0.166105
0.168033
0.166460
0.167892
0.163685
0.174792
0.170780
0.173135
0.174037
0.170879
0.170083
0.172813
0.174238
0.170197
0.173564
0.172748
0.171578
0.172159
0.169869
0.170849
0.172860
0.174270
0.167556
0.173959
0.166716
0.167381
0.164831
0.161860
0.159726
0.157329
0.157404
0.158042
0.158397
0.157196
0.157035
0.157249
0.157034
0.155924
0.157777
0.159056
0.157331
0.155912
0.166526
0.158271
0.158432
0.156316
0.157774
0.156491
0.162698
0.164496
0.166926
0.166031
0.169118
0.169245
0.167898
0.168038
0.167509
0.167214
0.167771
0.162667
0.155496
0.161387
0.158082
0.158565
0.158058
0.158759
0.158204
0.156402
0.157075
0.159467
0.159045
0.158991
0.158532
0.157837
0.158529
0.158064
0.160266
0.163149
0.164426
0.167312
0.170432
0.172130
0.171304
0.173174
0.171227
0.172957
0.172944
0.172506
0.172112
0.171725
0.171001
0.172216
0.167348
0.163756
0.159763
0.157442
0.158196
0.152633
0.158072
0.158712
0.158358
0.156353
0.159075
0.158680
0.159413
0.157063
0.158291
0.152083
0.158339
0.157362
0.162978
0.165615
0.167422
0.166193
0.168044
0.141727
0.158635
0.163966
0.165230
0.165944
0.166598
0.167061
0.167191
0.167669
0.167732
0.168829
0.167534
0.168893
0.167667
0.168467
0.167793
0.167436
0.167010
0.155892
0.157054
0.162673
0.164360
0.166037
0.166208
0.167993
0.167300
0.163268
0.175020
0.177410
0.176729
0.171085
0.167934
0.164931
0.162256
0.160141
0.158325
0.162328
0.148382
0.158333
0.159033
0.156794
0.159148
0.158143
0.157977
0.158542
0.158307
0.158493
0.158284
0.158756
0.163704
0.164798
0.165611
0.167602
0.168257
0.157479
0.148050
0.175595
0.170019
0.165286
0.161777
0.158191
0.159177
0.158228
0.140924
0.156568
0.157895
0.156945
0.157803
0.159295
0.159497
0.161114
0.164774
0.158122
0.162425
0.162895
0.170799
0.170952
0.170397
0.170400
0.170676
0.169269
0.170994
0.169080
0.169184
0.171320
0.171252
0.171722
0.169944
0.170913
0.168902
0.168567
0.163960
0.160713
0.138138
0.160271
0.159778
0.158695
0.157300
0.157157
0.159240
0.159677
0.158197
0.158677
0.163053
0.166686
0.167228
0.167444
0.167746
0.158034
0.157474
0.161130
0.162000
0.167886
0.168987
0.170144
0.159952
0.157835
0.161546
0.166239
0.165787
0.167153
0.167144
0.168557
0.166982
0.164927
0.174611
0.162528
0.164565
0.166818
0.163855
0.170643
0.171945
0.169790
0.169924
0.170814
0.168247
0.170953
0.169799
0.172503
0.172055
0.172576
0.172853
0.173349
0.170477
0.166804
0.166682
0.168968
0.163487
0.172794
0.167270
0.164660
0.161621
0.157324
0.158094
0.157788
0.157060
0.141696
0.155978
0.157695
0.146885
0.166151
0.167547
0.163419
0.166579
0.167707
0.167593
0.166016
0.171021
0.173882
0.170344
0.170691
0.173173
0.176632
0.176774
0.175551
0.175140
0.166918
0.165216
0.161052
0.158935
0.163468
0.158705
0.158231
0.158232
0.157784
0.152454
0.157597
0.156519
0.158663
0.158186
0.157327
0.158753
0.160037
0.166575
0.166391
0.166883
0.167545
0.167470
0.160107
0.165049
0.165824
0.167978
0.169012
0.166179
0.172147
0.170172
0.173833
0.174048
0.174639
0.172251
0.172487
0.172010
0.174910
0.173465
0.170242
0.174440
0.165945
0.168541
0.168133
0.168151
0.169755
0.162593
0.170064
0.167896
0.162446
0.160626
0.157571
0.158963
0.157242
0.159221
0.159667
0.156728
0.158533
0.158849
0.161662
0.158153
0.157990
0.157687
0.157127
0.158108
0.150693
0.158415
0.159445
0.158760
0.157670
0.162037
0.164603
0.167049
0.166822
0.168164
0.168417
0.166754
0.166375
0.168160
0.168222
0.169068
0.168868
0.165112
0.174151
0.158456
0.160859
0.158723
0.158701
0.160172
0.159078
0.158313
0.159264
0.159165
0.158983
0.159199
0.156938
0.157420
0.157782
0.158773
0.158088
0.159343
0.164083
0.163789
0.175965
0.175101
0.174632
0.172589
0.179052
0.173667
0.168898
0.165477
0.163594
0.159021
0.163083
0.162279
0.158803
0.158745
0.157720
0.158957
0.157849
0.158553
0.134609
0.157965
0.162470
0.165618
0.165863
0.167681
0.169765
0.169090
0.167412
0.168932
0.162576
0.165631
0.170327
0.168825
0.169154
0.167405
0.169290
0.169405
0.166852
0.175058
0.175349
0.177190
0.178388
0.178664
0.174154
0.167319
0.163193
0.161078
0.167614
0.163641
0.159635
0.157932
0.157609
0.157681
0.157836
0.157810
0.159202
0.140995
0.158570
0.158432
0.163965
0.168277
0.168173
0.166649
0.168376
0.168611
0.158847
0.158859
0.163116
0.166254
0.166329
0.167032
0.168274
0.169856
0.167232
0.168762
0.178968
0.172655
0.165914
0.163934
0.158422
0.157817
0.157951
0.157700
0.165777
0.161881
0.158070
0.157534
0.158580
0.158257
0.158975
0.157512
0.157722
0.157595
0.142164
0.161303
0.158036
0.157666
0.157846
0.159760
0.164450
0.168722
0.163059
0.166569
0.167180
0.167151
0.168092
0.168315
0.169391
0.169412
0.169544
0.169975
0.164086
0.178422
0.174233
0.165975
0.162813
0.161218
0.158447
0.158035
0.160290
0.158277
0.156810
0.158731
0.157762
0.158661
0.157774
0.158237
0.157360
0.158760
0.158342
0.151958
0.171000
0.172486
0.170743
0.171467
0.171220
0.173041
0.158622
0.160271
0.166041
0.167052
0.168978
0.168257
0.168869
0.169659
0.170503
0.168889
0.168579
0.164550
0.177679
0.171067
0.167306
0.164763
0.160942
0.159827
0.164357
0.158821
0.158028
0.158974
0.157329
0.158608
0.138292
0.157547
0.159559
0.159248
0.163729
0.166967
0.166696
0.169746
0.170696
0.169624
0.170431
0.171557
0.168169
0.168078
0.169624
0.168846
0.168974
0.168910
0.169875
0.170034
0.169968
0.168624
0.170684
0.168928
0.178079
0.108806
0.156962
0.158465
0.148415
0.170956
0.158365
0.158685
0.158226
0.158898
0.164144
0.167951
0.168587
0.167925
0.169678
0.168830
0.170365
0.172161
0.171821
0.169611
0.171894
0.174179
0.174064
0.173010
0.158218
0.161279
0.165241
0.166407
0.167809
0.169420
0.168723
0.164487
0.174687
0.175777
0.178366
0.171318
0.166254
0.163262
0.144264
0.159326
0.157855
0.158012
0.157071
0.159330
0.159319
0.159086
0.157043
0.158886
0.159156
0.161507
0.165864
0.166349
0.167534
0.168671
0.169704
0.168379
0.167658
0.170458
0.173244
0.173939
0.169459
0.170992
0.169300
0.171614
0.171798
0.174914
0.174373
0.174509
0.168575
0.165963
0.163473
0.158998
0.158304
0.159546
0.160323
0.145136
0.157235
0.158066
0.159600
0.158069
0.159895
0.158564
0.157734
0.157349
0.158010
0.158354
0.159635
0.161197
0.165834
0.165405
0.167031
0.168434
0.168642
0.164032
0.166143
0.164972
0.169047
0.164423
0.163615
0.161607
0.158497
0.159157
0.159327
0.158831
0.158150
0.159415
0.158451
0.158227
0.159186
0.158931
0.157057
0.158345
0.154903
0.172906
0.164361
0.166388
0.168468
0.165936
0.168935
0.168936
0.169865
0.169644
0.170711
0.169584
0.170204
0.170317
0.171996
0.172151
0.170541
0.171556
0.168805
0.161765
0.164953
0.161736
0.159958
0.159161
0.158704
0.156636
0.157901
0.156586
0.156872
0.158999
0.159273
0.157854
0.158772
0.158974
0.158415
0.164680
0.166759
0.164550
0.168409
0.169091
0.168733
0.169432
0.168169
0.169714
0.169144
0.170053
0.169874
0.171140
0.169945
0.170480
0.171143
0.169662
0.170734
0.159253
0.159726
0.160616
0.158195
0.163203
0.166637
0.167758
0.167118
0.168431
0.168611
0.169455
0.170260
0.169948
0.172115
0.172015
0.170814
0.171179
0.171197
0.170510
0.171692
0.169800
0.175907
0.168703
0.166327
0.163530
0.160964
0.159065
0.158322
0.157514
0.160023
0.159074
0.158499
0.156929
0.158373
0.158288
0.158466
0.159398
0.158032
0.165121
0.149648
0.166448
0.167886
0.166714
0.169376
0.167820
0.168698
0.169950
0.171036
0.171705
0.171172
0.168556
0.172742
0.172663
0.171373
0.170986
0.172235
0.171340
0.167215
0.172102
0.173666
0.175392
0.171096
0.177363
0.171096
0.175493
0.177822
0.179735
0.176363
0.167711
0.163154
0.160326
0.156797
0.158432
0.159373
0.156944
0.159198
0.136030
0.158530
0.158683
0.157919
0.157831
0.158542
0.160055
0.160362
0.166157
0.166587
0.168722
0.170754
0.167673
0.167791
0.168436
0.169976
0.170429
0.160353
0.152413
0.158197
0.158280
0.162585
0.166700
0.168544
0.170407
0.167780
0.169047
0.168501
0.169025
0.168847
0.168506
0.168288
0.168601
0.168083
0.170183
0.165657
0.163421
0.174741
0.175231
0.174086
0.174106
0.176039
0.174954
0.175811
0.175623
0.175160
0.171132
0.175713
0.177437
0.179042
0.174509
0.167022
0.162548
0.163585
0.162696
0.140787
0.159192
0.158911
0.158094
0.157495
0.158260
0.158444
0.158741
0.159602
0.159309
0.165555
0.166938
0.168626
0.166993
0.169470
0.170669
0.159826
0.161310
0.160277
0.178182
0.176465
0.174901
0.168025
0.164989
0.162779
0.159901
0.158260
0.159327
0.158114
0.160393
0.157861
0.158021
0.158805
0.157675
0.159373
0.160198
0.159666
0.153569
0.157540
0.158741
0.164149
0.166166
0.166995
0.167475
0.167028
0.169556
0.168936
0.169042
0.169811
0.166324
0.168467
0.170982
0.168384
0.168494
0.168610
0.166675
0.173438
0.171750
0.172780
0.174775
0.174635
0.176144
0.172550
0.178721
0.175037
0.168528
0.164389
0.162291
0.159074
0.158183
0.163428
0.160457
0.158412
0.157716
0.117760
0.158004
0.161201
0.165036
0.165861
0.166112
0.169776
0.167780
0.168471
0.169935
0.169890
0.168283
0.169409
0.168841
0.161729
0.157703
0.158804
0.158118
0.146613
0.167107
0.168068
0.168816
0.168042
0.169190
0.167813
0.169301
0.169506
0.168476
0.167917
0.169192
0.168815
0.168488
0.164944
0.167427
0.167122
0.169058
0.167505
0.171978
0.173552
0.173393
0.171362
0.175108
0.175122
0.175483
0.172851
0.175074
0.172033
0.173370
0.174834
0.172451
0.168097
0.162455
0.164478
0.167811
0.162868
0.172472
0.168880
0.164443
0.160987
0.157934
0.159896
0.159744
0.159692
0.158574
0.156863
0.156832
0.157931
0.159713
0.161755
0.157986
0.157305
0.159366
0.159867
0.146732
0.159706
0.159956
0.163720
0.166320
0.168000
0.168526
0.169761
0.168815
0.168999
0.167718
0.169697
0.169198
0.160339
0.159032
0.157829
0.158091
0.157696
0.161831
0.174306
0.173631
0.171325
0.173807
0.174970
0.174900
0.174824
0.172466
0.174558
0.175442
0.175041
0.174907
0.168035
0.168788
0.168662
0.169214
0.171255
0.166893
0.174450
0.171897
0.168237
0.165736
0.162045
0.159842
0.158473
0.159889
0.157526
0.157453
0.157741
0.160998
0.158981
0.159309
0.159405
0.156331
0.159325
0.140494
0.163793
0.167621
0.168272
0.168753
0.168633
0.168160
0.168396
0.169105
0.168277
0.167542
0.169038
0.168650
0.161624
0.159350
0.160423
0.160510
0.160837
0.164295
0.165929
0.168989
0.168936
0.168320
0.169483
0.169537
0.169703
0.171080
0.169128
0.167938
0.166875
0.167576
0.163078
0.158291
0.159264
0.160007
0.159095
0.159873
0.140563
0.161199
0.166679
0.164082
0.166716
0.168633
0.166956
0.167659
0.168945
0.167237
0.167976
0.168593
0.161099
0.158209
0.160169
0.160674
0.159215
0.159930
0.156331
0.170620
0.170998
0.171236
0.170973
0.172142
0.172012
0.172119
0.171115
0.168534
0.171862
0.171224
0.169287
0.168834
0.169562
0.168445
0.170026
0.169126
0.166418
0.169591
0.170497
0.169611
0.169014
0.168129
0.168572
0.168181
0.169499
0.170932
0.168607
0.168565
0.160309
0.158806
0.160859
0.162764
0.166049
0.167279
0.163425
0.172055
0.164625
0.163585
0.161798
0.158773
0.161411
0.160218
0.158599
0.158073
0.158403
0.159035
0.160471
0.161853
0.160616
0.158930
0.159309
0.159548
0.160498
0.150510
0.162490
0.166619
0.166133
0.166721
0.168720
0.168293
0.168675
0.168559
0.169396
0.166668
0.165242
0.166131
0.167337
0.167266
0.168062
0.167762
0.167908
0.165545
0.173402
0.174839
0.174461
0.174214
0.174846
0.172161
0.175048
0.172016
0.172244
0.174655
0.168792
0.171628
0.168379
0.171879
0.172035
0.170693
0.171444
0.166307
0.179119
0.173360
0.177280
0.177993
0.176181
0.167269
0.166752
0.163623
0.159982
0.159775
0.164124
0.160263
0.161110
0.158312
0.158586
0.159146
0.161177
0.159315
0.136952
0.158608
0.158377
0.160130
0.164908
0.166076
0.167163
0.167557
0.166592
0.168887
0.161366
0.161050
0.159592
0.161892
0.165617
0.159435
0.159114
0.162671
0.159604
0.177677
0.177316
0.173449
0.168638
0.165653
0.162389
0.159092
0.160897
0.160071
0.164858
0.161222
0.159724
0.159351
0.161307
0.160762
0.161933
0.159907
0.159850
0.153081
0.160272
0.160499
0.160347
0.159825
0.160598
0.160967
0.160639
0.171759
0.177922
0.174374
0.168073
0.165075
0.164086
0.161125
0.159643
0.159422
0.159180
0.153754
0.159194
0.159051
0.159832
0.160451
0.159077
0.160148
0.159488
0.159302
0.159898
0.160526
0.160140
0.159086
0.161141
0.164140
0.165888
0.166149
0.167295
0.164865
0.172754
0.171286
0.173049
0.172930
0.171225
0.171721
0.173039
0.172579
0.159835
0.162227
0.165402
0.165799
0.166874
0.168876
0.167874
0.167399
0.169517
0.167793
0.169837
0.172270
0.171460
0.170719
0.169174
0.168786
0.170846
0.169694
0.160518
0.160135
0.160550
0.160181
0.160645
0.160846
0.161973
0.164153
0.167918
0.161324
0.168965
0.165399
0.164019
0.160871
0.158539
0.161650
0.159825
0.159500
0.159919
0.159304
0.159990
0.161008
0.160994
0.160994
0.160383
0.159683
0.160524
0.159828
0.158917
0.159926
0.161125
0.160083
0.159585
0.160839
0.159840
0.160915
0.162043
0.160555
0.158948
0.160443
0.159374
0.160794
0.160755
0.160570
0.164178
0.166491
0.164433
0.171955
0.171700
0.169697
0.170718
0.169253
0.167107
0.167351
0.160775
0.161169
0.160456
0.163185
0.166422
0.167022
0.166776
0.166914
0.166471
0.167587
0.166828
0.169721
0.168990
0.172633
0.169243
0.170139
0.169838
0.168130
0.160008
0.161656
0.159800
0.162679
0.165063
0.165904
0.166681
0.166997
0.168239
0.166879
0.164364
0.170887
0.173565
0.171047
0.171541
0.170270
0.171731
0.170209
0.168151
0.169253
0.169619
0.166613
0.166499
0.167747
0.168209
0.167677
0.167616
0.167416
0.163445
0.175955
0.176655
0.175295
0.179251
0.174004
0.169572
0.167534
0.172475
0.168839
0.166343
0.164352
0.162194
0.159538
0.160599
0.160279
0.159977
0.159224
0.160365
0.119285
0.161952
0.165250
0.166281
0.167165
0.168290
0.167667
0.162223
0.161027
0.160668
0.162059
0.166513
0.165993
0.166888
0.167708
0.167885
0.167024
0.168280
0.164480
0.174565
0.174046
0.172805
0.173530
0.174679
0.172691
0.171272
0.170316
0.169379
0.169444
0.169438
0.169123
0.168611
0.166936
0.168401
0.169518
0.168581
0.164649
0.171688
0.173478
0.175555
0.173361
0.172952
0.174713
0.160876
0.158294
0.160069
0.163048
0.166473
0.167155
0.168206
0.168076
0.167655
0.160939
0.162373
0.161809
0.172710
0.174058
0.172663
0.173703
0.172128
0.171527
0.164618
0.165982
0.167200
0.167619
0.168236
0.168262
0.167511
0.168596
0.168353
0.168743
0.168532
0.165832
0.172369
0.171072
0.172055
0.171864
0.171812
0.170703
0.159537
0.160321
0.162217
0.166332
0.167500
0.167206
0.167421
0.168729
0.168253
0.168712
0.168504
0.165255
0.169831
0.173214
0.176057
0.178263
0.175556
0.171259
0.159850
0.163538
0.165339
0.167122
0.168136
0.167774
0.168303
0.168080
0.168391
0.166891
0.168833
0.164461
0.179781
0.174538
0.173745
0.167198
0.166056
0.164653
0.174871
0.174369
0.169498
0.166764
0.164161
0.161351
0.159525
0.159779
0.158998
0.159911
0.159525
0.159090
0.138025
0.159333
0.159350
0.159017
0.159267
0.160598
0.160404
0.160736
0.160336
0.159229
0.159679
0.159093
0.162321
0.158871
0.159536
0.158854
0.160189
0.161545
0.163212
0.172164
0.172609
0.170903
0.172904
0.174367
0.159698
0.158620
0.163392
0.166536
0.167198
0.167657
0.167226
0.168038
0.168792
0.168282
0.168208
0.169481
0.165833
0.176724
0.174534
0.170816
0.166237
0.164993
0.165768
0.165098
0.161256
0.158466
0.158634
0.160624
0.160390
0.160390
0.160508
0.159864
0.159790
0.160609
0.160693
0.149155
0.161259
0.161057
0.160548
0.159212
0.164655
0.159317
0.161754
0.160071
0.161710
0.159792
0.159630
0.160429
0.159933
0.160061
0.159397
0.161697
0.157500
0.153328
0.180775
0.180390
0.174290
0.168603
0.170916
0.166780
0.164917
0.161526
0.159218
0.160479
0.160025
0.160200
0.160280
0.160000
0.159795
0.161132
0.159757
0.159500
0.140350
0.160171
0.160058
0.160784
0.160811
0.164250
0.167333
0.168197
0.163456
0.164706
0.161530
0.160042
0.159689
0.160598
0.163440
0.164081
0.167202
0.165329
0.162520
0.175375
0.175905
0.174257
0.166350
0.166071
0.165952
0.169287
0.169195
0.167151
0.161671
0.161952
0.159160
0.162980
0.166119
0.167450
0.167638
0.167917
0.166896
0.174165
0.173711
0.170376
0.159739
0.162239
0.164144
0.168174
0.169805
0.168578
0.168012
0.166918
0.167525
0.168763
0.170612
0.170038
0.166126
0.168039
0.164155
0.184853
0.179617
0.169562
0.170280
0.168076
0.165010
0.160969
0.160218
0.158767
0.160880
0.160707
0.159178
0.160045
0.159562
0.160430
0.160155
0.160010
0.160573
0.151840
0.169728
0.169185
0.164913
0.167461
0.168876
0.169479
0.169844
0.170322
0.170137
0.171374
0.170065
0.172012
0.170572
0.169572
0.170440
0.159987
0.159861
0.158642
0.171457
0.172006
0.168633
0.169161
0.169446
0.169174
0.171273
0.171765
0.171227
0.171089
0.170758
0.171042
0.170679
0.171374
0.169987
0.171375
0.170748
0.165074
0.176063
0.174158
0.167261
0.167224
0.168144
0.167761
0.169079
0.169029
0.168286
0.168079
0.168336
0.169388
0.170439
0.169234
0.170003
0.168249
0.169641
0.163498
0.178530
0.179224
0.174457
0.171304
0.166902
0.162651
0.161839
0.160265
0.160590
0.159332
0.158667
0.157521
0.160265
0.159813
0.159413
0.158247
0.155601
0.158804
0.152048
0.160329
0.160691
0.158363
0.159272
0.164022
0.165756
0.167419
0.170273
0.167604
0.169548
0.169835
0.170085
0.169440
0.169483
0.169698
0.168719
0.170600
0.167740
0.170787
0.159431
0.161031
0.163024
0.166860
0.171556
0.167745
0.168187
0.168598
0.169895
0.168915
0.169644
0.169523
0.169310
0.171084
0.170416
0.168430
0.163549
0.171363
0.170084
0.166712
0.163471
0.159567
0.159599
0.160029
0.158799
0.159043
0.158003
0.157998
0.160251
0.158902
0.158896
0.160008
0.158402
0.158284
0.161240
0.162653
0.165234
0.162395
0.160112
0.161690
0.164859
0.165492
0.168583
0.168789
0.168918
0.168544
0.169327
0.167994
0.169645
0.169351
0.169989
0.168720
0.170415
0.166145
0.172935
0.172134
0.171742
0.170773
0.170252
0.169626
0.172486
0.171721
0.172286
0.171360
0.170996
0.171949
0.171423
0.169212
0.172253
0.171793
0.172120
0.167420
0.172415
0.166654
0.163642
0.159775
0.160163
0.158677
0.157013
0.158858
0.158352
0.158014
0.159823
0.157482
0.158521
0.158239
0.158408
0.159192
0.159408
0.162799
0.145391
0.178005
0.178883
0.180364
0.179204
0.172312
0.166892
0.166816
0.163721
0.160709
0.159957
0.159263
0.159101
0.159282
0.159274
0.158917
0.160625
0.158375
0.165052
0.150666
0.158453
0.158923
0.159822
0.160557
0.158866
0.158452
0.159352
0.158083
0.159869
0.159451
0.159969
0.166225
0.165774
0.167418
0.168987
0.169511
0.165117
0.168982
0.174222
0.174956
0.173902
0.169563
0.170111
0.171757
0.169881
0.170301
0.169839
0.169467
0.170907
0.169300
0.170411
0.171318
0.170436
0.169479
0.160925
0.150947
0.168831
0.170867
0.171618
0.171338
0.170583
0.171087
0.173109
0.177039
0.175368
0.175824
0.171884
0.172229
0.172849
0.171993
0.171266
0.176059
0.170537
0.167341
0.171784
0.173038
0.171881
0.174944
0.173663
0.173234
0.175441
0.169133
0.167852
0.168055
0.169584
0.170878
0.169216
0.168988
0.168473
0.160075
0.159989
0.144889
0.160573
0.163000
0.168936
0.170690
0.171455
0.169349
0.168222
0.169960
0.169475
0.168662
0.169162
0.170953
0.171603
0.169890
0.172146
0.173651
0.163080
0.162596
0.172948
0.173585
0.171258
0.172423
0.172494
0.173970
0.169391
0.172068
0.171082
0.173807
0.172094
0.172734
0.172369
0.172011
0.172290
0.170355
0.160752
0.153270
0.167811
0.169839
0.169879
0.169330
0.169576
0.170048
0.169774
0.169770
0.169770
0.170596
0.170631
0.170852
0.168697
0.169047
0.169983
0.169595
0.162181
0.138874
0.165013
0.166944
0.168277
0.170413
0.172208
0.172708
0.172467
0.169744
0.171860
0.170432
0.171954
0.173320
0.171507
0.172141
0.173062
0.170959
0.164443
0.166167
0.171413
0.172618
0.172823
0.174975
0.170493
0.170552
0.171492
0.170765
0.171666
0.170521
0.173135
0.172436
0.172211
0.171227
0.170414
0.174181
0.171007
0.169760
0.172891
0.173769
0.174142
0.175417
0.173740
0.172926
0.176577
0.173902
0.173094
0.172456
0.175964
0.172500
0.176375
0.171292
0.177279
0.174860
0.177023
0.179036
0.171782
0.169548
0.165846
0.160872
0.159220
0.158680
0.159143
0.160105
0.158381
0.158392
0.158562
0.159183
0.158111
0.159935
0.159786
0.158684
0.160930
0.156211
0.148787
0.163909
0.166714
0.168187
0.168324
0.168956
0.170678
0.170434
0.170805
0.170995
0.170881
0.170801
0.170515
0.171350
0.171592
0.171777
0.166611
0.169214
0.167132
0.173473
0.172141
0.173429
0.174390
0.173052
0.172952
0.178411
0.178833
0.181478
0.186116
0.176150
0.166934
0.164763
0.161629
0.158597
0.163931
0.160577
0.157810
0.142560
0.158745
0.161995
0.157300
0.159241
0.160051
0.163723
0.161650
0.160769
0.161576
0.161016
0.160324
0.161229
0.162053
0.161348
0.165393
0.168049
0.170856
0.166707
0.166353
0.162985
0.159727
0.156521
0.156976
0.161082
0.160942
0.158715
0.157845
0.159676
0.160250
0.161762
