1.713387
4.135461
0.149538
0.110145
0.157093
0.158466
0.158231
0.158225
0.159824
0.147421
0.128165
0.158463
0.157688
0.119025
0.131123
0.158181
0.158450
0.158767
0.130061
0.157277
0.158767
0.157364
0.159677
0.160148
0.105614
0.158304
0.156832
0.158692
0.159116
0.158643
0.159866
0.092825
0.160558
0.157988
0.159441
0.160083
0.121031
0.117546
0.158881
0.159363
0.158408
0.119387
0.147060
0.169108
0.165395
0.166785
0.165033
0.165978
0.164718
0.168000
0.167483
0.167569
0.165178
0.164620
0.154706
0.160417
0.161070
0.159968
0.162908
0.162759
0.161213
0.160170
0.160970
0.163479
0.165168
0.136147
0.159814
0.130998
0.138747
0.160001
0.159533
0.110748
0.125956
0.148991
0.166375
0.165072
0.165772
0.167194
0.165975
0.166332
0.165691
0.166799
0.168813
0.168542
0.167871
0.166764
0.169409
0.161727
0.167702
0.162791
0.151154
0.160012
0.160006
0.162513
0.160873
0.162138
0.162540
0.162728
0.164186
0.167414
0.169501
0.167519
0.161367
0.159751
0.161288
0.161868
0.161944
0.143898
0.161896
0.159357
0.160931
0.161894
0.162587
0.164473
0.165496
0.164526
0.155264
0.163723
0.164509
0.166764
0.170075
0.166130
0.159617
0.161294
0.144624
0.162448
0.161562
0.160687
0.159617
0.160826
0.161351
0.162231
0.162768
0.165137
0.165787
0.167337
0.169725
0.164353
0.159914
0.162921
0.161169
0.136363
0.162737
0.160909
0.160949
0.161507
0.161641
0.161390
0.162079
0.161992
0.164097
0.165021
0.167559
0.166645
0.171092
0.174894
0.170725
0.167005
0.157022
0.166827
0.161516
0.161962
0.164997
0.163016
0.163727
0.164993
0.168343
0.168576
0.166308
0.176044
0.171236
0.167994
0.160949
0.160189
0.161550
0.136848
0.168207
0.160389
0.159881
0.162097
0.162919
0.162993
0.161908
0.162150
0.161352
0.162077
0.162814
0.163925
0.166752
0.164753
0.166918
0.165116
0.169845
0.139185
0.162138
0.162961
0.163596
0.164918
0.166223
0.168900
0.171906
0.175951
0.170152
0.168988
0.163055
0.159761
0.161976
0.161934
0.162546
0.160140
0.148807
0.161264
0.160931
0.162643
0.161967
0.162627
0.163799
0.162698
0.163540
0.165960
0.165449
0.167166
0.166876
0.169561
0.173028
0.171197
0.172430
0.163535
0.172375
0.168025
0.163224
0.160983
0.160384
0.161771
0.164109
0.159746
0.162193
0.160934
0.163546
0.164726
0.163773
0.166611
0.165998
0.165405
0.168061
0.157322
0.163587
0.162340
0.165097
0.166316
0.166923
0.168816
0.166058
0.162491
0.161606
0.161616
0.162491
0.163997
0.161038
0.161081
0.161739
0.161778
0.145514
0.162893
0.161649
0.160719
0.161822
0.163781
0.164067
0.164268
0.173249
0.173721
0.168392
0.166226
0.160352
0.162581
0.163197
0.163260
0.130714
0.158177
0.163370
0.162741
0.161293
0.161971
0.162224
0.162706
0.161319
0.161996
0.162897
0.164001
0.164278
0.163984
0.162508
0.165428
0.164536
0.165237
0.166339
0.130571
0.161079
0.161989
0.161500
0.160723
0.162111
0.163165
0.162844
0.162714
0.172806
0.168016
0.164633
0.160828
0.161073
0.163842
0.162753
0.160551
0.146201
0.161799
0.160825
0.161885
0.162130
0.162035
0.162911
0.162349
0.162175
0.163769
0.167197
0.165078
0.165545
0.175384
0.169783
0.170452
0.166790
0.159046
0.174037
0.170295
0.166855
0.163452
0.161193
0.163223
0.162395
0.163281
0.162015
0.161816
0.162619
0.162820
0.161890
0.163150
0.161470
0.160839
0.162458
0.153911
0.161854
0.163761
0.164501
0.164732
0.163769
0.163312
0.163873
0.164018
0.165324
0.166310
0.162708
0.161768
0.161160
0.163171
0.162866
0.165038
0.146790
0.161568
0.162211
0.162512
0.162623
0.162573
0.163026
0.162508
0.163179
0.162489
0.162753
0.164247
0.164105
0.164233
0.164479
0.164206
0.167524
0.166824
0.133906
0.161971
0.161823
0.162218
0.163067
0.163698
0.164806
0.165068
0.173083
0.177217
0.172232
0.171603
0.163628
0.161410
0.164264
0.164193
0.163277
0.144044
0.161450
0.160279
0.162202
0.162465
0.162771
0.163502
0.165400
0.163649
0.164660
0.163565
0.164053
0.164913
0.164876
0.166130
0.166480
0.167262
0.167309
0.084972
0.163320
0.162586
0.161750
0.161619
0.163115
0.164216
0.162537
0.161889
0.163077
0.163172
0.163502
0.164244
0.164078
0.165356
0.165250
0.163439
0.164641
0.148179
0.161586
0.163928
0.164421
0.163817
0.164160
0.165637
0.166216
0.173053
0.176631
0.168732
0.168398
0.166312
0.165695
0.162708
0.163335
0.161005
0.140764
0.164002
0.164252
0.163404
0.162881
0.163711
0.163957
0.164322
0.164360
0.164601
0.172917
0.172649
0.175974
0.176202
0.160886
0.162711
0.163278
0.149217
0.164309
0.163283
0.162148
0.161757
0.163456
0.161678
0.163787
0.162308
0.161022
0.162793
0.162223
0.164050
0.162564
0.163516
0.169218
0.166949
0.170172
0.161855
0.166963
0.166538
0.165234
0.166254
0.168515
0.166722
0.166917
0.167104
0.167238
0.165907
0.166589
0.165416
0.167289
0.166092
0.172052
0.173494
0.175976
0.165493
0.169703
0.167536
0.169031
0.168368
0.169513
0.170032
0.170059
0.167242
0.168659
0.167506
0.172800
0.170861
0.174999
0.176654
0.169192
0.166550
0.161015
0.171369
0.166797
0.156155
0.173472
0.173693
0.170022
0.167710
0.165393
0.162577
0.163967
0.161965
0.163151
0.163295
0.162293
0.162226
0.165444
0.162852
0.154756
0.161565
0.162876
0.161417
0.163322
0.164777
0.164684
0.164324
0.164177
0.165282
0.164278
0.163639
0.165508
0.164657
0.163172
0.165151
0.171388
0.170779
0.167888
0.170036
0.167662
0.167125
0.170070
0.169286
0.167961
0.169768
0.168984
0.167171
0.169122
0.168249
0.167510
0.169479
0.170110
0.167193
0.175791
0.168944
0.171280
0.168581
0.164892
0.163695
0.162969
0.162138
0.163347
0.161652
0.161196
0.163250
0.163036
0.161898
0.162283
0.161579
0.162766
0.163920
0.164340
0.130511
0.162903
0.163067
0.162413
0.162342
0.162449
0.164496
0.164926
0.163823
0.164133
0.164167
0.165248
0.164316
0.165514
0.165119
0.164158
0.163338
0.164497
0.163258
0.162033
0.162746
0.162762
0.163910
0.163653
0.162077
0.162015
0.162532
0.161860
0.165156
0.163563
0.162554
0.163828
0.162407
0.164897
0.165321
0.165856
0.169590
0.169065
0.167130
0.169631
0.169228
0.169367
0.169938
0.170816
0.169171
0.168551
0.169626
0.175539
0.171969
0.167938
0.163640
0.162606
0.158617
0.165297
0.163326
0.162171
0.163137
0.163917
0.161593
0.160271
0.161860
0.162570
0.163179
0.160496
0.163322
0.162213
0.163734
0.164183
0.164267
0.164957
0.132403
0.163604
0.162730
0.164969
0.165174
0.165126
0.164357
0.164857
0.165263
0.164489
0.164879
0.164686
0.164709
0.165111
0.164382
0.164768
0.166270
0.164915
0.144825
0.163461
0.163058
0.162359
0.164037
0.164036
0.164677
0.164707
0.165651
0.173619
0.174984
0.177729
0.172567
0.172425
0.168115
0.165951
0.162506
0.153706
0.168094
0.163707
0.162567
0.162212
0.163425
0.162131
0.164036
0.163459
0.162568
0.164198
0.163826
0.162472
0.162066
0.165049
0.164771
0.165742
0.165059
0.145694
0.162527
0.175536
0.175205
0.167982
0.164778
0.162668
0.163452
0.163734
0.163809
0.163344
0.162356
0.164066
0.162802
0.163100
0.163580
0.163791
0.154210
0.163193
0.163502
0.167548
0.168404
0.167716
0.167113
0.167927
0.165268
0.167109
0.167921
0.168128
0.169572
0.169868
0.169721
0.167868
0.171313
0.171889
0.172566
0.169518
0.164534
0.164382
0.163590
0.163572
0.162242
0.163437
0.162456
0.163493
0.163404
0.162844
0.163433
0.163709
0.164963
0.163794
0.165120
0.144929
0.163150
0.162998
0.163167
0.164829
0.164749
0.167234
0.146499
0.163022
0.163254
0.163609
0.164064
0.165711
0.165176
0.164258
0.164955
0.164422
0.170833
0.152199
0.163801
0.163602
0.164357
0.168252
0.167949
0.165502
0.167385
0.167816
0.165936
0.168020
0.169077
0.169430
0.170039
0.168899
0.170207
0.171069
0.168984
0.155697
0.164854
0.164461
0.165360
0.173794
0.172361
0.168712
0.164729
0.162325
0.164931
0.162259
0.162446
0.164296
0.162884
0.162710
0.165188
0.165759
0.158343
0.164738
0.165197
0.164556
0.165006
0.168267
0.170149
0.168528
0.167480
0.171370
0.173613
0.174774
0.174245
0.177152
0.171777
0.169081
0.164222
0.156455
0.167271
0.164159
0.164232
0.164160
0.163898
0.165481
0.163695
0.163599
0.163196
0.163194
0.164077
0.163198
0.165725
0.165717
0.166084
0.165273
0.165381
0.154949
0.164859
0.164522
0.165705
0.165743
0.165814
0.170444
0.167171
0.170831
0.171309
0.170500
0.167903
0.168981
0.169193
0.170926
0.170537
0.168803
0.169861
0.156754
0.165633
0.165683
0.166321
0.166169
0.165147
0.173445
0.171515
0.168680
0.164395
0.163761
0.165579
0.163479
0.164085
0.162987
0.163780
0.163434
0.116367
0.164690
0.164754
0.164207
0.163137
0.162731
0.164355
0.163517
0.163289
0.163507
0.163724
0.164061
0.164731
0.164981
0.164700
0.165549
0.165871
0.164248
0.164001
0.165904
0.165633
0.165954
0.165058
0.167382
0.173966
0.167589
0.163330
0.163375
0.162967
0.164398
0.163348
0.164731
0.163202
0.163221
0.163080
0.155862
0.164962
0.164248
0.163923
0.163849
0.164770
0.165083
0.165854
0.173289
0.173655
0.174035
0.173359
0.177051
0.176662
0.171285
0.170216
0.166126
0.157213
0.168701
0.165490
0.164435
0.163741
0.164134
0.162234
0.164556
0.164839
0.165910
0.164591
0.163781
0.164820
0.165733
0.165621
0.165172
0.164639
0.164425
0.160228
0.166139
0.165439
0.165771
0.165906
0.164205
0.166024
0.167433
0.167066
0.172531
0.173066
0.175234
0.178388
0.178663
0.175542
0.171466
0.170387
0.158582
0.173239
0.169643
0.163635
0.164293
0.163253
0.163680
0.161836
0.163637
0.165207
0.165313
0.163476
0.164103
0.165324
0.165742
0.164678
0.164764
0.165057
0.149063
0.163010
0.163731
0.164871
0.165802
0.165198
0.166783
0.167575
0.167495
0.167287
0.177968
0.175122
0.171046
0.170107
0.163275
0.164146
0.165722
0.139136
0.171473
0.164770
0.162789
0.164332
0.163767
0.164127
0.163739
0.163454
0.163614
0.163202
0.144175
0.163962
0.164370
0.163400
0.162149
0.164012
0.166997
0.158910
0.164099
0.165686
0.164919
0.166281
0.165131
0.166627
0.166257
0.166628
0.165027
0.166456
0.177421
0.176234
0.171080
0.168249
0.162520
0.163401
0.152370
0.165774
0.163609
0.162936
0.163207
0.162804
0.163958
0.163592
0.163785
0.162871
0.164704
0.163241
0.168587
0.168424
0.168636
0.168552
0.167902
0.169537
0.147684
0.163910
0.164066
0.165225
0.166076
0.164963
0.165007
0.164692
0.167173
0.165493
0.166474
0.165956
0.177592
0.172295
0.171675
0.169628
0.165311
0.157063
0.168265
0.164782
0.163756
0.162835
0.164013
0.165030
0.166051
0.164004
0.164493
0.163698
0.166278
0.165189
0.167650
0.168833
0.166454
0.167531
0.168137
0.160729
0.165860
0.165879
0.165953
0.165803
0.166305
0.166309
0.165302
0.167848
0.167553
0.167947
0.169766
0.178078
0.165514
0.162827
0.164462
0.167399
0.141871
0.165053
0.163209
0.162241
0.164783
0.166181
0.165944
0.165516
0.168145
0.166585
0.168539
0.169587
0.166389
0.167805
0.170850
0.170633
0.170130
0.169187
0.146675
0.163704
0.165326
0.166318
0.167032
0.166561
0.167086
0.166598
0.175326
0.175777
0.177366
0.173177
0.172715
0.168291
0.163358
0.164767
0.165197
0.156990
0.163930
0.165490
0.162374
0.164050
0.163969
0.164173
0.164045
0.164980
0.164881
0.165642
0.166844
0.165230
0.165510
0.164591
0.168989
0.171361
0.171840
0.162942
0.166382
0.172186
0.168842
0.169390
0.172328
0.171430
0.174163
0.172840
0.169154
0.166778
0.163361
0.163079
0.165817
0.162926
0.164460
0.162921
0.134520
0.163863
0.165208
0.164280
0.163771
0.165386
0.164623
0.163387
0.163985
0.164809
0.163975
0.165301
0.165236
0.166387
0.166026
0.166243
0.172734
0.165613
0.173176
0.169825
0.166325
0.163574
0.162805
0.163274
0.163810
0.163512
0.164906
0.163687
0.164873
0.163251
0.164604
0.164031
0.164922
0.163735
0.170171
0.154738
0.164838
0.164537
0.166208
0.165430
0.166107
0.166535
0.166880
0.166688
0.168535
0.166597
0.167349
0.168625
0.168171
0.167818
0.168784
0.169444
0.167486
0.170954
0.167104
0.164537
0.163153
0.165859
0.165158
0.163785
0.163076
0.162800
0.163830
0.162719
0.164638
0.164313
0.163662
0.163326
0.164333
0.164859
0.160876
0.165799
0.165614
0.166652
0.165609
0.165833
0.167119
0.166986
0.167513
0.168023
0.169149
0.164752
0.168339
0.168262
0.167461
0.143276
0.165115
0.164192
0.155321
0.163265
0.165365
0.166722
0.165622
0.165641
0.166722
0.167434
0.168574
0.166820
0.168593
0.168386
0.168039
0.167779
0.168615
0.169136
0.170368
0.170581
0.176160
0.174450
0.169328
0.166975
0.162519
0.164785
0.164176
0.163538
0.163400
0.164797
0.163743
0.164109
0.164733
0.163805
0.165400
0.165033
0.164120
0.146353
0.165447
0.165416
0.166297
0.164973
0.165295
0.167186
0.169052
0.168758
0.167472
0.167704
0.166712
0.168126
0.168118
0.168903
0.168460
0.168336
0.169593
0.163252
0.169652
0.171169
0.171577
0.170153
0.172513
0.170249
0.173493
0.175821
0.179735
0.178158
0.173627
0.168537
0.163514
0.164066
0.164289
0.163738
0.141551
0.164812
0.165118
0.162939
0.163609
0.163415
0.163941
0.163234
0.162452
0.165222
0.166261
0.167136
0.167913
0.164185
0.164683
0.166350
0.167285
0.166158
0.130694
0.164792
0.164336
0.164553
0.163817
0.165363
0.166089
0.166461
0.165072
0.165945
0.165697
0.166006
0.166655
0.166172
0.166213
0.166450
0.164696
0.166348
0.161599
0.165127
0.172225
0.171087
0.170405
0.171351
0.173039
0.171953
0.172811
0.171607
0.172433
0.169760
0.174557
0.177571
0.179042
0.176442
0.173105
0.165243
0.170000
0.164087
0.165549
0.164313
0.163721
0.164181
0.162725
0.162740
0.163679
0.164620
0.163953
0.165982
0.165217
0.165521
0.165296
0.166184
0.168804
0.152508
0.163033
0.166000
0.178858
0.175465
0.176378
0.172550
0.169991
0.165671
0.163891
0.164460
0.163870
0.164654
0.164316
0.164762
0.164208
0.164992
0.147391
0.164086
0.164768
0.163597
0.164274
0.165695
0.164064
0.164598
0.165828
0.166102
0.165787
0.165559
0.165890
0.165606
0.165479
0.164690
0.166408
0.168773
0.162688
0.165365
0.166124
0.165691
0.170237
0.171307
0.169560
0.171484
0.170600
0.173644
0.171765
0.179721
0.177151
0.172661
0.170218
0.165071
0.162616
0.153889
0.167277
0.164617
0.163804
0.163589
0.167120
0.163201
0.165037
0.164946
0.165658
0.165402
0.165444
0.165238
0.166313
0.166371
0.165440
0.164932
0.164061
0.120911
0.165223
0.163841
0.164422
0.163702
0.166129
0.166745
0.165995
0.166319
0.165157
0.164401
0.165118
0.165659
0.165169
0.165077
0.165184
0.164732
0.165469
0.160339
0.165596
0.165309
0.166249
0.165352
0.168390
0.170381
0.170423
0.168685
0.171109
0.170747
0.171482
0.169850
0.171372
0.168624
0.171126
0.172485
0.168940
0.159925
0.159107
0.164974
0.165516
0.165873
0.175134
0.173082
0.169387
0.164467
0.163872
0.164844
0.164743
0.164191
0.163595
0.164062
0.165123
0.163771
0.130437
0.163505
0.163679
0.163678
0.163980
0.165969
0.165997
0.163669
0.164102
0.165323
0.166307
0.166328
0.165791
0.165802
0.165329
0.165254
0.166604
0.165914
0.132995
0.164121
0.164298
0.164365
0.164160
0.164054
0.172193
0.171849
0.168380
0.170875
0.171055
0.170809
0.172024
0.169263
0.171020
0.172657
0.173500
0.171562
0.157749
0.165673
0.166129
0.165984
0.169064
0.167696
0.176451
0.173496
0.172698
0.168685
0.165350
0.164089
0.164392
0.165049
0.162548
0.165434
0.163818
0.147171
0.164529
0.163608
0.163686
0.163498
0.162827
0.165790
0.166819
0.165577
0.166034
0.166592
0.165262
0.166332
0.165862
0.166297
0.165441
0.165636
0.165987
0.139914
0.163843
0.164006
0.163761
0.165174
0.163485
0.164337
0.165814
0.163523
0.164979
0.166876
0.165965
0.166290
0.167493
0.166711
0.165317
0.165164
0.165277
0.102851
0.165326
0.165310
0.164219
0.163731
0.163832
0.165447
0.165153
0.164253
0.162399
0.165260
0.165771
0.165487
0.164454
0.167005
0.166412
0.165534
0.165593
0.128028
0.164274
0.163043
0.163080
0.163831
0.163471
0.164252
0.168755
0.168170
0.168119
0.168974
0.166833
0.168514
0.168445
0.168676
0.167032
0.168389
0.168740
0.164025
0.165773
0.166050
0.165248
0.167107
0.165798
0.165951
0.166537
0.165892
0.166461
0.165421
0.166560
0.165354
0.164680
0.164834
0.166679
0.165048
0.165434
0.145499
0.165268
0.163810
0.165475
0.165704
0.165525
0.165952
0.175012
0.173569
0.167072
0.164216
0.163345
0.163828
0.164889
0.164388
0.162768
0.162983
0.158673
0.162836
0.163854
0.164795
0.163707
0.164124
0.163692
0.164027
0.165146
0.165320
0.164746
0.164667
0.165709
0.165624
0.166672
0.166646
0.166181
0.165035
0.162049
0.164882
0.166314
0.165905
0.164912
0.165629
0.165328
0.165416
0.169617
0.171448
0.171645
0.170718
0.170667
0.168760
0.170744
0.170015
0.170244
0.170653
0.165392
0.168682
0.166306
0.168944
0.168162
0.169036
0.167829
0.167686
0.175780
0.172214
0.176279
0.177993
0.178182
0.173185
0.171819
0.166853
0.162990
0.157393
0.168125
0.163337
0.164037
0.163772
0.164610
0.165026
0.164650
0.163961
0.164857
0.163497
0.163632
0.164572
0.165493
0.166613
0.165709
0.164910
0.166100
0.148644
0.164278
0.162748
0.164893
0.164617
0.153294
0.163147
0.163246
0.163867
0.176677
0.177030
0.176519
0.172751
0.169188
0.164490
0.164845
0.164997
0.149400
0.167834
0.163673
0.163199
0.164131
0.163631
0.164645
0.163932
0.163220
0.165135
0.163840
0.165246
0.164366
0.165983
0.164253
0.163638
0.164668
0.086721
0.173104
0.177343
0.176373
0.173075
0.169381
0.168086
0.163347
0.164499
0.163784
0.164659
0.164226
0.163993
0.163536
0.163795
0.162250
0.163957
0.165387
0.163173
0.153836
0.163843
0.163523
0.163758
0.165298
0.162946
0.166145
0.164563
0.164328
0.166092
0.170737
0.168713
0.170095
0.169645
0.167836
0.169337
0.169680
0.170345
0.150848
0.163983
0.164062
0.165225
0.165212
0.165348
0.166073
0.164123
0.165710
0.166791
0.168353
0.169128
0.168356
0.166718
0.165674
0.166959
0.166331
0.166594
0.132446
0.163893
0.164064
0.164745
0.165336
0.163585
0.163648
0.163938
0.165572
0.166492
0.174285
0.168640
0.168287
0.162988
0.163157
0.164510
0.163793
0.154200
0.163311
0.162092
0.164658
0.163843
0.163275
0.163906
0.163475
0.163333
0.163039
0.162747
0.163615
0.163702
0.162360
0.162590
0.162451
0.163116
0.162800
0.135970
0.164312
0.163338
0.163533
0.163955
0.162223
0.161381
0.163573
0.163989
0.164445
0.164613
0.169171
0.167346
0.168696
0.167111
0.161712
0.164876
0.165295
0.149641
0.162995
0.162884
0.163906
0.164701
0.164479
0.164419
0.164148
0.164219
0.165088
0.165588
0.167961
0.166399
0.168264
0.166076
0.164425
0.166340
0.164073
0.150217
0.163530
0.162377
0.162656
0.163662
0.164144
0.163529
0.163528
0.164906
0.164653
0.165332
0.168104
0.170376
0.168264
0.168085
0.168271
0.166413
0.168790
0.162617
0.164553
0.165119
0.163211
0.165050
0.165887
0.164731
0.165156
0.165248
0.165698
0.165756
0.174730
0.175651
0.175295
0.177250
0.174987
0.174268
0.166103
0.173517
0.173249
0.172192
0.166896
0.163503
0.164075
0.162890
0.164672
0.163382
0.163307
0.162857
0.165687
0.164522
0.166555
0.164968
0.165396
0.165937
0.147882
0.162621
0.163258
0.165184
0.164960
0.165019
0.164823
0.164911
0.164787
0.163630
0.166236
0.166195
0.170308
0.169908
0.170293
0.171453
0.171676
0.170145
0.164168
0.166314
0.166026
0.165863
0.167439
0.165645
0.165503
0.165651
0.165965
0.166519
0.165964
0.164339
0.168559
0.169477
0.171362
0.169992
0.169291
0.171885
0.140749
0.164248
0.164135
0.163888
0.165649
0.164623
0.164654
0.164259
0.166906
0.154428
0.162882
0.162355
0.169708
0.170960
0.169488
0.169165
0.167703
0.168715
0.158303
0.163945
0.165169
0.166493
0.166329
0.165601
0.166091
0.166347
0.166453
0.165870
0.165963
0.164349
0.168788
0.167307
0.169039
0.168769
0.168363
0.168397
0.149337
0.163519
0.162750
0.165394
0.165535
0.165375
0.165681
0.165862
0.165878
0.167243
0.165109
0.166270
0.168437
0.170212
0.174056
0.173262
0.172639
0.166833
0.153986
0.163902
0.164116
0.164742
0.166473
0.166554
0.166106
0.166043
0.166194
0.165713
0.166211
0.166087
0.178782
0.174537
0.174798
0.173392
0.171379
0.161737
0.175877
0.174473
0.174357
0.170240
0.167072
0.163599
0.163180
0.165855
0.162482
0.163591
0.163926
0.163435
0.151682
0.165340
0.163259
0.163015
0.163683
0.140948
0.162538
0.163930
0.164285
0.164849
0.164094
0.146033
0.164030
0.164558
0.164000
0.164391
0.163929
0.163981
0.169081
0.167691
0.165902
0.170082
0.169199
0.151918
0.163598
0.163244
0.163931
0.164804
0.165507
0.164879
0.165037
0.165611
0.165710
0.165652
0.165581
0.166271
0.176724
0.175704
0.174373
0.171939
0.168464
0.169786
0.167720
0.162606
0.163350
0.162937
0.163948
0.164211
0.163255
0.163351
0.163357
0.163429
0.163848
0.163992
0.165531
0.157499
0.164052
0.164171
0.124354
0.162775
0.164759
0.163103
0.162671
0.164129
0.163731
0.164328
0.163940
0.162884
0.163557
0.163087
0.163455
0.158772
0.179774
0.179389
0.177291
0.172783
0.173917
0.170019
0.168294
0.164151
0.163219
0.162819
0.164302
0.163049
0.161254
0.162979
0.162838
0.162626
0.163556
0.163115
0.166033
0.163342
0.163884
0.157810
0.162250
0.165332
0.163197
0.162035
0.164070
0.145808
0.163432
0.164625
0.164588
0.162657
0.162500
0.163472
0.164063
0.163606
0.173376
0.171443
0.170872
0.157486
0.164180
0.165054
0.166394
0.165956
0.165558
0.148278
0.162725
0.162734
0.162579
0.163991
0.165728
0.165607
0.166425
0.165701
0.170163
0.167709
0.167725
0.147955
0.163494
0.166230
0.166747
0.168020
0.166544
0.165914
0.165465
0.164524
0.165762
0.165889
0.165036
0.165127
0.165037
0.166381
0.183852
0.181872
0.170631
0.174909
0.173865
0.168790
0.165398
0.164665
0.164931
0.163628
0.165876
0.164321
0.162974
0.164210
0.164902
0.164080
0.166408
0.164185
0.167340
0.166329
0.161271
0.164775
0.167451
0.167480
0.167237
0.166720
0.168206
0.167366
0.166176
0.167286
0.166523
0.167110
0.166543
0.146590
0.165143
0.162215
0.169048
0.167746
0.162670
0.166397
0.166219
0.167760
0.167344
0.167210
0.167284
0.167198
0.166361
0.167724
0.166970
0.165966
0.167324
0.166787
0.167439
0.166480
0.172074
0.169436
0.157657
0.165616
0.164671
0.164786
0.165334
0.165761
0.166285
0.165241
0.165623
0.165070
0.166438
0.166822
0.166597
0.165511
0.163878
0.165695
0.174529
0.178224
0.173458
0.173074
0.173443
0.166860
0.161961
0.162698
0.162727
0.162809
0.164337
0.165456
0.162197
0.165093
0.164683
0.164037
0.164034
0.162413
0.163429
0.147137
0.163941
0.164842
0.162368
0.165456
0.165469
0.167077
0.166498
0.165241
0.166352
0.165093
0.166104
0.166442
0.165704
0.165144
0.166294
0.164751
0.167048
0.142454
0.164497
0.168902
0.167351
0.170143
0.166539
0.165636
0.166616
0.166573
0.165703
0.165665
0.165315
0.164990
0.166470
0.166038
0.166132
0.166488
0.172463
0.174636
0.170375
0.167187
0.162731
0.162169
0.165179
0.164711
0.162737
0.161770
0.163645
0.164220
0.165023
0.162286
0.163983
0.162780
0.161125
0.168298
0.144663
0.167715
0.166068
0.163609
0.164146
0.164182
0.166007
0.164900
0.166269
0.165630
0.165555
0.165586
0.165774
0.165485
0.166730
0.166697
0.167011
0.165998
0.165196
0.168493
0.167544
0.168291
0.168102
0.166157
0.170742
0.168047
0.168025
0.167531
0.168470
0.168926
0.167686
0.167287
0.168607
0.168461
0.167638
0.168421
0.174284
0.172547
0.168950
0.162558
0.163388
0.163677
0.163996
0.163677
0.162841
0.164444
0.163122
0.163918
0.164559
0.162790
0.164193
0.163032
0.162900
0.150215
0.175649
0.177810
0.179363
0.178390
0.176776
0.170790
0.168087
0.165114
0.163366
0.164311
0.164538
0.162744
0.142666
0.164474
0.163996
0.163239
0.138824
0.168222
0.164248
0.162823
0.165298
0.165685
0.163888
0.163956
0.163190
0.164961
0.163920
0.165751
0.163423
0.163145
0.164537
0.164859
0.165818
0.166552
0.161075
0.166062
0.171309
0.170815
0.170326
0.167796
0.167608
0.167521
0.167058
0.166008
0.166255
0.166651
0.166765
0.166993
0.167154
0.166383
0.166666
0.167281
0.141106
0.165098
0.167341
0.167289
0.169841
0.168711
0.168143
0.167974
0.170578
0.173039
0.172410
0.172496
0.169688
0.168323
0.166847
0.168585
0.169334
0.171058
0.164322
0.166258
0.169251
0.167937
0.168012
0.171020
0.171191
0.169271
0.168194
0.166324
0.165229
0.165609
0.166496
0.165933
0.165505
0.165161
0.164838
0.148515
0.140966
0.162447
0.163317
0.164216
0.167874
0.168963
0.170218
0.166676
0.165653
0.166870
0.166642
0.166004
0.166536
0.168849
0.167231
0.165299
0.168362
0.170171
0.155841
0.168768
0.169649
0.169617
0.167673
0.168801
0.168662
0.169409
0.167047
0.169014
0.168134
0.169928
0.169595
0.169155
0.168630
0.169505
0.169346
0.168170
0.141196
0.165544
0.166587
0.168115
0.166738
0.167341
0.166448
0.165857
0.167260
0.166285
0.167547
0.166929
0.166643
0.167820
0.166156
0.165710
0.166277
0.166630
0.131814
0.164880
0.165272
0.166390
0.166535
0.167546
0.170393
0.169414
0.169774
0.168140
0.169017
0.168063
0.168758
0.168353
0.169459
0.169595
0.169155
0.168739
0.159012
0.166832
0.169171
0.168417
0.169058
0.169748
0.166895
0.167670
0.168857
0.167978
0.168544
0.168095
0.169738
0.168835
0.169096
0.168057
0.167910
0.169801
0.165717
0.167612
0.169119
0.170977
0.169648
0.170315
0.171175
0.170553
0.173407
0.170078
0.170093
0.169494
0.172156
0.170783
0.172354
0.173365
0.174731
0.174435
0.177023
0.178036
0.173905
0.174398
0.170945
0.164904
0.164790
0.165452
0.163211
0.164706
0.163278
0.163952
0.165370
0.164502
0.165093
0.163767
0.165300
0.136106
0.163687
0.164070
0.170941
0.169048
0.168139
0.165935
0.167545
0.168126
0.167412
0.168428
0.167185
0.168140
0.168229
0.168479
0.168784
0.168585
0.170511
0.160886
0.167845
0.167352
0.171745
0.170843
0.170594
0.171525
0.170055
0.170634
0.175418
0.177133
0.179827
0.185115
0.176803
0.172697
0.169342
0.164710
0.157223
0.168564
0.165717
0.164560
0.165987
0.126555
0.165205
0.163503
0.166748
0.166859
0.166821
0.166873
0.167447
0.166041
0.168242
0.166313
0.167420
0.166061
0.165937
0.167281
0.169346
0.169360
0.172918
0.170169
0.164750
0.163102
0.163552
0.166508
0.164098
0.163092
0.163028
0.163852
0.167352
0.106889
0.078536
0.076595
0.076512
0.077330
0.072231
0.074422
0.074834
0.075794
0.077183
0.076957
0.077495
0.077229
0.077205
0.077308
0.077224
0.076739
0.078656
0.076253
0.072772
0.082968
0.082018
0.076180
0.077017
0.076017
0.071122
0.077019
0.073416
0.072615
0.072016
0.072315
0.074631
0.075173
0.072163
0.072006
0.071181
0.071016
0.071975
0.073842
0.071594
0.073479
0.072178
0.083875
0.070757
0.074921
0.077088
0.070696
0.072057
0.070276
0.074017
0.074974
0.075087
0.075415
0.073821
0.073280
0.072865
0.075473
0.074296
0.074293
0.074457
0.077075
0.073016
0.075179
0.074116
0.077682
0.076527
0.073485
0.092084
0.078389
0.077577
0.073016
0.075858
0.073802
0.079194
0.076819
0.079561
0.075769
0.089484
0.073819
0.075325
0.072983
0.090636
0.075162
0.073017
0.076830
0.074417
0.074002
0.072540
0.076612
0.076018
0.074570
0.075679
0.074701
0.073674
0.071200
0.070770
0.073016
0.070307
0.071643
0.089154
0.070881
0.073086
0.072788
0.073606
0.074593
0.074590
0.077795
0.072016
0.074159
0.073709
0.073622
0.071016
0.077017
0.078017
0.074019
0.070699
0.071015
0.071016
0.071120
0.071076
0.071016
0.072015
0.070007
0.071680
0.072510
0.073092
0.072240
0.087702
0.071015
0.071573
0.071031
0.071036
0.076449
0.075331
0.070117
0.071647
0.069203
0.070702
0.072016
0.071014
0.070321
0.098044
0.085019
0.090019
0.072016
0.138725
0.102022
0.156034
0.158035
0.136030
0.138973
0.109920
0.155034
0.155034
0.146034
0.175141
0.143031
0.153033
0.122027
0.156196
0.156734
0.155035
0.156034
0.156034
0.140068
0.178040
0.148033
0.132029
0.154034
0.120026
0.155034
0.156532
0.156232
0.154571
0.154034
0.154034
0.157352
0.162365
0.163036
0.158537
0.169037
0.172038
0.159235
0.120026
0.155098
0.156494
0.155840
0.159035
0.156065
0.155217
0.154034
0.155034
0.155745
0.159035
0.161035
0.156034
0.158087
0.161036
0.162599
0.164036
0.163036
0.162036
0.168366
0.170227
0.167399
0.155034
0.179039
0.179039
0.177040
0.173038
0.164450
0.162192
0.159299
0.156589
0.157103
0.157294
0.156090
0.157035
0.157144
0.156034
0.133029
0.158084
0.155083
0.155034
0.155034
0.155238
0.154975
0.159067
0.161035
0.163460
0.162383
0.163036
0.164275
0.166037
0.164035
0.164049
0.163445
0.163036
0.159035
0.173264
0.170038
0.167037
0.166409
0.166036
0.166085
0.165226
0.165630
0.163547
0.162035
0.164036
0.163536
0.162767
0.163048
0.161121
0.161041
0.162036
0.157124
0.174304
0.179039
0.171100
0.169039
0.156322
0.155696
0.156034
0.156034
0.157035
0.156035
0.158035
0.160035
0.160035
0.162036
0.161036
0.160035
0.161035
0.158035
0.172226
0.168153
0.156035
0.154972
0.155034
0.155034
0.159035
0.161139
0.161180
0.159468
0.160035
0.161106
0.160089
0.159035
0.160294
0.161444
0.160919
0.159035
0.169038
0.156035
0.157500
0.156034
0.155347
0.156034
0.154114
0.154720
0.152033
0.154034
0.155034
0.155072
0.155034
0.153998
0.154014
0.156034
0.159469
0.158026
0.172450
0.168797
0.156034
0.155034
0.156034
0.158035
0.160950
0.161159
0.162112
0.162499
0.162036
0.163424
0.164036
0.163036
0.163036
0.163036
0.163157
0.155601
0.176039
0.176039
0.157476
0.154034
0.158035
0.156047
0.173038
0.174116
0.180039
0.173038
0.171038
0.168039
0.166265
0.164036
0.164039
0.162541
0.163076
0.156219
0.178039
0.176039
0.180156
0.175039
0.173039
0.170038
0.165036
0.162227
0.161035
0.158035
0.158035
0.157853
0.158035
0.157399
0.158035
0.156071
0.156816
0.158035
0.154053
0.157100
0.158035
0.156109
0.156331
0.158035
0.156794
0.157366
0.157540
0.156034
0.157099
0.158334
0.158232
0.157459
0.158035
0.156034
0.157763
0.158035
0.144017
0.172349
0.158258
0.158035
0.159420
0.162035
0.164036
0.161035
0.161249
0.161036
0.163036
0.163036
0.163172
0.163036
0.159936
0.171039
0.168293
0.167038
0.166981
0.167360
0.159035
0.158035
0.158035
0.161035
0.163490
0.160099
0.137816
0.156034
0.151034
0.171036
0.169038
0.169158
0.170038
0.167583
0.167036
0.165036
0.163036
0.171095
0.161412
0.164351
0.164036
0.164443
0.163235
0.164131
0.165036
0.164037
0.163036
0.162036
0.163036
0.162062
0.161844
0.160516
0.162035
0.161375
0.154034
0.179039
0.176039
0.178311
0.175209
0.197042
0.191359
0.184040
0.177036
0.180040
0.180040
0.180039
0.181104
0.177039
0.176039
0.179039
0.180038
0.179039
0.180040
0.140154
0.163475
0.160035
0.160036
0.159849
0.160035
0.160035
0.158131
0.158405
0.157753
0.160035
0.160412
0.160035
0.159437
0.159083
0.159035
0.160132
0.160053
0.140378
0.161036
0.158035
0.158522
0.158879
0.160124
0.160035
0.159035
0.160260
0.160035
0.159694
0.160382
0.160114
0.158035
0.159162
0.160045
0.160079
0.160035
0.152263
0.160251
0.159035
0.159320
0.159460
0.159389
0.159770
0.160213
0.159246
0.160035
0.158967
0.160036
0.172039
0.169037
0.164209
0.162193
0.161296
0.159352
0.125028
0.161036
0.160478
0.160035
0.159845
0.160035
0.160035
0.161036
0.160441
0.160035
0.161309
0.160035
0.160035
0.160035
0.160035
0.160035
0.161172
0.160519
0.138029
0.160798
0.160035
0.160101
0.161034
0.159035
0.160573
0.160035
0.159133
0.160035
0.160909
0.160035
0.161036
0.162193
0.161038
0.160210
0.160036
0.160035
0.138298
0.161543
0.159573
0.161036
0.160142
0.160035
0.161035
0.160035
0.161035
0.160612
0.159368
0.161036
0.160035
0.160035
0.161201
0.159035
0.160783
0.161112
0.151033
0.160653
0.160036
0.161035
0.161444
0.160166
0.160223
0.161037
0.159353
0.160444
0.159037
0.160386
0.159329
0.161518
0.160034
0.159730
0.160035
0.159036
0.147324
0.161036
0.159035
0.160486
0.160037
0.159247
0.160115
0.160035
0.159035
0.159483
0.161035
0.160035
0.160035
0.160198
0.160035
0.160111
0.161036
0.161059
0.142916
0.166036
0.165036
0.162777
0.161035
0.161533
0.161615
0.162035
0.162036
0.161524
0.160835
0.159705
0.162320
0.161036
0.161100
0.161036
0.162315
0.163189
0.159328
0.166037
0.164036
0.163035
0.161865
0.161035
0.163036
0.163296
0.162179
0.163035
0.161900
0.162500
0.161864
0.162728
0.163036
0.163037
0.161036
0.161035
0.159386
0.162036
0.159211
0.160035
0.159704
0.159785
0.161035
0.158576
0.159428
0.160474
0.160035
0.159290
0.161048
0.159442
0.158055
0.161036
0.159588
0.160318
0.154373
0.167107
0.163515
0.162045
0.163037
0.161035
0.163036
0.164056
0.165037
0.164066
0.165036
0.166037
0.166385
0.166154
0.166026
0.167037
0.165569
0.165119
0.162036
0.166036
0.165250
0.167036
0.165036
0.162292
0.161035
0.160493
0.160161
0.161036
0.162036
0.161461
0.161035
0.163055
0.161035
0.161036
0.162036
0.164036
0.161035
0.175164
0.167037
0.161035
0.161036
0.162035
0.160079
0.161161
0.161036
0.161037
0.162036
0.139155
0.161036
0.162063
0.161231
0.162035
0.160104
0.158682
0.152034
0.169330
0.167037
0.165036
0.166036
0.164037
0.165037
0.164184
0.165036
0.165539
0.165250
0.163954
0.162036
0.163036
0.163467
0.164036
0.162036
0.163036
0.160487
0.161614
0.159546
0.162036
0.158058
0.169037
0.167378
0.167084
0.165036
0.166036
0.166038
0.166392
0.165471
0.165178
0.164050
0.164037
0.164398
0.160035
0.157283
0.163481
0.160035
0.161036
0.162036
0.163035
0.161530
0.160319
0.161162
0.160035
0.160168
0.160041
0.160035
0.163036
0.159764
0.162035
0.163036
0.164036
0.158035
0.173194
0.169605
0.167037
0.164036
0.163197
0.165184
0.164061
0.164036
0.163036
0.163036
0.164036
0.163036
0.164036
0.163358
0.165036
0.166036
0.164037
0.164470
0.163441
0.164036
0.165036
0.162435
0.162446
0.163037
0.164036
0.163104
0.163036
0.163036
0.164036
0.159034
0.158354
0.162035
0.163036
0.162036
0.163598
0.153034
0.168037
0.167037
0.163036
0.164036
0.163527
0.164036
0.165034
0.164037
0.164178
0.163091
0.163461
0.163036
0.163324
0.162281
0.162036
0.163103
0.162462
0.134029
0.164299
0.163035
0.162346
0.161035
0.163036
0.162556
0.163057
0.163036
0.159140
0.160035
0.145146
0.175039
0.176038
0.179248
0.178039
0.179039
0.180098
0.178038
0.162036
0.164035
0.163035
0.165136
0.165641
0.161440
0.159371
0.160420
0.160465
0.158842
0.159344
0.160050
0.161255
0.160035
0.159035
0.160063
0.161788
0.160034
0.152211
0.160035
0.159115
0.160035
0.159289
0.159035
0.163126
0.165036
0.164037
0.164036
0.165342
0.165036
0.163503
0.160035
0.159034
0.159035
0.160035
0.159034
0.148874
0.160055
0.160035
0.160035
0.164036
0.161506
0.163043
0.165425
0.164451
0.164036
0.163036
0.162035
0.160035
0.159036
0.159035
0.158035
0.159257
0.160035
0.152725
0.161338
0.160035
0.159856
0.160035
0.160035
0.160098
0.160035
0.161035
0.159035
0.160157
0.166119
0.165403
0.178179
0.178040
0.173091
0.171038
0.165036
0.171904
0.168037
0.166035
0.162036
0.161123
0.160035
0.160035
0.160484
0.162035
0.159035
0.160035
0.161099
0.160035
0.161036
0.160035
0.161141
0.161236
0.154282
0.175039
0.180039
0.180038
0.175039
0.177039
0.180040
0.180114
0.178262
0.180040
0.179039
0.180607
0.181485
0.178565
0.179039
0.180039
0.179039
0.181040
0.184040
0.181041
0.179039
0.185040
0.182040
0.183040
0.179039
0.179039
0.176039
0.175038
0.181040
0.185041
0.182038
0.178039
0.184038
0.179668
0.180040
0.180879
0.180099
0.162036
0.164036
0.163038
0.161037
0.159463
0.160051
0.158035
0.160509
0.167037
0.166037
0.162965
0.161036
0.160090
0.162036
0.161035
0.161035
0.161036
0.161036
0.140031
0.162443
0.161035
0.162035
0.162050
0.162035
0.162035
0.162341
0.162036
0.161035
0.166281
0.164373
0.164411
0.162085
0.162411
0.161144
0.162035
0.160464
0.168037
0.166253
0.163036
0.161150
0.160035
0.162036
0.163112
0.161981
0.160715
0.161289
0.162036
0.162088
0.161356
0.162035
0.162081
0.162035
0.162036
0.162071
0.155393
0.162036
0.161144
0.161035
0.162037
0.163036
0.161103
0.163116
0.160762
0.162172
0.162237
0.161349
0.162035
0.161173
0.161201
0.163101
0.162088
0.161468
0.155260
0.163036
0.162035
0.162157
0.161446
0.161256
0.162462
0.162033
0.162035
0.163220
0.162036
0.163091
0.162036
0.161502
0.162443
0.162036
0.160535
0.162036
0.153048
0.162089
0.160374
0.162036
0.162036
0.163038
0.162067
0.161036
0.162036
0.162256
0.162036
0.161036
0.161458
0.161865
0.162035
0.161035
0.162036
0.162199
0.145657
0.161328
0.163154
0.163036
0.163036
0.162042
0.163035
0.162292
0.160586
0.161426
0.162334
0.163175
0.162036
0.161668
0.163049
0.164036
0.163383
0.162035
0.144032
0.163036
0.162714
0.163036
0.162035
0.161622
0.162561
0.161036
0.162036
0.162036
0.163036
0.161754
0.162257
0.164037
0.162036
0.162035
0.162035
0.162035
0.143032
0.163097
0.163471
0.163036
0.161036
0.163017
0.163223
0.162291
0.162081
0.161526
0.163036
0.163038
0.163035
0.163412
0.163036
0.161102
0.163094
0.162154
0.141029
0.162328
0.162115
0.162035
0.161035
0.163036
0.163036
0.162286
0.162035
0.162036
0.162035
0.162036
0.164036
0.162035
0.161903
0.163036
0.161374
0.162429
0.145777
0.163784
0.163541
0.163036
0.162121
0.163115
0.162034
0.162449
0.162035
0.163036
0.162094
0.162035
0.162036
0.162035
0.162037
0.161036
0.163036
0.162036
0.146317
0.162214
0.162115
0.161035
0.163037
0.163036
0.162036
0.162035
0.161090
0.162524
0.161404
0.162036
0.162036
0.162097
0.160890
0.163036
0.162291
0.162397
0.143031
0.163119
0.162249
0.162035
0.152302
0.170131
0.168312
0.164037
0.160095
0.161036
0.161436
0.160035
0.163401
0.162035
0.160035
0.161035
0.161916
0.161119
0.161033
0.160159
0.159130
0.159379
0.159035
0.160133
0.160035
0.160033
0.159150
0.158228
0.159036
0.160034
0.160035
0.160344
0.159491
0.158860
0.163036
0.164626
0.143041
0.166322
0.160035
0.159876
0.161546
0.161170
0.158494
0.161088
0.161035
0.156034
0.160035
0.160035
0.163076
0.161317
0.161035
0.162036
0.161337
0.162035
0.147840
0.160036
0.159360
0.160625
0.161035
0.160035
0.160532
0.161035
0.160035
0.160790
0.160288
0.161036
0.161316
0.160035
0.159035
0.161282
0.160307
0.160110
0.141031
0.160089
0.160035
0.160528
0.160035
0.160035
0.160035
0.160423
0.160035
0.160143
0.160517
0.161036
0.161035
0.161035
0.160455
0.161532
0.160035
0.161294
0.158034
0.161036
0.159035
0.160136
0.158718
0.160035
0.160119
0.160035
0.160740
0.161036
0.160388
0.160499
0.160035
0.159533
0.160035
0.159241
0.160099
0.161036
0.140998
0.160269
0.159034
0.160035
0.162036
0.161112
0.162100
0.162518
0.162036
0.160197
0.161036
0.160035
0.160035
0.160368
0.159035
0.161246
0.159202
0.161035
0.157034
0.167037
0.162036
0.158035
0.157624
0.161036
0.163036
0.162036
0.162036
0.163036
0.162109
0.162036
0.162035
0.161225
0.158036
0.162036
0.161807
0.162035
0.150033
0.163281
0.164035
0.162179
0.163377
0.163036
0.162246
0.162048
0.161036
0.162058
0.162837
0.163036
0.163595
0.147347
0.168036
0.164090
0.164169
0.163036
0.147033
0.161347
0.161361
0.162035
0.163035
0.163294
0.163055
0.162036
0.164294
0.163472
0.163036
0.162506
0.163141
0.163508
0.161454
0.162900
0.163621
0.162256
0.160276
0.162035
0.163329
0.163033
0.163328
0.164036
0.163355
0.164593
0.162037
0.162127
0.162035
0.162036
0.162036
0.162439
0.163036
0.163036
0.163036
0.164120
0.142031
0.163037
0.161035
0.163036
0.162140
0.163246
0.162153
0.162035
0.160448
0.161035
0.161138
0.162488
0.161179
0.163245
0.163133
0.161035
0.163764
0.163036
0.156033
0.163036
0.163386
0.162142
0.163331
0.162111
0.162035
0.164036
0.161157
0.161288
0.160035
0.160233
0.163214
0.163036
0.163350
0.164130
0.163036
0.163035
0.166036
0.163030
0.161199
0.162035
0.164105
0.162520
0.163035
0.163067
0.164335
0.162811
0.161122
0.162036
0.162036
0.163036
0.162035
0.161036
0.163036
0.164036
0.163694
0.164037
0.162226
0.160513
0.164620
0.164036
0.164426
0.163036
0.145365
0.164640
0.162195
0.160517
0.158209
0.160036
0.161052
0.159035
0.159035
0.159178
0.144205
0.159035
0.159035
0.160499
0.160035
0.159035
0.158145
0.165586
0.167037
0.165055
0.161548
0.161460
0.162198
0.161975
0.162152
0.162036
0.161036
0.162036
0.153034
0.162035
0.161219
0.162035
0.161203
0.160499
0.161036
0.162035
0.160741
0.161036
0.162116
0.161034
0.161036
0.160502
0.162035
0.162035
0.161520
0.161164
0.149134
0.161866
0.161037
0.162079
0.162163
0.160234
0.160529
0.120270
0.161035
0.161036
0.160036
0.161242
0.161555
0.160545
0.161035
0.161035
0.159443
0.160035
0.144032
0.162036
0.160035
0.161181
0.162035
0.162035
0.162121
0.161181
0.161035
0.160860
0.161793
0.162662
0.160393
0.161035
0.161411
0.160036
0.161247
0.163095
0.162037
0.163036
0.160506
0.162036
0.161085
0.160035
0.161035
0.161035
0.161615
0.162254
0.161487
0.162035
0.161035
0.161035
0.160035
0.161973
0.162036
0.161406
0.115094
0.162036
0.162036
0.161035
0.161518
0.162311
0.133029
0.151033
0.160128
0.161390
0.162035
0.161658
0.162035
0.161100
0.161119
0.160310
0.161036
0.159302
0.181040
0.160141
0.165312
0.163036
0.162035
0.163450
0.162036
0.163246
0.163070
0.162035
0.163036
0.160704
0.162036
0.161905
0.162120
0.162044
0.158035
0.162035
0.160035
0.152034
0.162163
0.163059
0.161035
0.161101
0.161577
0.160611
0.160303
0.161035
0.161517
0.158035
0.161076
0.160188
0.162036
0.160583
0.162036
0.160522
0.166036
0.157033
0.162053
0.160153
0.163036
0.163036
0.162036
0.160542
0.162249
0.162036
0.163036
0.161829
0.161332
0.165036
0.161444
0.163036
0.163320
0.163036
0.167645
0.155034
0.161035
0.162036
0.162497
0.160035
0.161035
0.162036
0.162036
0.161637
0.161542
0.162035
0.163036
0.161206
0.161035
0.160537
0.162035
0.161035
0.166036
0.157713
0.162035
0.161036
0.162036
0.161373
0.160911
0.161036
0.160171
0.160170
0.160035
0.160035
0.162107
0.161323
0.162220
0.161035
0.160035
0.160811
0.163037
0.158302
0.161036
0.160035
0.161035
0.162036
0.161283
0.162507
0.162036
0.160266
0.162036
0.162291
0.162036
0.161036
0.160035
0.161168
0.161112
0.160359
0.168208
0.152378
0.160101
0.162035
0.162129
0.161032
0.161219
0.161035
0.160331
0.161035
0.160035
0.160035
0.161443
0.162035
0.161036
0.161107
0.161036
0.162036
0.165036
0.138030
0.162113
0.161603
0.161035
0.162035
0.161726
0.161049
0.161748
0.161036
0.162498
0.162035
0.161036
0.122883
0.160460
0.161036
0.161036
0.150259
0.160036
0.152363
0.161036
0.160113
0.159035
0.160116
0.160424
0.161036
0.161035
0.160035
0.161036
0.160035
0.160036
0.161035
0.162650
0.164035
0.165623
0.164696
0.164036
0.154532
0.160058
0.159889
0.159035
0.160357
0.160035
0.160305
0.161320
0.161126
0.161285
0.160524
0.161036
0.159520
0.161337
0.161036
0.161036
0.160097
0.162036
0.149033
0.160150
0.158932
0.161035
0.162035
0.160330
0.160421
0.160034
0.160035
0.160510
0.160036
0.160035
0.162035
0.160165
0.159580
0.161035
0.164310
0.167037
0.147871
0.163480
0.159846
0.161036
0.161036
0.162113
0.161036
0.160035
0.161350
0.161490
0.162035
0.160037
0.161384
0.161103
0.160036
0.160035
0.160035
0.161094
0.141500
0.161113
0.162037
0.161094
0.160036
0.161035
0.160035
0.160036
0.159727
0.159035
0.161035
0.161151
0.162172
0.160257
0.161035
0.161790
0.160684
0.163036
0.153034
0.160035
0.161112
0.159388
0.160035
0.161102
0.161035
0.161036
0.160034
0.162128
0.160654
0.162035
0.160035
0.162035
0.161036
0.160103
0.160036
0.162037
0.129028
0.197043
0.202569
0.165517
0.162145
0.161035
0.160367
0.166206
0.166680
0.163419
0.161036
0.161424
0.162035
0.161036
0.163351
0.164036
0.167148
0.166497
0.140391
0.160097
0.159243
0.162168
0.160035
0.161191
0.159098
0.162108
0.160716
0.160483
0.161036
0.160035
0.160035
0.160691
0.160035
0.160115
0.160495
0.162476
0.142032
0.161281
0.160035
0.158258
0.161088
0.163036
0.161036
0.163036
0.161513
0.162493
0.161061
0.161035
0.162035
0.159551
0.160036
0.160037
0.159125
0.161641
0.154034
0.160035
0.161035
0.161236
0.160192
0.159411
0.160455
0.160035
0.161105
0.159007
0.160678
0.160264
0.160094
0.161241
0.160413
0.160739
0.160182
0.163036
0.157315
0.161035
0.160501
0.160035
0.161123
0.161708
0.160368
0.160036
0.162035
0.160035
0.159035
0.161523
0.161035
0.160035
0.161117
0.160388
0.160476
0.159494
0.156099
0.159549
0.161035
0.160035
0.159044
0.161036
0.161035
0.161100
0.159178
0.161036
0.161084
0.162448
0.160035
0.161036
0.161036
0.160305
0.160035
0.163036
0.156156
0.162035
0.160736
0.159995
0.160035
0.161319
0.161035
0.161207
0.161036
0.161036
0.161036
0.160035
0.161149
0.162114
0.161036
0.159136
0.160738
0.163036
0.144031
0.160035
0.159526
0.159035
0.159110
0.162036
0.161055
0.161035
0.160035
0.161035
0.160194
0.160169
0.161212
0.162035
0.160474
0.162515
0.112488
0.162305
0.151059
0.162462
0.160035
0.162035
0.162094
0.161469
0.161035
0.161036
0.157034
0.161036
0.162036
0.162036
0.162035
0.161035
0.161035
0.161250
0.160035
0.162482
0.141031
0.161035
0.161085
0.160035
0.160129
0.160035
0.161036
0.161415
0.163298
0.167123
0.166037
0.166453
0.162035
0.162036
0.161215
0.161035
0.161035
0.162035
0.145032
0.161036
0.162035
0.160035
0.161054
0.160035
0.161344
0.161035
0.163296
0.161382
0.161631
0.161036
0.161034
0.161036
0.161036
0.161035
0.162036
0.163816
0.159035
0.162191
0.161036
0.160035
0.160036
0.162035
0.161796
0.161120
0.160116
0.162036
0.161036
0.160496
0.161258
0.162278
0.161036
0.162036
0.162169
0.162131
0.146032
0.162035
0.161035
0.161034
0.159887
0.161035
0.160036
0.161035
0.161036
0.160431
0.161400
0.161035
0.160263
0.161035
0.160091
0.161517
0.161037
0.161264
0.145032
0.160035
0.161539
0.161036
0.161036
0.161444
0.162108
0.162333
0.160117
0.160054
0.161432
0.162156
0.161277
0.162035
0.161083
0.160113
0.160228
0.163036
0.141052
0.161036
0.161104
0.162035
0.162036
0.161272
0.160035
0.162348
0.161035
0.161124
0.161035
0.160035
0.162037
0.161035
0.161385
0.162036
0.161035
0.163974
0.143031
0.160035
0.160035
0.161035
0.161117
0.160035
0.161036
0.163036
0.160034
0.161036
0.161252
0.161036
0.161588
0.161061
0.161036
0.161035
0.160035
0.163142
0.141198
0.162036
0.161150
0.160522
0.160848
0.161036
0.160035
0.161283
0.161036
0.160035
0.161125
0.161115
0.161036
0.161035
0.161560
0.161261
0.162179
0.163361
0.157750
0.161519
0.161035
0.159654
0.160661
0.160061
0.161035
0.162480
0.160035
0.162030
0.162035
0.161036
0.160035
0.162035
0.161035
0.162035
0.160096
0.165246
0.139123
0.160935
0.159088
0.162036
0.160948
0.160486
0.161036
0.162598
0.161280
0.161035
0.162036
0.161397
0.161519
0.162036
0.161035
0.160100
0.161482
0.162272
0.151124
0.161036
0.163036
0.161035
0.161035
0.162035
0.160810
0.161523
0.161100
0.160035
0.161036
0.161036
0.162035
0.159035
0.161621
0.161036
0.160035
0.164036
0.140031
0.161036
0.161035
0.160034
0.162036
0.160360
0.159152
0.161227
0.160036
0.161036
0.160036
0.161473
0.161035
0.162034
0.161521
0.161803
0.161146
0.158525
0.156034
0.160034
0.161036
0.161035
0.162036
0.162036
0.161428
0.160103
0.161036
0.161036
0.161637
0.161035
0.161537
0.162036
0.161453
0.162036
0.162035
0.162035
0.142031
0.161036
0.140468
0.160035
0.161036
0.160036
0.161159
0.161178
0.161092
0.160036
0.160035
0.161035
0.160035
0.161035
0.162035
0.161237
0.162036
0.162095
0.150032
0.161035
0.161035
0.159874
0.161035
0.160139
0.162387
0.159035
0.160035
0.160035
0.161035
0.160035
0.160358
0.161860
0.162035
0.161035
0.160317
0.163162
0.149257
0.160035
0.161399
0.161367
0.161035
0.160037
0.161036
0.162036
0.161035
0.159194
0.161678
0.160035
0.162036
0.161036
0.161980
0.160046
0.164036
0.164036
0.145818
0.163036
0.163802
0.164036
0.162035
0.162338
0.162035
0.162036
0.163036
0.164036
0.164036
0.161082
0.161338
0.162036
0.163036
0.163036
0.163036
0.164279
0.142031
0.163036
0.164036
0.163830
0.162035
0.163480
0.163036
0.163036
0.165082
0.164037
0.164036
0.165116
0.162036
0.164036
0.163035
0.163128
0.163382
0.166036
0.128531
0.162781
0.164036
0.164037
0.163516
0.163156
0.163324
0.164037
0.162363
0.163036
0.164418
0.163036
0.163262
0.163036
0.164036
0.159035
0.163036
0.166533
0.153557
0.163036
0.163036
0.164036
0.163036
0.164036
0.163036
0.163036
0.163110
0.164100
0.163036
0.164036
0.164036
0.163488
0.164036
0.163102
0.161036
0.165036
0.144074
0.159035
0.159035
0.160035
0.159035
0.160035
0.162195
0.160036
0.159107
0.160035
0.161035
0.164044
0.162540
0.165103
0.166130
0.163036
0.161035
0.160035
0.132029
0.160035
0.160035
0.161035
0.159035
0.160095
0.159035
0.159258
0.159034
0.160616
0.160035
0.160035
0.160035
0.159400
0.159035
0.160128
0.160035
0.160123
0.145159
0.170038
0.163227
0.165036
0.163036
0.164036
0.165036
0.163036
0.158035
0.160035
0.159035
0.161531
0.159036
0.159377
0.159099
0.160086
0.161320
0.164038
0.141030
0.161278
0.162075
0.162035
0.162035
0.161036
0.160357
0.160687
0.161481
0.161036
0.161412
0.161401
0.162036
0.162035
0.162036
0.162060
0.162089
0.163036
0.150033
0.160126
0.161449
0.163035
0.161035
0.162419
0.162036
0.161035
0.161105
0.162036
0.162035
0.160585
0.161035
0.161657
0.162035
0.162036
0.160035
0.161519
0.147032
0.160265
0.162036
0.144943
0.164036
0.162316
0.161313
0.162086
0.162035
0.161516
0.161036
0.162036
0.161088
0.162035
0.161035
0.162035
0.161035
0.162036
0.146032
0.162036
0.162238
0.162035
0.163036
0.159139
0.162037
0.161463
0.160270
0.160035
0.159035
0.161036
0.161036
0.161036
0.161964
0.161037
0.160554
0.162036
0.141041
0.173469
0.172038
0.169037
0.166036
0.165036
0.161083
0.171426
0.169037
0.165222
0.165056
0.165162
0.163036
0.163113
0.162724
0.162035
0.159593
0.165171
0.149033
0.162058
0.161170
0.160994
0.161036
0.165038
0.160880
0.164085
0.161971
0.162036
0.162090
0.162035
0.157035
0.161395
0.160095
0.161937
0.157035
0.167037
0.160005
0.162036
0.161036
0.161036
0.160390
0.161472
0.161036
0.161388
0.161333
0.162035
0.161035
0.162238
0.160831
0.161035
0.162036
0.161036
0.161038
0.162127
0.144533
0.162035
0.162055
0.161035
0.161035
0.163036
0.161372
0.162099
0.160035
0.162035
0.161035
0.162247
0.163036
0.162035
0.162387
0.162094
0.162036
0.163036
0.154246
0.161556
0.161268
0.161035
0.160835
0.161035
0.161035
0.161204
0.160746
0.162036
0.162036
0.162139
0.162035
0.162183
0.162251
0.161036
0.161035
0.162074
0.153741
0.161035
0.161767
0.161035
0.161582
0.160113
0.163036
0.161293
0.161036
0.162345
0.162035
0.162430
0.161035
0.161417
0.162235
0.162036
0.161035
0.170038
0.154352
0.160036
0.160161
0.161252
0.160465
0.162036
0.160035
0.161368
0.162035
0.162036
0.161035
0.162421
0.162615
0.161036
0.162494
0.162036
0.162035
0.166037
0.141031
0.161435
0.162217
0.162035
0.162036
0.161295
0.160035
0.161036
0.161035
0.161036
0.162036
0.162035
0.162036
0.162036
0.161756
0.161035
0.163415
0.162035
0.146595
0.161090
0.161036
0.160810
0.163036
0.161518
0.162036
0.162606
0.162397
0.162036
0.162036
0.162036
0.162036
0.160456
0.160498
0.162172
0.161483
0.161698
0.141031
0.161299
0.162570
0.160363
0.161036
0.163148
0.162035
0.161059
0.161215
0.162042
0.161302
0.161035
0.162035
0.161035
0.162358
0.161036
0.161025
0.163036
0.151033
0.165036
0.164036
0.164726
0.161036
0.162166
0.163751
0.163036
0.163053
0.162488
0.162036
0.163276
0.162035
0.162036
0.163727
0.162035
0.164136
0.163036
0.143030
0.163393
0.163329
0.164064
0.163036
0.163559
0.162035
0.162035
0.161213
0.162231
0.162038
0.162550
0.161037
0.162079
0.163241
0.162380
0.166036
0.162036
0.142774
0.173503
0.170038
0.167179
0.165037
0.165787
0.162036
0.163124
0.163036
0.162387
0.162323
0.162485
0.162493
0.162036
0.162035
0.162036
0.162035
0.163335
0.159575
0.162610
0.161258
0.162035
0.162036
0.162036
0.162534
0.162036
0.160308
0.161108
0.160379
0.162397
0.162036
0.161035
0.162441
0.162438
0.161036
0.165424
0.155034
0.161527
0.161317
0.162171
0.162401
0.162036
0.161036
0.161035
0.162036
0.160975
0.136830
0.163035
0.163036
0.162036
0.161035
0.160035
0.161035
0.161036
0.156034
0.161608
0.162036
0.162036
0.160470
0.161035
0.162036
0.161035
0.161269
0.162418
0.162036
0.162035
0.161802
0.161035
0.161066
0.161035
0.160103
0.163661
0.143031
0.162035
0.161035
0.161036
0.162036
0.161089
0.162035
0.162424
0.161035
0.162081
0.162035
0.161036
0.162036
0.161036
0.162036
0.162035
0.162857
0.166514
0.150033
0.161036
0.161036
0.161745
0.164489
0.162035
0.161297
0.161035
0.160035
0.162652
0.160805
0.160352
0.161047
0.162256
0.162043
0.161419
0.161831
0.167240
0.153034
0.161867
0.161036
0.163037
0.162127
0.161316
0.161036
0.162037
0.161362
0.162036
0.159036
0.162036
0.162035
0.162036
0.162035
0.162035
0.162035
0.162332
0.141057
0.162163
0.161601
0.161935
0.160375
0.162427
0.161628
0.161077
0.161243
0.161035
0.162101
0.161285
0.161627
0.162388
0.162035
0.162036
0.161998
0.162378
0.139030
0.162035
0.161490
0.162036
0.162035
0.161148
0.162097
0.162035
0.162261
0.162274
0.161036
0.161035
0.161087
0.162036
0.161036
0.160444
0.160035
0.162037
0.152033
0.162036
0.162814
0.162547
0.160490
0.162035
0.162450
0.160553
0.161035
0.161036
0.162036
0.163143
0.162037
0.162203
0.161036
0.161278
0.162035
0.163304
0.117026
0.160799
0.162036
0.162980
0.162640
0.162036
0.162035
0.163303
0.162035
0.161918
0.162035
0.161116
0.164074
0.163036
0.163202
0.163036
0.162118
0.163036
0.149638
0.161527
0.162035
0.161398
0.163036
0.163147
0.162035
0.160035
0.161035
0.163036
0.162035
0.162037
0.163035
0.163334
0.162036
0.163445
0.163036
0.162036
0.158101
0.171038
0.169037
0.167036
0.164036
0.164037
0.164036
0.163330
0.164036
0.162035
0.161060
0.163036
0.162097
0.162124
0.161035
0.163036
0.162091
0.163036
0.144225
0.164594
0.164369
0.162376
0.163036
0.162096
0.163052
0.164110
0.163181
0.162510
0.162035
0.162036
0.162184
0.162295
0.162035
0.163036
0.162798
0.163036
0.158035
0.162036
0.160245
0.160657
0.161036
0.161035
0.162260
0.162036
0.161444
0.162037
0.161035
0.162328
0.163036
0.162036
0.161413
0.162036
0.162036
0.162036
0.158035
0.161355
0.162036
0.162101
0.160644
0.162088
0.161036
0.162616
0.161036
0.161036
0.160015
0.160466
0.161036
0.162035
0.162036
0.160466
0.160454
0.162385
0.146033
0.163193
0.162102
0.162035
0.161036
0.161288
0.161632
0.161035
0.161036
0.161035
0.161115
0.161035
0.162094
0.162036
0.155035
0.163036
0.163036
0.162511
0.150033
0.166174
0.165036
0.164124
0.162984
0.163547
0.162035
0.163036
0.162140
0.161475
0.161036
0.164036
0.158323
0.176502
0.162035
0.161035
0.162036
0.163036
0.153034
0.162036
0.161036
0.162036
0.162238
0.163247
0.162035
0.162095
0.161036
0.163036
0.162037
0.162035
0.161036
0.157430
0.173450
0.176095
0.174681
0.168037
0.161037
0.173323
0.175151
0.172055
0.171047
0.164972
0.166037
0.165218
0.164505
0.164411
0.164036
0.163036
0.161899
0.162035
0.163384
0.165036
0.164037
0.163036
0.146231
0.162053
0.162035
0.163109
0.161036
0.162036
0.163036
0.162214
0.163035
0.165036
0.166038
0.163577
0.164038
0.161036
0.161036
0.165036
0.165744
0.163294
0.141031
0.164037
0.163036
0.163036
0.163036
0.166036
0.163036
0.164632
0.164126
0.162110
0.162035
0.164036
0.165036
0.164036
0.164036
0.164036
0.164284
0.165128
0.140899
0.161221
0.163299
0.161037
0.162036
0.163036
0.162036
0.163036
0.161277
0.162036
0.159936
0.160036
0.160035
0.160342
0.160461
0.162035
0.161035
0.163036
0.139031
0.161179
0.161270
0.146489
0.172038
0.169325
0.165423
0.166036
0.164121
0.163828
0.163036
0.164097
0.163036
0.165397
0.163036
0.164036
0.165416
0.163036
0.158035
0.162101
0.161037
0.161036
0.161035
0.161036
0.161036
0.162036
0.161755
0.162035
0.160035
0.161036
0.161035
0.162036
0.161035
0.161036
0.162171
0.162309
0.161035
0.140031
0.076657
0.077016
0.075016
0.077017
0.074608
0.073995
0.075101
0.076016
0.077017
0.076016
0.076507
0.078017
0.077017
0.077406
0.078017
0.082018
0.085214
0.076016
0.075015
0.075016
0.077523
0.077209
0.074276
0.075193
0.075368
0.072857
0.071847
0.071601
0.071198
0.071704
0.071070
0.075029
0.088019
0.091020
0.106023
0.145032
0.156034
0.168181
0.084018
0.151033
0.177302
0.175995
0.176039
0.209046
0.204044
0.173815
0.173038
0.172038
0.174038
0.173038
0.174175
0.166049
0.164461
0.163036
0.163036
0.164037
0.128434
0.163036
0.156173
0.164036
0.170038
0.168037
0.168341
0.170036
0.168037
0.169058
0.169037
0.168133
0.169115
0.167037
0.166037
0.166037
0.168037
0.166031
0.167037
0.167037
0.167162
0.167117
0.170516
0.169038
0.173212
0.172447
0.171129
0.166376
0.166441
0.166647
0.164944
0.166235
0.164251
0.164705
0.166194
0.166252
0.164613
0.166120
0.165115
0.178897
0.174362
0.170118
0.168446
0.169038
0.169038
0.169038
0.169037
0.168259
0.166011
0.178181
0.182087
0.181153
0.178392
0.174312
0.172116
0.164948
0.164898
0.165036
0.164647
0.163988
0.167375
0.165131
0.163721
0.165189
0.166090
0.127538
0.170038
0.170693
0.169651
0.166594
0.165074
0.165583
0.165177
0.165192
0.164465
0.165668
0.166122
0.144032
0.165114
0.165469
0.129028
0.168371
0.168555
0.145324
0.168370
0.141605
0.168494
0.169399
0.170212
0.169115
0.167291
0.170123
0.168800
0.124421
0.167037
0.168203
0.169246
0.120694
0.158350
0.174099
0.176286
0.177039
0.176189
0.169810
0.169037
0.169293
0.148122
0.176148
0.171293
0.168618
0.169101
0.165446
0.165258
0.163035
0.164036
0.167293
0.167449
0.164195
0.165119
0.165037
0.166205
0.176409
0.177115
0.177103
0.179239
0.182138
0.177185
0.177039
0.173105
0.170088
0.167304
0.170133
0.171313
0.168176
0.166037
0.166037
0.165107
0.166139
0.165261
0.168442
0.171192
0.171039
0.170038
0.172089
0.171464
0.170106
0.171162
0.174039
0.172038
0.170235
0.173038
0.174136
0.174262
0.173947
0.173481
0.172243
0.173104
0.172178
0.164150
0.161237
0.163083
0.166767
0.166139
0.167037
0.167147
0.167089
0.166597
0.166705
0.167037
0.167399
0.167109
0.165036
0.165383
0.167154
0.167269
0.173105
0.169140
0.166089
0.165293
0.166063
0.166128
0.167149
0.167183
0.167037
0.166431
0.166037
0.166104
0.165544
0.167037
0.166113
0.165300
0.167098
0.168236
0.168174
0.170038
0.169582
0.170120
0.170165
0.170101
0.170126
0.172238
0.169494
0.170304
0.171235
0.171196
0.170118
0.170165
0.170037
0.170105
0.170281
0.171323
0.176177
0.179344
0.176084
0.172571
0.167115
0.166095
0.166037
0.166037
0.166037
0.166152
0.166350
0.167134
0.166126
0.166183
0.166195
0.165424
0.166553
0.165825
0.167884
0.171579
0.171576
0.171306
0.168401
0.168219
0.166582
0.169118
0.173038
0.172092
0.172038
0.174098
0.171507
0.168037
0.169154
0.171113
0.171038
0.170150
0.173249
0.171355
0.166200
0.168175
0.170038
0.170187
0.168037
0.167137
0.167295
0.165204
0.167261
0.167114
0.167037
0.167123
0.168039
0.166623
0.166103
0.168265
0.180143
0.177039
0.179040
0.173484
0.171036
0.168613
0.169038
0.171101
0.169104
0.170113
0.166859
0.170115
0.169116
0.170316
0.170200
0.170181
0.168321
0.170038
0.172252
0.170931
0.171039
0.170096
0.171107
0.171068
0.170115
0.168284
0.170097
0.170204
0.169038
0.170111
0.170094
0.170038
0.170038
0.170021
0.170038
0.171114
0.172038
0.172228
0.175039
0.174467
0.174157
0.177198
0.179039
0.177039
0.178724
0.173702
0.170504
0.164613
0.166133
0.157989
0.166550
0.164764
0.166037
0.165147
0.168037
0.167144
0.169193
0.170195
0.171255
0.172038
0.171724
0.171582
0.171227
0.171112
0.171038
0.167036
0.168038
0.167353
0.167754
0.170209
0.170038
0.170211
0.178040
0.174680
0.169050
0.165600
0.166037
0.170037
0.168036
0.169724
0.170093
0.169228
0.169563
0.166182
0.135168
0.165095
0.165037
0.164513
0.164036
0.169133
0.170193
0.168247
0.169365
0.169110
0.169111
0.169037
0.168767
0.169327
0.165484
0.166037
0.167947
0.170038
0.170471
0.170292
0.170459
0.172518
0.171131
0.170851
0.181488
0.181143
0.178935
0.175131
0.165487
0.163446
0.167197
0.169274
0.169036
0.168037
0.169229
0.168658
0.168037
0.167117
0.169037
0.168244
0.169196
0.169038
0.172255
0.171566
0.171400
0.172038
0.171771
0.171596
0.173099
0.172279
0.171327
0.172348
0.175513
0.173301
0.175039
0.172825
0.170251
0.172099
0.170571
0.176177
0.179198
0.172865
0.173648
0.169693
0.167479
0.167401
0.168459
0.167037
0.167227
0.168378
0.167055
0.168341
0.168676
0.168295
0.167372
0.167124
0.168339
0.170081
0.175803
0.175312
0.174038
0.173038
0.170037
0.170127
0.170033
0.169933
0.169790
0.168099
0.169342
0.169182
0.169162
0.166421
0.165727
0.164494
0.167115
0.165037
0.183314
0.182518
0.175446
0.171103
0.164115
0.166555
0.169238
0.170102
0.169904
0.167561
0.165144
0.165802
0.164166
0.165179
0.166037
0.166131
0.166116
0.165471
0.169189
0.169131
0.170038
0.169184
0.170038
0.172038
0.171242
0.170220
0.171097
0.171993
0.171192
0.171458
0.174038
0.173067
0.173209
0.177039
0.178132
0.179053
0.175693
0.171206
0.168130
0.168452
0.170226
0.169461
0.168939
0.169491
0.169218
0.171095
0.168645
0.168310
0.169152
0.168123
0.169037
0.168606
0.170156
0.170636
0.181247
0.178208
0.175293
0.174494
0.165258
0.165638
0.164143
0.166092
0.165128
0.165154
0.165138
0.165907
0.165650
0.165393
0.167108
0.166037
0.167235
0.166389
0.178145
0.181040
0.176039
0.175129
0.168733
0.168037
0.167515
0.167100
0.168137
0.169261
0.168036
0.168173
0.168110
0.169140
0.169115
0.167854
0.168262
0.170131
0.170115
0.172182
0.173130
0.169516
0.171038
0.171139
0.171038
0.171283
0.173312
0.175505
0.175039
0.177074
0.177277
0.174424
0.172456
0.167974
0.168261
0.169135
0.168128
0.167154
0.168504
0.167110
0.168125
0.167108
0.168092
0.169037
0.158319
0.167404
0.169038
0.170037
0.169192
0.169301
0.169552
0.172171
0.171550
0.172038
0.174106
0.174678
0.171681
0.169349
0.167504
0.168114
0.168139
0.169352
0.169185
0.169230
0.167425
0.170037
0.169039
0.167675
0.170037
0.170485
0.170038
0.170107
0.182110
0.177353
0.175075
0.170168
0.166159
0.167037
0.169037
0.169038
0.168037
0.168272
0.168569
0.168108
0.168160
0.169146
0.168346
0.168037
0.168535
0.168281
0.171420
0.170302
0.172128
0.173218
0.175226
0.175338
0.173083
0.172248
0.170091
0.172109
0.177201
0.183404
0.184115
0.179224
0.171138
0.169164
0.164156
0.165575
0.170471
0.169038
0.169385
0.172132
0.170566
0.172124
0.172118
0.172426
0.173302
0.181605
0.180975
0.174092
0.170671
0.166360
0.167037
0.166226
0.165220
0.166369
0.166036
0.167749
0.168172
0.167650
0.168141
0.167104
0.168037
0.168089
0.168037
0.170656
0.170695
0.171109
0.173303
0.173278
0.174090
0.172659
0.174155
0.174385
0.175178
0.173294
0.170456
0.165593
0.167083
0.166269
0.166123
0.168138
0.167194
0.168037
0.167508
0.167091
0.168264
0.168036
0.167553
0.167439
0.168037
0.168353
0.176041
0.172340
0.167016
0.166907
0.167209
0.168280
0.168037
0.167102
0.167518
0.167638
0.167398
0.166870
0.167442
0.165351
0.167120
0.169056
0.168074
0.170162
0.172038
0.173038
0.177367
0.175277
0.177039
0.180040
0.177012
0.170289
0.167453
0.167035
0.167160
0.167133
0.167726
0.167216
0.166037
0.167078
0.168144
0.168193
0.166796
0.168215
0.168573
0.168037
0.170168
0.170731
0.171423
0.170165
0.170362
0.169533
0.172540
0.171938
0.174102
0.173179
0.175275
0.174131
0.176098
0.182293
0.171027
0.167575
0.166173
0.167224
0.166754
0.166538
0.167102
0.166705
0.165900
0.167037
0.165797
0.167095
0.167506
0.167037
0.168212
0.169361
0.167899
0.168500
0.177120
0.174854
0.177039
0.177269
0.175638
0.172167
0.167660
0.167084
0.167034
0.167188
0.167376
0.166186
0.166347
0.166923
0.167131
0.165087
0.167130
0.166654
0.168300
0.169363
0.168918
0.168734
0.169285
0.169682
0.169539
0.171810
0.172242
0.171649
0.170095
0.171572
0.171810
0.172597
0.172225
0.173938
0.172038
0.174119
0.170430
0.166830
0.166529
0.168037
0.166246
0.167469
0.168037
0.167264
0.167333
0.167037
0.168170
0.167109
0.167430
0.166193
0.166194
0.168037
0.169093
0.169212
0.177039
0.181041
0.178041
0.175133
0.180040
0.177750
0.174038
0.171317
0.169154
0.168730
0.169149
0.167502
0.168627
0.167755
0.168798
0.168789
0.168601
0.168320
0.170132
0.165690
0.166477
0.167318
0.167086
0.165908
0.168194
0.166564
0.171132
0.173024
0.173792
0.173240
0.170825
0.170996
0.171124
0.175540
0.174190
0.174578
0.177106
0.175107
0.177389
0.173723
0.174519
0.172132
0.171038
0.169375
0.169140
0.170723
0.170038
0.169029
0.169670
0.171570
0.170038
0.166288
0.164168
0.164363
0.172257
0.174096
0.173365
0.173989
0.171017
0.169256
0.169507
0.173604
0.174196
0.172038
0.172039
0.173298
0.174087
0.174111
0.172704
0.173126
0.175968
0.177156
0.174597
0.173136
0.165512
0.165681
0.166302
0.166073
0.166156
0.167037
0.165737
0.166612
0.166493
0.165492
0.166867
0.167171
0.166024
0.166488
0.167307
0.168037
0.182361
0.179299
0.175200
0.171550
0.167106
0.167458
0.168123
0.167426
0.167167
0.167037
0.167337
0.167606
0.167037
0.168094
0.168926
0.168282
0.167037
0.168122
0.170342
0.169038
0.169728
0.169548
0.170148
0.172175
0.170142
0.170296
0.170038
0.172038
0.172038
0.171037
0.173135
0.170605
0.169132
0.169972
0.174196
0.174092
0.177544
0.177289
0.175039
0.174099
0.173266
0.172162
0.174039
0.172038
0.175230
0.173038
0.174282
0.169522
0.173139
0.177149
0.175586
0.175327
0.178106
0.181070
0.172632
0.170120
0.166401
0.164418
0.164228
0.164901
0.164220
0.164560
0.167634
0.174039
0.168550
0.169577
0.169037
0.167389
0.168189
0.167505
0.169093
0.169078
0.175131
0.176182
0.171160
0.171730
0.174397
0.175933
0.181135
0.184537
0.184140
0.181040
0.173590
0.167037
0.165517
0.166127
0.166109
0.167036
0.166556
0.166080
0.172153
0.168093
0.169117
0.169795
0.168308
0.170715
0.172095
0.169113
0.167246
0.168880
0.174099
0.173928
0.174361
0.174131
0.169571
0.170379
0.170291
0.171627
0.171186
0.167149
0.165192
0.165097
0.168119
0.169261
0.170150
0.169488
0.171416
0.169633
0.170836
0.168227
0.166037
0.164958
0.166328
0.166340
0.167175
0.166037
0.171117
0.175170
0.176517
0.175390
0.171455
0.173101
0.172632
0.172467
0.178099
0.176086
0.176124
0.174600
0.173125
0.170379
0.166459
0.168176
0.168174
0.166401
0.168037
0.167595
0.167071
0.165467
0.168801
0.169037
0.168176
0.169102
0.169312
0.170288
0.170173
0.171038
0.170949
0.169537
0.173038
0.172104
0.149454
0.166693
0.168906
0.168149
0.171168
0.172038
0.172038
0.175246
0.179987
0.180307
0.177040
0.174039
0.171103
0.168037
0.167648
0.167127
0.166598
0.167037
0.167037
0.166216
0.168037
0.166139
0.167220
0.168134
0.169038
0.168214
0.169437
0.170116
0.170120
0.171267
0.169640
0.171038
0.171038
0.172239
0.172892
0.176039
0.176840
0.176130
0.172117
0.170152
0.166089
0.167522
0.165870
0.166099
0.168096
0.167139
0.167133
0.168209
0.167100
0.167037
0.167548
0.167037
0.168120
0.169037
0.169038
0.170287
0.175111
0.178409
0.176348
0.175170
0.172118
0.172119
0.167261
0.166037
0.167141
0.167044
0.165079
0.167036
0.167089
0.167222
0.166769
0.167099
0.168110
0.166794
0.174124
0.175196
0.176812
0.179587
0.176487
0.172278
0.166131
0.167125
0.168112
0.167496
0.167080
0.167117
0.167038
0.167536
0.166420
0.168038
0.166037
0.167036
0.177590
0.177469
0.173039
0.171038
0.167037
0.167125
0.168037
0.167440
0.166037
0.167037
0.167112
0.167176
0.167100
0.167050
0.167083
0.165132
0.165285
0.167037
0.168247
0.167495
0.169064
0.170161
0.170038
0.169037
0.168683
0.171118
0.170211
0.170037
0.171097
0.171194
0.171038
0.169037
0.171087
0.170037
0.170115
0.170039
0.177039
0.178257
0.175467
0.172817
0.167123
0.165474
0.167184
0.166037
0.168161
0.168091
0.166115
0.166849
0.167464
0.167199
0.166509
0.167109
0.168455
0.167542
0.171087
0.171414
0.171038
0.171443
0.170112
0.172277
0.172038
0.172037
0.170038
0.172044
0.172038
0.172128
0.173185
0.173038
0.174039
0.173144
0.174038
0.170108
0.173325
0.173038
0.172038
0.171110
0.171576
0.170038
0.167871
0.167722
0.166604
0.166693
0.171365
0.167587
0.168136
0.168037
0.170156
0.171027
0.170462
0.170391
0.180040
0.184100
0.174387
0.169038
0.164033
0.166707
0.168241
0.168124
0.168085
0.168258
0.168443
0.169468
0.169338
0.168037
0.167535
0.168037
0.168037
0.170162
0.178403
0.178141
0.178267
0.179134
0.176296
0.173039
0.168231
0.168538
0.169434
0.169038
0.168117
0.169038
0.168274
0.167557
0.168490
0.167037
0.167308
0.168037
0.171101
0.169092
0.170037
0.169037
0.170099
0.169037
0.169038
0.170038
0.169157
0.168037
0.168088
0.169165
0.171038
0.170775
0.171037
0.170150
0.169590
0.170430
0.174360
0.175593
0.178040
0.177978
0.181210
0.176502
0.174038
0.171172
0.167404
0.167410
0.154034
0.167583
0.168138
0.167099
0.169038
0.169117
0.167353
0.168262
0.169038
0.167223
0.168096
0.167834
0.168697
0.169636
0.168713
0.169138
0.168609
0.169116
0.170912
0.170071
0.169155
0.169469
0.169427
0.170480
0.170818
0.171038
0.178639
0.181124
0.176038
0.172358
0.170212
0.167154
0.166809
0.167284
0.165861
0.167433
0.166897
0.168165
0.167590
0.167285
0.165653
0.167037
0.166697
0.167037
0.178103
0.176872
0.178040
0.179040
0.183064
0.175518
0.175159
0.174259
0.166593
0.167376
0.167415
0.167565
0.168090
0.167347
0.167895
0.167669
0.166529
0.166578
0.172275
0.169038
0.169585
0.169031
0.169193
0.170138
0.169038
0.170037
0.168822
0.171038
0.168037
0.167076
0.169128
0.169037
0.168168
0.170500
0.171038
0.171110
0.176049
0.180040
0.179186
0.173163
0.172038
0.166128
0.166096
0.166697
0.166037
0.167381
0.166037
0.166605
0.168409
0.166137
0.165037
0.166269
0.166037
0.167089
0.171846
0.172038
0.171708
0.172038
0.173038
0.173922
0.174569
0.173565
0.174038
0.170184
0.170097
0.175039
0.175273
0.176039
0.179032
0.175704
0.176104
0.180040
0.172038
0.166167
0.165038
0.169089
0.168036
0.169504
0.168034
0.167125
0.168143
0.169114
0.167359
0.167938
0.168037
0.171038
0.169076
0.170038
0.169696
0.169629
0.176120
0.178142
0.174038
0.175129
0.177309
0.181279
0.179040
0.174157
0.170160
0.165559
0.165037
0.166233
0.167453
0.167141
0.166289
0.167037
0.166213
0.166130
0.172079
0.173126
0.172277
0.173600
0.172561
0.173255
0.172384
0.171138
0.169504
0.175090
0.174722
0.174551
0.175590
0.170876
0.171664
0.171150
0.176283
0.176110
0.179315
0.179279
0.171478
0.164690
0.165224
0.165037
0.164189
0.165188
0.169048
0.168953
0.169187
0.169038
0.170269
0.170037
0.168418
0.169190
0.166037
0.166037
0.171315
0.171225
0.176557
0.174156
0.177246
0.174038
0.172694
0.174038
0.175039
0.174179
0.174039
0.182041
0.178686
0.172686
0.171425
0.167210
0.169039
0.168231
0.170513
0.169428
0.168098
0.150231
0.170038
0.168623
0.169658
0.168038
0.169283
0.149501
0.170038
0.167037
0.167594
0.169038
0.169241
0.169037
0.170716
0.173103
0.178133
0.176106
0.182395
0.180040
0.173349
0.170105
0.167166
0.168272
0.171038
0.169037
0.165932
0.165862
0.166222
0.167039
0.166037
0.165036
0.165487
0.165605
0.167527
0.169100
0.168128
0.168126
0.171382
0.172038
0.165036
0.169037
0.153461
0.170523
0.173038
0.168675
0.168226
0.169119
0.168941
0.168415
0.168297
0.169707
0.174646
0.172095
0.172127
0.170204
0.172012
0.180039
0.178540
0.183181
0.178038
0.174806
0.171454
0.164455
0.295806
0.323313
0.305068
0.313783
0.319228
0.309660
0.332070
0.309379
0.327574
0.309674
0.341075
0.294523
0.174039
0.171580
0.169038
0.165404
0.162491
0.166143
0.166074
0.165424
0.164167
0.165037
0.164036
0.164069
0.166332
0.165634
0.166121
0.166038
0.167366
0.168037
0.168256
0.167211
0.168037
0.169169
0.171401
0.171110
0.172039
0.171382
0.170038
0.171100
0.171207
0.172592
0.170037
0.166148
0.164406
0.164101
0.164035
0.167038
0.164226
0.163036
0.164037
0.165088
0.164037
0.166075
0.164726
0.163134
0.164036
0.165191
0.168037
0.166038
0.168349
0.168037
0.168610
0.169037
0.168087
0.169137
0.169305
0.169457
0.168037
0.167194
0.169133
0.170038
0.168239
0.167339
0.168037
0.169127
0.169072
0.169111
0.177040
0.171121
0.172039
0.166226
0.164411
0.165347
0.167308
0.165146
0.165037
0.164229
0.165037
0.165721
0.166979
0.164578
0.165037
0.163196
0.164850
0.166626
0.170038
0.166599
0.164703
0.164051
0.164512
0.166216
0.164217
0.164415
0.164036
0.164303
0.165134
0.166037
0.164335
0.165036
0.165142
0.165292
0.166592
0.166101
0.169236
0.169038
0.168037
0.169136
0.168675
0.168036
0.169038
0.168037
0.169037
0.173625
0.173616
0.169711
0.169186
0.168126
0.169039
0.169752
0.170140
0.171178
0.175039
0.173707
0.172038
0.176221
0.174131
0.178090
0.178107
0.175251
0.171381
0.168062
0.166036
0.167037
0.166101
0.167175
0.168025
0.166109
0.165174
0.165110
0.182041
0.184153
0.177630
0.174114
0.167293
0.166087
0.166088
0.165381
0.164850
0.166424
0.165555
0.166205
0.165205
0.166037
0.166441
0.166157
0.166037
0.167037
0.169669
0.173717
0.172886
0.173011
0.172125
0.173401
0.174093
0.172819
0.175039
0.172038
0.176767
0.176216
0.179124
0.177652
0.178120
0.172038
0.168037
0.165256
0.166923
0.166374
0.166250
0.167113
0.166117
0.166037
0.165648
0.166176
0.168520
0.168145
0.168037
0.167038
0.167676
0.167406
0.167421
0.167287
0.169038
0.168264
0.173332
0.172103
0.176127
0.177085
0.176140
0.180112
0.177039
0.179191
0.171154
0.168188
0.166289
0.165234
0.166156
0.165037
0.165380
0.166037
0.165302
0.166604
0.167038
0.161036
0.167149
0.166506
0.168555
0.168126
0.168512
0.167515
0.166911
0.167642
0.168372
0.167887
0.171356
0.171038
0.171216
0.170038
0.170662
0.173091
0.174236
0.175522
0.179492
0.177123
0.173038
0.170198
0.167333
0.170038
0.170038
0.169040
0.170037
0.170438
0.171122
0.169089
0.166126
0.166563
0.165037
0.165877
0.179040
0.175085
0.175210
0.172607
0.170109
0.170037
0.170322
0.167095
0.166162
0.166037
0.167037
0.165147
0.166095
0.166132
0.166305
0.165691
0.166344
0.167040
0.174038
0.171039
0.172038
0.173038
0.174110
0.177122
0.177126
0.179200
0.173038
0.173208
0.168037
0.168080
0.169861
0.169885
0.171038
0.170187
0.168134
0.166151
0.170038
0.152489
0.165455
0.167130
0.167037
0.167212
0.167259
0.167795
0.169038
0.169167
0.169360
0.167231
0.171121
0.169038
0.169503
0.171038
0.172156
0.171038
0.179109
0.176039
0.174322
0.173039
0.170038
0.169138
0.170038
0.169250
0.168158
0.169099
0.169038
0.169106
0.169639
0.169037
0.168100
0.169101
0.170115
0.170116
0.176190
0.179110
0.182033
0.181040
0.172099
0.169854
0.165464
0.167212
0.170038
0.172038
0.170666
0.171315
0.171213
0.169160
0.167313
0.166124
0.166329
0.166293
0.168037
0.168119
0.168117
0.170173
0.171711
0.174222
0.173038
0.172038
0.173296
0.177039
0.179715
0.175347
0.170270
0.168124
0.167212
0.167423
0.168037
0.166464
0.171275
0.169401
0.172037
0.172442
0.174203
0.172174
0.174235
0.173039
0.157811
0.168425
0.168180
0.169358
0.169130
0.170409
0.170037
0.170239
0.171217
0.172038
0.174039
0.176039
0.173809
0.175168
0.175084
0.178418
0.182040
0.178194
0.172098
0.171146
0.168143
0.168359
0.169183
0.168884
0.167742
0.168869
0.168037
0.169094
0.170087
0.168436
0.170037
0.170337
0.169200
0.168037
0.171274
0.172389
0.173362
0.173039
0.173141
0.169711
0.168037
0.168182
0.153217
0.164389
0.166249
0.167039
0.172087
0.174103
0.176038
0.178333
0.182197
0.181125
0.175835
0.173038
0.169111
0.168212
0.168037
0.169037
0.169094
0.168037
0.168037
0.169037
0.168037
0.167742
0.174096
0.178496
0.177671
0.177454
0.176174
0.177232
0.171036
0.167288
0.167333
0.169107
0.167136
0.168102
0.167037
0.167037
0.167037
0.167037
0.169187
0.168380
0.168350
0.167808
0.169052
0.175756
0.177374
0.172094
0.168462
0.167458
0.168200
0.167991
0.169338
0.168139
0.168832
0.131204
0.169168
0.168601
0.168440
0.167506
0.168473
0.168233
0.168266
0.167354
0.168567
0.168584
0.169088
0.169317
0.169857
0.168094
0.168490
0.169037
0.169037
0.170072
0.169679
