540	366	151	53
542	366	143	64
535	347	155	77
520	364	161	65
534	303	137	51
505	377	168	59
516	365	160	70
513	369	164	61
509	370	161	63
507	370	162	67
510	363	161	70
507	368	164	61
507	361	160	62
505	363	161	63
503	349	162	81
489	336	177	65
488	339	166	62
489	323	163	81
491	334	162	61
479	330	164	66
479	320	161	74
474	329	169	58
477	336	159	59
479	321	156	74
469	320	166	64
471	330	166	59
481	319	159	70
478	311	163	74
478	275	168	58
489	311	161	67
486	324	168	60
490	308	161	80
493	319	160	60
501	324	158	66
509	319	157	72
504	322	164	71
505	315	167	72
502	328	170	63
508	322	160	73
503	324	167	72
510	322	169	73
497	328	172	66
502	327	165	71
502	325	167	72
499	332	170	63
512	331	160	69
505	331	170	66
507	340	164	64
517	335	158	72
504	331	172	75
501	347	175	61
516	341	160	62
515	335	160	70
512	337	164	71
511	335	166	72
518	333	169	73
511	330	172	74
508	336	174	68
509	332	168	73
506	333	171	74
507	331	174	75
504	331	176	71
499	344	174	64
512	337	163	75
502	349	170	66
504	343	164	75
502	348	172	70
499	359	174	66
500	366	178	67
503	375	176	66
512	380	173	72
511	367	179	85
515	385	190	70
519	395	179	70
517	403	180	70
526	397	181	79
518	397	193	75
524	408	186	71
533	397	185	81
524	401	189	70
524	388	186	81
527	395	198	73
525	384	200	80
522	391	202	73
536	385	195	81
542	381	202	75
534	391	204	73
545	383	202	86
535	397	219	78
554	385	202	87
550	401	206	76
562	412	203	75
570	426	205	73
572	437	203	73
582	447	202	73
556	443	227	76
556	454	224	75
550	446	221	87
538	453	230	79
533	462	224	80
532	461	222	80
522	459	227	80
513	456	230	81
504	454	233	82
498	464	229	82
509	454	228	86
477	460	262	80
488	460	240	86
504	460	231	82
480	447	257	92
492	448	255	85
492	439	252	88
503	438	253	85
496	436	250	84
508	448	247	83
514	438	259	85
530	423	253	99
526	423	263	94
539	428	261	90
543	413	254	103
535	422	267	92
548	412	268	93
559	409	269	95
558	408	273	92
541	398	282	95
540	400	279	97
553	389	281	99
533	393	284	99
549	392	278	96
523	384	279	94
520	387	288	92
518	385	295	93
525	381	283	95
509	382	279	89
504	374	284	87
502	376	284	90
492	366	285	92
509	367	276	85
508	374	262	77
493	269	259	286
735	211	218	497
552	236	198	436
660	248	197	417
700	261	164	384
606	286	201	336
588	300	209	348
585	311	154	319
504	262	223	357
523	295	177	334
510	306	195	303
472	269	244	326
465	311	226	283
462	269	203	339
444	271	210	327
440	276	210	310
444	282	205	302
411	282	166	295
479	278	193	297
356	255	160	428
549	248	185	384
833	257	158	411
641	271	205	355
744	269	180	399
659	268	180	394
687	272	178	356
661	302	202	337
646	298	174	349
620	292	198	397
551	278	225	429
525	289	184	312
481	260	321	459
544	275	194	385
442	262	183	417
505	313	222	370
472	292	287	403
412	273	202	403
398	257	229	440
266	246	189	425
135	271	190	380
100	283	180	360
47	261	170	408
0	268	148	397
344	314	195	390
283	292	317	425
384	193	353	511
170	233	284	486
163	206	298	498
416	191	309	516
0	176	172	534
470	380	203	93
471	370	395	69
465	376	360	83
467	377	360	75
456	380	379	76
452	379	380	74
436	380	386	78
439	369	361	81
437	370	393	86
424	374	368	85
444	365	355	82
415	356	393	95
434	348	386	90
450	353	387	86
417	358	380	85
452	348	373	83
437	339	353	82
451	352	353	90
483	372	370	77
440	375	339	79
452	358	412	93
459	377	393	88
482	392	375	86
503	380	362	90
482	397	364	84
518	383	364	92
496	400	368	85
517	385	356	96
511	405	370	86
560	393	304	90
547	398	303	87
563	391	298	82
540	390	325	90
579	393	275	79
542	374	307	84
556	374	306	92
565	381	270	85
576	376	244	76
570	371	274	91
558	392	255	73
561	372	245	72
554	383	244	72
537	378	236	67
541	372	202	65
532	375	238	77
518	380	206	63
489	368	262	61
468	369	227	64
478	379	194	64
473	370	179	56
461	372	201	57
464	372	192	61
474	368	175	57
427	371	240	54
419	363	274	58
391	365	329	58
392	365	327	64
469	355	195	67
406	349	229	65
449	340	164	70
444	328	151	72
438	327	140	70
432	327	140	66
430	327	143	57
432	336	127	52
439	334	125	46
437	336	118	45
448	336	121	44
444	341	118	44
456	337	120	45
466	343	114	44
477	336	117	42
486	337	109	42
494	333	105	41
490	338	105	41
498	336	101	37
502	333	102	41
508	332	100	37
507	335	95	41
512	342	96	37
516	341	97	37
517	352	93	36
523	358	90	34
530	364	86	35
535	369	85	34
531	374	87	34
537	379	84	32
543	382	81	35
549	393	76	32
543	397	82	33
545	402	80	31
548	400	81	33
545	409	81	35
551	413	79	35
554	423	80	35
557	427	82	35
562	431	82	38
559	435	87	34
565	438	83	36
570	442	85	39
574	447	85	40
580	452	84	42
583	456	89	43
578	454	91	43
584	453	89	44
589	458	89	44
588	457	89	44
586	459	92	50
589	452	97	55
584	461	98	49
589	454	99	56
584	457	100	52
589	460	102	58
585	455	108	57
592	459	105	63
589	452	109	57
589	460	106	56
590	456	108	62
588	462	110	63
593	455	111	66
586	460	116	69
583	455	120	69
581	452	122	73
580	445	119	76
582	443	120	76
580	438	121	77
578	436	122	77
577	439	121	74
576	428	120	76
574	422	121	77
576	417	115	78
576	416	112	76
572	412	109	74
580	411	108	72
572	414	105	71
572	409	102	77
565	419	105	71
553	411	102	69
553	410	100	67
556	407	97	72
537	400	99	67
534	404	89	71
530	395	94	72
523	397	89	66
514	400	91	74
517	399	97	66
513	402	87	72
509	397	94	72
507	402	89	66
516	410	83	61
514	410	85	72
510	410	85	63
514	413	86	70
513	419	80	70
515	416	89	68
512	413	84	70
517	413	86	62
513	417	79	66
516	406	86	65
513	400	83	67
516	392	89	67
516	388	92	67
524	386	88	63
523	393	81	60
528	382	82	67
532	375	88	65
544	376	76	60
547	372	80	65
539	371	79	65
545	374	80	57
546	375	76	65
551	373	77	61
548	370	74	66
552	370	78	63
559	376	76	63
555	373	76	67
559	371	80	68
561	371	74	67
562	376	84	68
569	372	82	68
565	378	81	67
571	375	82	66
569	373	88	71
577	368	86	71
583	365	87	75
589	373	88	72
595	370	89	77
600	371	92	72
607	378	91	71
605	384	96	73
607	393	93	67
602	387	94	70
595	388	91	65
601	389	91	62
591	389	89	72
588	385	92	64
584	385	91	62
578	381	95	60
577	380	94	61
585	379	90	61
578	378	88	59
583	378	90	58
585	384	97	58
585	381	89	60
582	388	91	59
579	387	98	59
579	395	90	58
580	401	90	58
575	407	92	58
576	413	86	58
571	420	96	57
573	418	92	59
574	424	88	59
569	417	90	58
571	418	97	55
568	408	86	58
570	401	95	57
573	406	87	59
574	391	97	58
581	380	93	56
588	368	91	58
594	360	91	51
602	351	85	55
604	356	92	55
612	344	88	57
624	353	89	50
629	347	90	53
640	354	93	55
644	358	97	58
645	361	93	50
647	371	92	55
640	379	84	50
628	374	87	52
622	378	80	54
603	369	88	53
602	373	92	55
595	368	84	50
586	363	87	52
574	360	90	51
569	365	80	51
566	361	86	51
564	365	90	47
561	367	87	52
565	375	91	48
571	387	88	46
577	396	86	51
591	408	83	51
588	407	87	46
600	416	85	51
605	430	88	46
617	436	86	45
623	440	83	48
627	445	85	48
626	449	85	42
633	452	81	48
637	461	84	44
642	468	82	43
640	470	80	48
638	468	83	43
638	468	81	42
636	468	83	41
637	456	79	47
635	453	82	46
635	442	82	49
639	437	85	45
644	442	83	44
650	427	81	48
654	429	84	42
666	429	80	40
673	431	76	45
677	435	79	47
674	433	82	46
673	436	82	49
671	443	85	45
661	434	77	50
649	430	83	50
642	422	76	52
639	431	84	44
630	419	82	49
615	420	85	45
607	414	83	49
598	413	86	45
600	411	84	47
599	411	84	44
599	410	82	46
598	413	83	49
601	414	86	45
602	422	84	50
604	419	82	49
607	425	85	51
604	429	89	53
605	437	86	48
604	444	86	45
604	439	84	47
603	444	85	48
601	438	86	45
599	435	83	44
596	432	81	43
596	429	79	42
602	430	77	44
601	427	78	47
604	426	81	43
610	424	79	45
615	425	80	45
621	428	80	48
624	435	83	44
630	432	81	43
636	441	79	47
635	448	82	43
635	456	80	48
633	460	83	44
633	459	81	43
633	463	79	45
629	452	80	48
627	449	83	41
634	446	79	39
638	440	79	39
642	438	79	42
642	440	78	41
645	438	80	38
649	439	82	44
655	447	80	42
660	452	83	41
659	458	83	41
663	464	83	39
650	462	85	40
631	467	87	41
618	461	85	40
599	455	88	39
588	448	83	39
588	453	85	38
575	446	86	39
571	440	82	38
562	435	87	37
562	428	86	38
568	419	82	38
563	424	87	37
568	415	86	38
574	412	86	36
583	409	86	37
588	406	85	35
593	399	85	37
593	403	85	37
592	391	87	38
591	386	89	36
589	382	85	38
585	379	88	36
579	372	87	37
579	376	85	38
573	370	86	38
568	369	88	38
561	363	90	39
560	361	84	35
564	364	85	37
562	361	87	37
569	365	86	38
578	369	89	40
590	373	85	40
593	378	88	40
597	388	89	42
598	389	87	37
591	398	88	43
589	410	86	41
574	423	90	43
568	429	88	41
557	434	90	40
561	440	86	38
557	437	86	38
553	441	88	38
558	439	88	36
559	435	87	38
563	428	89	38
563	434	88	37
568	426	88	34
577	422	89	36
582	419	88	36
587	413	87	35
590	407	91	35
591	407	87	37
590	399	88	36
584	387	87	35
579	374	86	37
567	369	92	35
554	358	92	38
557	360	84	37
545	352	91	35
532	346	94	35
522	341	90	39
514	334	91	35
507	331	88	38
507	333	87	36
504	331	87	34
492	331	87	36
486	329	87	34
476	326	90	34
473	322	89	37
479	323	85	36
476	324	86	37
474	328	87	38
478	333	89	38
478	338	90	39
483	343	92	40
485	346	86	36
495	349	87	39
499	354	87	39
508	354	90	36
514	351	88	36
522	349	92	34
525	348	87	35
534	345	90	33
539	337	89	33
549	329	88	32
547	322	89	34
552	314	89	33
555	315	84	34
557	310	89	32
566	307	89	32
571	301	89	32
578	304	83	33
586	308	88	35
585	308	86	33
588	312	89	36
599	323	88	35
604	333	87	37
615	344	88	36
624	354	91	35
630	354	88	34
639	357	89	36
650	367	93	38
662	374	90	36
676	383	88	38
687	391	87	35
687	393	85	33
697	402	89	33
704	407	84	33
710	410	85	35
712	416	89	33
710	416	90	31
711	415	88	31
710	416	87	31
707	420	87	30
704	424	87	30
701	422	87	29
699	419	87	29
704	418	83	29
697	416	89	28
696	413	85	28
697	412	84	28
697	413	84	29
685	414	92	29
692	413	86	30
684	412	87	29
679	416	86	30
675	418	86	29
668	421	85	30
661	426	87	29
666	425	86	29
653	430	90	28
647	434	87	29
642	438	86	27
629	439	90	24
623	436	89	25
622	439	85	27
612	437	92	25
612	436	90	25
615	437	82	25
614	438	91	25
611	437	91	25
613	437	87	24
608	433	96	23
609	429	94	25
611	428	87	25
610	427	88	25
613	430	81	27
613	431	88	25
608	430	94	25
610	431	87	25
608	429	90	23
605	426	92	24
601	423	94	23
604	422	88	25
596	420	94	23
586	413	94	23
589	411	88	22
585	408	92	23
590	407	88	23
586	409	87	26
589	408	89	24
594	407	88	24
591	405	88	26
599	408	88	28
598	408	84	27
607	413	89	27
618	416	84	28
625	424	91	29
638	428	83	29
646	433	85	30
643	435	84	29
648	439	82	29
653	443	82	29
657	447	82	29
660	445	84	28
653	441	91	25
657	439	82	27
652	430	86	25
657	419	85	27
655	405	89	25
659	393	89	27
661	376	92	26
662	372	89	28
664	358	85	26
668	347	86	27
665	341	87	25
669	337	86	27
665	334	87	27
667	335	84	28
668	338	83	29
662	336	89	28
663	335	85	28
656	334	84	28
654	338	84	28
652	335	87	28
649	339	84	28
640	348	91	29
638	356	87	29
633	361	87	29
631	365	86	29
633	365	83	28
623	369	91	28
616	373	83	29
611	377	84	28
598	381	88	28
590	385	82	28
592	383	87	27
587	381	84	26
575	379	88	27
568	377	91	25
562	376	92	27
560	373	91	26
562	372	84	27
560	372	87	25
559	369	90	27
564	368	88	27
557	368	91	26
560	367	87	26
558	370	89	27
557	368	93	26
549	372	88	26
544	376	86	25
536	377	88	25
524	381	89	24
529	380	88	25
512	384	94	24
506	388	90	25
499	391	89	25
494	393	89	24
489	394	88	23
490	393	87	24
491	391	87	23
493	385	90	21
498	376	87	20
505	371	92	21
514	366	92	22
510	364	90	24
523	360	93	21
534	356	90	20
542	347	90	20
546	340	88	21
551	335	87	22
551	333	88	23
560	332	90	21
563	330	91	23
571	330	92	23
578	330	79	21
574	333	93	23
578	333	84	21
576	336	89	23
578	339	92	26
579	344	84	25
583	349	83	23
578	348	88	23
578	347	87	24
578	348	85	24
576	348	91	23
573	345	91	23
579	344	86	23
579	344	85	22
579	345	84	22
585	346	86	21
583	350	90	22
587	350	89	22
595	357	89	23
598	362	83	21
596	362	88	21
599	368	90	23
598	376	91	23
598	384	91	23
601	392	92	23
598	397	88	21
600	396	91	20
592	398	89	20
596	397	88	19
594	395	86	19
591	394	88	19
588	392	89	19
586	393	89	19
587	391	86	18
579	391	90	18
579	395	89	19
578	398	90	19
579	401	87	19
578	399	89	18
575	403	91	18
580	406	87	18
577	404	93	18
580	404	87	18
578	399	92	18
579	402	90	19
579	393	90	18
578	396	91	19
580	397	88	19
579	401	86	19
578	409	88	19
580	408	85	19
572	414	93	20
573	422	90	20
573	429	89	20
571	436	87	21
573	444	89	20
573	442	88	19
573	442	90	20
574	440	85	19
576	440	89	19
578	434	86	18
578	431	90	18
581	431	85	19
580	422	93	18
584	416	87	18
591	412	86	18
591	407	87	18
596	406	83	18
594	406	89	19
594	403	82	19
593	399	86	18
588	395	87	18
586	393	83	18
578	392	89	18
583	393	84	18
572	395	83	20
565	395	85	19
547	397	90	21
533	401	88	21
519	404	86	21
525	404	81	20
504	406	93	23
493	411	86	21
486	415	86	20
491	418	83	21
491	425	83	21
495	425	84	19
502	432	84	20
510	439	83	20
520	443	82	19
527	441	83	19
534	439	83	18
532	438	82	18
533	432	85	18
530	426	85	18
532	421	82	17
522	412	86	17
509	408	88	18
511	408	83	18
498	404	86	18
495	402	82	18
493	400	78	18
493	399	79	17
500	399	78	17
498	399	77	17
506	401	84	17
523	399	78	17
536	397	81	17
550	395	78	17
547	394	82	17
560	387	78	16
573	384	75	16
580	379	77	16
588	377	74	16
584	375	81	16
585	374	81	17
584	372	74	17
577	372	78	16
568	370	75	16
564	366	74	16
558	364	73	16
556	365	77	16
554	362	75	16
554	361	74	16
555	357	73	16
556	360	78	16
559	356	77	16
561	358	73	16
569	356	72	16
575	357	76	16
585	361	73	16
592	363	75	16
601	361	72	16
598	361	77	16
606	361	77	16
611	358	74	16
609	357	77	16
609	355	70	15
607	353	75	15
607	354	71	16
605	354	73	15
609	356	70	15
610	359	69	15
613	365	75	15
615	368	70	15
614	367	75	15
620	370	68	15
618	370	72	15
619	369	74	15
622	367	74	15
629	367	74	16
629	369	72	16
639	367	70	16
647	367	76	15
650	365	75	16
657	365	73	17
661	365	72	16
659	365	72	17
660	368	71	16
661	366	74	16
656	364	73	17
651	357	72	16
642	352	74	17
643	353	71	16
633	353	71	17
628	356	70	16
618	358	70	17
615	364	72	17
612	371	74	16
612	370	73	17
616	376	71	18
621	383	67	16
618	386	69	16
614	385	69	15
613	388	68	15
614	387	72	16
609	387	72	16
606	387	70	15
604	383	69	15
598	381	72	15
593	376	72	15
594	379	69	15
583	375	75	16
575	374	70	16
566	376	70	17
560	379	66	17
551	382	68	17
554	382	68	16
543	387	68	17
540	388	69	16
538	392	67	16
536	393	67	15
532	398	67	16
534	396	69	16
529	400	68	15
532	402	68	16
527	406	70	16
526	408	68	17
528	409	70	17
526	408	69	17
526	412	70	16
529	415	70	15
536	418	69	15
541	418	68	15
547	421	67	15
546	422	66	14
551	423	70	14
559	425	66	15
562	427	65	14
568	426	69	14
570	425	69	14
573	425	69	15
577	423	67	15
580	421	66	14
588	419	68	15
596	417	66	15
602	415	68	15
604	415	65	15
606	412	68	14
611	414	63	14
614	414	66	14
618	413	64	14
621	417	63	14
620	419	66	13
621	418	63	14
621	418	65	14
624	421	63	14
622	426	68	13
623	431	64	14
622	431	63	14
620	433	68	14
624	435	64	14
617	432	66	14
618	432	63	14
612	427	69	14
614	429	66	16
612	427	65	15
614	422	65	14
617	421	64	14
616	416	68	15
619	412	67	15
619	415	66	15
613	408	71	15
609	402	69	15
605	402	68	15
597	398	75	16
593	396	73	16
594	399	72	16
590	397	70	15
584	395	75	16
578	395	72	16
573	390	72	16
561	386	77	17
563	387	73	17
556	382	76	16
557	379	74	17
556	377	72	17
555	372	71	16
555	371	71	17
555	374	70	17
551	370	73	16
552	372	72	18
554	371	69	17
550	370	69	17
551	372	72	18
552	372	69	18
554	375	71	19
554	379	70	18
560	383	72	16
568	386	72	17
571	386	71	16
570	387	69	16
578	385	69	16
585	386	69	15
591	381	71	15
598	379	68	15
595	377	70	15
599	378	68	15
598	374	67	15
597	372	69	14
592	371	69	15
591	373	67	15
583	379	72	14
587	377	68	15
581	379	67	16
578	385	68	14
572	388	66	15
568	386	65	14
563	384	67	14
564	384	65	14
561	378	62	13
562	373	63	13
559	371	67	14
563	374	69	14
568	373	65	15
568	373	65	14
573	375	69	14
575	371	65	15
574	371	67	16
574	370	66	16
573	369	66	16
573	365	67	15
574	362	67	17
571	355	68	17
573	357	63	18
568	350	68	17
568	339	68	18
570	336	63	20
564	331	67	19
566	331	63	20
564	326	67	19
564	325	67	20
565	324	63	21
561	326	66	22
559	333	65	22
563	332	63	20
556	337	67	21
553	343	65	22
547	350	65	23
544	358	66	22
543	367	63	23
543	370	63	22
537	379	71	22
536	390	68	23
534	398	67	23
533	405	66	23
523	409	67	22
527	409	66	20
522	408	69	21
516	415	68	22
517	415	66	22
514	418	68	22
513	422	66	20
513	420	66	21
504	422	68	21
505	429	65	22
500	436	68	21
499	443	68	22
498	452	69	22
499	455	67	21
499	464	68	21
497	472	69	20
496	479	70	20
493	482	68	20
489	481	69	18
489	481	69	20
485	477	69	18
480	472	72	19
471	467	74	19
469	462	72	19
466	454	70	18
465	456	73	20
463	451	69	19
457	447	73	19
450	449	71	20
442	447	71	19
431	447	74	19
434	446	68	20
426	449	74	19
419	452	71	20
418	454	72	21
416	458	72	21
413	456	73	20
414	455	70	21
414	454	70	22
414	457	71	22
419	461	68	21
421	464	71	20
428	470	71	22
427	468	68	21
434	476	71	21
436	484	67	22
440	490	65	22
441	497	71	21
446	501	67	22
442	502	70	20
446	511	68	22
444	514	72	22
442	524	72	21
448	531	67	22
441	538	72	22
446	536	68	21
442	542	71	22
447	546	67	21
449	549	68	20
452	547	69	20
459	549	70	21
459	551	67	20
466	553	69	21
473	557	69	20
476	560	68	20
483	562	69	21
490	566	69	20
487	569	70	19
491	569	67	19
489	572	69	19
484	570	73	19
477	569	70	20
471	570	70	19
476	570	66	18
460	572	73	20
454	576	69	18
439	569	75	20
425	560	73	19
409	552	76	19
412	555	69	20
392	546	75	18
379	535	75	19
368	531	73	19
360	526	72	17
357	521	74	19
359	521	68	18
354	514	74	20
359	509	70	18
358	507	71	18
362	505	71	19
366	503	68	18
367	504	68	19
372	500	72	19
377	496	74	18
382	488	70	17
388	482	71	18
393	471	68	19
392	474	69	19
395	466	68	18
397	462	71	18
402	462	66	18
401	465	67	18
400	469	70	18
400	469	68	18
397	475	71	19
401	482	64	19
402	488	67	19
404	491	64	18
406	494	66	18
406	492	65	18
399	495	72	20
400	498	68	19
394	505	72	19
397	511	67	18
398	519	66	19
401	520	64	18
398	526	68	18
402	531	65	20
405	535	64	19
402	539	71	18
412	542	62	18
409	542	64	17
415	544	68	18
424	539	67	17
431	536	68	17
440	529	71	16
447	524	68	17
446	527	67	18
447	522	70	17
449	521	66	18
446	524	65	17
447	526	68	18
443	529	69	19
449	531	62	17
444	536	68	18
444	540	67	17
440	540	64	16
441	543	68	17
438	549	69	17
440	547	65	17
436	550	70	17
440	553	66	17
441	550	64	17
441	550	65	17
437	544	69	16
436	546	67	16
433	538	67	17
431	531	66	17
426	523	70	17
422	516	69	17
423	509	69	16
423	511	68	17
417	504	68	17
413	507	68	17
414	512	66	18
414	519	66	18
414	522	67	18
419	525	63	17
413	528	67	17
412	534	66	18
408	540	65	18
411	544	65	18
410	548	64	17
411	550	62	17
414	546	67	17
421	545	59	18
426	543	61	18
431	536	63	18
438	532	61	17
437	534	60	18
447	525	60	16
458	523	58	17
469	519	60	16
481	517	54	16
490	520	54	16
489	517	55	15
498	515	50	15
504	512	53	14
509	508	52	13
515	504	50	12
518	502	48	14
519	502	49	14
521	497	47	13
521	494	45	12
520	490	45	13
525	489	46	14
523	491	48	13
531	489	44	13
531	486	47	13
535	478	47	14
534	473	47	13
539	468	46	13
538	469	47	14
538	463	47	13
540	457	47	13
545	455	46	12
546	449	48	14
554	449	44	13
554	451	45	13
560	446	48	12
571	443	45	12
580	441	45	12
588	437	46	13
601	434	47	13
601	434	46	13
609	433	45	13
616	435	49	14
621	443	45	14
624	448	42	14
616	457	47	14
620	459	44	13
610	466	48	14
604	473	44	15
596	480	45	15
587	487	46	17
577	490	47	17
579	493	43	15
568	495	47	15
558	493	48	15
548	489	46	15
540	486	45	15
531	483	45	15
531	482	43	16
526	480	43	15
518	478	44	15
514	480	43	15
512	482	42	15
512	484	41	16
512	486	41	15
512	488	42	15
510	485	43	15
513	487	41	15
513	489	41	15
514	489	41	15
513	489	41	15
513	491	41	15
516	495	40	15
515	494	41	14
520	494	40	14
518	492	40	15
520	494	41	15
518	490	42	15
520	490	41	15
517	488	41	15
515	488	40	14
512	488	40	14
514	487	40	14
504	484	41	16
498	481	41	14
491	479	41	15
481	478	41	14
473	479	40	14
475	480	39	15
463	477	40	15
456	480	41	14
448	478	41	14
442	480	41	15
439	478	38	16
439	479	39	15
433	475	40	16
433	474	39	17
433	471	39	17
433	466	40	17
433	465	39	18
433	467	39	17
434	464	41	17
433	467	40	17
435	468	40	19
437	474	38	19
438	479	39	18
441	477	38	18
441	482	37	17
442	482	40	17
444	479	40	17
447	478	38	18
448	477	40	16
449	475	38	17
455	474	37	17
458	471	38	17
464	464	36	20
465	457	38	22
472	449	39	19
472	450	37	19
478	439	36	21
483	428	37	25
489	419	36	24
492	410	35	24
495	401	34	23
495	405	35	20
497	394	36	25
500	393	36	21
503	391	35	22
505	391	35	22
513	393	33	22
513	393	32	22
517	396	33	20
522	398	33	21
528	400	31	21
530	402	32	21
536	404	32	21
536	403	32	21
543	407	31	21
545	409	30	20
548	412	29	20
545	414	29	19
544	417	28	19
542	416	31	19
540	416	29	19
542	418	28	19
540	414	29	21
536	417	29	20
535	418	28	19
537	418	28	19
536	423	25	18
540	429	25	17
544	432	25	21
545	437	27	18
548	441	25	18
547	440	25	17
550	445	23	17
554	448	20	20
561	452	20	20
568	454	22	20
576	457	19	21
574	456	18	20
576	457	26	22
579	455	24	24
586	449	19	24
591	449	19	22
592	452	21	21
591	450	21	24
591	452	20	23
591	458	19	22
587	457	21	24
583	460	18	26
574	459	17	29
572	460	18	26
563	464	19	26
554	463	20	27
545	464	21	28
538	462	19	27
529	456	23	28
528	458	23	26
526	451	24	29
521	443	21	29
519	438	25	28
518	435	25	26
520	432	21	26
519	430	24	27
518	429	22	25
516	425	24	23
515	422	24	24
512	418	28	24
511	413	26	26
510	412	26	26
510	406	25	25
512	402	26	28
511	403	22	27
511	402	25	27
505	398	25	25
505	398	25	25
501	393	25	25
500	392	23	23
496	387	25	23
494	384	27	24
495	381	26	23
497	381	25	22
493	374	23	25
489	372	25	25
488	370	27	25
488	369	26	23
489	367	28	25
488	370	26	23
487	368	30	25
484	365	26	22
479	361	26	24
474	358	28	23
472	353	28	24
473	355	27	24
471	350	25	23
466	349	27	21
467	350	28	24
464	352	31	23
465	351	30	22
469	358	31	26
475	366	28	23
476	376	30	26
485	392	30	22
490	407	31	21
488	409	32	21
497	418	31	23
507	431	29	23
513	441	31	23
518	449	31	23
527	456	32	18
529	456	32	16
536	454	32	18
543	457	33	20
552	459	32	20
557	464	35	20
563	470	33	18
563	467	33	20
569	472	32	21
579	476	31	17
584	475	31	19
591	471	29	16
594	467	29	17
594	469	31	18
595	460	32	19
597	452	33	16
594	442	32	16
590	431	30	16
583	418	34	15
584	417	31	15
574	404	29	17
568	393	31	18
555	385	32	16
545	377	30	17
536	368	32	17
535	367	32	19
522	364	33	16
514	354	33	19
508	345	34	20
504	343	35	12
504	336	34	14
505	335	31	14
504	330	29	14
501	329	27	11
501	329	28	10
501	322	27	13
503	322	26	13
504	324	24	12
504	322	28	11
508	322	36	14
516	327	31	15
529	334	29	17
537	352	31	23
538	354	31	19
556	362	29	19
569	371	28	19
581	376	28	19
588	383	28	16
596	386	35	14
596	383	35	18
605	386	30	15
613	389	28	17
619	394	30	18
629	400	31	16
636	408	28	15
636	407	28	15
641	413	28	17
639	416	29	14
635	416	28	14
633	409	28	16
628	409	30	10
631	406	29	14
625	399	30	16
624	397	30	15
621	393	33	14
618	394	31	14
622	398	31	14
623	394	28	17
624	397	30	18
623	401	31	13
624	407	31	12
625	412	33	11
633	409	30	15
633	408	29	17
638	414	30	15
640	421	33	10
640	412	33	18
643	410	31	20
641	409	33	16
642	407	32	18
635	403	36	19
629	397	35	17
629	392	34	18
626	393	36	16
623	392	38	16
623	391	33	16
623	386	36	19
620	381	35	18
616	379	35	18
612	376	36	18
605	375	41	20
607	378	39	18
604	376	41	16
601	377	36	18
593	376	40	20
594	379	38	19
594	384	36	19
594	381	35	21
596	388	37	21
598	395	37	19
599	398	38	22
599	405	39	18
597	409	40	21
597	409	39	21
599	416	38	19
603	420	42	21
610	423	40	20
614	424	40	20
617	425	40	19
617	424	39	19
621	421	41	22
628	421	40	21
632	421	43	22
635	420	41	20
636	418	39	21
634	418	44	23
635	414	45	20
634	406	45	23
633	401	45	20
631	392	47	24
631	392	45	21
632	394	42	22
629	392	45	24
629	401	44	22
628	414	51	19
627	424	50	22
631	436	47	22
635	435	44	23
631	447	49	24
633	455	51	23
635	463	46	23
627	470	68	22
632	474	58	19
633	472	54	22
630	474	59	24
630	473	59	23
635	474	57	22
630	469	63	23
632	469	64	22
633	466	64	23
639	470	65	22
637	469	69	23
643	473	71	23
649	477	67	22
650	474	72	23
650	473	70	23
656	477	72	23
658	480	68	24
657	488	76	24
657	491	71	24
654	489	71	25
658	488	70	25
651	486	71	24
651	484	70	23
656	482	74	23
658	477	69	24
663	473	73	23
662	476	74	23
668	471	69	24
676	469	68	23
684	469	66	23
689	467	64	22
698	465	63	21
693	466	66	21
698	464	62	21
698	464	60	21
692	463	61	20
690	461	60	20
689	462	58	18
689	460	56	20
688	457	55	19
685	457	52	18
682	454	50	18
680	446	46	18
678	444	48	17
679	442	48	20
681	439	49	18
679	435	50	17
686	428	46	18
685	421	48	20
688	417	48	19
688	419	46	18
689	408	49	20
692	405	49	19
698	395	51	21
701	392	51	20
707	391	52	21
707	393	51	22
713	390	55	19
723	393	51	20
728	398	53	22
727	405	53	20
724	403	54	20
723	409	54	23
715	419	55	24
706	433	56	23
705	443	55	24
694	455	59	25
696	456	55	23
683	466	59	24
668	473	63	23
649	480	66	23
634	482	65	26
619	486	64	25
621	485	66	23
602	486	74	26
601	486	66	25
593	490	70	24
594	488	69	24
594	487	69	24
594	490	70	24
597	485	71	25
599	486	72	25
603	482	71	24
598	478	71	24
594	473	70	23
599	473	67	23
586	470	74	24
588	464	65	22
573	461	69	25
560	462	68	22
554	461	64	22
558	462	63	21
545	460	66	22
538	460	64	21
530	458	63	20
527	454	61	20
526	455	55	20
528	455	57	20
526	458	57	19
526	461	57	19
527	466	60	20
531	466	56	20
540	469	51	19
537	469	53	18
544	471	54	18
550	470	53	18
551	472	56	18
553	472	57	18
554	470	55	18
551	469	59	18
552	467	56	19
551	466	56	17
546	463	56	17
538	459	58	17
538	455	55	16
540	457	51	16
532	451	58	16
529	449	53	17
527	446	55	16
518	444	60	17
516	441	60	18
519	442	59	17
509	440	65	18
505	440	66	18
500	442	70	18
497	445	72	19
496	447	75	19
495	445	72	20
496	449	77	19
497	451	80	20
496	450	88	21
495	449	90	21
495	447	96	23
491	449	99	23
494	447	99	24
487	451	109	24
492	450	108	24
486	453	118	27
484	458	123	26
490	455	118	26
483	459	126	28
478	463	137	28
475	464	145	29
477	468	150	30
468	467	160	31
467	468	163	33
458	473	169	34
454	471	175	35
449	476	186	36
448	474	190	38
445	475	197	40
448	474	192	38
440	473	198	38
429	467	202	40
433	461	208	42
425	461	222	40
425	457	225	44
426	456	225	43
433	454	227	46
429	449	212	44
443	434	229	43
456	427	237	46
468	420	228	49
465	417	236	50
489	411	226	50
510	400	223	50
530	399	219	49
554	393	209	48
581	400	191	50
577	400	196	47
587	407	193	48
601	410	180	45
626	418	163	43
638	417	151	42
642	424	144	42
646	424	149	39
650	430	138	40
659	437	133	37
654	437	127	35
658	436	122	35
660	441	109	35
661	439	118	32
660	443	105	32
664	441	106	31
659	438	103	30
660	435	100	29
661	432	97	28
663	431	90	29
662	432	87	27
662	432	87	26
669	429	81	25
672	433	75	26
670	432	79	25
688	437	69	23
693	440	65	24
699	444	61	22
701	442	62	22
706	445	58	22
704	445	58	21
705	443	55	21
708	443	54	20
708	440	51	22
707	442	52	20
705	440	52	20
706	440	48	20
704	439	48	20
702	439	48	19
699	437	49	20
702	438	48	19
696	435	50	18
698	435	46	18
698	435	45	19
701	433	44	17
701	433	44	15
702	432	42	15
702	430	42	17
704	429	43	18
702	430	45	16
708	432	44	16
711	433	41	16
713	432	42	15
718	434	41	17
721	436	41	18
724	437	45	18
728	440	41	17
733	442	44	18
731	441	45	19
736	444	47	17
742	447	47	17
749	449	49	19
758	455	46	20
764	462	48	22
764	462	48	19
765	467	50	24
772	476	52	21
779	482	54	22
781	486	56	23
779	490	56	20
779	489	55	23
779	493	53	20
773	492	54	20
770	492	54	20
763	490	53	20
755	488	53	19
759	489	50	19
749	488	50	18
744	489	47	20
737	490	48	18
730	492	48	20
725	492	48	19
728	494	47	19
720	493	48	18
720	495	45	17
719	497	44	19
717	499	48	19
714	501	49	20
718	500	47	20
717	499	46	20
719	496	48	18
722	493	46	18
720	491	46	19
722	493	46	20
725	489	45	20
729	488	43	20
729	482	42	18
732	475	40	21
735	469	39	21
736	472	38	19
735	465	40	22
737	467	40	22
738	463	40	22
743	467	40	21
744	468	40	24
743	466	41	25
745	470	43	22
745	465	42	25
749	464	39	23
749	459	38	21
748	457	38	23
746	456	40	24
744	453	41	25
744	451	38	21
743	448	38	23
740	448	40	21
740	445	37	19
740	447	36	20
736	442	36	22
735	438	35	22
735	437	33	20
734	433	35	21
735	431	33	21
732	434	36	21
734	429	35	18
734	425	34	20
736	421	36	21
738	417	37	19
740	411	36	21
742	414	35	18
744	411	34	20
747	409	31	21
750	407	31	21
752	406	32	20
755	408	30	20
757	407	30	20
759	408	29	20
760	404	32	24
763	407	30	22
767	404	31	25
774	408	28	23
771	405	30	26
779	408	28	22
787	401	30	25
795	399	31	25
802	393	33	25
808	387	34	28
809	388	36	25
815	384	36	29
822	379	35	29
825	376	35	31
828	373	36	29
830	376	38	29
832	374	39	29
828	375	37	32
823	377	39	33
823	376	40	32
823	381	40	35
825	380	42	36
824	384	39	34
828	386	43	37
828	390	40	36
832	392	38	38
829	386	39	42
829	382	40	40
827	386	41	39
829	376	43	41
834	373	42	42
831	368	42	42
834	365	43	41
837	355	40	42
834	358	41	41
833	344	41	45
832	336	39	43
830	340	41	41
829	325	41	45
827	321	42	43
827	321	43	41
827	322	42	40
827	321	41	41
826	321	41	40
827	320	41	41
824	319	41	41
828	317	41	41
831	322	41	37
829	320	44	39
831	324	42	37
833	327	44	38
835	330	41	39
839	337	40	40
842	342	41	36
843	338	46	39
842	341	42	40
845	336	45	41
845	333	43	39
844	328	45	39
847	321	46	40
842	318	43	41
843	319	47	38
839	311	46	41
838	307	43	39
832	301	46	41
826	294	49	38
824	289	48	38
827	290	49	34
824	280	46	37
821	275	46	37
819	267	46	33
820	262	49	35
822	259	52	37
820	259	52	35
829	257	48	34
833	257	48	36
839	257	50	34
847	259	49	33
856	260	51	32
853	260	54	32
863	263	49	33
866	271	51	33
871	272	55	31
876	274	52	33
880	275	52	29
883	273	52	31
879	270	54	32
878	268	53	32
869	265	52	33
860	263	52	33
852	260	56	33
850	261	58	31
842	263	57	34
829	260	56	33
820	258	54	33
812	261	53	34
799	262	57	34
799	261	60	31
792	264	55	33
786	269	57	30
781	268	56	33
779	267	55	30
776	265	55	33
774	266	57	30
773	263	56	31
770	257	57	30
774	255	55	29
774	251	54	28
777	247	55	28
777	249	52	29
780	244	53	28
777	240	54	27
771	236	58	27
768	233	56	32
757	235	57	28
757	235	57	28
749	238	57	28
738	237	60	28
732	240	55	29
727	239	57	27
723	237	56	26
722	236	56	27
719	231	58	27
713	227	57	27
712	226	55	26
714	223	57	27
715	226	55	26
717	224	57	27
720	227	56	26
723	227	58	25
730	233	57	27
732	237	60	26
735	240	60	26
740	239	57	27
742	243	57	26
745	246	58	26
748	250	59	26
751	253	60	26
748	257	60	25
751	255	60	24
751	258	59	25
751	255	60	26
750	258	60	26
750	255	62	27
749	259	58	25
749	255	60	26
748	258	61	26
746	253	59	27
744	252	62	25
744	250	61	26
741	251	62	24
739	249	63	26
739	253	61	25
735	256	61	26
730	259	62	27
728	262	61	25
726	261	65	25
733	263	57	27
734	267	61	26
738	274	60	27
742	281	60	27
748	286	62	24
750	287	64	24
755	289	61	25
762	291	60	23
769	288	63	25
777	284	62	24
783	281	64	26
783	282	63	24
791	278	61	23
794	277	62	23
802	280	58	23
808	277	61	24
807	280	62	23
807	278	63	23
806	278	63	23
802	276	63	23
800	273	63	23
798	271	63	23
789	267	65	23
789	270	64	23
774	264	66	23
766	258	66	23
756	255	67	23
746	253	68	23
738	253	67	22
742	254	64	23
732	253	66	23
728	251	64	23
723	249	66	22
724	244	63	23
724	247	63	22
723	242	65	23
723	234	65	22
727	232	65	21
727	232	62	22
728	230	62	22
731	226	62	22
725	229	63	21
723	228	62	21
715	231	63	22
718	231	62	22
705	234	66	22
701	238	62	23
695	241	63	23
687	245	63	23
678	248	64	23
681	247	64	22
670	250	64	21
661	246	66	21
652	244	64	22
645	243	63	22
639	240	63	22
640	240	62	22
633	238	63	21
632	236	63	21
630	234	62	21
629	228	60	22
631	226	62	22
632	227	61	22
634	221	63	22
632	219	62	22
639	217	61	22
642	218	61	21
645	218	61	21
642	218	62	21
646	221	61	22
645	224	61	22
645	230	61	24
646	237	60	24
649	246	61	23
652	246	61	21
651	256	62	24
654	264	62	24
650	274	60	23
649	287	58	25
644	302	59	23
643	305	62	22
639	316	57	22
632	328	59	24
625	340	58	23
616	352	61	21
610	360	61	21
610	363	60	20
601	369	60	21
592	376	61	21
585	379	60	21
577	382	61	21
572	385	60	20
573	384	59	19
565	387	63	20
562	387	61	21
560	385	62	21
553	383	67	20
549	381	68	20
553	380	66	21
546	376	70	21
540	373	75	22
540	369	74	21
535	367	75	24
532	366	77	24
533	367	74	25
527	370	81	26
528	374	78	27
520	384	88	28
527	390	82	27
521	400	88	28
523	399	85	28
530	410	93	30
543	419	98	31
558	428	100	32
575	433	101	32
590	439	98	30
594	439	97	29
599	438	107	28
615	437	95	29
616	436	101	28
623	436	97	28
621	435	100	28
621	434	99	28
620	434	100	28
612	434	105	28
604	439	103	29
599	443	105	29
594	448	103	29
603	450	93	27
589	453	111	29
590	453	101	28
590	453	103	27
593	453	105	28
595	450	109	28
604	450	100	27
605	449	108	27
613	441	109	27
626	437	104	29
636	436	109	29
650	435	108	30
650	434	106	30
659	430	112	30
674	427	110	30
684	423	111	30
691	422	105	31
682	422	115	33
685	422	110	32
676	427	114	32
674	426	113	32
667	431	112	30
662	430	116	31
659	429	115	32
663	428	109	32
657	427	113	31
662	424	113	31
657	420	114	31
650	413	119	28
646	405	120	26
651	404	118	30
639	396	123	27
634	394	121	31
620	392	122	32
618	393	120	33
604	398	120	33
612	399	115	29
592	398	121	33
578	404	121	32
569	409	125	31
565	415	125	33
578	421	110	32
572	422	119	31
576	427	123	31
587	426	123	32
593	422	121	32
603	422	124	31
611	426	130	31
608	424	127	33
624	427	125	30
639	431	124	32
652	436	127	32
669	438	122	30
668	439	125	32
670	438	120	32
659	435	129	31
642	427	132	32
626	424	135	30
612	415	133	29
604	414	131	33
604	415	123	30
590	413	133	32
580	411	132	33
566	410	132	33
553	408	138	31
546	404	136	30
555	404	129	30
546	399	139	31
551	396	132	30
556	394	132	32
550	392	135	34
553	399	130	31
557	403	134	32
563	410	131	30
559	409	132	33
563	416	134	31
564	422	134	32
568	429	137	30
575	429	135	32
572	426	138	31
574	425	136	30
571	419	134	30
562	409	138	28
556	400	136	28
547	393	140	29
541	386	138	29
540	386	139	32
533	382	139	31
524	382	141	35
524	382	140	32
522	387	137	32
532	393	139	31
523	393	143	35
537	403	141	29
541	413	144	30
549	417	138	33
563	418	141	34
570	424	140	33
577	421	136	31
582	425	136	33
592	425	139	31
599	429	137	33
598	426	135	31
594	425	142	31
595	426	139	32
591	423	139	31
579	421	143	33
575	420	143	32
572	417	140	31
570	413	138	31
564	414	143	33
560	410	143	32
554	407	140	31
544	403	144	31
540	399	139	31
534	398	143	30
532	400	144	31
528	397	139	33
530	403	136	31
527	403	143	30
523	403	143	33
526	405	139	32
526	404	138	31
533	404	136	30
539	403	134	30
546	396	132	29
545	390	144	29
561	383	135	29
546	380	145	33
564	377	138	30
566	374	134	30
563	373	138	29
557	371	144	32
556	377	137	31
559	373	132	30
551	378	139	32
550	377	138	31
547	376	136	30
547	376	134	30
553	375	132	29
548	374	136	29
548	373	145	29
556	369	130	30
553	369	145	29
554	367	135	30
564	367	139	30
563	366	134	30
566	370	138	32
572	376	137	30
578	381	135	30
585	383	133	30
586	388	131	29
589	384	135	29
588	390	130	29
588	394	138	31
588	395	130	30
594	397	131	29
588	397	129	28
594	396	126	28
582	400	138	30
586	397	128	28
572	401	138	28
565	400	131	28
558	399	133	28
561	398	127	28
552	400	130	28
542	404	131	28
540	401	126	28
532	406	129	27
535	402	124	28
534	404	128	27
537	400	123	27
535	400	126	27
537	396	121	27
537	397	129	28
535	401	127	30
536	398	125	29
541	404	125	29
540	409	125	30
541	415	124	28
546	418	124	31
544	425	126	29
547	424	121	28
551	425	122	28
556	426	122	29
560	423	124	28
571	420	122	27
577	408	120	27
573	411	126	30
585	403	124	26
588	395	120	26
599	386	118	26
594	380	116	26
594	377	116	26
593	375	119	27
587	372	119	27
583	376	119	30
580	381	119	28
582	381	115	26
581	380	112	26
584	379	113	27
582	377	112	26
581	374	112	25
581	365	121	25
583	362	111	26
594	357	107	25
585	360	115	26
590	349	114	25
597	346	108	25
596	343	108	24
591	341	107	24
582	339	110	25
582	339	110	24
575	338	108	25
568	335	108	24
549	339	116	24
546	334	105	23
535	337	113	25
535	334	106	24
525	338	113	25
527	342	107	25
529	352	103	24
526	356	109	23
538	362	105	23
536	365	103	23
540	369	102	22
547	367	105	25
558	372	104	24
567	370	104	23
577	369	102	23
572	370	101	22
583	363	99	22
583	364	106	21
586	368	107	22
592	367	102	23
590	366	101	22
591	366	99	22
593	365	102	21
591	364	98	23
591	363	97	22
591	365	97	21
590	364	100	21
592	364	96	21
589	362	103	23
589	360	97	22
593	357	97	21
594	355	96	21
596	352	99	23
597	356	95	22
601	349	96	21
602	348	94	21
599	348	100	20
605	347	95	21
603	344	93	21
600	345	99	22
603	346	94	21
606	346	94	21
607	349	93	20
609	348	95	22
611	352	92	21
611	350	92	20
614	349	94	22
625	347	91	23
628	346	92	21
632	341	92	20
636	340	90	22
636	339	89	22
635	337	90	20
636	336	90	21
629	332	92	20
620	335	90	21
624	334	90	22
612	339	92	21
609	344	89	20
603	351	89	21
591	355	91	20
587	355	90	23
589	357	87	21
579	360	89	21
580	359	88	22
573	363	88	22
571	365	89	23
573	367	85	21
573	367	85	21
570	371	86	20
575	374	83	21
572	378	83	21
580	381	84	21
583	384	84	21
583	387	85	22
594	385	83	22
605	389	80	21
613	386	83	22
624	386	82	21
634	382	80	20
630	383	84	23
639	382	82	21
643	379	80	22
645	380	84	22
640	377	87	22
640	381	79	22
643	380	79	22
636	384	80	22
630	381	80	22
626	385	80	22
619	383	81	21
617	386	78	22
621	385	78	22
618	388	77	22
616	388	78	21
615	385	79	22
615	384	78	21
613	379	77	21
617	381	76	22
610	376	77	20
605	371	78	22
599	369	78	21
590	367	78	21
577	370	78	21
582	369	74	21
573	374	75	20
566	376	78	22
558	374	76	21
551	374	80	20
550	378	72	20
548	375	77	20
558	379	72	18
560	372	73	18
567	366	73	18
578	359	74	17
591	358	74	18
590	358	76	19
605	356	74	19
624	358	76	20
642	361	76	20
661	362	80	21
676	366	80	21
679	370	76	19
690	372	80	22
697	381	84	22
708	388	82	23
719	392	81	22
713	401	88	22
718	401	84	22
709	404	88	23
713	408	80	22
714	405	86	22
710	405	88	22
717	400	83	22
712	399	87	23
718	397	83	20
718	392	83	22
721	389	86	20
724	379	86	20
728	373	85	19
728	376	85	20
730	362	87	19
731	353	86	19
723	344	89	20
728	342	86	20
719	345	87	20
722	340	87	21
715	346	89	22
709	347	90	21
701	354	87	22
696	354	91	20
688	353	89	20
688	352	89	20
679	345	89	22
667	336	94	21
660	327	89	20
657	321	86	21
648	321	89	21
650	320	88	22
642	324	91	21
633	321	88	22
626	320	88	22
619	317	88	22
612	313	92	22
612	314	91	21
605	311	92	22
599	304	91	21
590	301	90	23
579	296	92	22
575	294	90	22
577	292	86	24
564	293	91	24
561	291	87	23
551	294	94	24
550	294	86	22
542	297	92	23
545	297	87	23
534	300	93	23
531	304	94	25
533	310	90	27
529	315	94	26
526	320	93	26
526	323	93	26
523	327	94	28
520	337	88	27
520	345	88	28
519	349	88	28
519	358	89	26
520	359	88	24
522	366	93	26
526	370	93	26
536	374	89	26
541	371	87	25
548	374	94	26
545	374	90	25
557	371	89	25
565	369	94	25
568	364	97	23
577	358	95	25
583	357	91	26
580	356	91	25
584	354	90	24
586	349	94	25
588	348	90	25
589	343	96	25
588	340	93	26
587	339	92	26
588	334	98	26
591	330	91	26
596	328	90	26
596	327	91	27
599	330	93	28
596	330	91	27
596	333	93	29
599	338	95	30
599	347	96	30
605	351	93	31
603	356	97	28
607	354	90	28
606	356	94	30
608	357	90	28
610	359	94	30
609	360	95	30
603	365	100	32
609	367	96	30
606	372	97	32
607	383	93	29
606	391	95	31
608	400	93	33
605	414	92	31
604	413	92	32
603	425	93	33
601	435	94	31
593	445	93	33
590	450	95	33
583	456	96	34
583	460	95	34
582	464	95	34
581	462	95	32
580	459	95	33
579	458	96	34
579	458	97	34
579	458	95	34
584	462	95	34
594	462	94	32
598	461	94	33
602	460	95	33
599	464	94	34
600	461	94	32
606	466	91	33
598	465	94	33
589	464	95	33
580	464	96	32
580	464	96	34
567	461	94	32
553	460	100	33
541	464	98	35
533	464	97	33
520	463	97	32
521	462	93	34
505	463	102	34
493	467	100	35
485	468	99	34
477	474	96	33
470	473	94	33
475	474	93	34
466	475	93	34
465	478	93	35
466	476	93	33
471	480	92	33
469	480	94	33
469	479	93	34
475	483	90	33
478	482	93	33
475	481	92	33
480	481	92	32
475	479	90	31
478	478	90	31
472	471	91	32
467	465	90	32
467	459	90	32
464	459	90	32
469	453	89	32
463	457	89	32
462	449	89	32
462	443	89	32
459	437	89	32
463	431	89	32
459	432	87	32
459	432	88	30
464	436	86	31
452	440	86	31
449	445	88	31
445	448	84	31
438	443	85	30
437	442	88	31
427	447	84	30
420	450	83	30
413	455	85	30
414	459	84	30
413	464	84	30
414	468	84	30
418	469	84	29
412	473	84	29
417	472	83	30
420	471	85	29
424	471	85	30
428	470	86	29
437	464	85	31
449	456	84	30
453	445	84	30
469	430	84	30
477	419	86	30
483	424	83	29
487	409	82	29
491	403	82	31
496	403	81	30
499	402	82	29
499	401	82	29
498	401	82	29
502	402	81	29
502	401	81	29
507	394	78	28
511	391	78	28
514	386	78	29
512	390	77	27
520	382	76	29
531	382	76	28
542	381	77	28
552	381	77	28
563	385	77	28
562	384	77	28
566	388	77	27
576	391	74	28
582	395	70	30
585	400	71	27
587	407	73	29
585	407	77	27
589	415	75	29
591	420	72	28
596	430	70	28
593	437	74	30
598	449	73	28
601	449	73	27
605	457	72	26
610	461	71	26
618	464	72	26
622	464	72	25
626	468	71	25
626	465	71	26
633	469	73	25
641	468	71	24
644	471	72	25
645	467	70	25
637	462	72	25
635	465	71	25
627	459	70	24
612	457	74	25
601	456	71	25
586	449	71	25
570	444	73	25
571	448	71	24
556	439	71	25
548	432	70	25
546	423	70	25
546	417	69	25
546	407	71	24
550	410	69	24
551	398	74	24
556	391	71	25
564	388	71	25
567	381	71	25
575	381	73	25
575	381	71	24
579	375	72	26
587	375	72	26
592	372	67	26
595	374	69	25
597	371	65	25
594	371	67	25
597	367	68	27
605	362	67	29
609	357	66	27
613	360	66	28
617	355	66	26
618	357	64	28
621	352	65	28
625	347	67	29
629	342	66	29
628	339	62	31
623	335	61	29
626	336	63	34
614	332	65	31
602	336	60	30
592	339	61	30
584	347	57	32
574	358	58	30
577	356	60	34
567	365	61	36
562	373	59	38
564	379	56	33
568	381	55	35
572	381	55	35
573	380	52	35
576	382	54	38
579	378	54	36
585	381	53	36
593	379	52	35
601	380	50	41
598	381	51	36
601	376	51	39
592	379	50	40
586	372	48	40
577	371	52	39
574	370	45	40
573	369	48	41
562	370	50	45
556	378	48	38
549	376	48	43
548	379	45	43
543	383	45	45
543	382	45	45
541	386	45	43
541	387	44	44
548	387	45	43
548	386	44	44
552	383	42	44
552	387	42	43
559	385	43	43
559	384	41	43
563	388	40	42
563	385	42	46
568	388	40	48
565	387	40	44
568	390	40	46
577	393	37	38
577	398	39	41
576	402	40	40
580	406	39	39
583	406	39	39
580	413	39	39
575	418	38	38
567	421	41	36
562	419	40	39
554	424	38	36
557	421	38	37
544	422	41	34
539	424	40	36
534	423	38	31
527	425	37	31
519	430	39	34
520	430	35	29
519	431	43	32
525	439	38	30
526	436	40	34
531	442	37	30
530	439	38	33
540	446	32	24
545	446	37	28
557	447	35	26
564	448	33	21
565	442	36	27
565	441	37	28
568	440	26	19
568	438	30	22
561	434	35	21
554	430	36	21
548	427	37	18
547	426	40	21
537	421	39	19
522	413	43	18
516	408	38	16
517	407	34	17
512	406	37	16
509	405	39	19
509	409	37	16
506	412	38	14
511	416	31	14
509	419	35	12
513	420	36	12
514	420	34	12
517	422	36	11
521	422	39	12
524	423	41	10
530	420	41	10
535	413	44	11
536	415	45	11
533	408	51	10
539	400	44	11
537	390	52	11
540	378	49	14
534	375	54	12
536	378	47	12
526	369	52	12
528	364	52	15
529	363	50	16
528	359	57	17
530	358	53	18
530	358	54	18
528	360	53	15
531	352	52	19
533	350	52	20
536	349	54	17
543	349	57	17
544	348	54	17
555	349	51	20
564	352	52	20
578	360	53	19
603	370	54	18
622	376	57	18
622	375	55	19
634	382	56	17
644	385	58	16
649	383	62	16
645	374	64	15
636	364	63	16
641	366	56	16
627	352	62	16
621	341	60	16
601	329	62	15
592	323	59	14
574	312	66	17
577	315	58	17
563	311	63	16
557	309	61	17
548	308	64	17
549	314	69	17
556	316	70	18
558	317	65	16
562	318	68	19
565	322	67	18
570	325	70	18
575	326	67	21
579	329	65	21
581	330	67	19
583	332	68	21
587	336	68	20
592	339	70	19
593	341	67	20
598	345	69	19
596	345	69	18
598	344	72	19
593	338	70	20
589	329	70	21
582	317	67	23
579	306	71	22
580	305	72	23
575	293	69	22
567	284	73	23
556	279	70	21
544	282	77	22
543	281	70	22
542	281	71	22
