0.002000
0.174121
0.177531
0.169312
0.167155
0.160378
0.176082
0.168231
0.168037
0.167331
0.169525
0.179110
0.173038
0.167357
0.167197
0.170625
0.169401
0.169416
0.182086
0.172129
0.170659
0.169662
0.169633
0.169093
0.169184
0.177059
0.178416
0.171096
0.171458
0.168712
0.169178
0.170145
0.168825
0.169065
0.177039
0.181223
0.175640
0.176038
0.170044
0.170140
0.165639
0.164944
0.164143
0.166318
0.167307
0.167852
0.168134
0.169037
0.170038
0.173152
0.175039
0.176065
0.174095
0.174414
0.167295
0.164160
0.164669
0.166271
0.136125
0.077183
0.077017
0.074634
0.073632
0.072789
0.074397
0.076432
0.076131
0.076017
0.077017
0.076603
0.076017
0.076139
0.082763
0.077748
0.077017
0.100026
0.080017
0.076120
0.079018
0.081446
0.077016
0.073849
0.075247
0.080354
0.097917
0.093181
0.096021
0.137169
0.153033
0.154119
0.153034
0.134030
0.156034
0.156033
0.155154
0.155362
0.146298
0.170039
0.178807
0.165036
0.177528
0.179118
0.157031
0.133882
0.154467
0.154138
0.154165
0.155146
0.156327
0.157152
0.155123
0.156748
0.155102
0.136030
0.164199
0.159034
0.160534
0.159714
0.159975
0.154290
0.158387
0.157561
0.159492
0.160081
0.161439
0.163469
0.115048
0.156837
0.155670
0.157374
0.156034
0.157732
0.160075
0.158215
0.159422
0.156710
0.158232
0.120460
0.157048
0.158035
0.157034
0.158035
0.159483
0.159035
0.159099
0.158035
0.158266
0.158079
0.159034
0.159138
0.167037
0.179039
0.179065
0.169121
0.160138
0.123056
0.165036
0.162530
0.162036
0.162162
0.161098
0.162530
0.159969
0.160105
0.159116
0.159572
0.158529
0.157656
0.159576
0.161036
0.159124
0.160036
0.159107
0.157537
0.158314
0.158287
0.158597
0.158035
0.157088
0.158035
0.162246
0.158436
0.142182
0.158216
0.158098
0.158175
0.163455
0.175038
0.180337
0.179332
0.176878
0.180047
0.175039
0.179401
0.178643
0.179039
0.177057
0.179092
0.184040
0.162035
0.164036
0.164076
0.165037
0.160035
0.159035
0.157138
0.156034
0.157035
0.157064
0.157034
0.157035
0.157034
0.161036
0.161035
0.160863
0.160856
0.157885
0.145087
0.160242
0.157054
0.156336
0.157034
0.159035
0.166037
0.181039
0.176188
0.181035
0.175333
0.177108
0.178507
0.181194
0.176039
0.177038
0.176039
0.176059
0.153033
0.159035
0.160327
0.165038
0.162036
0.163036
0.164489
0.163036
0.161309
0.160035
0.159058
0.160035
0.159035
0.159035
0.160036
0.159035
0.160035
0.160051
0.159132
0.160035
0.160035
0.160035
0.160259
0.157034
0.156034
0.157035
0.155034
0.155033
0.158035
0.157034
0.156034
0.156034
0.156034
0.158134
0.160520
0.164695
0.162196
0.160035
0.159035
0.159413
0.158035
0.160098
0.160035
0.160035
0.161036
0.160035
0.160035
0.162185
0.162035
0.162089
0.158035
0.155034
0.156034
0.155034
0.156034
0.158035
0.158313
0.156034
0.156597
0.159035
0.157035
0.159035
0.159035
0.159035
0.164054
0.162132
0.159119
0.159035
0.158034
0.157035
0.157252
0.158035
0.158035
0.132248
0.160035
0.158301
0.158169
0.165036
0.161035
0.160035
0.159035
0.160035
0.164036
0.162315
0.161367
0.158034
0.159035
0.157034
0.158049
0.157035
0.160035
0.164036
0.162036
0.159035
0.158034
0.156501
0.161036
0.161036
0.158232
0.161035
0.160708
0.160035
0.158035
0.161036
0.160035
0.159035
0.158035
0.162035
0.161035
0.161035
0.164036
0.163036
0.160035
0.159034
0.164582
0.161542
0.160035
0.158035
0.157034
0.158050
0.163553
0.164058
0.162036
0.162035
0.164052
0.163036
0.161035
0.159514
0.164036
0.163267
0.160035
0.160035
0.158106
0.163309
0.161035
0.159034
0.158035
0.158034
0.164036
0.163575
0.163036
0.160035
0.165036
0.165036
0.162036
0.163091
0.164080
0.162036
0.161190
0.163203
0.163036
0.161036
0.158036
0.164036
0.163125
0.160035
0.158035
0.163487
0.163036
0.161245
0.161036
0.158035
0.159035
0.158034
0.158035
0.181040
0.180057
0.177035
0.176120
0.177039
0.176039
0.180039
0.157035
0.160053
0.157963
0.159035
0.158035
0.158125
0.158035
0.158035
0.161415
0.161035
0.181040
0.179040
0.159145
0.160035
0.157245
0.157055
0.157034
0.158035
0.159251
0.157925
0.158035
0.159035
0.176039
0.181040
0.181040
0.177039
0.178402
0.181039
0.180040
0.177039
0.179039
0.176038
0.166394
0.160035
0.159035
0.158698
0.156770
0.158377
0.158035
0.158035
0.158034
0.160483
0.158772
0.159092
0.158035
0.167484
0.166036
0.163481
0.162035
0.163036
0.165210
0.163250
0.163036
0.166036
0.160036
0.158035
0.166058
0.161561
0.160390
0.158034
0.159035
0.162035
0.159035
0.160035
0.158258
0.156805
0.160035
0.159035
0.163035
0.163036
0.160035
0.159223
0.162190
0.164036
0.161813
0.159035
0.159035
0.159035
0.158035
0.163477
0.160035
0.162109
0.164034
0.164075
0.178172
0.182039
0.169037
0.168036
0.165036
0.163036
0.160036
0.158035
0.160036
0.161036
0.157548
0.160035
0.158035
0.157400
0.158035
0.158544
0.157097
0.158490
0.156912
0.159035
0.157979
0.158088
0.159016
0.158994
0.159535
0.159087
0.160035
0.158989
0.157621
0.158643
0.158093
0.157679
0.158076
0.158598
0.158035
0.157637
0.159035
0.160598
0.163389
0.165852
0.165036
0.164466
0.160652
0.164036
0.164113
0.159843
0.159542
0.158807
0.158271
0.156961
0.166036
0.164036
0.162036
0.160035
0.159035
0.158035
0.161035
0.160035
0.166037
0.165036
0.163036
0.161035
0.159035
0.158066
0.158034
0.157155
0.158035
0.129070
0.158035
0.161119
0.160035
0.160028
0.161571
0.162036
0.161054
0.165037
0.165285
0.163322
0.162036
0.162035
0.159318
0.164036
0.163052
0.161345
0.158035
0.161081
0.161035
0.160035
0.161035
0.159035
0.163035
0.164036
0.164036
0.163036
0.161054
0.164036
0.164036
0.162036
0.161035
0.160035
0.163036
0.162415
0.162035
0.162036
0.161035
0.160739
0.170037
0.167037
0.165036
0.164087
0.162035
0.157959
0.156072
0.157034
0.157034
0.157035
0.158035
0.164036
0.165143
0.165036
0.164036
0.175229
0.167037
0.164036
0.164096
0.162123
0.162035
0.161035
0.162036
0.160972
0.159035
0.160035
0.165036
0.164096
0.162035
0.160177
0.161035
0.164036
0.163036
0.166919
0.165036
0.163095
0.162036
0.161035
0.160035
0.160083
0.159035
0.160462
0.159035
0.165036
0.165036
0.162035
0.164036
0.163331
0.162036
0.161035
0.164036
0.164036
0.161034
0.165448
0.165036
0.162034
0.163036
0.160058
0.160408
0.165154
0.164132
0.162057
0.164036
0.163154
0.161035
0.161442
0.160035
0.160036
0.160035
0.160035
0.164036
0.164036
0.166037
0.165055
0.164136
0.163079
0.163215
0.160035
0.160035
0.159035
0.160236
0.166036
0.164145
0.162035
0.164036
0.162035
0.161497
0.164249
0.164312
0.163035
0.160035
0.162036
0.160035
0.159035
0.167037
0.165036
0.163074
0.163164
0.164036
0.163098
0.168365
0.165453
0.164036
0.163036
0.161036
0.160035
0.160035
0.160035
0.159127
0.166036
0.164036
0.163036
0.161035
0.165036
0.165079
0.163112
0.162035
0.159234
0.165037
0.164294
0.163036
0.165036
0.164036
0.165095
0.164036
0.163036
0.161721
0.160058
0.159284
0.160035
0.165486
0.164036
0.162035
0.161437
0.162036
0.165089
0.164036
0.161484
0.161035
0.171275
0.184041
0.185366
0.181040
0.184041
0.181040
0.181039
0.177372
0.175039
0.173039
0.170038
0.164036
0.160035
0.161035
0.163036
0.161036
0.162036
0.166037
0.164036
0.163035
0.161422
0.161035
0.162302
0.166095
0.163036
0.163036
0.162035
0.162035
0.161035
0.180056
0.178449
0.176039
0.173552
0.175038
0.172038
0.161214
0.160035
0.162036
0.161036
0.160066
0.160036
0.161035
0.162036
0.161205
0.161036
0.159531
0.162036
0.159034
0.160035
0.160034
0.162036
0.162035
0.162035
0.165036
0.163036
0.161035
0.161036
0.161448
0.170616
0.166644
0.163035
0.163036
0.161079
0.161035
0.167155
0.166038
0.165036
0.161035
0.158035
0.158034
0.156116
0.162036
0.161036
0.160035
0.167037
0.165036
0.131029
0.158035
0.164103
0.164035
0.165036
0.167036
0.165036
0.159035
0.166100
0.164436
0.163036
0.161036
0.159035
0.158035
0.157034
0.158034
0.158035
0.164052
0.162074
0.160035
0.159554
0.161036
0.115363
0.159035
0.159035
0.159035
0.160035
0.160035
0.161034
0.159750
0.160035
0.160035
0.161035
0.159035
0.159035
0.161036
0.159491
0.159035
0.160035
0.161035
0.159035
0.160035
0.163925
0.163036
0.161272
0.160034
0.160036
0.158035
0.159181
0.165036
0.163036
0.160164
0.159058
0.165036
0.165344
0.163036
0.160035
0.161036
0.161053
0.159035
0.159607
0.160035
0.165036
0.165036
0.164185
0.165036
0.164549
0.163450
0.161035
0.159035
0.159035
0.159035
0.166037
0.164036
0.161407
0.160035
0.159984
0.160541
0.160249
0.160035
0.163035
0.164036
0.161036
0.160035
0.159035
0.165123
0.164036
0.161036
0.157034
0.157072
0.161035
0.162036
0.161224
0.163031
0.162036
0.159035
0.158082
0.160035
0.160035
0.159035
0.163036
0.162210
0.159552
0.159034
0.159035
0.157593
0.157034
0.157746
0.162035
0.161035
0.159100
0.158034
0.171038
0.179590
0.178040
0.182040
0.177039
0.174384
0.177038
0.175151
0.181088
0.177039
0.180041
0.179040
0.174059
0.168416
0.164307
0.165036
0.166059
0.160142
0.159035
0.160035
0.161077
0.161036
0.161035
0.160053
0.159276
0.160035
0.161036
0.160119
0.160035
0.160297
0.160035
0.161035
0.163036
0.162036
0.161213
0.161035
0.160035
0.162036
0.166037
0.165036
0.165097
0.163269
0.162036
0.157468
0.155964
0.164036
0.164697
0.166811
0.162019
0.159036
0.157642
0.157163
0.158052
0.159620
0.157439
0.160806
0.160146
0.159403
0.163535
0.163036
0.162581
0.161283
0.162392
0.162395
0.159879
0.157996
0.159035
0.159035
0.162780
0.162035
0.161367
0.159230
0.157797
0.165319
0.162714
0.161784
0.160911
0.160023
0.159403
0.167331
0.164236
0.163468
0.163696
0.180711
0.178246
0.180873
0.180805
0.176041
0.172744
0.172295
0.167848
0.161863
0.160278
0.161557
0.160655
0.161220
0.159912
0.161035
0.161994
0.162444
0.161018
0.161275
0.161568
0.159727
0.160164
0.161600
0.162016
0.160435
0.159579
0.160388
0.159706
0.159532
0.159262
0.161523
0.161449
0.159383
0.162021
0.162110
0.180425
0.181856
0.181473
0.177411
0.179307
0.174948
0.173091
0.167037
0.162068
0.162824
0.162785
0.157889
0.158035
0.158035
0.159035
0.161036
0.163035
0.161096
0.160415
0.159500
0.158154
0.158368
0.157870
0.131706
0.157940
0.156728
0.158035
0.158526
0.159210
0.158035
0.157035
0.156035
0.158846
0.160850
0.161339
0.159141
0.158541
0.157034
0.159037
0.160392
0.158452
0.159035
0.157028
0.163640
0.164052
0.161046
0.161122
0.158783
0.157520
0.159527
0.157064
0.157485
0.158136
0.157441
0.179664
0.180174
0.176216
0.165711
0.159079
0.159055
0.158602
0.159742
0.157444
0.158310
0.157409
0.157203
0.158801
0.158915
0.158035
0.157453
0.158794
0.159290
0.177037
0.181039
0.177721
0.180016
0.179932
0.169372
0.161488
0.160395
0.159055
0.158699
0.181368
0.179039
0.179039
0.179039
0.181024
0.175327
0.175017
0.163500
0.162757
0.161923
0.160511
0.160439
0.161133
0.160412
0.160714
0.162521
0.159718
0.162034
0.161114
0.160702
0.161045
0.178237
0.181792
0.160296
0.164190
0.159186
0.160258
0.159565
0.160739
0.162138
0.160948
0.160880
0.160035
0.160139
0.164943
0.166336
0.171342
0.180257
0.176404
0.176215
0.176571
0.174878
0.177573
0.180402
0.183584
0.180038
0.175039
0.170038
0.156084
0.157034
0.159249
0.161546
0.162520
0.160466
0.157063
0.157152
0.156824
0.156751
0.157011
0.158096
0.157837
0.159863
0.161040
0.159034
0.158215
0.158532
0.159142
0.162573
0.161520
0.161155
0.164888
0.163983
0.163448
0.163517
0.164647
0.162036
0.162445
0.163373
0.162766
0.162461
0.159589
0.158928
0.164478
0.164701
0.163445
0.161654
0.160157
0.161477
0.161884
0.162558
0.164355
0.163086
0.161822
0.164193
0.163340
0.164587
0.160430
0.158694
0.164512
0.164182
0.162240
0.160610
0.160121
0.168022
0.166324
0.163060
0.160882
0.160744
0.159429
0.159541
0.158943
0.159424
0.158581
0.161390
0.162036
0.160246
0.160036
0.158035
0.162036
0.162036
0.165036
0.164036
0.169037
0.165036
0.164590
0.161474
0.160035
0.160586
0.160020
0.159497
0.159352
0.159999
0.157271
0.164929
0.165345
0.172144
0.165381
0.159479
0.160627
0.158851
0.160795
0.160002
0.161136
0.160780
0.160217
0.160358
0.160196
0.160035
0.158035
0.161070
0.159187
0.159787
0.158473
0.159035
0.160215
0.158091
0.158414
0.160398
0.157810
0.159993
0.159113
0.158035
0.159035
0.165036
0.177039
0.176039
0.174057
0.181590
0.175039
0.168944
0.161540
0.161035
0.161035
0.161082
0.159169
0.159333
0.158302
0.159065
0.159565
0.158769
0.158337
0.159750
0.163378
0.160306
0.159990
0.157852
0.160858
0.160035
0.158188
0.164217
0.128185
0.157501
0.160068
0.160236
0.161778
0.160522
0.160942
0.162148
0.161442
0.160592
0.161272
0.159102
0.164957
0.163364
0.163478
0.161917
0.162292
0.160236
0.160711
0.162345
0.160650
0.159030
0.161468
0.161393
0.159806
0.161460
0.161892
0.165797
0.164937
0.164621
0.163468
0.162506
0.161398
0.161979
0.161474
0.161265
0.162036
0.165119
0.166113
0.163036
0.159035
0.165632
0.167115
0.165036
0.162785
0.161453
0.156457
0.157855
0.162694
0.166412
0.161321
0.160673
0.160139
0.158035
0.161035
0.167037
0.163036
0.161036
0.160101
0.167200
0.165982
0.164829
0.162038
0.160203
0.164911
0.167845
0.165708
0.161973
0.162401
0.160344
0.165444
0.164425
0.162610
0.162359
0.162812
0.162140
0.167191
0.166639
0.163952
0.162388
0.162301
0.162550
0.161588
0.159878
0.160653
0.161638
0.166801
0.164664
0.163361
0.162167
0.161931
0.162747
0.163084
0.161102
0.161534
0.140077
0.160738
0.159866
0.159722
0.159993
0.156780
0.160827
0.164542
0.164065
0.161548
0.160517
0.159788
0.159820
0.159351
0.160495
0.159675
0.161056
0.161155
0.160734
0.163391
0.162130
0.163749
0.164254
0.164198
0.179953
0.177351
0.181685
0.177484
0.176990
0.176865
0.181606
0.179139
0.169680
0.166053
0.164123
0.162037
0.167735
0.166140
0.164963
0.176988
0.176441
0.178040
0.179108
0.161036
0.160330
0.161300
0.162035
0.161233
0.160420
0.159594
0.160078
0.163036
0.162036
0.162215
0.181040
0.173040
0.163036
0.160035
0.161035
0.160035
0.162036
0.161035
0.160035
0.161035
0.160652
0.161036
0.160103
0.161898
0.168329
0.180013
0.162057
0.160591
0.160706
0.160060
0.159934
0.160481
0.160073
0.160413
0.160077
0.159869
0.159460
0.162697
0.162614
0.160198
0.160263
0.178408
0.177613
0.178757
0.179615
0.175039
0.163036
0.164036
0.159035
0.164590
0.162036
0.159338
0.158110
0.159403
0.159066
0.158035
0.159162
0.159285
0.156625
0.158281
0.158347
0.158251
0.170038
0.167054
0.165152
0.159035
0.160035
0.158035
0.159035
0.160035
0.159246
0.159035
0.158035
0.159033
0.158035
0.159035
0.160080
0.159035
0.158731
0.160540
0.166037
0.167244
0.164037
0.166768
0.166327
0.164036
0.163880
0.162154
0.164404
0.164036
0.163036
0.165380
0.165036
0.162035
0.165037
0.164116
0.167037
0.165117
0.164036
0.163035
0.162101
0.161119
0.166054
0.167037
0.165053
0.164036
0.164036
0.164747
0.162036
0.164415
0.163531
0.162620
0.136908
0.159607
0.157968
0.166757
0.164096
0.163429
0.162529
0.164126
0.164036
0.165901
0.164895
0.164321
0.163651
0.160997
0.160548
0.158809
0.159809
0.158924
0.168665
0.175599
0.176539
0.179813
0.177753
0.176039
0.176274
0.181040
0.169040
0.167624
0.165036
0.169037
0.168037
0.148581
0.159381
0.160035
0.165230
0.163352
0.165786
0.167444
0.164451
0.162422
0.160681
0.161787
0.162639
0.161033
0.160375
0.160005
0.165901
0.166072
0.166018
0.164388
0.161929
0.162036
0.162745
0.164234
0.164037
0.163765
0.162424
0.162036
0.160179
0.164412
0.165648
0.164326
0.166037
0.173038
0.170067
0.165037
0.162510
0.161036
0.161369
0.162683
0.163372
0.161035
0.161171
0.164439
0.166097
0.163162
0.161230
0.161727
0.161522
0.167462
0.166800
0.163036
0.161768
0.163036
0.162035
0.162384
0.162035
0.162036
0.167213
0.162036
0.160154
0.159381
0.162922
0.162053
0.161216
0.166160
0.165036
0.164145
0.170557
0.168113
0.167684
0.163760
0.159011
0.159035
0.157855
0.159515
0.158799
0.158386
0.158599
0.162335
0.161035
0.162427
0.163848
0.161707
0.164012
0.161614
0.160585
0.159676
0.158964
0.158142
0.158295
0.161901
0.167834
0.166071
0.162890
0.160867
0.158466
0.158254
0.160402
0.160389
0.164519
0.163132
0.161750
0.160824
0.159655
0.159415
0.158954
0.158835
0.163858
0.164185
0.162794
0.160445
0.159207
0.160223
0.161715
0.161770
0.163320
0.163271
0.163309
0.161762
0.161299
0.159246
0.164036
0.164036
0.164036
0.162036
0.160036
0.161107
0.159772
0.161318
0.164036
0.166682
0.164766
0.162392
0.165203
0.161660
0.159955
0.160487
0.160253
0.158484
0.160035
0.158587
0.159058
0.159109
0.158481
0.158543
0.158835
0.161776
0.165000
0.163681
0.162571
0.160304
0.161945
0.160827
0.160109
0.163691
0.163365
0.162755
0.161718
0.161109
0.164600
0.164391
0.162080
0.162035
0.160035
0.162638
0.163036
0.161035
0.166105
0.164126
0.162445
0.166534
0.166833
0.164175
0.167686
0.167015
0.168735
0.166614
0.163316
0.163364
0.162072
0.161693
0.162036
0.161962
0.161140
0.161149
0.161233
0.162036
0.162037
0.160697
0.161129
0.161710
0.162151
0.162245
0.162137
0.179250
0.178669
0.179039
0.160035
0.158035
0.160035
0.161183
0.162035
0.161932
0.162611
0.161485
0.161232
0.160035
0.159915
0.160295
0.160882
0.160641
0.170570
0.182158
0.177764
0.167303
0.141464
0.158342
0.162195
0.161462
0.161035
0.160318
0.163321
0.131701
0.160035
0.161036
0.161035
0.162036
0.162086
0.161036
0.162053
0.161035
0.160035
0.160036
0.161035
0.163060
0.160153
0.162036
0.162035
0.161036
0.160035
0.161035
0.162035
0.165036
0.174335
0.178737
0.171181
0.159590
0.157525
0.162118
0.180298
0.177360
0.166905
0.170491
0.166827
0.165807
0.164381
0.164518
0.165872
0.163934
0.161123
0.160883
0.160369
0.158941
0.160035
0.162563
0.162612
0.160691
0.160229
0.160503
0.164354
0.163838
0.161942
0.161273
0.160709
0.161886
0.163744
0.164883
0.162782
0.161341
0.161100
0.162605
0.163193
0.161439
0.160425
0.164268
0.164809
0.162379
0.161718
0.160056
0.159893
0.163866
0.164217
0.164185
0.162638
0.163902
0.164322
0.165020
0.162943
0.164950
0.161271
0.158879
0.158732
0.163857
0.163203
0.161034
0.307323
0.338614
0.352516
0.355169
0.338377
0.185637
0.174403
0.171644
0.171503
0.167079
0.178436
0.179039
0.175848
0.174793
0.179563
0.179753
0.175914
0.177941
0.176280
0.177602
0.175071
0.178533
0.177782
0.176117
0.178953
0.178474
0.179039
0.177039
0.176038
0.178039
0.178263
0.179055
0.178039
0.179039
0.179039
0.175039
0.179122
0.175038
0.176100
0.175038
0.176039
0.175039
0.176039
0.166036
0.163036
0.161035
0.162035
0.160035
0.161035
0.156451
0.159035
0.159034
0.159035
0.160035
0.159035
0.159605
0.160035
0.159035
0.159109
0.164439
0.162089
0.163090
0.160035
0.159278
0.160035
0.158457
0.159068
0.161035
0.159035
0.159034
0.160105
0.158812
0.159468
0.159377
0.158626
0.159248
0.159085
0.160390
0.163020
0.163820
0.163738
0.161028
0.159504
0.158987
0.160208
0.159931
0.159997
0.160035
0.158389
0.159323
0.164096
0.163376
0.160035
0.161035
0.160036
0.159107
0.160377
0.160057
0.159035
0.159442
0.158461
0.159375
0.158035
0.158860
0.159096
0.160041
0.159827
0.159269
0.159352
0.160051
0.157189
0.158035
0.159562
0.158047
0.159690
0.160465
0.158827
0.160648
0.159941
0.159700
0.162131
0.160748
0.160167
0.160396
0.159035
0.160733
0.180697
0.177026
0.170504
0.168555
0.165968
0.166134
0.162819
0.164051
0.163396
0.161608
0.161135
0.161507
0.160526
0.161484
0.161774
0.160636
0.161241
0.162187
0.160017
0.161582
0.161361
0.160274
0.159761
0.160514
0.159835
0.160331
0.161693
0.161686
0.162314
0.161280
0.160350
0.160266
0.161132
0.161035
0.160035
0.162036
0.162036
0.161035
0.162036
0.161035
0.161036
0.160396
0.162035
0.161035
0.123650
0.160035
0.160035
0.160238
0.160034
0.161036
0.161035
0.161035
0.161052
0.161036
0.161325
0.160035
0.162036
0.161220
0.162035
0.160035
0.160114
0.160180
0.159362
0.160322
0.161119
0.160432
0.158869
0.160035
0.161616
0.160512
0.161063
0.159549
0.159323
0.160071
0.162274
0.160035
0.161057
0.159560
0.159705
0.160328
0.160377
0.160617
0.160254
0.160008
0.160202
0.159630
0.159392
0.160685
0.160226
0.160139
0.161029
0.160350
0.159550
0.160408
0.159930
0.160869
0.160820
0.159868
0.160292
0.160232
0.160606
0.162157
0.161062
0.160783
0.161063
0.160507
0.159791
0.160120
0.161809
0.160974
0.162274
0.160978
0.160015
0.161814
0.160553
0.160361
0.160447
0.160727
0.160965
0.158808
0.160964
0.160450
0.161481
0.160120
0.161758
0.160152
0.160534
0.159759
0.160901
0.140166
0.160382
0.159942
0.159065
0.159581
0.160520
0.160078
0.160437
0.160224
0.159968
0.160554
0.159746
0.161300
0.161113
0.158820
0.160385
0.159945
0.160378
0.161035
0.161222
0.159385
0.160018
0.160480
0.160208
0.160035
0.160896
0.159260
0.160423
0.161575
0.160733
0.160714
0.161861
0.162361
0.161919
0.162003
0.160092
0.160840
0.160342
0.161113
0.160666
0.162045
0.161801
0.159925
0.158713
0.160098
0.160557
0.159824
0.161669
0.160407
0.160530
0.161037
0.160035
0.159014
0.161036
0.139950
0.160109
0.160035
0.160035
0.161035
0.160035
0.160035
0.160164
0.160035
0.161035
0.141262
0.160035
0.160035
0.160035
0.160172
0.160771
0.160595
0.161036
0.160213
0.160035
0.160035
0.161035
0.160248
0.161036
0.160036
0.160035
0.160035
0.159035
0.159035
0.160666
0.159712
0.160997
0.159703
0.160290
0.159835
0.160895
0.160687
0.161398
0.159821
0.161016
0.160343
0.159255
0.160035
0.160035
0.161035
0.160233
0.161035
0.160035
0.159035
0.160035
0.160035
0.160035
0.157178
0.160036
0.160035
0.160035
0.141025
0.160035
0.160034
0.161036
0.159035
0.161036
0.160195
0.160035
0.161288
0.161141
0.159536
0.161036
0.160035
0.160035
0.159035
0.161036
0.160035
0.169377
0.170181
0.164048
0.162696
0.161338
0.160743
0.161937
0.159965
0.161060
0.160485
0.159853
0.160035
0.161036
0.160035
0.160035
0.160035
0.157670
0.159121
0.159035
0.162035
0.140169
0.160450
0.161036
0.160035
0.160035
0.161036
0.158915
0.160035
0.159285
0.158728
0.159035
0.160035
0.160036
0.160122
0.159197
0.160035
0.160036
0.160569
0.160098
0.158054
0.160199
0.160110
0.161035
0.161377
0.123245
0.160035
0.159035
0.159364
0.160721
0.160498
0.158216
0.160035
0.159035
0.161036
0.158709
0.161036
0.160036
0.160035
0.160035
0.159112
0.159035
0.160035
0.160035
0.160201
0.160218
0.160036
0.160035
0.160077
0.160035
0.162035
0.160433
0.160035
0.159437
0.160036
0.160035
0.160035
0.135098
0.160089
0.159379
0.159035
0.159506
0.159338
0.159035
0.161150
0.160035
0.158268
0.159035
0.160035
0.159201
0.159327
0.160036
0.160035
0.159719
0.158826
0.160035
0.159425
0.159431
0.160035
0.141009
0.160036
0.160603
0.160035
0.160035
0.159035
0.160034
0.160035
0.160294
0.159035
0.159072
0.159035
0.160245
0.160297
0.160034
0.159035
0.160123
0.160035
0.159071
0.160036
0.160052
0.160035
0.159035
0.159035
0.156034
0.159035
0.158550
0.160357
0.160199
0.160036
0.159035
0.160075
0.160035
0.159259
0.159510
0.160035
0.159035
0.160056
0.159035
0.160493
0.160035
0.161035
0.160035
0.159035
0.160035
0.159035
0.160036
0.161036
0.160035
0.160331
0.159551
0.160035
0.161035
0.159035
0.159034
0.160035
0.159267
0.160035
0.161036
0.160035
0.160035
0.159034
0.158035
0.161191
0.160035
0.160035
0.159037
0.159035
0.162035
0.160193
0.159035
0.159036
0.160035
0.160035
0.159513
0.159035
0.159035
0.159035
0.160122
0.158062
