0.002000
0.158173
0.158035
0.158120
0.159035
0.160035
0.162036
0.161155
0.157168
0.158403
0.168038
0.181808
0.158619
0.174350
0.180118
0.169301
0.157813
0.158468
0.158249
0.159147
0.159036
0.160327
0.159153
0.159386
0.159035
0.130093
0.167237
0.164037
0.161534
0.160670
0.161020
0.162036
0.162036
0.161561
0.161491
0.161082
0.161725
0.163469
0.117261
0.126480
0.157670
0.158374
0.158035
0.158733
0.131240
0.158281
0.160010
0.160098
0.159538
0.176473
0.153046
0.138031
0.160035
0.160035
0.139031
0.140479
0.159690
0.159539
0.161152
0.158266
0.161081
0.161035
0.148135
0.169038
0.178039
0.178065
0.158120
0.138114
0.140049
0.163047
0.162036
0.161528
0.161035
0.160229
0.162530
0.126028
0.139049
0.156035
0.159598
0.160489
0.160132
0.155178
0.149071
0.163036
0.160124
0.160035
0.161663
0.160233
0.160249
0.159885
0.159052
0.160035
0.160088
0.146033
0.166318
0.161437
0.158247
0.161330
0.160086
0.138067
0.161456
0.175038
0.180337
0.179332
0.176878
0.179049
0.176039
0.179401
0.177643
0.179039
0.177057
0.180092
0.183040
0.150054
0.163036
0.164076
0.163037
0.159496
0.125027
0.137078
0.153595
0.158035
0.158484
0.158616
0.158035
0.159035
0.161035
0.164036
0.163352
0.164057
0.159542
0.158435
0.124583
0.161242
0.160253
0.159138
0.160035
0.143032
0.168037
0.181039
0.177189
0.180039
0.175333
0.176105
0.178507
0.181194
0.176039
0.177038
0.175039
0.175058
0.143031
0.159035
0.159035
0.163029
0.162035
0.162036
0.163488
0.162036
0.137271
0.146066
0.163059
0.162035
0.142031
0.160036
0.163035
0.162035
0.162260
0.162036
0.162052
0.138126
0.160035
0.161035
0.163035
0.162260
0.158035
0.156035
0.156034
0.157035
0.159035
0.150033
0.156035
0.157034
0.158035
0.157035
0.162133
0.148768
0.169171
0.168197
0.162035
0.161371
0.162414
0.163036
0.160098
0.161035
0.163036
0.163036
0.161036
0.146181
0.163036
0.163036
0.163088
0.159035
0.157035
0.158035
0.157035
0.158034
0.160035
0.158313
0.159597
0.144032
0.160035
0.159035
0.158034
0.162035
0.158035
0.169152
0.167037
0.163120
0.160035
0.160035
0.159035
0.159557
0.160035
0.161254
0.131029
0.156300
0.159035
0.154106
0.168037
0.166036
0.161036
0.160035
0.159035
0.170037
0.166316
0.164368
0.159035
0.160035
0.159035
0.160050
0.155034
0.160036
0.170038
0.167037
0.162035
0.159035
0.157501
0.164036
0.162036
0.159233
0.164037
0.163709
0.163035
0.158035
0.163036
0.163036
0.159035
0.157035
0.166036
0.164036
0.163036
0.170037
0.166037
0.162036
0.157201
0.171106
0.165036
0.164036
0.159035
0.157034
0.158051
0.168555
0.171059
0.166036
0.163036
0.170053
0.167037
0.164036
0.158036
0.169037
0.167268
0.163036
0.163036
0.158106
0.167310
0.166036
0.161036
0.160035
0.156035
0.169613
0.169037
0.166036
0.159035
0.170038
0.169038
0.163036
0.167037
0.170081
0.164036
0.163191
0.170205
0.166037
0.165041
0.157034
0.170038
0.167126
0.163036
0.158035
0.169488
0.168037
0.163558
0.165036
0.159035
0.160035
0.158035
0.152033
0.181040
0.180057
0.178040
0.177120
0.179039
0.177039
0.180039
0.144032
0.114025
0.141977
0.158035
0.158035
0.159035
0.159126
0.158501
0.151033
0.090893
0.150033
0.157034
0.181040
0.179040
0.140140
0.137030
0.155034
0.157245
0.157502
0.158035
0.160035
0.156970
0.159036
0.131029
0.147032
0.176039
0.181040
0.181040
0.178040
0.179403
0.182040
0.181040
0.176039
0.180039
0.177038
0.155392
0.134029
0.141030
0.155034
0.158757
0.157711
0.158034
0.158035
0.152033
0.142031
0.162035
0.159549
0.161093
0.155035
0.171115
0.172038
0.169482
0.164431
0.166037
0.170297
0.171038
0.164036
0.170037
0.101022
0.152034
0.142032
0.172059
0.165563
0.165391
0.159034
0.157035
0.168038
0.163035
0.162035
0.159259
0.157805
0.164036
0.160036
0.168037
0.168037
0.162698
0.158544
0.167037
0.166141
0.165283
0.161035
0.159035
0.161036
0.156035
0.169038
0.164036
0.163110
0.168076
0.163252
0.178172
0.181039
0.159035
0.164036
0.161035
0.161035
0.159035
0.159035
0.160035
0.159035
0.159529
0.154033
0.155034
0.159401
0.140031
0.154543
0.159097
0.158035
0.158718
0.160683
0.159535
0.158407
0.160007
0.157861
0.158091
0.141577
0.138011
0.155324
0.159961
0.158397
0.159516
0.158755
0.160320
0.160423
0.159035
0.153034
0.158638
0.160035
0.161404
0.162355
0.169516
0.169816
0.165833
0.161507
0.167588
0.167070
0.163790
0.161236
0.159830
0.157868
0.154224
0.171037
0.169037
0.166037
0.161036
0.160035
0.159087
0.164036
0.158035
0.171038
0.171037
0.167037
0.163036
0.162036
0.158035
0.160135
0.158055
0.159035
0.161036
0.126028
0.159120
0.161035
0.161029
0.161571
0.162036
0.162054
0.169038
0.169286
0.166038
0.163036
0.162035
0.157318
0.168037
0.167053
0.163345
0.160035
0.162081
0.161036
0.161035
0.162036
0.158035
0.165036
0.167508
0.167037
0.166036
0.161054
0.167037
0.166036
0.165036
0.161036
0.158781
0.166353
0.166100
0.164036
0.162035
0.161035
0.156415
0.175039
0.173038
0.169037
0.166087
0.164036
0.158463
0.157073
0.157034
0.158036
0.158035
0.156034
0.168037
0.171144
0.170037
0.162036
0.180229
0.172038
0.169037
0.169097
0.166124
0.164036
0.161498
0.162311
0.161437
0.160035
0.158035
0.168037
0.169098
0.166037
0.161177
0.161035
0.166036
0.162036
0.172920
0.170038
0.167096
0.164036
0.162036
0.161035
0.161084
0.160036
0.161093
0.158035
0.167037
0.168037
0.162036
0.168037
0.168037
0.165036
0.161035
0.167037
0.168037
0.160447
0.170037
0.168037
0.165037
0.166037
0.162058
0.159301
0.170578
0.168037
0.162057
0.171038
0.168155
0.165036
0.162441
0.162036
0.161035
0.160035
0.160035
0.171038
0.165037
0.172038
0.171157
0.168037
0.166080
0.164215
0.162036
0.162036
0.159035
0.156034
0.172401
0.169466
0.165036
0.168037
0.167037
0.161781
0.170250
0.167291
0.166075
0.163035
0.163036
0.163036
0.157034
0.171037
0.170038
0.166075
0.166165
0.169037
0.165099
0.173038
0.172038
0.168037
0.165036
0.164036
0.161036
0.161036
0.160035
0.156127
0.171037
0.171038
0.167036
0.161389
0.171039
0.169080
0.167114
0.164036
0.157235
0.172039
0.170295
0.167037
0.169037
0.166036
0.171096
0.169037
0.167037
0.164721
0.162059
0.160035
0.158035
0.171488
0.167037
0.165036
0.162050
0.163036
0.170089
0.168037
0.164036
0.158035
0.174275
0.184041
0.185366
0.182041
0.184040
0.181040
0.180039
0.177372
0.171038
0.167037
0.165036
0.097021
0.158034
0.155035
0.162035
0.163036
0.163036
0.160036
0.172038
0.168037
0.165424
0.163036
0.161230
0.160107
0.171096
0.167037
0.165036
0.163036
0.163036
0.155519
0.179055
0.179448
0.177039
0.169067
0.168037
0.166036
0.140245
0.155034
0.159035
0.159034
0.159066
0.160035
0.159035
0.160035
0.160205
0.160036
0.157032
0.141031
0.157034
0.160035
0.154034
0.162035
0.163036
0.162035
0.161035
0.170038
0.167297
0.165037
0.164036
0.158448
0.178617
0.172646
0.167037
0.165036
0.163080
0.160035
0.173172
0.170038
0.167037
0.163036
0.160035
0.160035
0.158117
0.163036
0.162035
0.159035
0.170037
0.170038
0.161035
0.128029
0.168104
0.166036
0.171037
0.172038
0.168165
0.157035
0.172100
0.168368
0.167035
0.164037
0.161036
0.158035
0.157034
0.158035
0.155035
0.169053
0.167075
0.163036
0.161554
0.186379
0.163035
0.159035
0.160035
0.160035
0.160035
0.138030
0.157035
0.158750
0.160035
0.148032
0.157035
0.160035
0.160035
0.159035
0.151489
0.161036
0.159350
0.160034
0.160035
0.158035
0.167935
0.167037
0.163036
0.161036
0.160036
0.161035
0.155180
0.167037
0.168038
0.162164
0.158059
0.169038
0.169346
0.168037
0.163036
0.160034
0.161052
0.159035
0.159431
0.158034
0.169037
0.169037
0.169088
0.171038
0.172092
0.168452
0.165036
0.161036
0.159035
0.158035
0.170038
0.168037
0.164408
0.162036
0.160491
0.160035
0.160249
0.157035
0.166036
0.166037
0.162035
0.160035
0.157035
0.170124
0.172038
0.164036
0.159035
0.160073
0.160035
0.166037
0.162035
0.168037
0.165036
0.163036
0.157034
0.163036
0.163036
0.159035
0.167037
0.166745
0.162035
0.159035
0.160035
0.158594
0.160035
0.155746
0.166036
0.163036
0.159100
0.154034
0.172038
0.180590
0.179040
0.181039
0.176039
0.175383
0.177038
0.176151
0.180088
0.178040
0.179039
0.179040
0.167057
0.162036
0.162686
0.161035
0.163058
0.154139
0.145032
0.158035
0.161077
0.161036
0.162035
0.162054
0.161276
0.157035
0.143031
0.157035
0.162035
0.160766
0.160551
0.154034
0.144032
0.161035
0.163632
0.161036
0.161035
0.161035
0.159035
0.168037
0.166037
0.173099
0.168270
0.165036
0.158468
0.153987
0.169037
0.168698
0.171154
0.166076
0.158637
0.157642
0.157182
0.158227
0.158733
0.156922
0.163555
0.162558
0.159562
0.164216
0.168037
0.168460
0.160356
0.169862
0.167769
0.163709
0.159383
0.161036
0.160035
0.167224
0.166560
0.164534
0.161701
0.156285
0.171944
0.167140
0.165760
0.162956
0.160171
0.156980
0.174175
0.170230
0.168231
0.160092
0.180711
0.178245
0.180873
0.179804
0.174391
0.165196
0.166568
0.164244
0.145859
0.160201
0.161992
0.161484
0.161032
0.160284
0.161912
0.160994
0.146204
0.157551
0.147227
0.158695
0.161575
0.160652
0.156837
0.145484
0.161870
0.161299
0.160579
0.161594
0.160937
0.162654
0.157750
0.163406
0.164414
0.160085
0.164711
0.159187
0.180928
0.178824
0.180212
0.175765
0.175092
0.168947
0.166714
0.164036
0.135678
0.158760
0.162392
0.159271
0.158460
0.153033
0.135244
0.143032
0.162036
0.170037
0.167166
0.162424
0.160297
0.159106
0.158660
0.156725
0.160950
0.158381
0.158227
0.159003
0.137986
0.155209
0.158035
0.156310
0.158239
0.155331
0.163930
0.164624
0.161973
0.160035
0.156539
0.164588
0.163434
0.161035
0.159796
0.154608
0.168443
0.168097
0.164303
0.163543
0.160695
0.158696
0.159941
0.158065
0.157761
0.158518
0.151440
0.179642
0.179174
0.177215
0.153943
0.132612
0.137578
0.154945
0.158437
0.158376
0.159259
0.159025
0.159409
0.157239
0.158667
0.160282
0.148033
0.158549
0.159657
0.147381
0.178039
0.182039
0.177721
0.181015
0.179932
0.158805
0.119143
0.141376
0.155262
0.158579
0.145438
0.181368
0.179039
0.180039
0.179039
0.180024
0.177327
0.176018
0.152025
0.129348
0.147611
0.161831
0.161356
0.161171
0.161350
0.161205
0.137884
0.163035
0.161687
0.161865
0.161496
0.161836
0.154875
0.179911
0.181792
0.146130
0.121411
0.156660
0.160529
0.161132
0.160105
0.159816
0.161298
0.160740
0.160881
0.160927
0.140822
0.163297
0.165335
0.174342
0.181257
0.176404
0.176215
0.176570
0.175878
0.176573
0.179399
0.184585
0.181038
0.167037
0.164036
0.148135
0.156034
0.155247
0.161036
0.135559
0.158029
0.159847
0.156367
0.156384
0.155579
0.155841
0.156679
0.152738
0.138249
0.160912
0.161778
0.160035
0.159327
0.159012
0.161868
0.162520
0.163184
0.157861
0.167253
0.169864
0.167578
0.164959
0.170405
0.165036
0.163446
0.171289
0.166798
0.164170
0.161344
0.157547
0.169195
0.168507
0.165664
0.163045
0.160262
0.164392
0.163455
0.164608
0.169037
0.168087
0.164274
0.165278
0.164835
0.168200
0.165268
0.157957
0.168803
0.167279
0.167199
0.163612
0.156712
0.173486
0.170325
0.171261
0.164332
0.164061
0.160628
0.160252
0.161036
0.158753
0.158252
0.166390
0.164036
0.162247
0.161035
0.158035
0.164037
0.163036
0.168037
0.164036
0.173038
0.170038
0.167941
0.165995
0.161479
0.162396
0.161361
0.159432
0.158965
0.161469
0.156417
0.165227
0.164997
0.173144
0.154135
0.156600
0.159627
0.159470
0.160177
0.159001
0.159768
0.160025
0.159821
0.160017
0.139030
0.156034
0.158035
0.159448
0.158402
0.141512
0.159422
0.160035
0.160598
0.159180
0.159561
0.160414
0.160398
0.158628
0.161153
0.159323
0.134029
0.155621
0.165036
0.176038
0.176039
0.174057
0.180589
0.171488
0.159261
0.158065
0.160035
0.160035
0.161035
0.149168
0.155438
0.159047
0.160737
0.159681
0.160657
0.157146
0.138047
0.140371
0.152536
0.159755
0.158119
0.158033
0.161858
0.163295
0.158699
0.170219
0.158660
0.160722
0.161946
0.160980
0.162583
0.162078
0.143339
0.156427
0.161482
0.161437
0.161327
0.149402
0.165978
0.167297
0.165600
0.163236
0.162892
0.161597
0.160779
0.161523
0.161582
0.158434
0.162013
0.165357
0.162458
0.164025
0.158571
0.173796
0.170037
0.166482
0.165244
0.164360
0.162387
0.161849
0.162318
0.162036
0.161036
0.166120
0.170038
0.167176
0.161035
0.171039
0.171115
0.170109
0.165460
0.162399
0.157409
0.159920
0.160035
0.169473
0.164760
0.163135
0.163046
0.161036
0.156431
0.171037
0.166037
0.165036
0.162102
0.171541
0.169082
0.165280
0.167578
0.158244
0.171276
0.173248
0.168555
0.164974
0.163682
0.160704
0.168922
0.167619
0.165290
0.163558
0.163563
0.160432
0.169740
0.170406
0.166521
0.163744
0.161911
0.164350
0.161913
0.161994
0.162312
0.158357
0.171950
0.168443
0.169079
0.166704
0.164915
0.168715
0.168066
0.165404
0.163183
0.161211
0.148505
0.156455
0.159707
0.160246
0.159306
0.152379
0.168520
0.167020
0.164806
0.162413
0.160295
0.160821
0.160704
0.159816
0.160141
0.164902
0.163754
0.160460
0.165489
0.165130
0.163949
0.168891
0.163950
0.179953
0.179352
0.180233
0.178484
0.176990
0.177864
0.181607
0.189535
0.177447
0.173055
0.169390
0.159426
0.171034
0.171141
0.165325
0.178989
0.191445
0.179040
0.179108
0.138781
0.143450
0.156333
0.160035
0.159392
0.160576
0.160290
0.161090
0.142074
0.156396
0.155034
0.154214
0.182040
0.163315
0.129063
0.146032
0.157034
0.161036
0.160035
0.161035
0.157034
0.145032
0.163036
0.161005
0.161272
0.160709
0.156905
0.170039
0.177706
0.138917
0.144870
0.156566
0.159538
0.161104
0.159934
0.160754
0.157173
0.142366
0.155874
0.160987
0.151950
0.164228
0.164815
0.162216
0.154261
0.179408
0.179614
0.178757
0.178615
0.176039
0.152034
0.159035
0.158035
0.138366
0.159387
0.157288
0.138414
0.153033
0.157321
0.158525
0.158207
0.157197
0.158035
0.158621
0.157433
0.158459
0.147331
0.159709
0.163053
0.162155
0.142031
0.154066
0.157035
0.159035
0.136397
0.139031
0.156034
0.160035
0.159035
0.159035
0.160035
0.159035
0.160457
0.159035
0.160256
0.160036
0.170038
0.170245
0.168532
0.170038
0.171329
0.168036
0.166880
0.162674
0.169201
0.168036
0.164260
0.170037
0.168037
0.164041
0.169037
0.166117
0.172037
0.170118
0.168037
0.165575
0.163629
0.160035
0.173056
0.171037
0.169055
0.166036
0.170038
0.168261
0.165037
0.168254
0.167805
0.163774
0.159213
0.157396
0.140465
0.172038
0.170311
0.166266
0.166036
0.170510
0.164036
0.173119
0.170613
0.169587
0.164951
0.163594
0.162036
0.162240
0.160380
0.155516
0.170323
0.175599
0.176539
0.180814
0.178753
0.177039
0.177274
0.181040
0.174039
0.173061
0.166037
0.173363
0.173413
0.159227
0.156035
0.161036
0.168545
0.165036
0.172071
0.173207
0.168630
0.167578
0.163246
0.162060
0.162932
0.162623
0.162728
0.157655
0.169108
0.169653
0.172370
0.167448
0.163374
0.163035
0.161744
0.167298
0.169379
0.166425
0.164448
0.162128
0.159463
0.167037
0.171038
0.170040
0.165035
0.177088
0.177067
0.170038
0.166511
0.164036
0.163369
0.163682
0.164372
0.161035
0.161171
0.168432
0.168350
0.166037
0.162145
0.162466
0.160091
0.171512
0.170250
0.167037
0.162769
0.164037
0.162305
0.163384
0.163035
0.161093
0.169214
0.166036
0.163166
0.161196
0.164601
0.162260
0.158917
0.170367
0.170038
0.166552
0.177528
0.173362
0.171038
0.166761
0.162013
0.161488
0.157686
0.158700
0.160322
0.158033
0.157881
0.166443
0.162791
0.166146
0.166216
0.162802
0.169876
0.167350
0.162575
0.162588
0.159453
0.157788
0.158023
0.163790
0.174882
0.170018
0.164331
0.162992
0.159561
0.158852
0.161875
0.161549
0.168253
0.167912
0.163217
0.163005
0.160286
0.159781
0.159950
0.156033
0.168859
0.168579
0.166776
0.163236
0.160153
0.160258
0.163682
0.163770
0.163771
0.169668
0.168310
0.165766
0.161993
0.157489
0.169037
0.169037
0.166035
0.163036
0.160387
0.163550
0.163842
0.161247
0.167183
0.169062
0.168291
0.161210
0.170898
0.165661
0.163955
0.161487
0.161253
0.160036
0.159748
0.160876
0.161203
0.160019
0.159939
0.161865
0.154513
0.162776
0.169000
0.168531
0.166361
0.161682
0.161930
0.159910
0.159110
0.166490
0.165346
0.163259
0.161793
0.161036
0.169281
0.168756
0.164036
0.165037
0.160035
0.165639
0.166037
0.161104
0.172686
0.167915
0.164458
0.170864
0.172344
0.166619
0.173218
0.166485
0.158552
0.161694
0.159538
0.162615
0.161093
0.162339
0.133204
0.145232
0.158739
0.161796
0.161045
0.161234
0.161463
0.162219
0.163036
0.153703
0.158035
0.161644
0.161943
0.147581
0.180250
0.179669
0.180039
0.097021
0.154034
0.146356
0.163036
0.162183
0.162035
0.161702
0.161982
0.162086
0.162232
0.162948
0.161263
0.161723
0.162196
0.153870
0.172570
0.183158
0.177764
0.157036
0.136842
0.149031
0.162196
0.161462
0.161035
0.149314
0.142315
0.156034
0.164528
0.162035
0.160035
0.162035
0.161086
0.162036
0.161053
0.161036
0.162036
0.162036
0.162035
0.135030
0.157059
0.150205
0.157035
0.161035
0.162036
0.162036
0.161035
0.151033
0.164037
0.176336
0.179737
0.161179
0.121175
0.133666
0.148033
0.162430
0.179298
0.178357
0.156903
0.168037
0.092134
0.166906
0.166327
0.166275
0.162912
0.168726
0.167535
0.165436
0.162360
0.161651
0.159659
0.158919
0.167178
0.165393
0.164204
0.162580
0.159488
0.169317
0.168265
0.165942
0.163894
0.162524
0.162395
0.171231
0.167883
0.165783
0.163123
0.161247
0.165236
0.166542
0.164471
0.161377
0.170915
0.167607
0.163667
0.164098
0.162057
0.159264
0.165876
0.169218
0.168385
0.163439
0.169030
0.169598
0.168555
0.166823
0.165080
0.160270
0.160369
0.157537
0.169677
0.167204
0.164036
0.322330
0.330237
0.341516
0.337172
0.350384
0.185638
0.172922
0.169643
0.167666
0.161078
0.078092
0.179436
0.179039
0.175848
0.174793
0.179563
0.180753
0.176913
0.178942
0.175068
0.178602
0.177071
0.177533
0.177782
0.177117
0.179955
0.178474
0.179039
0.178039
0.176039
0.180039
0.179262
0.180055
0.179039
0.180040
0.180040
0.175039
0.180122
0.176039
0.175100
0.176039
0.176039
0.176039
0.191042
0.170038
0.168150
0.165036
0.164036
0.163036
0.161787
0.158388
0.159035
0.159035
0.160034
0.161036
0.160035
0.160605
0.159035
0.160110
0.156893
0.169441
0.168037
0.166037
0.163036
0.161279
0.161035
0.160458
0.161070
0.161036
0.159035
0.161036
0.161250
0.159667
0.160899
0.160457
0.160115
0.159675
0.160658
0.161390
0.164021
0.164820
0.164738
0.161030
0.160799
0.159692
0.161774
0.160921
0.161710
0.161582
0.159035
0.160438
0.167037
0.165376
0.164037
0.161035
0.161036
0.160108
0.161378
0.161057
0.160113
0.159172
0.158562
0.160274
0.159167
0.158728
0.160096
0.160195
0.161674
0.159269
0.161352
0.161975
0.158266
0.159003
0.161130
0.158669
0.159602
0.160820
0.159827
0.162649
0.161941
0.161558
0.162738
0.162726
0.160941
0.162182
0.161462
0.155185
0.182623
0.180026
0.175507
0.175556
0.171430
0.169675
0.165820
0.165443
0.165343
0.163608
0.162988
0.162635
0.161545
0.161689
0.162150
0.162637
0.161834
0.162559
0.161153
0.162633
0.160918
0.162097
0.160081
0.161185
0.161855
0.161307
0.161959
0.161817
0.163300
0.163279
0.162351
0.161364
0.161035
0.162036
0.162035
0.162035
0.163035
0.161127
0.164036
0.162036
0.161396
0.161036
0.164036
0.161035
0.162035
0.160035
0.159238
0.160035
0.160035
0.160035
0.160035
0.159591
0.160035
0.159326
0.159035
0.160035
0.160315
0.160218
0.160035
0.159114
0.161036
0.161610
0.159219
0.161410
0.159984
0.159772
0.159530
0.159840
0.159123
0.159021
0.159133
0.159780
0.161203
0.157681
0.159336
0.159034
0.160458
0.160076
0.159116
0.160118
0.158035
0.159331
0.160062
0.160301
0.159900
0.161187
0.158852
0.161019
0.160685
0.161674
0.161942
0.160960
0.161035
0.161408
0.160066
0.161940
0.161464
0.161799
0.161015
0.160276
0.161499
0.161911
0.162309
0.161314
0.161605
0.161524
0.160775
0.160120
0.161259
0.160767
0.163548
0.161720
0.160273
0.162334
0.162435
0.161480
0.160924
0.160569
0.161723
0.159160
0.161855
0.160696
0.163193
0.160120
0.162242
0.161498
0.161709
0.160076
0.161276
0.161418
0.160200
0.159725
0.158808
0.160911
0.159703
0.159409
0.159040
0.160182
0.160030
0.159873
0.160069
0.160165
0.160034
0.160188
0.159565
0.159534
0.158332
0.160035
0.160191
0.159416
0.159277
0.159227
0.159207
0.160060
0.159872
0.162377
0.160375
0.163256
0.161470
0.161714
0.161409
0.163091
0.162640
0.162612
0.162154
0.161505
0.160868
0.161976
0.160666
0.162001
0.163507
0.161036
0.159714
0.161140
0.161406
0.159416
0.161631
0.161336
0.162546
0.161036
0.161505
0.161036
0.161035
0.161036
0.158108
0.160035
0.160035
0.160035
0.160035
0.160035
0.160037
0.159176
0.159035
0.161036
0.160035
0.159035
0.160035
0.159908
0.159035
0.159595
0.158247
0.160213
0.160035
0.159035
0.159248
0.160035
0.160036
0.159035
0.159035
0.160035
0.160035
0.160035
0.160668
0.160106
0.160102
0.159564
0.159726
0.160172
0.159343
0.160545
0.159716
0.159919
0.159737
0.159428
0.160169
0.160035
0.160035
0.160035
0.159233
0.160035
0.160035
0.160035
0.159035
0.160035
0.162036
0.159179
0.159034
0.160035
0.161036
0.161035
0.159035
0.159198
0.159035
0.160036
0.160195
0.160035
0.159397
0.158246
0.158640
0.158759
0.159034
0.160035
0.159034
0.160035
0.160035
0.148522
0.173906
0.174901
0.172468
0.166280
0.163338
0.161743
0.162938
0.161351
0.162046
0.161099
0.160867
0.160035
0.160035
0.160035
0.161036
0.161036
0.160409
0.159120
0.161036
0.159035
0.161036
0.160450
0.159035
0.160035
0.159035
0.160105
0.160060
0.158857
0.159035
0.158728
0.159035
0.160035
0.160122
0.161196
0.160035
0.160035
0.158032
0.160035
0.159049
0.160218
0.159035
0.143222
0.162035
0.162046
0.162254
0.158035
0.160035
0.160721
0.160035
0.160424
0.159215
0.160035
0.160035
0.159710
0.159035
0.160035
0.159035
0.159035
0.159111
0.160035
0.160035
0.160035
0.159035
0.159035
0.160218
0.160035
0.160078
0.159035
0.141633
0.159686
0.159080
0.160035
0.159437
0.160035
0.160036
0.159035
0.161279
0.159136
0.160304
0.159035
0.159035
0.159339
0.160035
0.159150
0.160035
0.160269
0.160036
0.160201
0.159035
0.160326
0.160036
0.159035
0.158536
0.159009
0.158313
0.160299
0.160035
0.158781
0.161035
0.159101
0.160537
0.159034
0.160035
0.158035
0.161036
0.160294
0.159035
0.160035
0.160072
0.159035
0.159427
0.159140
0.159035
0.158035
0.160123
0.159035
0.159580
0.159051
0.160035
0.159033
0.160036
0.164037
0.159035
0.158550
0.160357
0.160035
0.160035
0.158035
0.160035
0.160075
0.158259
0.158035
0.160035
0.160035
0.160034
0.160058
0.160496
0.159035
0.159035
0.160035
0.159035
0.160035
0.160036
0.160035
0.160035
0.159035
0.159035
0.159277
0.159272
0.160035
0.159035
0.159035
0.160035
0.158267
0.160034
0.160035
0.159035
0.160035
0.159034
0.160036
0.135030
0.160191
0.160035
0.158040
0.159035
0.160035
0.159035
0.159034
0.158220
0.158035
0.159034
0.160035
0.159513
0.160035
0.160035
0.159379
0.160442
0.148017
0.077017
0.076016
0.077051
0.075097
0.075589
0.071297
0.073017
0.076330
0.077017
0.077139
0.078017
0.077018
0.077016
0.078017
0.078017
0.077017
0.079103
0.093018
0.080264
0.080342
0.080017
0.076539
0.077225
0.076010
0.073396
0.071894
0.073396
0.071107
0.073016
0.071638
0.073293
0.073071
0.072690
0.071357
0.072351
0.070949
0.074269
0.089414
0.071199
0.072880
0.070799
0.071623
0.071332
0.071844
0.071526
0.071016
0.071146
0.091124
0.071015
0.072419
0.071016
0.072355
0.073341
0.076083
0.069834
0.116668
0.081379
0.076919
0.074410
0.071015
0.072651
0.072513
0.073438
0.073859
0.091151
0.089692
0.093020
0.131029
0.154081
0.175449
0.176039
0.181040
0.174039
0.146032
0.113168
0.133030
0.146161
0.156035
0.156275
0.154123
0.155357
0.157035
0.128029
0.138075
0.157035
0.162036
0.158422
0.159035
0.159940
0.159040
0.161036
0.161108
0.154461
0.174380
0.175324
0.150399
0.157035
0.155034
0.156231
0.157074
0.156116
0.155427
0.113433
0.146832
0.162035
0.162035
0.162411
0.160035
0.161036
0.157171
0.168139
0.175039
0.148033
0.116025
0.150600
0.151034
0.155600
0.155035
0.155513
0.156035
0.154117
0.157035
0.157035
0.155035
0.155035
0.127262
0.157035
0.174038
0.179040
0.177948
0.179040
0.156206
0.154034
0.155034
0.154131
0.156034
0.158033
0.156281
0.155035
0.155034
0.155034
0.146129
0.152274
0.156035
0.156034
0.154034
0.148033
0.151034
0.152034
0.164927
0.169411
0.165149
0.173235
0.171038
0.170339
0.167395
0.164814
0.167332
0.165036
0.165036
0.166037
0.163036
0.163036
0.163036
0.159035
0.174270
0.171038
0.169256
0.182040
0.181041
0.181132
0.180040
0.180040
0.180040
0.176041
0.180041
0.179040
0.179040
0.175039
0.175039
0.173038
0.166116
0.096021
0.152034
0.154261
0.157678
0.162036
0.156035
0.182041
0.178317
0.178039
0.154034
0.129029
0.133029
0.142031
0.161340
0.161036
0.161036
0.161229
0.159045
0.159650
0.162036
0.159035
0.160035
0.162036
0.159483
0.160585
0.157034
0.170143
0.179040
0.158035
0.137030
0.142031
0.155035
0.158035
0.159756
0.160036
0.158494
0.159150
0.159035
0.159035
0.143032
0.174038
0.171038
0.169345
0.168037
0.162036
0.154035
0.169038
0.178039
0.179107
0.158035
0.120289
0.145095
0.155387
0.158034
0.159035
0.159035
0.158859
0.160045
0.155035
0.179452
0.180040
0.140031
0.132225
0.136907
0.154559
0.156333
0.149033
0.166635
0.168038
0.165725
0.163036
0.165038
0.162036
0.163036
0.164296
0.164036
0.162979
0.162531
0.163826
0.162036
0.159035
0.169110
0.168112
0.164037
0.163036
0.158252
0.169036
0.169038
0.164036
0.165086
0.165037
0.163035
0.162036
0.163347
0.164037
0.156311
0.161746
0.176178
0.174039
0.169148
0.168117
0.167037
0.166037
0.162037
0.159834
0.167038
0.162036
0.173054
0.172198
0.171038
0.171038
0.170038
0.170038
0.166299
0.176038
0.174959
0.172038
0.169038
0.167208
0.164036
0.161132
0.160424
0.161251
0.157035
0.171302
0.168195
0.166261
0.165120
0.163036
0.162102
0.160036
0.160122
0.163036
0.166037
0.166037
0.167067
0.161036
0.160130
0.165817
0.171038
0.168179
0.166037
0.163438
0.160035
0.164155
0.166376
0.163037
0.171170
0.168037
0.165037
0.163036
0.162037
0.162341
0.161518
0.162036
0.168193
0.168037
0.166037
0.163036
0.175039
0.171038
0.169077
0.164262
0.163036
0.160036
0.165036
0.167359
0.173283
0.169038
0.171412
0.167177
0.166037
0.168481
0.165037
0.165804
0.164385
0.160035
0.159035
0.160035
0.159036
0.168416
0.165262
0.163462
0.160035
0.170459
0.166540
0.167037
0.162035
0.168038
0.164619
0.171039
0.170135
0.166037
0.165037
0.162036
0.162036
0.160036
0.157034
0.157335
0.157035
0.159099
0.158077
0.157035
0.143030
0.155034
0.151033
0.162928
0.165036
0.157077
0.176090
0.177039
0.181427
0.177040
0.182041
0.181041
0.181041
0.178078
0.176039
0.168038
0.163036
0.164371
0.161428
0.137980
0.145810
0.156092
0.150033
0.156034
0.159226
0.156034
0.156035
0.170038
0.170038
0.162036
0.159529
0.159036
0.159225
0.163177
0.164037
0.165037
0.164176
0.160036
0.170038
0.169038
0.166036
0.161035
0.158035
0.149033
0.133531
0.153035
0.156521
0.158036
0.156035
0.156034
0.157035
0.154400
0.157034
0.157034
0.146844
0.153635
0.157471
0.156034
0.159067
0.158035
0.168037
0.171039
0.165037
0.172126
0.175401
0.166443
0.166038
0.163036
0.160195
0.159120
0.159035
0.160036
0.159035
0.156918
0.166272
0.166037
0.163294
0.158035
0.159035
0.169454
0.167330
0.163211
0.161080
0.160035
0.158036
0.158035
0.160106
0.160117
0.160035
0.152034
0.167037
0.165036
0.162035
0.158511
0.159035
0.156268
0.165036
0.165037
0.161809
0.160036
0.160035
0.161502
0.162036
0.166620
0.166037
0.165037
0.163036
0.161036
0.160036
0.162036
0.157035
0.167148
0.166038
0.162036
0.171039
0.165036
0.163036
0.172039
0.167246
0.166037
0.162036
0.160035
0.160035
0.155035
0.170037
0.168430
0.165220
0.163297
0.160035
0.161035
0.160036
0.159035
0.160035
0.159036
0.160035
0.156034
0.173799
0.170038
0.168038
0.163403
0.161036
0.160035
0.161490
0.162036
0.159596
0.160036
0.159035
0.159035
0.162864
0.169038
0.169037
0.170038
0.166102
0.174403
0.172039
0.168038
0.164036
0.162271
0.161036
0.162035
0.160264
0.159035
0.160035
0.160036
0.161036
0.159392
0.159036
0.158035
0.167142
0.167543
0.161548
0.171298
0.168037
0.164531
0.165037
0.158741
0.160036
0.160036
0.159035
0.157035
0.168112
0.164037
0.166405
0.168128
0.164189
0.160036
0.167202
0.167183
0.163036
0.162035
0.158036
0.170038
0.168074
0.166035
0.162979
0.160178
0.159610
0.159382
0.160036
0.160035
0.160017
0.159035
0.151034
0.175038
0.173038
0.173038
0.171036
0.168038
0.164086
0.163036
