0.003000
0.164037
0.165037
0.166037
0.165266
0.165096
0.165037
0.164320
0.164037
0.164597
0.166037
0.165036
0.165036
0.166037
0.164037
0.164224
0.171039
0.169038
0.167036
0.167037
0.167046
0.166036
0.174432
0.175040
0.174039
0.176028
0.165036
0.166037
0.164036
0.165038
0.165037
0.167037
0.165110
0.165038
0.166037
0.166037
0.164963
0.163036
0.170038
0.165036
0.166037
0.168037
0.169037
0.170038
0.167325
0.175508
0.179040
0.177002
0.179040
0.177201
0.176039
0.175269
0.180694
0.179056
0.178125
0.179039
0.179040
0.177937
0.174868
0.180611
0.176039
0.175096
0.176224
0.170038
0.170082
0.167309
0.166151
0.171355
0.170038
0.169588
0.166215
0.165037
0.165036
0.165211
0.166073
0.165344
0.166362
0.165156
0.165895
0.165036
0.170092
0.181545
0.174115
0.165167
0.172110
0.171096
0.171394
0.169463
0.166128
0.166037
0.166037
0.165114
0.166320
0.166606
0.166038
0.166037
0.164036
0.166037
0.166119
0.166145
0.166117
0.166247
0.165327
0.165037
0.166239
0.167443
0.167180
0.167092
0.166037
0.166526
0.165700
0.166143
0.167037
0.166135
0.167167
0.167037
0.166635
0.177147
0.176231
0.167324
0.168197
0.165175
0.164490
0.168901
0.166487
0.166178
0.167477
0.167253
0.166321
0.167831
0.169038
0.181325
0.179271
0.183409
0.172687
0.168594
0.169230
0.169048
0.169638
0.168838
0.168250
0.169393
0.170108
0.170038
0.169696
0.169037
0.170135
0.169134
0.169171
0.166154
0.165532
0.164788
0.165770
0.164680
0.173038
0.177120
0.172339
0.176203
0.174145
0.171289
0.174530
0.173984
0.175451
0.174532
0.171597
0.170038
0.172086
0.172201
0.168752
0.170339
0.170000
0.169718
0.168461
0.166247
0.172439
0.175038
0.179118
0.163037
0.166447
0.160275
0.172038
0.169079
0.177209
0.173038
0.169359
0.168038
0.169079
0.169618
0.169470
0.169465
0.169386
0.168185
0.169817
0.169311
0.168630
0.171282
0.169559
0.170265
0.170092
0.169038
0.169081
0.169038
0.169195
0.167121
0.167070
0.166253
0.167072
0.167145
0.167173
0.168397
0.167082
0.166951
0.172734
0.172482
0.169103
0.168037
0.169294
0.168847
0.169059
0.168913
0.169536
0.169125
0.168735
0.147033
0.168086
0.167327
0.166118
0.167145
0.167202
0.167140
0.168240
0.166565
0.167332
0.167134
0.172038
0.172110
0.181042
0.176106
0.174076
0.172161
0.170711
0.167138
0.166989
0.167393
0.166463
0.167095
0.166037
0.167038
0.166530
0.167370
0.166391
0.166341
0.166115
0.166037
0.165745
0.166779
0.168906
0.168037
0.167201
0.167273
0.169305
0.168577
0.167814
0.168162
0.167819
0.168037
0.168312
0.167476
0.168165
0.169138
0.169077
0.167233
0.167184
0.170238
0.152074
0.168344
0.167526
0.166172
0.167440
0.166526
0.166037
0.166153
0.168109
0.167037
0.165500
0.166084
0.167037
0.166037
0.166037
0.167508
0.165234
0.165191
0.171537
0.170381
0.167019
0.167319
0.168037
0.167339
0.166554
0.167337
0.168226
0.168608
0.167093
0.167037
0.167207
0.168037
0.169217
0.166234
0.167136
0.168037
0.168169
0.167983
0.168131
0.169044
0.168037
0.169091
0.168675
0.168088
0.167112
0.167706
0.168350
0.167154
0.167119
0.180293
0.180229
0.179499
0.175378
0.175110
0.174039
0.172438
0.170770
0.169461
0.170216
0.168780
0.167168
0.166127
0.168186
0.166841
0.168428
0.166869
0.167745
0.167037
0.167394
0.167108
0.167037
0.160687
0.166640
0.167340
0.166487
0.167258
0.166559
0.166129
0.166129
0.166817
0.168977
0.167256
0.166310
0.166241
0.169212
0.165005
0.166162
0.167635
0.167264
0.165243
0.167463
0.167184
0.167608
0.167676
0.168038
0.166164
0.166107
0.168149
0.167219
0.175039
0.174090
0.172119
0.171111
0.169099
0.166346
0.169131
0.166167
0.167037
0.167037
0.167388
0.166049
0.167114
0.165182
0.169209
0.168281
0.169207
0.168035
0.168129
0.169110
0.169209
0.168298
0.167394
0.171289
0.169136
0.168558
0.168254
0.167842
0.168038
0.168113
0.168119
0.169072
0.169037
0.167387
0.168038
0.168172
0.168107
0.168380
0.167037
0.167120
0.167162
0.170129
0.171038
0.174130
0.174039
0.174165
0.173853
0.174040
0.173435
0.171118
0.170380
0.171465
0.169372
0.170727
0.169651
0.168391
0.167794
0.168325
0.168037
0.134098
0.166851
0.168103
0.166782
0.167220
0.168105
0.168195
0.168349
0.167037
0.166519
0.166118
0.167484
0.167480
0.166435
0.168037
0.173097
0.171794
0.170134
0.171177
0.171074
0.172115
0.173038
0.172888
0.173258
0.175039
0.174414
0.176175
0.176682
0.174064
0.168133
0.167038
0.167245
0.167474
0.167451
0.167101
0.166037
0.167290
0.167387
0.167892
0.168038
0.167038
0.170039
0.167573
0.167132
0.168298
0.168924
0.167538
0.166445
0.166227
0.168038
0.167037
0.168681
0.169037
0.169520
0.169144
0.168080
0.169038
0.168122
0.170038
0.169073
0.178094
0.177025
0.167037
0.168280
0.168571
0.167213
0.167233
0.167332
0.167401
0.166037
0.166037
0.166183
0.164818
0.166614
0.165123
0.167037
0.166553
0.167179
0.176039
0.175725
0.179307
0.168425
0.167850
0.171293
0.169433
0.168154
0.168515
0.170125
0.169641
0.170093
0.169302
0.169564
0.170216
0.169215
0.177040
0.176743
0.174739
0.177216
0.174158
0.171446
0.177041
0.171664
0.169321
0.168124
0.169179
0.168103
0.170478
0.168555
0.167411
0.166521
0.169092
0.168149
0.166604
0.168582
0.168139
0.167135
0.168037
0.167264
0.168526
0.168154
0.169084
0.169038
0.167294
0.167459
0.169180
0.169039
0.168125
0.167037
0.167179
0.168204
0.167862
0.168137
0.167234
0.168039
0.168037
0.168939
0.167555
0.168157
0.167835
0.168037
0.167520
0.168252
0.168995
0.170121
0.169149
0.169259
0.170038
0.169127
0.172612
0.173039
0.170038
0.170286
0.172076
0.172196
0.171145
0.170635
0.169076
0.169371
0.169130
0.170038
0.169311
0.169348
0.169126
0.170448
0.168566
0.171617
0.172127
0.172072
0.173038
0.171038
0.168485
0.168835
0.173383
0.173395
0.173616
0.172148
0.170577
0.168585
0.168651
0.168601
0.167576
0.167399
0.168262
0.166891
0.166526
0.167037
0.165641
0.166435
0.166037
0.167130
0.168165
0.174402
0.175121
0.171428
0.171247
0.171039
0.170919
0.172107
0.173128
0.172067
0.175350
0.173356
0.171928
0.178017
0.178361
0.177779
0.177636
0.171767
0.167834
0.166121
0.166527
0.167303
0.166218
0.166671
0.167172
0.164155
0.166037
0.165679
0.167391
0.167037
0.167833
0.168167
0.167170
0.167037
0.166610
0.168098
0.168444
0.167080
0.167117
0.166374
0.167430
0.169266
0.169742
0.170106
0.167610
0.168294
0.167116
0.169250
0.167467
0.166617
0.166409
0.166834
0.168037
0.167097
0.166580
0.167101
0.167239
0.164882
0.167037
0.167149
0.176316
0.162069
0.171344
0.171135
0.169372
0.167037
0.167592
0.167671
0.166993
0.167047
0.166139
0.167341
0.166602
0.165047
0.166120
0.166418
0.174039
0.172542
0.174039
0.170415
0.170772
0.171031
0.175206
0.183814
0.178610
0.176662
0.176644
0.174406
0.175167
0.174140
0.173613
0.178354
0.178131
0.175215
0.174873
0.175893
0.174094
0.174762
0.172038
0.170401
0.169313
0.166752
0.168980
0.168400
0.168289
0.166907
0.168992
0.166714
0.168365
0.168029
0.169106
0.167274
0.168330
0.175674
0.176429
0.177486
0.176620
0.177169
0.174108
0.172542
0.171482
0.169145
0.167378
0.167721
0.165991
0.167127
0.167500
0.167389
0.166037
0.167138
0.165090
0.167138
0.166405
0.167186
0.167104
0.168119
0.166038
0.167217
0.167646
0.169264
0.168309
0.168492
0.167361
0.167490
0.166410
0.167105
0.168643
0.171709
0.167555
0.168203
0.168112
0.168042
0.167089
0.166409
0.168484
0.167863
0.167159
0.167780
0.167525
0.168037
0.168286
0.168979
0.170110
0.171087
0.170556
0.168398
0.168039
0.168371
0.168627
0.168114
0.168166
0.168549
0.168037
0.168778
0.169446
0.169117
0.168149
0.168436
0.171183
0.171038
0.170364
0.168311
0.169184
0.168524
0.169179
0.167923
0.168431
0.167405
0.166755
0.167382
0.168809
0.168371
0.167331
0.168622
0.167880
0.167260
0.166633
0.166341
0.168048
0.168037
0.168117
0.168036
0.167510
0.167037
0.167037
0.169107
0.171175
0.170426
0.169038
0.168522
0.167580
0.168135
0.168271
0.167548
0.167437
0.167236
0.167089
0.167092
0.168114
0.167560
0.166675
0.168128
0.169037
0.169195
0.169507
0.168939
0.169215
0.168037
0.167891
0.167455
0.168240
0.167366
0.168704
0.171092
0.170375
0.169191
0.168248
0.167942
0.168205
0.168118
0.167271
0.169621
0.168104
0.168037
0.167222
0.167100
0.167354
0.166799
0.166490
0.172738
0.172556
0.173184
0.172197
0.171530
0.170773
0.168038
0.168135
0.168475
0.168037
0.168037
0.167984
0.169356
0.169564
0.168508
0.168236
0.167448
0.168348
0.168286
0.165557
0.171038
0.167806
0.168363
0.168127
0.168038
0.167399
0.167558
0.168101
0.168037
0.168037
0.167037
0.168037
0.168037
0.167037
0.167037
0.167085
0.167037
0.167245
0.168037
0.167143
0.167580
0.168105
0.166037
0.168287
0.167218
0.166156
0.166720
0.166488
0.168037
0.166322
0.167313
0.165037
0.167161
0.169038
0.169211
0.169126
0.169117
0.169406
0.169143
0.168095
0.168424
0.167122
0.167200
0.168151
0.168868
0.167218
0.145331
0.168037
0.168234
0.167037
0.168010
0.168037
0.168092
0.167521
0.167192
0.167253
0.166252
0.167439
0.171816
0.171567
0.170094
0.170373
0.168374
0.174046
0.174316
0.172334
0.174085
0.172878
0.172434
0.172806
0.172066
0.171785
0.173203
0.173392
0.171186
0.172354
0.170721
0.170037
0.170040
0.170082
0.169191
0.170038
0.168038
0.168037
0.167996
0.168752
0.167449
0.168291
0.168394
0.170038
0.168840
0.168438
0.168205
0.168133
0.171817
0.170915
0.172019
0.170413
0.169544
0.168735
0.169123
0.169265
0.168999
0.168550
0.168448
0.168098
0.168105
0.168332
0.168255
0.169111
0.168038
0.168377
0.168056
0.168102
0.168037
0.168376
0.167389
0.169735
0.169239
0.169344
0.169106
0.168377
0.169037
0.168687
0.168037
0.167083
0.168295
0.169209
0.171038
0.171328
0.169241
0.168727
0.169115
0.169166
0.168037
0.169109
0.169271
0.168571
0.170063
0.170184
0.169217
0.169229
0.168275
0.169738
0.170038
0.169286
0.169564
0.169038
0.169909
0.167202
0.168070
0.169184
0.169116
0.168037
0.168114
0.168140
0.168691
0.168197
0.167082
0.176711
0.177258
0.174140
0.175039
0.175039
0.175175
0.174279
0.172777
0.172485
0.169544
0.169663
0.168532
0.171228
0.171450
0.170302
0.169459
0.168402
0.169037
0.168038
0.167475
0.168920
0.170412
0.169248
0.168338
0.167037
0.168552
0.168229
0.168168
0.168132
0.169123
0.169026
0.169223
0.170513
0.170426
0.172252
0.171108
0.168615
0.168541
0.169112
0.168037
0.168270
0.168540
0.169671
0.168123
0.168037
0.167941
0.168618
0.168638
0.168469
0.167725
0.167056
0.167279
0.166110
0.169202
0.168528
0.167143
0.167221
0.169091
0.170038
0.169448
0.169037
0.167660
0.169395
0.168279
0.171038
0.171077
0.170695
0.170168
0.170276
0.168037
0.170038
0.168513
0.168149
0.168522
0.168060
0.167502
0.168097
0.166932
0.168037
0.167334
0.168138
0.168718
0.174580
0.171129
0.170039
0.170038
0.172138
0.168765
0.169037
0.169038
0.169731
0.168429
0.168276
0.167642
0.167135
0.165648
0.168204
0.168121
0.166177
0.167085
0.167450
0.167248
0.165323
0.168037
0.166193
0.166496
0.166439
0.166539
0.167249
0.166675
0.166387
0.169615
0.168556
0.168038
0.168098
0.166367
0.168037
0.168037
0.167478
0.168037
0.167843
0.166300
0.167110
0.167126
0.167324
0.168038
0.167128
0.168038
0.167271
0.168038
0.167752
0.167346
0.166650
0.168234
0.166897
0.167363
0.167414
0.168037
0.168037
0.166117
0.167351
0.167059
0.150188
0.166779
0.167037
0.166254
0.166344
0.166731
0.165920
0.166657
0.165822
0.166118
0.166344
0.166476
0.167037
0.167037
0.166608
0.167708
0.166097
0.168302
0.167037
0.166037
0.166036
0.166142
0.166418
0.167550
0.165884
0.166683
0.167789
0.167037
0.167037
0.166124
0.166694
0.167037
0.167103
0.166127
0.169080
0.168682
0.169075
0.168324
0.168094
0.168258
0.167035
0.167700
0.168120
0.168038
0.168708
0.169037
0.169092
0.168598
0.168037
0.168804
0.170074
0.169240
0.168198
0.168601
0.168145
0.168037
0.169090
0.168589
0.168154
0.168174
0.169037
0.168037
0.167162
0.168364
0.168207
0.168897
0.167734
0.168205
0.167093
0.120611
0.167104
0.168826
0.167037
0.167094
0.167037
0.168038
0.166034
0.167098
0.168037
0.166099
0.168093
0.167329
0.166150
0.166756
0.166037
0.166037
0.168037
0.169134
0.168037
0.166664
0.167038
0.166145
0.166037
0.166037
0.166279
0.167135
0.167037
0.167037
0.166587
0.167037
0.166303
0.167284
0.166037
0.168149
0.166037
0.166226
0.166893
0.167037
0.167037
0.168037
0.166037
0.166527
0.166578
0.168038
0.166229
0.166037
0.165259
0.168038
0.166687
0.167037
0.167037
0.167150
0.166804
0.166056
0.166419
0.167231
0.166160
0.166037
0.166229
0.167504
0.166037
0.167537
0.166037
0.166125
0.167037
0.166319
0.167276
0.168128
0.167101
0.167037
0.167108
0.167407
0.167079
0.167446
0.167737
0.168530
0.167037
0.168037
0.167472
0.167098
0.168083
0.168303
0.167971
0.167713
0.168796
0.166268
0.166679
0.167103
0.167634
0.166705
0.167080
0.166113
0.166532
0.167037
0.167107
0.167281
0.168118
0.167292
0.167116
0.168093
0.168118
0.166582
0.166783
0.166383
0.167091
0.167561
0.167121
0.168406
0.167144
0.166369
0.168088
0.168108
0.168345
0.166988
0.166715
0.167287
0.168038
0.168091
0.167129
0.167109
0.166636
0.166174
0.165247
0.166087
0.166607
0.166802
0.167314
0.168339
0.168164
0.168107
0.167205
0.168175
0.166812
0.167765
0.168037
0.168232
0.168037
0.167390
0.167195
0.167037
0.168038
0.174432
0.175091
0.174296
0.175506
0.173816
0.174084
0.171038
0.170039
0.167924
0.167529
0.168037
0.166354
0.167037
0.166036
0.167000
0.166551
0.166592
0.165385
0.166187
0.166352
0.169862
0.171133
0.170038
0.171274
0.167141
0.166155
0.165561
0.166037
0.170323
0.171326
0.170038
0.170038
0.169271
0.169132
0.170648
0.169038
0.169839
0.169777
0.169617
0.170147
0.171185
0.170535
0.169666
0.168034
0.165168
0.159472
0.165036
0.166542
0.166504
0.164463
0.167953
0.167037
0.166282
0.167537
0.166333
0.166956
0.168105
0.167037
0.169549
0.168037
0.167178
0.167037
0.168037
0.167110
0.168180
0.168157
0.168037
0.168037
0.169123
0.167077
0.167530
0.168522
0.169276
0.168449
0.169038
0.169038
0.170037
0.169115
0.168407
0.169039
0.168037
0.168113
0.168522
0.167755
0.167675
0.167467
0.167578
0.167201
0.167037
0.168038
0.168129
0.168863
0.168038
0.168596
0.165095
0.167475
0.167740
0.167900
0.168488
0.168037
0.168109
0.169118
0.168160
0.170143
0.169037
0.169606
0.168037
0.168896
0.168116
0.168119
0.168420
0.168486
0.168204
0.167231
0.169069
0.169038
0.169251
0.169500
0.168037
0.168037
0.168527
0.168037
0.168103
0.168181
0.169189
0.169037
0.168413
0.168413
0.168320
0.168264
0.167226
0.168037
0.168088
0.167707
0.167845
0.168149
0.168400
0.168698
0.168514
0.169097
0.169037
0.168314
0.168130
0.167498
0.168196
0.169228
0.169096
0.167118
0.167236
0.167818
0.169037
0.168346
0.168143
0.168037
0.167279
0.167782
0.168113
0.169244
0.168075
0.167560
0.167502
0.168273
0.168396
0.168668
0.168330
0.167493
0.168231
0.168365
0.167921
0.168227
0.168519
0.168802
0.168082
0.167379
0.166468
0.167192
0.167934
0.167329
0.168037
0.168652
0.168128
0.167541
0.167537
0.168080
0.167536
0.168252
0.168312
0.169038
0.169237
0.168751
0.167341
0.167037
0.168038
0.166778
0.168038
0.169144
0.168488
0.167274
0.169089
0.168037
0.168174
0.168178
0.168043
0.168826
0.167996
0.168037
0.168113
0.168643
0.168513
0.167246
0.168038
0.168427
0.169037
0.169158
0.168626
0.168092
0.168102
0.168102
0.167335
0.167090
0.167265
0.167135
0.167037
0.168037
0.167037
0.168745
0.167770
0.167322
0.168273
0.169037
0.168178
0.169341
0.169809
0.168037
0.169216
0.168289
0.169038
0.169317
0.168177
0.168288
0.168087
0.168085
0.168238
0.168427
0.167502
0.169245
0.168313
0.167250
0.166679
0.168778
0.167424
0.168449
0.167412
0.167107
0.169357
0.168002
0.176853
0.175039
0.171127
0.171217
0.171105
0.169962
0.168552
0.168538
0.168112
0.168572
0.168186
0.167775
0.168278
0.167347
0.168076
0.166460
0.168255
0.167164
0.167540
0.167114
0.167230
0.168753
0.168865
0.168665
0.168528
0.167605
0.168370
0.167454
0.167883
0.167110
0.167037
0.167628
0.167476
0.168184
0.167041
0.168604
0.166080
0.167430
0.167170
0.167124
0.166309
0.167263
0.167532
0.169107
0.167106
0.145355
0.168256
0.169522
0.167219
0.168106
0.167115
0.167037
0.168252
0.168360
0.167471
0.167746
0.168186
0.166167
0.168030
0.168037
0.168141
0.168295
0.167037
0.167224
0.167505
0.168139
0.168969
0.169075
0.168094
0.168243
0.167062
0.168037
0.169524
0.169289
0.170138
0.169038
0.169689
0.168037
0.168228
0.169038
0.168130
0.168849
0.168898
0.169038
0.168109
0.168287
0.169037
0.168115
0.168396
0.167610
0.168121
0.167429
0.168101
0.167673
0.167313
0.168271
0.168039
0.168037
0.167742
0.167204
0.168037
0.167367
0.167037
0.168333
0.167498
0.167796
0.167178
0.169481
0.169090
0.168709
0.169038
0.168420
0.169502
0.168037
0.168037
0.169291
0.168040
0.168407
0.168182
0.168037
0.167253
0.168037
0.168905
0.168093
0.167442
0.166906
0.168147
0.168214
0.168037
0.167462
0.168411
0.168344
0.168425
0.168175
0.168105
0.168047
0.167228
0.167879
0.167152
0.166110
0.167037
0.168617
0.169476
0.168168
0.167037
0.168038
0.167760
0.168794
0.167595
0.167349
0.168281
0.168037
0.168544
0.169243
0.168487
0.168625
0.167209
0.167335
0.167394
0.169039
0.167949
0.167464
0.168270
0.168052
0.168037
0.167147
0.169038
0.169519
0.168970
0.169426
0.168652
0.168685
0.168180
0.169105
0.168332
0.168110
0.167982
0.167804
0.167136
0.168524
0.167094
0.168167
0.169052
0.168418
0.168309
0.168402
0.168437
0.169038
0.168299
0.169616
0.167497
0.168126
0.166123
0.167037
0.168297
0.169236
0.167151
0.169038
0.168037
0.168094
0.168209
0.169038
0.169075
0.167037
0.168202
0.168055
0.167240
0.168530
0.168421
0.167769
0.168537
0.168688
0.168215
0.168038
0.166037
0.167310
0.168038
0.168190
0.168037
0.167728
0.168021
0.168446
0.169057
0.169360
0.168492
0.169100
0.168137
0.168685
0.167732
0.168037
0.168201
0.168194
0.168147
0.168079
0.168164
0.167606
0.166037
0.167370
0.168112
0.168178
0.167639
0.167595
0.167104
0.168246
0.167037
0.168288
0.169351
0.167464
0.167674
0.169037
0.169181
0.167521
0.166869
0.167301
0.168354
0.168322
0.169650
0.168644
0.168347
0.168293
0.168258
0.166302
0.167230
0.167575
0.168606
0.167785
0.168434
0.167770
0.168504
0.167166
0.168301
0.168235
0.167810
0.169039
0.168038
0.168523
0.169698
0.169546
0.168460
0.168610
0.169305
0.169038
0.168900
0.167372
0.168163
0.169037
0.168037
0.167303
0.167127
0.169558
0.168716
0.169099
0.169109
0.167487
0.169615
0.168036
0.168089
0.168308
0.167276
0.166592
0.169038
0.145135
0.167114
0.168037
0.168187
0.168042
0.167615
0.167462
0.166641
0.167516
0.167519
0.168390
0.168482
0.168123
0.167037
0.167140
0.168939
0.168726
0.168566
0.167131
0.167252
0.166037
0.165925
0.167453
0.166140
0.167365
0.167856
0.167037
0.168094
0.167255
0.169037
0.168038
0.168071
0.168121
0.167115
0.166209
0.167193
0.167870
0.168081
0.168097
0.168157
0.168505
0.168695
0.168078
0.167395
0.168146
0.168092
0.168608
0.169096
0.168463
0.168141
0.167216
0.168038
0.167977
0.168312
0.167037
0.168262
0.168196
0.168115
0.167413
0.168038
0.168092
0.167877
0.167054
0.167672
0.167115
0.168038
0.167414
0.168320
0.168319
0.168627
0.167477
0.167143
0.168062
0.168038
0.167305
0.168189
0.169038
0.167694
0.168283
0.168458
0.168084
0.169710
0.169309
0.169583
0.170287
0.168803
0.168037
0.167362
0.167678
0.168760
0.168037
0.168547
0.168037
0.168813
0.168075
0.167115
0.168037
0.169038
0.168153
0.168091
0.168328
0.168038
0.168537
0.167121
0.167067
0.167410
0.168816
0.168708
0.167591
0.168345
0.168556
0.168154
0.168254
0.169142
0.170068
0.168102
0.168216
0.167971
0.168038
0.168127
0.168452
0.169038
0.168037
0.168445
0.167459
0.169228
0.168038
0.168037
0.167503
0.168038
0.169084
0.168104
0.167037
0.168105
0.168326
0.168037
0.168138
0.168037
0.169038
0.169036
0.169038
0.168303
0.170119
0.167960
0.169038
0.168037
0.168720
0.168608
0.168040
0.168037
0.168037
0.168157
0.168403
0.169343
0.169713
0.169175
0.169260
0.169121
0.169979
0.169089
0.168037
0.170119
0.169037
0.169038
0.167654
0.169158
0.169095
0.169287
0.168369
0.169038
0.147789
0.167611
0.168037
0.166037
0.167667
0.167300
0.167411
0.167371
0.167799
0.166037
0.168037
0.169168
0.167037
0.167188
0.167037
0.167037
0.167037
0.167694
0.168090
0.167202
0.166037
0.167575
0.167112
0.167450
0.168037
0.168290
0.168253
0.168202
0.168504
0.168370
0.168714
0.169962
0.169632
0.169160
0.168660
0.168236
0.168751
0.169128
0.169039
0.167410
0.167520
0.176040
0.172122
0.172080
0.173087
0.169450
0.168037
0.169038
0.173039
0.173002
0.171066
