0.001031
0.160035
0.179574
0.163262
0.175039
0.161036
0.161391
0.161987
0.169037
0.170039
0.156034
0.170038
0.168442
0.152034
0.163828
0.162036
0.166120
0.169152
0.166021
0.166037
0.169492
0.168037
0.166037
0.165037
0.170548
0.165205
0.172209
0.167037
0.166509
0.166096
0.164037
0.161098
0.168907
0.170038
0.166630
0.167037
0.165037
0.167037
0.169509
0.167202
0.165048
0.166548
0.165037
0.164916
0.170180
0.167880
0.167037
0.165512
0.166037
0.155261
0.167037
0.166037
0.166416
0.169038
0.166037
0.166386
0.166037
0.167553
0.170038
0.167037
0.178549
0.180041
0.178703
0.174314
0.176039
0.177269
0.179040
0.158035
0.169348
0.170038
0.170308
0.169136
0.170038
0.171038
0.170750
0.170312
0.171038
0.170062
0.169523
0.170038
0.179218
0.174557
0.178176
0.178786
0.181040
0.177002
0.183049
0.187176
0.182396
0.171242
0.172933
0.170453
0.171040
0.171924
0.168681
0.173039
0.169702
0.170171
0.170430
0.170313
0.175168
0.176039
0.170940
0.165385
0.175090
0.179130
0.170592
0.173038
0.180444
0.176130
0.178430
0.171705
0.172385
0.177202
0.173437
0.172303
0.170396
0.172038
0.170855
0.170184
0.171038
0.140002
0.174736
0.172472
0.171312
0.171130
0.172172
0.176099
0.176240
0.179622
0.172150
0.170569
0.173992
0.173383
0.177684
0.172340
0.172326
0.171779
0.179857
0.172924
0.174375
0.171987
0.176039
0.173038
0.178156
0.173039
0.172038
0.174039
0.177535
0.179909
0.176382
0.180139
0.172038
0.175756
0.179362
0.172489
0.170692
0.168068
0.174089
0.173038
0.178376
0.179437
0.164585
0.167913
0.167597
0.176232
0.169426
0.168206
0.167293
0.170683
0.168884
0.144524
0.170853
0.174532
0.188349
0.161036
0.166037
0.165289
0.168001
0.167283
0.168445
0.165036
0.168447
0.166868
0.168170
0.168309
0.168336
0.166037
0.188042
0.189042
0.181075
0.187042
0.185041
0.185047
0.180060
0.180227
0.180614
0.182040
0.175038
0.167488
0.170038
0.168347
0.169336
0.169522
0.168204
0.168037
0.168475
0.169037
0.170404
0.170451
0.177039
0.176039
0.173390
0.181260
0.173137
0.180040
0.192709
0.194810
0.188728
0.187042
0.185467
0.186041
0.181746
0.181541
0.183536
0.180040
0.183687
0.180040
0.182333
0.181040
0.179070
0.186215
0.180040
0.174039
0.175933
0.175819
0.181041
0.188652
0.184071
0.182356
0.183041
0.185041
0.185161
0.181040
0.175039
0.176550
0.167037
0.168159
0.164135
0.183041
0.182015
0.186392
0.179280
0.183604
0.192255
0.190413
0.188957
0.185041
0.185570
0.185557
0.185487
0.190325
0.185041
0.178286
0.172260
0.168543
0.167037
0.164706
0.171038
0.170038
0.170003
0.171038
0.171038
0.168037
0.169038
0.164037
0.184221
0.181439
0.183292
0.180132
0.175508
0.179040
0.181893
0.176039
0.181947
0.174579
0.188889
0.187042
0.179223
0.172117
0.168154
0.169038
0.170449
0.170620
0.168037
0.170038
0.169701
0.167625
0.168467
0.169233
0.170038
0.178957
0.179039
0.180041
0.178040
0.182687
0.183706
0.185041
0.182121
0.182659
0.183060
0.186888
0.186925
0.189640
0.181040
0.188619
0.181803
0.181749
0.181411
0.182602
0.180040
0.181950
0.181040
0.188746
0.185147
0.186610
0.187840
0.338824
0.354994
0.365255
0.378154
0.329076
0.335100
0.359732
0.319123
0.323072
0.379989
0.324075
0.310952
0.343079
0.338107
0.313073
0.339590
0.351142
0.364466
0.365205
0.392260
0.370536
0.391044
0.415583
0.359696
0.333852
0.173240
0.172038
0.160469
0.155034
0.144032
0.154872
0.152530
0.154034
0.118203
0.144032
0.129164
0.157546
0.158289
0.166037
0.162314
0.165037
0.167038
0.170038
0.171461
0.174261
0.172039
0.175039
0.173905
0.178669
0.175651
0.177039
0.174039
0.169542
0.182040
0.181400
0.180860
0.184705
0.183041
0.181040
0.185706
0.179523
0.182040
0.178040
0.179067
0.179527
0.177544
0.180470
0.179436
0.177039
0.180075
0.177039
0.180837
0.177570
0.170038
0.165037
0.162036
0.164525
0.162461
0.163037
0.162472
0.162035
0.165036
0.163036
0.161633
0.167038
0.167995
0.172039
0.178040
0.177070
0.175387
0.175161
0.168553
0.163036
0.162036
0.164614
0.162607
0.164036
0.163386
0.163036
0.164037
0.164036
0.163108
0.164036
0.164131
0.165037
0.170016
0.173038
0.176455
0.175508
0.188535
0.186041
0.174039
0.168038
0.164036
0.163056
0.169471
0.171038
0.168038
0.168653
0.168823
0.170038
0.168127
0.171039
0.169037
0.168347
0.170119
0.175039
0.175816
0.182041
0.175039
0.174679
0.177040
0.178228
0.182737
0.187042
0.183998
0.189042
0.185606
0.187042
0.184664
0.180512
0.180040
0.177577
0.170038
0.175403
0.172038
0.136030
0.170367
0.170038
0.171038
0.169308
0.171038
0.172632
0.178493
0.180377
0.180949
0.183041
0.184638
0.180906
0.179039
0.176445
0.175906
0.174039
0.176326
0.175936
0.187367
0.186069
0.191272
0.186332
0.183060
0.186041
0.181076
0.181960
0.182040
0.185181
0.189042
0.188042
0.191042
0.186857
0.183041
0.187041
0.181279
0.182333
0.188042
0.182572
0.175190
0.173497
0.169103
0.171449
0.169037
0.166037
0.166768
0.168038
0.169087
0.167740
0.168910
0.166186
0.167037
0.167037
0.168037
0.174422
0.176039
0.183854
0.185041
0.181041
0.178040
0.179480
0.177386
0.182281
0.185134
0.178040
0.174857
0.171038
0.166188
0.144032
0.168037
0.167037
0.168862
0.168037
0.169955
0.166037
0.182464
0.182274
0.181637
0.182041
0.180203
0.182041
0.180549
0.181697
0.179569
0.181274
0.182121
0.183041
0.180483
0.181066
0.185267
0.181764
0.187042
0.184041
0.189042
0.176039
0.170596
0.168088
0.169154
0.167037
0.167397
0.167037
0.166974
0.168037
0.169038
0.169540
0.167967
0.169037
0.170334
0.179040
0.175222
0.180520
0.179256
0.181762
0.184398
0.177039
0.180852
0.180040
0.181041
0.178573
0.178121
0.179040
0.177007
0.179698
0.182041
0.182751
0.180196
0.180216
0.178988
0.178448
0.178071
0.188745
0.189184
0.182251
0.175570
0.172409
0.165891
0.167037
0.168360
0.169038
0.167094
0.168037
0.167913
0.167037
0.167037
0.166997
0.170583
0.180485
0.177039
0.173038
0.182207
0.184625
0.185041
0.180090
0.182068
0.182040
0.179534
0.181040
0.181175
0.185104
0.184041
0.182648
0.188082
0.181926
0.182493
0.178620
0.180432
0.175560
0.176522
0.172227
0.166037
0.167037
0.127274
0.169049
0.170038
0.174309
0.177427
0.177887
0.179051
0.178039
0.182060
0.181871
0.178040
0.179040
0.180417
0.180373
0.178464
0.183667
0.184366
0.188042
0.153034
0.167171
0.167393
0.168037
0.168037
0.168200
0.169112
0.168728
0.167610
0.169038
0.172038
0.174023
0.178040
0.177110
0.178573
0.181041
0.180040
0.179040
0.187042
0.192314
0.190145
0.195043
0.191655
0.189042
0.194247
0.193142
0.182040
0.184041
0.184801
0.184041
0.160519
0.168037
0.167037
0.168037
0.144065
0.168037
0.168337
0.167038
0.168037
0.182041
0.179141
0.183204
0.182040
0.183041
0.181040
0.183626
0.181040
0.182400
0.176039
0.179039
0.183041
0.180040
0.178040
0.185565
0.188042
0.183041
0.185071
0.182041
0.186864
0.180040
0.177039
0.186041
0.184041
0.182040
0.187378
0.182475
0.185041
0.186365
0.184622
0.180894
0.181041
0.190042
0.188972
0.178040
0.172228
0.169037
0.168037
0.169038
0.170065
0.169280
0.170801
0.169037
0.151565
0.181040
0.184041
0.182040
0.180931
0.183041
0.183086
0.175098
0.189775
0.181604
0.174039
0.173261
0.169039
0.170714
0.170038
0.167701
0.168732
0.170038
0.168242
0.171643
0.170130
0.169510
0.170510
0.175597
0.177989
0.177070
0.186074
0.179925
0.183874
0.185394
0.181864
0.186460
0.184041
0.185754
0.184041
0.182534
0.181782
0.179491
0.183041
0.179040
0.178968
0.181158
0.178775
0.180248
0.179473
0.189131
0.189505
0.190336
0.189421
0.185041
0.187042
0.186566
0.193043
0.180768
0.177689
0.181646
0.193043
0.197349
0.191075
0.186925
0.184041
0.185041
0.180438
0.182040
0.183866
0.184337
0.189042
0.183768
0.185041
0.182040
0.184093
0.184077
0.181041
0.180182
0.183070
0.175055
0.175249
0.182389
0.186425
0.184041
0.184762
0.187793
0.189112
0.190042
0.186637
0.184184
0.182423
0.185435
0.183368
0.177296
0.177161
0.172539
0.170038
0.172142
0.172312
0.172038
0.170499
0.171567
0.174039
0.150721
0.185042
0.187374
0.187578
0.182807
0.188042
0.190651
0.192042
0.187042
0.188563
0.191043
0.183040
0.177040
0.168401
0.173310
0.168403
0.171285
0.173076
0.174317
0.167551
0.174449
0.173039
0.173369
0.174038
0.167037
0.166183
0.168038
0.168037
0.175039
0.172150
0.172437
0.188392
0.186401
0.180040
0.179040
0.181041
0.181041
0.180878
0.183041
0.178040
0.177519
0.183225
0.183041
0.180061
0.179040
0.179613
0.180040
0.179405
0.181442
0.177430
0.179936
0.182407
0.181040
0.181804
0.180258
0.176430
0.182201
0.181041
0.181174
0.180396
0.183222
0.179275
0.182688
0.182040
0.180040
0.177039
0.179238
0.181073
0.180040
0.181389
0.179039
0.176039
0.180040
0.171787
0.167037
0.173038
0.170121
0.169173
0.167433
0.168527
0.169038
0.167988
0.168713
0.169037
0.168096
0.168297
0.169038
0.169954
0.177040
0.175039
0.181597
0.177668
0.178195
0.181780
0.180040
0.183343
0.179488
0.180880
0.177681
0.179615
0.179308
0.181337
0.179239
0.181372
0.184685
0.188520
0.186711
0.186072
0.183216
0.184164
0.185288
0.169442
0.171709
0.168257
0.172612
0.167456
0.167037
0.168529
0.168706
0.157035
0.169702
0.171216
0.171112
0.173450
0.177658
0.179040
0.181358
0.180532
0.182040
0.181667
0.185351
0.185071
0.182315
0.186235
0.180361
0.180442
0.185041
0.185949
0.183706
0.178232
0.180318
0.182041
0.178201
0.181100
0.181633
0.179396
0.176973
0.178040
0.185364
0.185043
0.184141
0.183441
0.187042
0.186064
0.187515
0.185073
0.182040
0.182671
0.180124
0.184351
0.185041
0.183041
0.181040
0.181040
0.178701
0.181349
0.184429
0.183040
0.181753
0.184280
0.182438
0.178040
0.182140
0.179040
0.181040
0.177791
0.182521
0.180040
0.180040
0.178147
0.179701
0.180573
0.184041
0.181041
0.187325
0.184041
0.185842
0.187447
0.188042
0.186041
0.185041
0.186790
0.191150
0.185295
0.173038
0.169763
0.168037
0.169153
0.168037
0.168037
0.128772
0.179039
0.176476
0.190859
0.188186
0.190078
0.185041
0.177277
0.171038
0.167113
0.171322
0.167754
0.169067
0.168517
0.168037
0.167078
0.168762
0.168038
0.167883
0.171134
0.168037
0.175265
0.186041
0.183694
0.185544
0.186270
0.184272
0.179315
0.184526
0.182989
0.181040
0.182102
0.178039
0.176637
0.181040
0.178040
0.181810
0.180615
0.176813
0.180707
0.184041
0.183251
0.181683
0.182041
0.183041
0.185878
0.183192
0.181798
0.185410
0.186316
0.184041
0.187463
0.184813
0.186690
0.185041
0.180040
0.178414
0.178210
0.187074
0.189383
0.187472
0.186074
0.178296
0.172734
0.168236
0.169038
0.168401
0.168609
0.169051
0.168535
0.169366
0.169038
0.170038
0.173174
0.165335
0.169961
0.157400
0.177122
0.179039
0.180216
0.180424
0.182674
0.182339
0.181040
0.182395
0.184152
0.186033
0.177077
0.178040
0.185191
0.178517
0.163758
0.193471
0.187496
0.184127
0.151555
0.162483
0.172038
0.176354
0.176039
0.174038
0.169518
0.167377
0.168559
0.168164
0.168196
0.175039
0.181040
0.179040
0.170643
0.173038
0.175039
0.182040
0.177850
0.189042
0.182889
0.185041
0.191341
0.186338
0.186041
0.186965
0.187041
0.184041
0.187112
0.188042
0.188042
0.179721
0.175039
0.181133
0.185041
0.192226
0.188408
0.194043
0.191338
0.188042
0.184042
0.190246
0.190042
0.188009
0.182041
0.174343
0.166655
0.166493
0.172037
0.172118
0.171039
0.171038
0.173300
0.170517
0.170038
0.168037
0.172039
0.171565
0.172724
0.181041
0.183041
0.181876
0.181300
0.185068
0.182810
0.178550
0.179040
0.177040
0.169038
0.186959
0.190714
0.190042
0.180493
0.179039
0.189314
0.188539
0.183228
0.183041
0.182040
0.178262
0.180040
0.177039
0.176507
0.176505
0.168037
0.123315
0.158252
0.167037
0.169038
0.164036
0.166037
0.171040
0.173988
0.187980
0.189042
0.187296
0.183040
0.182644
0.180039
0.175039
0.179186
0.179432
0.177362
0.186553
0.186580
0.186042
0.179057
0.180040
0.180712
0.186041
0.178039
0.180040
0.180040
0.181041
0.180324
0.184458
0.189564
0.192354
0.182041
0.176568
0.173176
0.169037
0.177596
0.173302
0.171038
0.167660
0.168194
0.174109
0.169037
0.151034
0.171038
0.165962
0.172039
0.168038
0.175257
0.177460
0.179500
0.181040
0.180040
0.181275
0.170038
0.173840
0.173748
0.175288
0.181040
0.184041
0.181230
0.176774
0.183041
0.187071
0.188195
0.190043
0.185121
0.186251
0.188041
0.181024
0.175039
0.172039
0.169808
0.169038
0.168087
0.171538
0.167115
0.169511
0.169100
0.170038
0.161072
0.168491
0.173038
0.180054
0.178089
0.179039
0.180445
0.181380
0.179741
0.180733
0.170038
0.172365
0.176428
0.178039
0.186221
0.186842
0.186042
0.178061
0.174113
0.131029
0.167051
0.168732
0.167037
0.169606
0.173040
0.175387
0.180441
0.179140
0.170479
0.172326
0.179570
0.180629
0.176808
0.180306
0.178039
0.178039
0.180040
0.179223
0.186765
0.184041
0.188041
0.188041
0.187041
0.184155
0.191042
0.188041
0.184041
0.175251
0.172254
0.167037
0.168037
0.167308
0.168037
0.169038
0.168367
0.167037
0.150171
0.181040
0.180040
0.179588
0.176314
0.182040
0.180040
0.180040
0.169168
0.171880
0.168055
0.169038
0.167037
0.171038
0.176039
0.178593
0.179291
0.181041
0.177040
0.186060
0.185151
0.182900
0.184041
0.184808
0.188180
0.186277
0.179785
0.176216
0.181041
0.176211
0.187461
0.188041
0.186674
0.183041
0.186042
0.186503
0.187344
0.190608
0.189042
0.185139
0.180300
0.174038
0.170446
0.168878
0.168694
0.168483
0.169121
0.169038
0.168172
0.169037
0.169039
0.170501
0.169038
0.169037
0.168655
0.174039
0.186041
0.366259
0.394773
0.384894
0.374164
0.388931
0.356027
0.395010
0.352083
0.351606
0.352294
0.427721
0.352527
0.398861
0.381053
0.371572
0.333845
0.367502
0.358793
0.367272
0.370787
0.286065
0.163029
0.157465
0.172039
0.173542
0.179065
0.177039
0.178092
0.178867
0.176039
0.178039
0.180315
0.180968
0.178242
0.170038
0.166036
0.150034
0.163738
0.160036
0.161056
0.161036
0.162036
0.161036
0.160534
0.160900
0.155269
0.167042
0.176370
0.178950
0.179512
0.176058
0.172743
0.172038
0.174323
0.173485
0.181041
0.182015
0.179405
0.181094
0.184694
0.169482
0.166037
0.159589
0.169038
0.168037
0.163170
0.163440
0.161911
0.161169
0.160035
0.164190
0.167515
0.182437
0.178040
0.186696
0.178040
0.170038
0.169038
0.163036
0.160591
0.161177
0.161191
0.163036
0.162036
0.160414
0.163494
0.164836
0.174039
0.173038
0.171038
0.181040
0.181667
0.176448
0.185040
0.184027
0.184041
0.182245
0.167582
0.172886
0.178039
0.176039
0.178355
0.184091
0.187260
0.181040
0.178288
0.173038
0.172383
0.166065
0.167037
0.163036
0.131030
0.165037
0.166068
0.165875
0.164866
0.164036
0.160657
0.166037
0.173878
0.175469
0.178040
0.178040
0.180733
0.180545
0.184041
0.186364
0.186041
0.188042
0.187778
0.191605
0.186647
0.181040
0.169038
0.164037
0.168037
0.163979
0.164572
0.164037
0.166037
0.161036
0.166135
0.162527
0.163999
0.170152
0.179040
0.181040
0.180191
0.187301
0.185467
0.184041
0.186041
0.182040
0.179039
0.183060
0.180040
0.179239
0.182040
0.181041
0.179775
0.182041
0.179120
0.180040
0.181041
0.186083
0.179020
0.184041
0.184041
0.178833
0.178040
0.176729
0.179040
0.184041
0.184370
0.181040
0.184041
0.191491
0.179517
0.172038
0.166854
0.168037
0.168309
0.165036
0.166037
0.166740
0.164037
0.169038
0.164654
0.164037
0.168086
0.171038
0.177681
0.181040
0.175248
0.172038
0.172564
0.169037
0.169038
0.169038
0.168154
0.167988
0.169297
0.168403
0.170065
0.149033
0.169517
0.171037
0.179568
0.170058
0.172038
0.170038
0.176293
0.173038
0.184320
0.179039
0.178070
0.179619
0.183809
0.182092
0.174039
0.180437
0.172039
0.176441
0.188042
0.183040
0.188145
0.191043
0.185820
0.178092
0.182048
0.175039
0.181248
0.182040
0.183624
0.188042
0.185041
0.191042
0.183899
0.177435
0.171877
0.169344
0.158078
0.167037
0.168037
0.167376
0.167037
0.172039
0.166037
0.168005
0.177039
0.174607
0.179393
0.182427
0.188012
0.186624
0.184582
0.192554
0.187042
0.185041
0.185576
0.185974
0.187042
0.183043
0.174039
0.171038
0.169037
0.163371
0.164400
0.171038
0.136396
0.167050
0.175754
0.178737
0.180040
0.178040
0.170038
0.167444
0.171038
0.173679
0.180040
0.184171
0.189528
0.192043
0.184043
0.179040
0.171038
0.169038
0.167037
0.167038
0.168488
0.167037
0.165163
0.168037
0.167037
0.167699
0.169037
0.167540
0.156040
0.178040
0.177020
0.181090
0.182361
0.181040
0.180040
0.183991
0.181040
0.182069
0.183073
0.180040
0.183041
0.183041
0.167989
0.172535
0.178040
0.181040
0.179195
0.186041
0.190515
0.182490
0.185041
0.190654
0.186042
0.185773
0.188042
0.182041
0.173038
0.181040
0.195846
0.198285
0.199969
0.200044
0.189042
0.175516
0.172349
0.158036
0.168038
0.152034
0.170705
0.170038
0.168039
0.176039
0.180040
0.183041
0.184396
0.182496
0.182737
0.179735
0.169332
0.169038
0.169038
0.170059
0.176039
0.178859
0.182040
0.184041
0.186096
0.184041
0.187041
0.184041
0.184846
0.183865
0.180699
0.184041
0.192389
0.197044
0.194515
0.196311
0.183040
0.181040
0.133029
0.174040
0.151312
0.186188
0.183485
0.184040
0.186415
0.187181
0.179395
0.178040
0.179039
0.181040
0.183041
0.183345
0.181040
0.181140
0.185041
0.186041
0.179030
0.177221
0.177712
0.183040
0.195043
0.192042
0.186629
0.179040
0.173701
0.170038
0.174232
0.170038
0.169894
0.170686
0.173038
0.171038
0.172038
0.170692
0.169456
0.167037
0.174039
0.176039
0.185041
0.184899
0.180040
0.180040
0.185125
0.185093
0.187042
0.187885
0.188042
0.187074
0.171038
0.169094
0.176050
0.178238
0.182041
0.180040
0.181447
0.180732
0.189787
0.186041
0.188077
0.185466
0.185339
0.183388
0.175194
0.171120
0.176350
0.176606
0.180502
0.162770
0.169038
0.167683
0.167456
0.167874
0.165195
0.166546
0.164037
0.172038
0.180040
0.182041
0.181236
0.178040
0.181041
0.181341
0.183324
0.183469
0.169650
0.167480
0.170492
0.177704
0.180040
0.179029
0.184269
0.184041
0.180040
0.190530
0.178040
0.172861
0.166037
0.136879
0.167037
0.167084
0.169038
0.170315
0.173498
0.170038
0.167037
0.167513
0.167037
0.167047
0.177039
0.180040
0.180360
0.181040
0.187093
0.183512
0.192043
0.182040
0.176368
0.169318
0.165744
0.167037
0.178040
0.173038
0.166563
0.163867
0.167037
0.168037
0.168037
0.168038
0.171977
0.167190
0.165037
0.174039
0.177039
0.182549
0.183539
0.176323
0.182040
0.175395
0.177865
0.171259
0.165337
0.168475
0.166722
0.161062
0.168037
0.166037
0.166172
0.166037
0.178039
0.177398
0.172566
0.171038
0.166459
0.166414
0.167037
0.167417
0.173144
0.167596
0.164416
0.165571
0.168037
0.166037
0.167055
0.166701
0.168038
0.170038
0.172038
0.175039
0.189543
0.189692
0.179040
0.171266
0.167473
0.168037
0.166037
0.170235
0.165037
0.168037
0.167037
0.165037
0.165234
0.171957
0.168460
0.174862
0.177482
0.180040
0.175573
0.157035
0.166037
0.168038
0.167037
0.167037
0.130780
0.168038
0.172038
0.177039
0.177082
0.182041
0.181323
0.182041
0.179308
0.180040
0.182041
0.184688
0.183478
0.185571
0.187042
0.188729
0.187140
0.191047
0.186042
0.182040
0.172038
0.172972
0.172121
0.175039
0.173456
0.172038
0.164037
0.165199
0.162732
0.156461
0.088020
0.085018
0.079018
0.081018
0.082018
0.080559
0.077765
0.080526
0.078005
0.081926
0.084019
0.089020
0.081018
0.088020
0.081018
0.083019
0.085019
0.087019
0.078983
0.085120
0.081018
0.097896
0.078027
0.090371
0.080018
0.081018
0.081018
0.080623
0.080018
0.082057
0.079964
0.078056
0.083320
0.083942
0.076876
0.078370
0.078476
0.075323
0.074769
0.079018
0.083424
0.087849
0.083049
0.077792
0.074548
0.076049
0.073295
0.077018
0.076139
0.077234
0.074736
0.077989
0.076820
0.081605
0.076181
0.075168
0.094561
0.089621
0.082678
0.095595
0.075734
0.079151
0.075485
0.076747
0.075995
0.089168
0.076017
0.077279
0.086123
0.075355
0.077606
0.075622
0.076718
0.076349
0.083445
0.074263
0.077339
0.077797
0.075327
0.073211
0.082011
0.074489
0.075539
0.095021
0.074246
0.075455
0.077896
0.076163
0.075623
0.075154
0.074956
0.074259
0.074566
0.072446
0.075981
0.083057
0.090795
0.074487
0.094303
0.073121
0.075703
0.075179
0.076829
0.076168
0.080367
0.074960
0.083065
0.078874
0.086054
0.075969
0.077056
0.076997
0.081754
0.076858
0.076999
0.074375
0.073648
0.075048
0.075546
0.075684
0.076822
0.079360
0.074638
0.074498
0.073462
0.075074
0.074143
0.077647
0.072737
0.075691
0.078936
0.075551
0.075447
0.073763
0.075900
0.074094
0.075549
0.073540
0.074414
0.074662
0.074669
0.086713
0.080390
0.079551
0.097558
0.088019
0.097603
0.090020
0.178185
0.178348
0.169446
0.177039
0.181619
0.136180
0.121027
0.177483
0.173577
0.175039
0.171277
0.169053
0.171038
0.173169
0.173118
0.168172
0.170350
0.169038
0.174039
0.177795
0.171038
0.169701
0.170752
0.172350
0.177130
0.178102
0.176210
0.179081
0.172512
0.169874
0.170150
0.169069
0.172153
0.170547
0.169643
0.168492
0.179039
0.182292
0.161201
0.185022
0.176206
0.173163
0.170038
0.174609
0.171548
0.171983
0.149931
0.165036
0.166261
0.161562
0.168604
0.171023
0.171435
0.164690
0.177633
0.177376
0.177595
0.180013
0.178275
0.172163
0.173007
0.173181
0.172601
0.172038
0.174039
0.167572
0.177356
0.191085
0.185837
0.148061
0.143487
0.167141
0.142091
0.183331
0.172652
0.173429
0.172039
0.176683
0.176112
0.175276
0.179086
0.174038
0.174170
0.171506
0.172181
0.181986
0.185041
0.178040
0.181308
0.175206
0.171071
0.184244
0.173285
0.176237
0.174302
0.174376
0.170434
0.172208
0.169149
0.165620
0.179720
0.187128
0.182232
0.184312
0.182698
0.178908
0.177985
0.177086
0.176561
0.185044
0.185690
0.178039
0.179445
0.179430
0.179265
0.181597
0.178286
0.181041
0.173947
0.172966
0.174039
0.179593
0.172256
0.175508
0.178727
0.194043
0.190469
0.157974
0.180583
0.178345
0.172134
0.170158
0.151380
0.165167
0.146037
0.160575
0.180040
0.178783
0.181040
0.177356
0.184027
0.183440
0.182091
0.172230
0.177056
0.178040
0.187535
0.188589
0.189514
0.192142
0.186337
0.193043
0.188425
0.183305
0.189530
0.189666
0.186253
0.183967
0.179284
0.180148
0.192016
0.186653
0.177299
0.175481
0.159598
0.176039
0.176310
0.176912
0.176331
0.176676
0.176039
0.176070
0.175874
0.175568
0.177823
0.175677
0.177431
0.176950
0.137381
0.173177
0.171396
0.178040
0.159356
0.179458
0.176144
0.177923
0.177166
0.177262
0.174689
0.176554
0.178522
0.176844
0.173447
0.176173
0.178360
0.177148
0.176268
0.167735
0.192426
0.183795
0.176328
0.174964
0.175562
0.178197
0.175459
0.177166
0.176587
0.177278
0.177428
0.177035
0.174644
0.177160
0.177602
0.177860
0.183216
0.176406
0.178040
0.177039
0.161088
0.177971
0.180254
0.179515
0.182644
0.176947
0.176671
0.174062
0.180040
0.174749
0.179202
0.179457
0.177218
0.174457
0.188064
0.186212
0.185152
0.172333
0.152050
0.169037
0.172330
0.177039
0.172038
0.171696
0.171175
0.173124
0.173250
0.172215
0.172351
0.145789
0.177093
0.181378
0.182192
0.182025
0.184298
0.179220
0.172266
0.178723
0.177725
0.174266
0.169399
0.172179
0.171248
0.155156
0.186249
0.184136
0.180652
0.182123
0.183863
0.190902
0.190006
0.188012
0.186684
0.185266
0.172174
0.154947
0.181362
0.172328
0.172700
0.174423
0.174362
0.177040
0.177819
0.174801
0.173038
0.177444
0.180041
0.183200
0.179346
0.180040
0.178040
0.180461
0.161578
0.177249
0.178240
0.179209
0.178586
0.144069
0.180714
0.174870
0.182133
0.184446
0.184332
0.183398
0.187324
0.184151
0.185282
0.184248
0.184965
0.177797
0.147557
0.177383
0.179120
0.178072
0.178245
0.181147
0.177744
0.177039
0.178116
0.176256
0.178863
0.179529
0.176148
0.176069
0.178320
0.178263
0.192965
0.194291
0.159416
0.148033
0.175136
0.176126
0.176911
0.178176
0.176261
0.174039
0.181140
0.175383
0.175177
0.177040
0.176227
0.178040
0.177092
0.178162
0.176868
0.179151
0.154892
0.135108
0.191042
0.166801
0.175136
0.175039
0.172038
0.175215
0.177039
0.174647
0.176125
0.154201
0.161036
0.172097
0.176689
0.175444
0.176177
0.176039
0.179229
0.176736
0.173432
0.176621
0.130500
0.180224
0.182177
0.181164
0.184063
0.180229
0.175039
0.177151
0.177850
0.177281
0.176379
0.177039
0.176478
0.167360
0.163897
0.180233
0.187268
0.155035
0.155134
0.174038
0.183141
0.181906
0.179559
0.177039
0.173130
0.172861
0.135030
0.155782
0.174108
0.174187
0.176039
0.172138
0.176760
0.172307
0.172039
0.159035
0.174197
0.173138
0.172810
0.172045
0.172275
0.171157
0.169355
0.177834
0.185966
0.182471
0.176248
0.174217
0.175438
0.176039
0.173649
0.174038
0.173133
0.164182
0.180810
0.177388
0.168841
0.186307
0.187042
0.190225
0.183041
0.184616
0.182203
0.183041
0.176301
0.177442
0.178778
0.177077
0.178197
0.175147
0.175166
0.162672
0.174158
0.179471
0.175421
0.151094
0.181273
0.178845
0.177410
0.175103
0.173429
0.175096
0.176521
0.179470
0.178039
0.174337
0.176149
0.175113
0.176235
0.159992
0.157625
0.183145
0.178744
0.184759
0.185517
0.189715
0.186622
0.180205
0.180129
0.190132
0.192684
0.195042
0.188565
0.191042
0.182957
0.171987
0.171774
0.168136
0.172038
0.180125
0.187133
0.185547
0.177039
0.176388
0.175088
0.177145
0.179779
0.179841
0.177039
0.177653
0.180276
0.176967
0.174620
0.174239
0.174199
0.169132
0.174429
0.172435
0.157981
0.155590
0.181388
0.188293
0.186427
0.186505
0.180170
0.179041
0.178043
0.179228
0.177401
0.178740
0.174621
0.174387
0.174479
0.167901
0.174687
0.174038
0.175039
0.174134
0.174550
0.174238
0.173683
0.167894
0.186406
0.183496
0.184749
0.180853
0.183700
0.184896
0.176379
0.173758
0.174274
0.152968
0.175186
0.175543
0.174038
0.175289
0.173039
0.176890
0.176162
0.174493
0.175573
0.172282
0.180040
0.179236
0.185638
0.179497
0.177085
0.177167
0.171267
0.163036
0.175231
0.174379
0.175039
0.174372
0.174026
0.173804
0.174068
0.175826
0.177040
0.174092
0.178685
0.173653
0.174125
0.161751
0.155434
0.180402
0.182120
0.175241
0.185876
0.182331
0.183408
0.182530
0.179142
0.174202
0.179040
0.175139
0.176137
0.175168
0.176365
0.173480
0.175461
0.176384
0.172632
0.173778
0.174039
0.170988
0.175356
0.170844
0.183270
0.187172
0.184965
0.184056
0.185176
0.187205
0.191269
0.187191
0.194013
0.185041
0.180552
0.179040
0.177506
0.173231
0.173377
0.170004
0.174654
0.175245
0.173070
0.174039
0.174207
0.175092
0.174334
0.174101
0.174040
0.174215
0.175039
0.174120
0.173276
0.174210
0.152197
0.181669
0.178328
0.171505
0.187267
0.191721
0.186774
0.191133
0.192311
0.190042
0.186530
0.191108
0.188042
0.182882
0.181040
0.184289
0.180889
0.144032
0.181040
0.175856
0.174159
0.177128
0.156484
0.177039
0.176640
0.175247
0.174232
0.153033
0.176162
0.176947
0.177282
0.176219
0.180195
0.180112
0.176039
0.191245
0.173169
0.175163
0.176986
0.172143
0.167357
0.174892
0.173303
0.169207
0.181118
0.178171
0.176569
0.176530
0.180466
0.180796
0.177297
0.175117
0.176218
0.174763
0.176171
0.173162
0.172619
0.173895
0.173746
0.173282
0.174131
0.174038
0.156681
0.184453
0.184833
0.179439
0.181175
0.176773
0.177511
0.179806
0.176671
0.175665
0.176190
0.174038
0.170938
0.171629
0.156035
0.175000
0.174098
0.176448
0.175741
0.178902
0.174162
0.172038
0.175039
0.174351
0.172798
0.173917
0.175250
0.172948
0.156119
0.178711
0.180683
0.180858
0.177904
0.188743
0.182071
0.184447
0.188140
0.194043
0.193840
0.188358
0.186041
0.179839
0.176102
0.173595
0.174241
0.172465
0.174804
0.179945
0.175039
0.173247
0.167511
0.180192
0.177016
0.176260
0.174965
0.178259
0.174214
0.173307
0.175291
0.177605
0.174093
0.174636
0.169136
0.186041
0.176887
0.173039
0.175147
0.174038
0.158035
0.175760
0.175275
0.174038
0.174124
0.175477
0.172167
0.176825
0.171438
0.174131
0.172136
0.174191
0.173691
0.174123
0.179142
0.177168
0.173272
0.173395
0.150522
0.175310
0.173038
0.174333
0.175187
0.174174
0.168453
0.185041
0.184498
0.185329
0.182519
0.187306
0.186117
0.162391
0.158036
0.170038
0.173120
0.173844
0.174322
0.137031
0.171727
0.174138
0.161270
0.174411
0.182317
0.184299
0.186756
0.178450
0.178556
0.177408
0.177151
0.177182
0.171038
0.170113
0.174794
0.180398
0.181042
0.175038
0.180122
0.174241
0.175670
0.161246
0.182818
0.188042
0.188132
0.182280
0.176628
0.176793
0.173566
0.178172
0.180187
0.179228
0.178644
0.179893
0.179636
0.167449
0.179226
0.180289
0.178714
0.179240
0.180379
0.180698
0.181404
0.180312
0.173190
0.171038
0.174424
0.171780
0.172202
0.171038
0.174515
0.173958
0.369452
0.371142
0.397091
0.388920
0.371883
0.393920
0.389790
0.383417
0.389662
0.387393
0.420302
0.431978
0.380427
0.398199
0.264668
0.166888
0.168298
0.171446
0.170463
0.167140
0.176672
0.176272
0.170852
0.170399
0.170102
0.169347
0.169206
0.164008
0.181165
0.174754
0.176129
0.174172
0.169720
0.167777
0.168205
0.167721
0.169247
0.148177
0.170266
0.169597
0.170261
0.166141
0.171205
0.171512
0.168998
0.169288
0.173348
0.175530
0.174133
0.173968
0.176046
0.174228
0.173637
0.178348
0.174252
0.170121
0.161694
0.183429
0.184536
0.180272
0.174219
0.173433
0.173038
0.175246
0.169942
0.171488
0.168477
0.169236
0.179909
0.179158
0.176469
0.171191
0.173057
0.130111
0.146669
0.177549
0.175310
0.173870
0.174247
0.174568
0.175831
0.173796
0.183041
0.182041
0.176316
0.173431
0.176178
0.174193
0.172761
0.173283
0.173375
0.174469
0.167037
0.173264
0.173039
0.174039
0.175230
0.173482
0.175603
0.174268
0.174039
0.173794
0.173038
0.174155
0.175273
0.173266
0.173102
0.174506
0.174561
0.178039
0.156306
0.185653
0.184407
0.180757
0.181040
0.183391
0.177523
0.175369
0.175530
0.174515
0.171096
0.172161
0.174169
0.173039
0.173252
0.172321
0.172280
0.174786
0.145110
0.177348
0.181512
0.180454
0.177075
0.176500
0.177088
0.177689
0.173455
0.173238
0.174039
0.171156
0.176266
0.172963
0.171801
0.173039
0.172494
0.173665
0.133454
0.178042
0.177366
0.175039
0.178166
0.176666
0.178752
0.178764
0.175568
0.180413
0.176288
0.183372
0.172371
0.172670
0.164037
0.168883
0.173236
0.172774
0.166817
0.184163
0.182421
0.172368
0.188400
0.179877
0.177215
0.177039
0.177961
0.171195
0.178207
0.176120
0.173513
0.176184
0.175155
0.173113
0.175267
0.176039
0.171908
0.181369
0.179780
0.178288
0.178454
0.175731
0.189406
0.185362
0.186976
0.185207
0.180040
0.183249
0.153662
0.169037
0.178204
0.181033
0.181060
0.182547
0.170627
0.110386
0.177782
0.174073
0.175175
0.173668
0.173038
0.178348
0.183771
0.182070
0.182719
0.183054
0.155250
0.180140
0.178533
0.178603
0.178668
0.174390
0.178833
0.186518
0.153424
0.170312
0.172038
0.172038
0.172131
0.172151
0.171471
0.170125
0.173934
0.173253
0.173447
0.172038
0.171782
0.172878
0.173324
0.174038
0.171038
0.169901
0.165259
0.173388
0.173307
0.172718
0.174108
0.175489
0.173039
0.170316
0.173580
0.175165
0.175872
0.172141
0.131029
0.175276
0.173361
0.172038
0.175557
0.171882
0.173642
0.185720
0.180359
0.184041
0.190137
0.190042
0.184041
0.189042
0.189042
0.184232
0.185364
0.182627
0.177052
0.179040
0.175106
0.175613
0.172038
0.173815
0.176059
0.162580
0.171538
0.174039
0.174487
0.175477
0.175299
0.175248
0.175635
0.175226
0.175122
0.175237
0.176561
0.175149
0.178475
0.175840
0.175039
0.176135
0.177039
0.179276
0.174114
0.175159
0.176039
0.176502
0.178700
0.176216
0.176253
0.177054
0.148952
0.176039
0.179039
0.178318
0.176039
0.180392
0.177086
0.177039
0.177738
0.175815
0.175097
0.178040
0.176218
0.174039
0.176309
0.176049
0.177039
0.177260
0.178144
0.176039
0.177227
0.171249
0.182047
0.190192
0.189236
0.189042
0.186816
0.185268
0.183161
0.179208
0.181804
0.183041
0.180416
0.178803
0.178952
0.180040
0.177904
0.185210
0.183246
0.185592
0.185133
0.177629
0.176354
0.175441
0.176334
0.176220
0.176222
0.177916
0.177580
0.176039
0.176532
0.176591
0.175039
0.176659
0.176135
0.176840
0.175527
0.176039
0.175571
0.176509
0.175677
0.175621
0.176640
0.176194
0.176469
0.178038
0.175987
0.175495
0.176220
0.174816
0.176329
0.178948
0.176039
0.175976
0.174386
0.176329
0.177039
0.176253
0.175706
0.175284
0.175834
0.176233
0.177040
0.177039
0.177036
0.175494
0.174666
0.175715
0.174776
0.177079
0.177576
0.176168
0.175210
0.175262
0.177039
0.176223
0.175868
0.176263
0.177347
0.174876
0.177931
0.177039
0.175866
0.176074
0.178561
0.175039
0.175039
0.176906
0.175319
0.176474
0.175488
0.177229
0.176039
0.176039
0.177143
0.175609
0.176147
0.179040
0.173992
0.174662
0.174568
0.174819
0.177276
0.176955
0.175436
0.175039
0.175446
0.176588
0.175039
0.175356
0.175068
0.175688
0.176429
0.176203
0.175764
0.175487
0.176440
0.176368
0.177286
0.175624
0.175659
0.176251
0.175168
0.176790
0.176039
0.174562
0.174698
0.176005
0.175123
0.174552
0.174488
0.175122
0.175932
0.175260
0.175898
0.176591
0.175338
0.174037
0.175126
0.177033
0.175325
0.178022
0.176147
0.175424
0.176484
0.175750
0.176126
0.178040
0.177094
0.176639
0.177504
0.176054
0.176431
0.175038
0.179286
0.180479
0.177284
0.179203
0.174756
0.178039
0.176510
0.175430
0.175797
0.175117
0.178534
0.176039
0.174942
0.176039
0.178611
0.175485
0.180039
0.177104
0.176169
0.177108
0.175421
0.176935
0.177387
0.177118
0.175389
0.179297
0.180970
0.179328
0.176039
0.176039
0.177139
0.178174
0.175730
0.177113
0.177185
0.176098
0.176521
0.176039
0.178298
0.177395
0.176467
0.176039
0.176654
0.178159
0.174550
0.177179
0.176275
0.178709
0.178109
0.175109
0.175076
0.176589
0.176602
0.178069
0.176039
0.175088
0.175211
0.178893
0.177539
0.177507
0.177103
0.175501
0.177111
0.175813
0.177671
0.175167
0.175127
0.174918
0.176038
0.176290
0.176047
0.174930
0.178604
0.175039
0.175838
0.176393
0.175405
0.175223
0.175310
0.174739
0.175235
0.176830
0.174466
0.174718
0.176065
0.175267
0.174829
0.172438
0.174741
0.175474
0.176217
0.174299
0.175729
0.176689
0.175212
0.176660
0.179040
0.176359
0.175479
0.178182
0.175124
0.174735
0.175546
0.180040
0.174811
0.183256
0.179965
0.176039
0.175272
0.175736
0.176628
0.181987
0.177253
0.175546
0.177244
0.175282
0.176359
0.177895
0.177350
0.179521
0.175039
0.177639
0.176165
0.176043
0.176039
0.176326
0.176318
0.175414
0.176571
0.175359
0.177040
0.178280
0.176310
0.176039
0.177113
0.180674
0.177040
0.176509
0.177040
0.175308
0.176400
0.176142
0.176265
0.175151
0.175250
0.175130
0.175338
0.178285
0.175149
0.176325
0.176376
0.175328
0.178040
0.177238
0.175158
0.173334
0.176520
0.176037
0.173039
0.176039
0.177679
0.177138
0.177980
0.176595
0.176039
0.175931
0.176313
0.175981
0.177408
0.177180
0.177244
0.175750
0.176108
0.175910
0.174874
0.176752
0.175251
0.175375
0.175039
0.174367
0.175503
0.175582
0.175794
0.175498
0.176359
0.176031
0.175393
0.175024
0.170198
0.176220
0.177412
0.177555
0.176306
0.174979
0.176403
0.176217
0.176915
0.174800
0.175245
0.176134
0.176246
0.176219
0.176525
0.179040
0.175862
0.177086
0.176968
0.176025
0.178543
0.175975
0.180305
0.175229
0.173889
0.175915
0.176753
0.176348
0.175309
0.175705
0.176588
0.176855
0.174798
0.176039
0.176171
0.176315
0.174038
0.172039
0.175825
0.173900
0.174038
0.176243
0.175593
0.176039
0.175323
0.174711
0.176133
0.175485
0.175150
0.175129
0.175320
0.175827
0.176039
0.175113
0.176150
0.176039
0.176273
0.176165
0.177821
0.175118
0.176039
0.175564
0.173394
0.178040
0.176042
0.175933
0.177249
0.175039
0.173271
0.175601
0.178555
0.178846
0.176390
0.177203
0.180320
0.176450
0.176405
0.175808
0.176039
0.174442
0.176039
0.176236
0.176040
0.176039
0.175709
0.179976
0.175039
0.173893
0.174479
0.173240
0.173609
0.176571
0.174771
0.178442
0.176206
0.175322
0.176752
0.174039
0.176856
0.176292
0.175039
0.176143
0.175569
0.176401
0.175202
0.175258
0.175125
0.175441
0.175658
0.179532
0.177039
0.176265
0.174538
0.178836
0.177441
0.174594
0.175159
0.175534
0.174271
0.174039
0.175992
0.176350
0.176039
0.175844
0.176218
0.176041
0.176123
0.175246
0.175337
0.175349
0.175513
0.174039
0.175285
0.166037
0.182225
0.178348
0.174495
0.176127
0.177542
0.178526
0.177523
0.178476
0.175319
0.176571
0.177102
0.177039
0.175351
0.177424
0.177039
0.176255
0.177103
0.176386
0.176628
0.175683
0.176048
0.177102
0.177308
0.176249
0.178122
0.174545
0.173368
0.176083
0.175509
0.176547
0.175698
0.175404
0.174665
0.180040
0.177140
0.175659
0.175512
0.176187
0.169534
0.190515
0.180354
0.181040
0.177039
0.176060
0.176039
0.176275
0.176362
0.177128
0.176197
0.178265
0.174247
0.176415
0.175039
0.176818
0.176680
0.177039
0.176111
0.176615
0.176039
0.174166
0.176165
0.176039
0.176380
0.176203
0.175571
0.178251
0.175159
0.175266
0.174834
0.176802
0.176369
0.177039
0.177337
0.178058
0.175351
0.175085
0.175883
0.175122
0.175752
0.170398
0.174658
0.175042
0.174326
0.176293
0.174098
0.174346
0.175321
0.173783
0.174613
0.172038
0.174217
0.173794
0.175039
0.172505
0.173121
0.176160
0.174206
0.175744
0.175218
0.176941
0.178219
0.178040
0.175307
0.175791
0.175166
0.175172
0.175373
0.176195
0.176908
0.174588
0.176226
0.178427
0.179341
0.183208
0.177752
0.177363
0.176067
0.177396
0.179458
0.178320
0.178268
0.177801
0.177131
0.181040
0.180165
0.178533
0.182272
0.178147
0.176677
0.176600
0.177695
0.176039
0.178040
0.174355
0.177040
0.176730
0.176189
0.178126
0.176039
0.175559
0.176170
0.175754
0.174615
0.175263
0.174399
0.176164
0.175754
0.175514
0.175575
0.177741
0.174419
0.175601
0.175039
0.174953
0.176193
0.175520
0.175129
0.174369
0.175854
0.176293
0.175221
0.175123
0.177180
0.175611
0.175285
0.175801
0.177039
0.175500
0.175744
0.178040
0.177276
0.177379
0.178138
0.175196
0.175952
0.176456
0.176616
0.176461
0.178590
0.176996
0.176574
0.176560
0.175228
0.176565
0.178008
0.179528
0.176940
0.176147
0.175549
0.172694
0.176744
0.175821
0.176208
0.176126
0.177728
0.176780
0.178040
0.176039
0.178170
0.176193
0.176998
0.175038
0.180187
0.175460
0.172255
0.176210
0.176549
0.175189
0.175156
0.177760
0.177402
0.177982
0.174437
0.176632
0.177377
0.176932
0.174155
0.176105
0.177097
0.179663
0.175273
0.175838
0.175490
0.175046
0.177293
0.177379
0.176854
0.176039
0.176039
0.176128
0.177032
0.175163
0.176362
0.179394
0.175039
0.176039
0.177107
0.176398
0.177317
0.176039
0.176039
0.175625
0.176039
0.176428
0.176040
0.174297
0.177222
0.177434
0.176543
0.177302
0.176178
0.175271
0.176039
0.175186
0.179501
0.179585
0.176128
0.175315
0.175346
0.179040
0.175995
0.177125
0.176039
0.175411
0.176226
0.175710
0.175116
0.177143
0.176135
0.176330
0.176039
0.176234
0.176828
0.176039
0.174039
0.175658
0.177286
0.177619
0.178183
0.179039
0.177246
0.174038
0.178730
0.176131
0.177040
0.177039
0.177169
0.177152
0.173741
0.177039
0.176326
0.177310
0.177040
0.175307
0.169783
0.188348
0.188305
0.178802
0.176277
0.176807
0.178669
0.175907
0.183041
0.183857
0.181306
0.181236
0.182989
0.181040
0.183041
0.181946
0.181380
0.181706
0.181040
0.172110
0.176273
0.175473
0.175578
0.174368
0.173039
0.173871
0.173705
0.173911
0.171911
0.175189
0.175301
0.173245
0.173815
0.172543
0.173769
0.172012
0.176952
0.180222
0.180822
0.180054
0.180489
0.179761
0.181128
0.179059
0.177932
0.180826
0.181315
0.180671
0.174520
0.181376
0.181159
0.173671
0.173530
0.173397
0.174396
0.179915
0.179788
0.181609
0.178829
0.179767
0.180945
0.179562
0.180774
0.183151
0.178998
0.178653
0.179951
0.181033
0.178241
0.178577
0.179386
0.180358
0.179773
0.179970
0.178578
0.178970
0.178948
0.177787
0.178227
0.177755
0.178286
0.178922
0.181525
0.179659
0.181193
0.181108
0.180143
0.178587
0.179568
0.178985
0.178675
0.179275
0.179115
0.178683
0.173752
0.172169
0.174820
0.179536
0.174882
0.186512
0.184632
0.181195
0.180437
0.176667
0.178627
0.178066
0.178046
0.178293
0.178854
0.178933
0.178982
0.180125
0.177899
0.177899
0.179440
0.177559
0.178532
0.170903
0.171433
0.171353
0.175283
0.178700
0.180033
0.179986
0.179092
0.179543
0.179194
0.179260
0.178964
0.179285
0.180381
0.180236
0.179368
0.179580
0.172522
0.174282
0.174120
0.175898
0.174675
0.181669
0.180843
0.174599
0.174696
0.176408
0.172862
0.172396
0.175197
0.174077
0.174909
0.174998
0.177010
0.173745
0.176368
0.173139
0.174696
0.174022
0.173030
0.175846
0.173754
0.176084
0.173258
0.174706
0.177317
0.172938
0.174373
0.174674
0.175209
0.175515
0.177864
0.174582
0.176166
0.175295
0.175024
0.176744
0.177902
0.180651
0.181851
0.182477
0.175202
0.173336
0.175273
0.178806
0.183009
0.184282
0.182556
0.175040
0.174696
0.176543
0.178754
0.171375
0.182040
0.173091
0.182354
0.194906
0.193561
0.185009
0.178195
0.177365
0.179987
0.182379
0.178163
0.180115
0.178834
0.180264
0.179388
0.179208
0.179668
0.178806
0.177949
0.180034
0.181102
0.178612
0.180410
0.179533
0.179272
0.180380
0.181114
0.180264
0.178440
0.181462
0.178291
0.176931
0.177463
0.178428
0.179814
0.177377
0.176907
0.177063
0.178146
0.180269
0.178188
0.177609
0.177336
0.175922
0.176978
0.178399
0.179806
0.179702
0.178211
0.177997
0.179927
0.180516
0.178803
0.179107
0.180098
0.179516
0.178556
0.176568
0.175800
0.176260
0.177010
0.178539
0.177848
0.176383
0.179954
0.177952
0.151439
0.178424
0.176017
0.177494
0.175172
0.176848
0.177400
0.177057
0.177455
0.175514
0.153769
0.080582
0.080260
0.080756
0.079568
0.077753
0.076879
0.077254
0.083291
0.081482
0.079309
0.078732
0.078666
0.079127
0.079346
0.078130
0.079510
0.079990
0.084019
0.082522
0.082688
0.085325
0.084298
0.082865
0.080420
0.081554
0.081344
0.076445
0.074501
0.071578
0.074261
0.073182
0.075898
0.091665
0.073017
0.074364
0.073480
0.075487
0.072261
0.074852
0.073506
0.080406
0.072735
0.076592
0.074743
0.077753
0.077352
0.109057
0.077647
0.076963
0.080905
0.084074
0.083142
0.084107
0.083294
0.090413
0.083512
0.085068
0.077381
0.076544
0.075033
0.076139
0.084928
0.075647
0.076861
0.083798
0.072852
0.073670
0.076399
0.076005
0.084605
0.074017
0.092545
0.078313
0.076383
0.076319
0.074142
0.078419
0.073278
0.072919
0.078016
0.078362
0.077165
0.073439
0.072941
0.073016
0.074016
0.072016
0.072557
0.072016
0.072016
0.072026
0.074148
0.075179
0.072052
0.072015
0.071518
0.071869
0.072146
0.071870
0.072870
0.076031
0.075727
0.072762
0.074017
0.075017
0.073712
0.073016
0.074420
0.072186
0.072024
0.074051
0.077950
0.073258
0.074555
0.072119
0.074106
0.077933
0.091152
0.089672
0.083457
0.071706
0.095011
0.077790
0.073843
0.072653
0.072673
0.071392
0.075642
0.073321
0.075917
0.074515
0.072023
0.072329
0.072253
0.071418
0.071051
0.072139
0.072962
0.071553
0.090898
0.087558
0.089410
0.097162
0.159192
0.159311
0.167904
0.136244
0.127028
0.167419
