2.283471
6.171951
0.168037
0.149180
0.159324
0.159779
0.159353
0.162414
0.158887
0.171674
0.163036
0.159135
0.160461
0.160036
0.175811
0.135782
0.162196
0.159686
0.176039
0.172502
0.157655
0.162676
0.158478
0.161624
0.176039
0.173231
0.163036
0.160338
0.161041
0.161035
0.162036
0.150042
0.114547
0.162189
0.159328
0.160120
0.166505
0.164332
0.164919
0.167302
0.168340
0.168037
0.169647
0.173170
0.172247
0.168037
0.161267
0.161036
0.139374
0.163345
0.160724
0.160912
0.161385
0.161460
0.165036
0.166139
0.161348
0.162036
0.165179
0.166037
0.167808
0.168038
0.172232
0.175972
0.170944
0.162868
0.168195
0.160878
0.161012
0.164028
0.161981
0.163600
0.163396
0.164121
0.165923
0.166351
0.168682
0.172762
0.177938
0.171446
0.165491
0.160917
0.144109
0.166807
0.162089
0.162430
0.163302
0.161772
0.163725
0.163515
0.167624
0.169226
0.171626
0.175319
0.173311
0.167491
0.160997
0.162586
0.163416
0.157156
0.163261
0.163362
0.160579
0.161036
0.163153
0.163920
0.164603
0.165577
0.170827
0.167101
0.161731
0.162487
0.161034
0.162651
0.162590
0.161534
0.147303
0.161577
0.162862
0.162134
0.162879
0.166067
0.167432
0.170250
0.171417
0.178145
0.161965
0.162373
0.159820
0.162525
0.164303
0.164390
0.161529
0.149468
0.162712
0.162403
0.163106
0.164154
0.165975
0.165401
0.165635
0.168962
0.168487
0.170148
0.164995
0.162252
0.163821
0.161124
0.164684
0.163435
0.152564
0.163164
0.162642
0.163834
0.165368
0.165662
0.163091
0.166138
0.166313
0.166919
0.170505
0.169469
0.173768
0.168802
0.161722
0.162407
0.163308
0.160757
0.163215
0.163161
0.162427
0.162567
0.161692
0.165928
0.163747
0.166888
0.167569
0.168003
0.170031
0.171217
0.166075
0.161363
0.162449
0.162741
0.145002
0.164254
0.162430
0.161756
0.163094
0.161289
0.163764
0.164036
0.164917
0.166095
0.165496
0.168853
0.169753
0.168038
0.173141
0.174692
0.171236
0.158013
0.168034
0.162467
0.163493
0.163390
0.163477
0.163944
0.169070
0.166828
0.168202
0.171283
0.171079
0.175197
0.175201
0.170136
0.164345
0.162852
0.135686
0.162801
0.164514
0.162832
0.163557
0.162749
0.164836
0.163401
0.163527
0.163373
0.165290
0.165720
0.166174
0.166737
0.167880
0.169652
0.174843
0.168702
0.170881
0.164839
0.162569
0.163287
0.163246
0.162600
0.162946
0.163084
0.164633
0.162833
0.163438
0.163573
0.164245
0.165133
0.166376
0.167358
0.177544
0.172708
0.172122
0.173439
0.173284
0.170266
0.166789
0.162650
0.163295
0.163833
0.162658
0.163292
0.162407
0.162148
0.162477
0.163200
0.162755
0.146783
0.145671
0.162226
0.162242
0.163596
0.165813
0.165688
0.165339
0.166161
0.167188
0.168343
0.168993
0.170186
0.171371
0.168362
0.168935
0.168613
0.172082
0.176590
0.166377
0.171801
0.172278
0.170833
0.174285
0.174938
0.169950
0.169015
0.162601
0.163444
0.163297
0.161164
0.163360
0.164024
0.163627
0.161009
0.162172
0.142731
0.165401
0.163462
0.165309
0.164117
0.164448
0.165687
0.165779
0.166340
0.166222
0.166464
0.167584
0.168995
0.168372
0.167345
0.167457
0.168710
0.166906
0.161642
0.167889
0.167513
0.168629
0.167290
0.168717
0.167519
0.170218
0.171038
0.170331
0.171857
0.168826
0.169224
0.171209
0.171237
0.171410
0.169997
0.171151
0.139029
0.163036
0.163285
0.164236
0.164141
0.166144
0.165714
0.165397
0.167049
0.166758
0.167865
0.168153
0.168551
0.169045
0.168174
0.166856
0.170202
0.171258
0.135034
0.165174
0.164776
0.164340
0.165037
0.164815
0.164408
0.165036
0.166037
0.165776
0.173091
0.175039
0.172038
0.169153
0.163752
0.164112
0.163210
0.145361
0.165842
0.163483
0.162123
0.163494
0.161171
0.162036
0.164171
0.165061
0.161189
0.161591
0.165219
0.164607
0.166037
0.165036
0.164243
0.164259
0.165801
0.156035
0.163412
0.166156
0.166441
0.165136
0.164302
0.164106
0.164795
0.165154
0.164125
0.165036
0.165058
0.166133
0.165194
0.165908
0.164512
0.165037
0.164036
0.150253
0.163878
0.169037
0.171801
0.172038
0.171639
0.172038
0.170038
0.170038
0.172932
0.175038
0.171165
0.178428
0.176450
0.171038
0.169038
0.165037
0.158723
0.164591
0.162353
0.165229
0.164089
0.163327
0.163170
0.164773
0.164201
0.163596
0.163036
0.163438
0.164535
0.165551
0.166384
0.165297
0.165282
0.165777
0.144254
0.165264
0.163121
0.167099
0.165140
0.165061
0.167038
0.166037
0.164976
0.164539
0.165036
0.165037
0.166037
0.166060
0.167214
0.165762
0.165037
0.165266
0.135093
0.164131
0.163627
0.164083
0.164194
0.164037
0.166404
0.166227
0.164438
0.165314
0.166037
0.166071
0.165493
0.166753
0.165150
0.165889
0.166144
0.165256
0.164036
0.166250
0.164621
0.168055
0.169121
0.170376
0.170039
0.170111
0.170424
0.170153
0.171300
0.172038
0.171142
0.172967
0.173060
0.171513
0.172445
0.171340
0.157697
0.165037
0.166037
0.171107
0.171038
0.171161
0.171283
0.171038
0.170724
0.170038
0.172146
0.172038
0.171038
0.171038
0.170588
0.160804
0.165406
0.164371
0.145285
0.164847
0.163306
0.151499
0.162736
0.164384
0.165221
0.166250
0.166119
0.166037
0.165934
0.165132
0.165458
0.166037
0.165755
0.165037
0.166098
0.166037
0.126660
0.164448
0.165263
0.165133
0.163093
0.164036
0.164123
0.170599
0.169568
0.168037
0.169266
0.168340
0.168037
0.169038
0.169037
0.169038
0.169038
0.168037
0.148532
0.163350
0.164628
0.181040
0.178114
0.171493
0.169389
0.162588
0.163702
0.164328
0.164039
0.164130
0.164330
0.165130
0.163781
0.164300
0.164036
0.144394
0.164036
0.163174
0.162112
0.165126
0.164037
0.164844
0.165293
0.165935
0.165727
0.166098
0.168037
0.165038
0.167141
0.165399
0.166037
0.166290
0.147611
0.129902
0.164037
0.163434
0.164037
0.164365
0.164223
0.165200
0.166293
0.164758
0.166222
0.166058
0.166037
0.166465
0.166370
0.166245
0.165712
0.165447
0.166515
0.141412
0.163408
0.163203
0.163424
0.179040
0.176234
0.174038
0.167533
0.163767
0.165341
0.163475
0.164165
0.164180
0.164196
0.163625
0.164495
0.165099
0.142658
0.166036
0.164036
0.165279
0.165335
0.164949
0.164448
0.165037
0.164339
0.167529
0.166133
0.165243
0.166586
0.167037
0.166118
0.165790
0.166037
0.165261
0.159107
0.165036
0.165034
0.167037
0.166037
0.170728
0.172528
0.171211
0.172390
0.170182
0.172038
0.172070
0.172038
0.172177
0.171141
0.173039
0.173038
0.171890
0.146665
0.163036
0.166103
0.166112
0.166001
0.168548
0.167642
0.168105
0.167254
0.168715
0.169112
0.169248
0.168037
0.168581
0.168037
0.168231
0.168695
0.169218
0.164346
0.168037
0.167037
0.165036
0.166253
0.168466
0.169349
0.169190
0.169465
0.165775
0.164036
0.166160
0.168140
0.169038
0.169148
0.166037
0.165570
0.166142
0.146032
0.163758
0.166037
0.166513
0.166799
0.171716
0.168941
0.169174
0.168286
0.171428
0.171249
0.171798
0.172448
0.179235
0.185125
0.183412
0.180795
0.174587
0.166037
0.165226
0.164567
0.163140
0.163315
0.168495
0.165036
0.164220
0.163958
0.165036
0.166175
0.166384
0.166204
0.166037
0.167750
0.168516
0.169038
0.143150
0.167310
0.167111
0.165581
0.168037
0.169581
0.182276
0.181679
0.175039
0.168448
0.164109
0.165209
0.168137
0.167037
0.167163
0.168037
0.168064
0.151033
0.168037
0.166378
0.168038
0.168037
0.167124
0.168158
0.169189
0.168299
0.168318
0.168037
0.170227
0.169349
0.170038
0.169245
0.169811
0.169261
0.172147
0.151359
0.164226
0.166061
0.168810
0.169363
0.168039
0.167524
0.161771
0.168090
0.171051
0.170610
0.170518
0.171039
0.168511
0.167170
0.168037
0.170432
0.170038
0.164836
0.169305
0.168920
0.170038
0.171113
0.170038
0.170103
0.174832
0.173519
0.170038
0.171651
0.171945
0.175970
0.176942
0.176118
0.176142
0.177039
0.173097
0.164490
0.169559
0.171234
0.172624
0.173039
0.174482
0.170158
0.173115
0.173319
0.154772
0.165517
0.170388
0.170696
0.168037
0.165784
0.168098
0.171038
0.170644
0.140117
0.170112
0.169038
0.169153
0.169357
0.171795
0.171119
0.175919
0.171940
0.173038
0.176193
0.172941
0.176249
0.176699
0.178136
0.183170
0.182605
0.171906
0.179039
0.172182
0.170084
0.167212
0.168399
0.167037
0.167151
0.168371
0.168246
0.168110
0.168341
0.168037
0.168564
0.168037
0.169114
0.170110
0.169136
0.166037
0.170695
0.169409
0.169038
0.170705
0.169038
0.169633
0.170114
0.172038
0.173039
0.173605
0.173037
0.170206
0.171474
0.173090
0.172147
0.171242
0.172107
0.163487
0.165923
0.168114
0.170609
0.171164
0.168573
0.171037
0.169128
0.173150
0.173405
0.172261
0.154670
0.168177
0.168049
0.170245
0.170517
0.169288
0.170038
0.115416
0.169038
0.168812
0.168325
0.168743
0.167529
0.168617
0.168088
0.170307
0.168700
0.170400
0.169392
0.168846
0.169097
0.170512
0.171037
0.172232
0.170118
0.161116
0.168145
0.169083
0.170482
0.169178
0.170243
0.170038
0.173663
0.176376
0.184041
0.179403
0.182134
0.174038
0.167194
0.167445
0.168539
0.167820
0.142961
0.169058
0.168972
0.169037
0.168143
0.167431
0.168038
0.169391
0.168061
0.168399
0.169538
0.170336
0.169377
0.169653
0.169404
0.151516
0.167037
0.169108
0.158016
0.167191
0.169038
0.170038
0.170847
0.169499
0.171038
0.172457
0.172223
0.182040
0.176315
0.175039
0.175845
0.173382
0.170172
0.169039
0.168222
0.148374
0.169602
0.169325
0.170460
0.170700
0.169572
0.170103
0.169120
0.168158
0.169346
0.168551
0.168961
0.169037
0.169585
0.172038
0.170232
0.171257
0.171038
0.159333
0.169699
0.171126
0.169857
0.171385
0.170213
0.170426
0.170326
0.172336
0.170816
0.174121
0.172145
0.174113
0.175505
0.179038
0.177038
0.179275
0.177139
0.165348
0.169098
0.170139
0.169161
0.170038
0.170261
0.171038
0.171429
0.171934
0.172261
0.183560
0.181558
0.178222
0.175039
0.173410
0.173131
0.170562
0.145219
0.176233
0.171550
0.170306
0.166271
0.166399
0.167037
0.167091
0.166580
0.166209
0.171290
0.160403
0.171038
0.170460
0.171483
0.171739
0.172659
0.172330
0.161036
0.168037
0.166037
0.170442
0.174366
0.175543
0.176355
0.177505
0.176357
0.171278
0.171804
0.173278
0.176039
0.182040
0.184234
0.178147
0.171851
0.161754
0.166933
0.166315
0.166123
0.167383
0.166443
0.166533
0.167387
0.168202
0.166568
0.167155
0.166235
0.169118
0.170038
0.169540
0.169360
0.168522
0.323076
0.341624
0.350767
0.337075
0.339690
0.307067
0.304380
0.323072
0.228334
0.164557
0.164409
0.164208
0.163315
0.167036
0.165060
0.163610
0.163608
0.164058
0.158602
0.167338
0.167381
0.169037
0.169163
0.168401
0.168656
0.169096
0.169223
0.167901
0.167228
0.169038
0.168299
0.170181
0.170573
0.170154
0.169160
0.168547
0.152034
0.166037
0.167560
0.169050
0.169037
0.168750
0.168449
0.168439
0.169284
0.168557
0.168037
0.177443
0.178043
0.167173
0.165036
0.166985
0.167617
0.158271
0.165740
0.168180
0.167470
0.168575
0.170089
0.168112
0.168506
0.169368
0.168384
0.168413
0.168472
0.168209
0.169038
0.178190
0.172050
0.166637
0.158386
0.166037
0.167037
0.166566
0.166260
0.166313
0.166036
0.166369
0.167037
0.168139
0.166574
0.167629
0.167038
0.166037
0.166111
0.180886
0.185928
0.182208
0.182041
0.178087
0.173099
0.165882
0.165491
0.168037
0.169148
0.169896
0.170086
0.169547
0.168921
0.170038
0.168797
0.170413
0.169394
0.171435
0.172149
0.157107
0.169268
0.169140
0.170868
0.169416
0.172403
0.170624
0.171038
0.172570
0.171759
0.172544
0.172063
0.171525
0.171458
0.171472
0.167061
0.174904
0.171984
0.149412
0.168041
0.167521
0.168381
0.169502
0.170088
0.169047
0.169166
0.170455
0.169531
0.171604
0.171140
0.171238
0.170105
0.172827
0.167053
0.180629
0.175945
0.173501
0.169659
0.167912
0.168482
0.167546
0.169038
0.169276
0.168175
0.167990
0.168169
0.168026
0.167037
0.168037
0.169043
0.168273
0.168037
0.181142
0.171290
0.176001
0.177039
0.176041
0.177668
0.172341
0.170264
0.171205
0.173702
0.179614
0.179177
0.177249
0.174282
0.167430
0.168641
0.167156
0.170343
0.172221
0.160631
0.170740
0.172819
0.171776
0.172110
0.172659
0.172251
0.171655
0.172168
0.169472
0.167705
0.170197
0.171233
0.171141
0.170237
0.169594
0.169370
0.171474
0.156034
0.169036
0.168704
0.169451
0.170758
0.171337
0.169642
0.169429
0.170543
0.170038
0.170294
0.170123
0.171451
0.171255
0.171365
0.162844
0.168461
0.171293
0.090315
0.170037
0.169360
0.168260
0.170157
0.167860
0.169602
0.169555
0.170127
0.169044
0.169323
0.170217
0.169591
0.169439
0.170167
0.169663
0.171038
0.184254
0.183372
0.182237
0.171087
0.172486
0.170815
0.170958
0.170285
0.171302
0.171081
0.170158
0.171035
0.171038
0.171038
0.171250
0.171038
0.171132
0.171478
0.152095
0.170228
0.170109
0.170684
0.169167
0.169654
0.170037
0.171038
0.171878
0.172038
0.170483
0.171154
0.172890
0.172102
0.172153
0.171930
0.171038
0.172038
0.160441
0.171038
0.173142
0.172252
0.171821
0.173037
0.172498
0.172038
0.172480
0.172359
0.172077
0.173146
0.172038
0.172876
0.172145
0.172124
0.171148
0.173155
0.157306
0.171038
0.170217
0.170627
0.172038
0.172454
0.172038
0.172036
0.172500
0.171810
0.173148
0.171038
0.172154
0.170680
0.169312
0.171418
0.173216
0.171642
0.167037
0.172039
0.172219
0.172038
0.173131
0.173212
0.172992
0.171775
0.170037
0.170231
0.171038
0.172194
0.172203
0.171455
0.171154
0.170376
0.171920
0.171038
0.176039
0.175784
0.179040
0.178200
0.176039
0.174077
0.175219
0.174550
0.173786
0.173624
0.180542
0.178369
0.177535
0.176144
0.175338
0.175039
0.174117
0.174954
0.163619
0.172181
0.172220
0.173259
0.171494
0.171679
0.171609
0.169808
0.172038
0.170498
0.171638
0.171494
0.172038
0.170231
0.174039
0.172168
0.171332
0.172152
0.164301
0.171457
0.171191
0.172095
0.172269
0.172120
0.173560
0.173038
0.173036
0.173151
0.172432
0.171718
0.172126
0.172721
0.173100
0.172638
0.172355
0.172038
0.169038
0.172537
0.172820
0.171715
0.171054
0.172889
0.171542
0.171038
0.172126
0.173107
0.172093
0.172164
0.172130
0.172793
0.171482
0.172246
0.172108
0.171098
0.185165
0.183040
0.176633
0.171161
0.169310
0.171255
0.169674
0.171542
0.168524
0.170326
0.170097
0.169653
0.170102
0.170782
0.169344
0.171003
0.169668
0.158246
0.170147
0.170099
0.170322
0.172429
0.171422
0.171488
0.171901
0.170477
0.171387
0.171677
0.171672
0.172323
0.172555
0.171174
0.171265
0.171628
0.171862
0.150480
0.171497
0.170617
0.171730
0.172134
0.173330
0.173193
0.173291
0.172721
0.172259
0.172135
0.172039
0.171592
0.171158
0.173038
0.172038
0.169461
0.171564
0.166470
0.173207
0.172038
0.173038
0.173111
0.172342
0.172390
0.173071
0.172913
0.172188
0.171857
0.171715
0.172038
0.172132
0.172121
0.172114
0.172250
0.172409
0.168110
0.167100
0.174411
0.173944
0.172673
0.173038
0.173905
0.175039
0.174174
0.175096
0.175502
0.176039
0.175520
0.174003
0.173858
0.171854
0.170574
0.172472
0.147466
0.173534
0.172185
0.172121
0.173038
0.173044
0.172039
0.172096
0.172111
0.171844
0.173037
0.173127
0.173353
0.172674
0.173090
0.173128
0.172038
0.173108
0.169076
0.175169
0.178262
0.176929
0.179136
0.176039
0.176520
0.179520
0.178040
0.178156
0.178432
0.181621
0.180671
0.183041
0.184040
0.186126
0.185275
0.176214
0.186154
0.170936
0.170304
0.170185
0.170907
0.168555
0.169257
0.170753
0.170925
0.169297
0.169122
0.171337
0.176643
0.169037
0.168037
0.167448
0.168957
0.170037
0.173038
0.177039
0.177175
0.178128
0.178904
0.177040
0.176130
0.176182
0.176004
0.177039
0.179833
0.181040
0.181541
0.185381
0.185071
0.180750
0.166999
0.178813
0.176344
0.171567
0.169363
0.171200
0.171722
0.170103
0.170038
0.167967
0.170518
0.166037
0.170353
0.172038
0.170630
0.172038
0.171121
0.172316
0.155035
0.171038
0.170583
0.173647
0.172934
0.172419
0.174377
0.174826
0.174131
0.175417
0.174002
0.174121
0.176152
0.174038
0.174065
0.175524
0.175111
0.174026
0.146066
0.169938
0.171288
0.172656
0.171038
0.172101
0.171569
0.172094
0.172343
0.172038
0.172039
0.172230
0.172583
0.171176
0.170174
0.169257
0.169210
0.168358
0.166150
0.169256
0.170037
0.173038
0.172666
0.171520
0.173201
0.172408
0.172668
0.172153
0.172204
0.172038
0.172168
0.171718
0.173039
0.176165
0.177332
0.176705
0.156510
0.167037
0.169038
0.174038
0.173088
0.174291
0.175039
0.176306
0.176039
0.179036
0.178829
0.181040
0.181767
0.184135
0.181040
0.180040
0.178835
0.179444
0.138195
0.166037
0.168850
0.174067
0.173644
0.171125
0.173038
0.171038
0.174201
0.174198
0.171840
0.171230
0.172117
0.171981
0.174170
0.173730
0.174038
0.174477
0.139031
0.171038
0.175092
0.176296
0.172099
0.170038
0.173217
0.174906
0.184149
0.185218
0.181791
0.181040
0.181346
0.180207
0.173540
0.173712
0.174102
0.173453
0.168034
0.170498
0.173038
0.354702
0.383831
0.339468
0.344457
0.338808
0.374463
0.335698
0.370446
0.173535
0.168222
0.164360
0.169237
0.171083
0.171242
0.156305
0.164591
0.166163
0.165430
0.166522
0.165036
0.170411
0.174866
0.172791
0.173567
0.173655
0.168919
0.167155
0.167037
0.168714
0.166669
0.173402
0.174037
0.146231
0.165923
0.166457
0.171428
0.174812
0.154332
0.173038
0.171967
0.171203
0.172038
0.171839
0.172270
0.171251
0.173200
0.168720
0.167587
0.170038
0.173157
0.141031
0.170907
0.184172
0.174359
0.172630
0.175520
0.172909
0.172154
0.173521
0.172038
0.168037
0.168172
0.168037
0.168645
0.167037
0.167200
0.166198
0.167744
0.152386
0.162036
0.165036
0.173137
0.177040
0.169038
0.171605
0.170239
0.170400
0.170104
0.171379
0.170962
0.166763
0.168146
0.169038
0.169038
0.168898
0.173038
0.139872
0.166037
0.168038
0.168037
0.172294
0.175416
0.170127
0.165583
0.168038
0.168139
0.168625
0.167405
0.170587
0.169678
0.169037
0.168450
0.171545
0.172737
0.166604
0.171038
0.173211
0.169311
0.173663
0.170427
0.172600
0.173463
0.175038
0.171884
0.174039
0.168097
0.167144
0.166592
0.170038
0.170119
0.170738
0.170374
0.139031
0.167708
0.166343
0.164765
0.167113
0.169122
0.167164
0.165405
0.169037
0.171075
0.170148
0.170130
0.169323
0.170914
0.170196
0.169331
0.167299
0.168037
0.128028
0.166280
0.167187
0.168804
0.172408
0.167146
0.168037
0.168736
0.167450
0.168477
0.169038
0.168675
0.168038
0.169037
0.168674
0.170038
0.171705
0.170038
0.149196
0.169525
0.170546
0.169138
0.172292
0.170038
0.170110
0.170324
0.171549
0.171199
0.170607
0.169457
0.173735
0.172185
0.171784
0.170696
0.170644
0.173121
0.152486
0.172290
0.169102
0.170200
0.173088
0.172893
0.172097
0.171341
0.171659
0.169219
0.170119
0.170232
0.171202
0.170663
0.173022
0.170835
0.173048
0.168401
0.157488
0.170130
0.171129
0.171038
0.174748
0.173168
0.172705
0.173978
0.169038
0.169279
0.170652
0.169038
0.171214
0.171393
0.170980
0.172038
0.171038
0.170123
0.142030
0.170267
0.170992
0.169679
0.171918
0.172038
0.172483
0.173177
0.173133
0.172019
0.170220
0.171097
0.171460
0.168849
0.171691
0.171561
0.172253
0.170038
0.148033
0.172447
0.170342
0.165037
0.173674
0.173171
0.172612
0.173038
0.172554
0.173210
0.169574
0.170037
0.171038
0.173321
0.172150
0.172371
0.173038
0.173455
0.166036
0.171276
0.171585
0.168179
0.169549
0.170148
0.171038
0.173372
0.173039
0.173546
0.172180
0.174186
0.174153
0.172492
0.175186
0.172564
0.173516
0.171816
0.153354
0.170038
0.172400
0.167037
0.175932
0.174148
0.169283
0.173038
0.170038
0.172920
0.170403
0.171038
0.170161
0.170038
0.172142
0.170978
0.170594
0.172815
0.160969
0.172383
0.170154
0.173448
0.184150
0.186660
0.183347
0.188113
0.177263
0.181077
0.174743
0.171290
0.170695
0.176390
0.175039
0.176221
0.176127
0.159143
0.176210
0.176911
0.175193
0.173386
0.169161
0.166878
0.167037
0.168836
0.167139
0.168282
0.173509
0.176039
0.178040
0.177226
0.177167
0.174997
0.172038
0.160581
0.170547
0.170189
0.166856
0.170331
0.172679
0.171170
0.170615
0.172801
0.174757
0.174492
0.173563
0.174110
0.173214
0.174037
0.174039
0.177176
0.174039
0.161226
0.170038
0.173177
0.173038
0.174086
0.177509
0.176066
0.175039
0.172206
0.176136
0.172163
0.173039
0.176039
0.174384
0.172495
0.172552
0.182040
0.178248
0.127028
0.171037
0.171546
0.172997
0.173039
0.174039
0.176037
0.169752
0.171533
0.171789
0.173040
0.172038
0.172038
0.172038
0.172189
0.172038
0.173198
0.172038
0.162698
0.170451
0.172039
0.171120
0.173552
0.177039
0.175063
0.170323
0.167226
0.174366
0.175103
0.177717
0.182282
0.178318
0.175452
0.171119
0.169061
0.171287
0.151310
0.171123
0.168078
0.168802
0.171830
0.177039
0.177161
0.175465
0.176256
0.173084
0.170038
0.167412
0.166866
0.169734
0.171038
0.170902
0.171730
0.168682
0.141314
0.169038
0.169036
0.169232
0.169155
0.178258
0.176039
0.173562
0.171040
0.169719
0.170380
0.169482
0.169201
0.171203
0.170174
0.169596
0.168981
0.168036
0.153915
0.175183
0.176192
0.171417
0.167627
0.168924
0.170166
0.170399
0.174918
0.176293
0.175112
0.173108
0.169557
0.170123
0.170757
0.170714
0.169090
0.170563
0.162207
0.169256
0.170222
0.169164
0.178505
0.178040
0.177602
0.211061
0.180861
0.180040
0.179890
0.178787
0.179234
0.179567
0.173293
0.171148
0.173606
0.168817
0.171325
0.174570
0.174608
0.173038
0.171038
0.176039
0.172062
0.173420
0.172129
0.173039
0.172756
0.173042
0.173244
0.171038
0.172472
0.171038
0.174038
0.150687
0.172695
0.171169
0.171391
0.175038
0.170929
0.173765
0.173413
0.173970
0.174324
0.173654
0.175037
0.169037
0.165587
0.165036
0.173866
0.169872
0.173714
0.168469
0.173477
0.173038
0.176039
0.174532
0.171038
0.176235
0.174297
0.176041
0.174152
0.174779
0.174415
0.176261
0.174145
0.173131
0.174184
0.171482
0.170121
0.128097
0.166037
0.173038
0.170132
0.171082
0.170038
0.172097
0.172040
0.172338
0.170515
0.170847
0.170848
0.171328
0.172038
0.172037
0.172087
0.170492
0.172193
0.159035
0.170155
0.171136
0.171251
0.172527
0.172205
0.185046
0.187201
0.183003
0.180645
0.181040
0.179040
0.189329
0.180040
0.183378
0.174469
0.174329
0.174347
0.134825
0.172235
0.172254
0.171499
0.174039
0.171378
0.175039
0.173239
0.173409
0.172038
0.174038
0.174373
0.174321
0.172229
0.172988
0.172645
0.175441
0.174192
0.153033
0.169768
0.173038
0.173167
0.172133
0.172457
0.176459
0.173512
0.175117
0.174395
0.174038
0.174422
0.176352
0.172907
0.173038
0.174280
0.175112
0.173861
0.169241
0.173519
0.173199
0.175347
0.174831
0.174318
0.173040
0.175039
0.175253
0.174039
0.174416
0.170740
0.172303
0.173304
0.173427
0.174221
0.173616
0.174542
0.152156
0.172039
0.174139
0.174044
0.172038
0.173507
0.174309
0.174998
0.175039
0.173343
0.172378
0.171037
0.175039
0.172198
0.173038
0.175039
0.174249
0.176383
0.134264
0.170469
0.172325
0.171307
0.173849
0.173125
0.181040
0.179040
0.179945
0.177815
0.178128
0.175174
0.176573
0.175751
0.175115
0.174593
0.173817
0.173039
0.167617
0.171570
0.174452
0.174198
0.174366
0.173156
0.176112
0.175041
0.174579
0.171038
0.172129
0.152034
0.172182
0.172038
0.172624
0.173317
0.170838
0.171418
0.143439
0.172050
0.173001
0.172215
0.174115
0.172316
0.171541
0.172793
0.174037
0.174096
0.173136
0.174265
0.173038
0.173736
0.173112
0.174038
0.174425
0.175142
0.159340
0.172129
0.173149
0.172526
0.173033
0.173038
0.177548
0.177112
0.172038
0.172039
0.171537
0.175205
0.179852
0.178039
0.188161
0.190541
0.180106
0.175347
0.181040
0.182198
0.181107
0.178807
0.177524
0.171098
0.173238
0.171203
0.171038
0.169882
0.170275
0.170037
0.171114
0.170583
0.171191
0.170554
0.171528
0.153046
0.171165
0.173096
0.170271
0.170453
0.169037
0.170038
0.173115
0.172591
0.172157
0.172038
0.173038
0.173038
0.173095
0.173256
0.172670
0.171558
0.172305
0.145421
0.172064
0.177705
0.179578
0.174186
0.170036
0.171516
0.174037
0.172038
0.172694
0.172038
0.172038
0.173094
0.173494
0.172179
0.173038
0.172150
0.173358
0.169231
0.173361
0.171861
0.171270
0.173038
0.172303
0.173647
0.180127
0.177749
0.178197
0.177039
0.176039
0.176039
0.176916
0.175227
0.173039
0.174143
0.173538
0.144227
0.171693
0.172103
0.171038
0.171154
0.171127
0.171102
0.178983
0.176039
0.176119
0.175104
0.173682
0.174070
0.174311
0.173096
0.174170
0.174040
0.173101
0.167550
0.169419
0.172038
0.172154
0.348083
0.355764
0.358044
0.324186
0.288243
0.304343
0.304420
0.289063
0.312068
0.297574
0.343505
0.345077
0.327074
0.336075
0.314068
0.315118
0.348476
0.335445
0.343422
0.246466
0.173355
0.163158
0.162469
0.163278
0.162241
0.168141
0.170038
0.169038
0.164120
0.165036
0.128028
0.164036
0.164292
0.164187
0.164516
0.164036
0.164383
0.165496
0.165250
0.168651
0.166037
0.166314
0.165037
0.165670
0.168764
0.169468
0.170038
0.168038
0.125015
0.168037
0.167179
0.167359
0.166314
0.165178
0.167012
0.165102
0.167688
0.170462
0.170038
0.167718
0.166124
0.167202
0.171038
0.173555
0.174687
0.175039
0.170519
0.170038
0.170270
0.170038
0.170428
0.169038
0.170456
0.171038
0.170992
0.175406
0.177039
0.177039
0.176086
0.176039
0.175189
0.176039
0.175468
0.176403
0.163358
0.182387
0.169176
0.172180
0.173039
0.174019
0.172653
0.172690
0.174012
0.179561
0.178165
0.174502
0.176215
0.175875
0.172248
0.173150
0.174143
0.174038
0.168114
0.174098
0.174818
0.173688
0.174478
0.173370
0.176854
0.166924
0.166827
0.178970
0.177568
0.178825
0.172966
0.174763
0.183997
0.171916
0.169511
0.171129
0.153745
0.171123
0.171811
0.172038
0.173038
0.172038
0.171233
0.169889
0.172405
0.182173
0.186378
0.184040
0.183040
0.174666
0.169873
0.171037
0.168268
0.156735
0.171460
0.170852
0.171038
0.172038
0.171267
0.171923
0.172280
0.171303
0.171184
0.173429
0.172219
0.171993
0.172650
0.172521
0.172038
0.173357
0.171927
0.149266
0.171674
0.171038
0.169865
0.171189
0.172239
0.172452
0.173104
0.172617
0.172856
0.181358
0.182353
0.182168
0.179374
0.183295
0.181546
0.180151
0.182999
0.164455
0.171914
0.173038
0.171252
0.175695
0.167732
0.171437
0.170403
0.143307
0.170651
0.174278
0.171417
0.170778
0.171994
0.173538
0.175454
0.178167
0.180040
0.178531
0.179048
0.178194
0.172384
0.171647
0.165975
0.169846
0.171600
0.179083
0.181749
0.180143
0.179262
0.180039
0.181536
0.179055
0.179935
0.080712
0.080017
0.078018
0.078978
0.075755
0.076427
0.077764
0.088951
0.078511
0.078850
0.080647
0.081018
0.081391
0.082233
0.082644
0.082018
0.082018
0.083191
0.084017
0.080663
0.080837
0.082819
0.083019
0.088019
0.083158
0.083018
0.079290
0.083986
0.077457
0.075246
0.092444
0.076010
0.074381
0.079951
0.078523
0.082750
0.082824
0.082907
0.085220
0.088871
0.078480
0.074185
0.095085
0.073540
0.079313
0.074623
0.075183
0.075971
0.073969
0.073743
0.076418
0.076414
0.079502
0.077583
0.084948
0.075593
0.074833
0.074155
0.077613
0.077864
0.075310
0.074948
0.075468
0.075963
0.079290
0.076784
0.073750
0.079908
0.076610
0.075448
0.081556
0.084311
0.079335
0.079710
0.088206
0.076336
0.077196
0.077024
0.078425
0.084535
0.076709
0.095155
0.079118
0.073835
0.075217
0.075860
0.074561
0.076140
0.073349
0.076174
0.075186
0.083240
0.075912
0.089807
0.086560
0.079034
0.080459
0.078234
0.093387
0.082182
0.081448
0.077494
0.075867
0.077416
0.078748
0.080950
0.076937
0.081729
0.076441
0.075982
0.075334
0.083019
0.075795
0.075069
0.073801
0.076627
0.086508
0.073608
0.074894
0.075801
0.076627
0.073115
0.074490
0.074993
0.075351
0.075714
0.075343
0.080339
0.073716
0.075579
0.076017
0.078201
0.074906
0.080608
0.074743
0.076542
0.074147
0.075196
0.090620
0.088035
0.092020
0.076135
0.076250
0.176039
0.126028
0.153481
0.155030
0.159209
0.129655
0.176378
0.181935
0.140145
0.140031
0.161036
0.148033
0.131982
0.159036
0.080017
0.176039
0.188041
0.187042
0.148032
0.125028
0.135030
0.187042
0.182041
0.140706
0.160288
0.159058
0.163034
0.162035
0.159035
0.157771
0.160035
0.139031
0.159652
0.160488
0.160036
0.159035
0.160073
0.160138
0.161947
0.158034
0.176888
0.178435
0.177039
0.171038
0.167308
0.169037
0.168037
0.171037
0.167672
0.159035
0.163427
0.167037
0.167037
0.168037
0.170038
0.168037
0.167155
0.162232
0.176159
0.175039
0.172039
0.169038
0.171038
0.165739
0.170037
0.167380
0.170038
0.162212
0.167036
0.170529
0.170538
0.166732
0.164036
0.160051
0.161066
0.157034
0.176039
0.170131
0.167036
0.166037
0.166036
0.167037
0.168036
0.167834
0.167037
0.160035
0.160487
0.171038
0.163036
0.168144
0.164036
0.162036
0.166526
0.168037
0.181263
0.180140
0.169037
0.165036
0.162035
0.161063
0.161035
0.160035
0.163036
0.118026
0.173331
0.184041
0.178272
0.172038
0.167037
0.165037
0.162034
0.161784
0.156034
0.163464
0.162510
0.162036
0.161036
0.162035
0.162035
0.162036
0.163497
0.166036
0.159069
0.159375
0.161036
0.160035
0.161035
0.162035
0.164036
0.162036
0.145032
0.161190
0.161535
0.161036
0.161191
0.163036
0.160380
0.161170
0.161035
0.165681
0.162183
0.163036
0.161036
0.162024
0.158035
0.163116
0.160033
0.162176
0.135030
0.163131
0.161035
0.161036
0.167037
0.165036
0.167037
0.167037
0.169037
0.161036
0.160069
0.161489
0.163036
0.161036
0.165036
0.164578
0.166036
0.185041
0.184468
0.162035
0.163035
0.163162
0.161401
0.162884
0.161036
0.162469
0.163036
0.161035
0.161036
0.163185
0.163037
0.161035
0.164033
0.164036
0.168036
0.168173
0.163036
0.128616
0.164037
0.161678
0.163035
0.162036
0.159033
0.159035
0.159507
0.164036
0.160036
0.162036
0.162035
0.163036
0.163753
0.161036
0.163035
0.162035
0.162297
0.148031
0.174624
0.172253
0.170037
0.169573
0.167038
0.167453
0.169038
0.165037
0.163036
0.164037
0.163566
0.162037
0.163036
0.162631
0.163496
0.140031
0.163036
0.166038
0.179040
0.176038
0.167036
0.167556
0.170038
0.170038
0.167037
0.167037
0.163059
0.164037
0.166037
0.168721
0.171038
0.165036
0.168037
0.169037
0.170038
0.167176
0.180484
0.173818
0.172038
0.171038
0.169037
0.172061
0.170038
0.170037
0.167036
0.167140
0.165037
0.165767
0.173038
0.165745
0.166037
0.165037
0.165036
0.142055
0.167037
0.168037
0.166036
0.167037
0.166037
0.166037
0.167035
0.167054
0.166037
0.157035
0.166037
0.165602
0.168037
0.166037
0.166571
0.167037
0.169037
0.167037
0.176883
0.170038
0.170038
0.169087
0.173335
0.168941
0.170038
0.173038
0.166037
0.167037
0.168037
0.168715
0.168037
0.167994
0.167542
0.168037
0.167687
0.159290
0.168037
0.169038
0.169577
0.169477
0.169037
0.168141
0.169037
0.168591
0.169038
0.168037
0.168559
0.168037
0.168213
0.169038
0.168503
0.168037
0.169037
0.139304
0.170038
0.168038
0.168037
0.169095
0.168037
0.168037
0.167989
0.169900
0.169038
0.169038
0.168059
0.168037
0.167037
0.167036
0.169350
0.168037
0.168565
0.149032
0.167950
0.170038
0.167037
0.169037
0.169060
0.168037
0.168037
0.167883
0.167037
0.167335
0.168037
0.168037
0.168108
0.167793
0.169038
0.168586
0.171038
0.145029
0.168013
0.169050
0.168723
0.167200
0.170145
0.169038
0.168037
0.170141
0.169561
0.168037
0.168097
0.168037
0.168037
0.168037
0.167556
0.169037
0.169037
0.158035
0.169314
0.168037
0.168037
0.167281
0.167037
0.167036
0.169038
0.172776
0.167770
0.167387
0.169037
0.168037
0.168037
0.169038
0.167244
0.168037
0.169037
0.153176
0.168037
0.169481
0.167840
0.166027
0.169038
0.169070
0.169038
0.168193
0.166037
0.168037
0.169500
0.169037
0.168552
0.167037
0.167037
0.167037
0.169038
0.158551
0.169037
0.168098
0.168037
0.168536
0.168056
0.169037
0.169038
0.170060
0.167037
0.169038
0.169038
0.170038
0.169038
0.167257
0.168037
0.168677
0.167999
0.155034
0.169037
0.166682
0.168223
0.167037
0.169038
0.168473
0.169968
0.172743
0.170586
0.169037
0.169708
0.168037
0.167105
0.165036
0.169038
0.168533
0.168037
0.164026
0.169059
0.169110
0.168680
0.168551
0.169037
0.168037
0.168265
0.170037
0.170038
0.169113
0.169038
0.169038
0.169334
0.168037
0.169077
0.169037
0.169091
0.155154
0.166035
0.169035
0.168099
0.167037
0.166036
0.168516
0.169037
0.168655
0.167084
0.168037
0.170201
0.167037
0.168037
0.167037
0.168037
0.167036
0.169513
0.158036
0.168070
0.167144
0.168037
0.168353
0.168042
0.170037
0.168038
0.179610
0.175052
0.172801
0.168350
0.169037
0.171038
0.167478
0.167037
0.167358
0.168037
0.152034
0.167037
0.168144
0.169037
0.166037
0.168076
0.169509
0.168037
0.169037
0.168037
0.167159
0.168224
0.167431
0.169037
0.169037
0.168037
0.168978
0.169037
0.160035
0.169038
0.168037
0.169575
0.169037
0.168261
0.168036
0.169038
0.168867
0.176039
0.172037
0.171038
0.171037
0.175039
0.147033
0.175039
0.175487
0.174038
0.153034
0.174038
0.168037
0.168147
0.168037
0.168174
0.169037
0.167037
0.169038
0.168037
0.167384
0.167037
0.167037
0.168036
0.167037
0.167037
0.167137
0.167037
0.165037
0.166037
0.164709
0.166541
0.167037
0.167037
0.166037
0.166036
0.161088
0.166037
0.164035
0.170036
0.165037
0.165948
0.174038
0.191042
0.176039
0.167062
0.157035
0.168037
0.165036
0.168037
0.166386
0.168037
0.167037
0.167037
0.168037
0.168038
0.168285
0.165036
0.167037
0.169038
0.167037
0.168383
0.165036
0.167036
0.135030
0.169038
0.168511
0.168037
0.167035
0.168363
0.168371
0.168241
0.168037
0.168037
0.168213
0.168037
0.168037
0.167074
0.167037
0.167166
0.167415
0.166037
0.157035
0.171038
0.171038
0.167857
0.170038
0.169038
0.169038
0.165292
0.168084
0.168894
0.166833
0.168036
0.167353
0.164585
0.167037
0.166827
0.171037
0.167784
0.132095
0.180040
0.172189
0.170038
0.169083
0.169037
0.168037
0.168036
0.169038
0.167037
0.168038
0.168037
0.165037
0.164036
0.165971
0.169216
0.170038
0.167613
0.163035
0.178301
0.171165
0.171020
0.168037
0.167679
0.168038
0.168037
0.168122
0.167037
0.167355
0.168037
0.165036
0.167037
0.166750
0.168037
0.168037
0.167037
0.161036
0.171555
0.172435
0.170037
0.169822
0.171038
0.170038
0.171038
0.170038
0.170038
0.172039
0.169315
0.171168
0.170037
0.168254
0.170037
0.169037
0.170037
0.153034
0.171916
0.172038
0.169009
0.171038
0.171038
0.168767
0.170134
0.173781
0.171236
0.169452
0.170037
0.170038
0.170037
0.166807
0.170037
0.172038
0.171039
0.159711
0.169151
0.171046
0.169647
0.170037
0.170037
0.169684
0.170047
0.171038
0.171038
0.173038
0.169441
0.170037
0.168037
0.172252
0.167667
0.170037
0.170038
0.158744
0.173039
0.170038
0.167687
0.169037
0.167037
0.169538
0.169060
0.177075
0.168649
0.166037
0.166044
0.170038
0.170160
0.169037
0.168904
0.171038
0.170104
0.150033
0.169944
0.171038
0.170106
0.171714
0.171038
0.171089
0.171081
0.173038
0.170037
0.173753
0.169149
0.169037
0.169430
0.170038
0.171969
0.170038
0.171203
0.155035
0.169941
0.172038
0.171038
0.168038
0.171038
0.169377
0.171282
0.173038
0.170038
0.170038
0.171038
0.170037
0.169037
0.171038
0.174067
0.169964
0.170038
0.153191
0.172038
0.170255
0.169038
0.171038
0.170075
0.170037
0.171037
0.173038
0.168037
0.170038
0.169600
0.170038
0.171063
0.171431
0.170037
0.171037
0.171038
0.154436
0.168357
0.172172
0.168037
0.170038
0.171038
0.169037
0.170037
0.173820
0.170038
0.172038
0.171037
0.170070
0.170037
0.173608
0.170038
0.162036
0.171038
0.156034
0.172039
0.170776
0.170037
0.174039
0.170038
0.168037
0.169038
0.175039
0.165494
0.162036
0.163036
0.164198
0.163972
0.180039
0.174039
0.171038
0.171161
0.145032
0.171038
0.171038
0.169692
0.171037
0.172039
0.170037
0.164043
0.165036
0.165223
0.165036
0.163037
0.166145
0.167363
0.168037
0.168037
0.164036
0.168037
0.121027
0.174989
0.169037
0.167036
0.167037
0.167386
0.168037
0.171038
0.166851
0.168675
0.167037
0.169037
0.167449
0.166141
0.166037
0.167835
0.168037
0.169817
0.155035
0.169445
0.166600
0.168038
0.166037
0.170038
0.167206
0.168038
0.168516
0.168037
0.168157
0.168037
0.168038
0.167073
0.168037
0.167897
0.168037
0.167036
0.163036
0.171532
0.168038
0.168037
0.168949
0.166036
0.166751
0.169037
0.170038
0.165036
0.167037
0.167037
0.168038
0.169038
0.169037
0.167889
0.168037
0.171693
0.157035
0.174538
0.173039
0.186042
0.170036
0.172037
0.176037
0.174039
0.175467
0.174038
0.174039
0.177229
0.174039
0.172688
0.172038
0.171038
0.170975
0.173038
0.160578
0.172038
0.173039
0.174098
0.173038
0.174038
0.167036
0.166213
0.169038
0.166037
0.166037
0.172038
0.172038
0.171038
0.171038
0.171038
0.174518
0.172038
0.156034
0.171130
0.170038
0.172038
0.171038
0.173038
0.172681
0.172038
0.172403
0.171038
0.172038
0.170038
0.170037
0.171743
0.171038
0.172038
0.171070
0.170038
0.155034
0.171037
0.171562
0.170238
0.170038
0.171038
0.170037
0.166037
0.174038
0.171038
0.169037
0.171038
0.170660
0.170038
0.172038
0.171253
0.172038
0.171774
0.147032
0.170992
0.171038
0.171036
0.171552
0.171038
0.170038
0.170038
0.171016
0.171038
0.171037
0.170510
0.171038
0.171245
0.164036
0.165035
0.165036
0.164728
0.129029
0.175656
0.173542
0.170036
0.171037
0.174245
0.173039
0.172038
0.171929
0.172037
0.171039
0.172038
0.170038
0.170935
0.171038
0.171037
0.172039
0.170642
0.166037
0.171036
0.170038
0.169250
0.171037
0.166037
0.166859
0.164036
0.167037
0.165775
0.174038
0.174038
0.167037
0.164122
0.167037
0.164036
0.165036
0.167037
0.160543
0.166037
0.167037
0.167037
0.167289
0.167681
0.167037
0.167056
0.167037
0.167037
0.164192
0.168038
0.167037
0.168036
0.167374
0.166037
0.166038
0.168635
0.153034
0.167718
0.165036
0.167037
0.154035
0.168037
0.167037
0.166037
0.167552
0.167551
0.168232
0.167036
0.166037
0.167824
0.167037
0.167037
0.168037
0.167069
0.153271
0.167037
0.167488
0.167036
0.167037
0.168216
0.166038
0.167037
0.167037
0.167271
0.170038
0.174039
0.174901
0.175039
0.174382
0.174039
0.175357
0.174038
0.155308
0.175037
0.177039
0.169037
0.166971
0.167037
0.167486
0.168037
0.169037
0.166351
0.166336
0.172038
0.166037
0.167038
0.168245
0.167037
0.165037
0.167037
0.162225
0.176039
0.173166
0.175176
0.173039
0.169586
0.166037
0.167123
0.170038
0.165987
0.165986
0.165036
0.166037
0.167171
0.170037
0.166832
0.173037
0.173038
0.166038
0.171664
0.170037
0.167037
0.167037
0.165271
0.165117
0.165037
0.173787
0.170038
0.169038
0.173038
0.172038
0.173038
0.172038
0.173038
0.173385
0.174039
0.135555
0.173039
0.173038
0.167037
0.164036
0.165527
0.166036
0.166468
0.169038
0.168037
0.166284
0.166037
0.167037
0.166178
0.167037
0.167137
0.168037
0.165276
0.146032
0.169425
0.166037
0.167037
0.345479
0.376803
0.379728
0.383104
0.366385
0.408734
0.400060
0.192029
0.177248
0.179900
0.180040
0.175412
0.167600
0.162036
0.153034
0.154035
0.160036
0.162036
0.165620
0.166629
0.166036
0.165037
0.166221
0.168060
0.169251
0.166690
0.168217
0.164036
0.165165
0.166037
0.167037
0.166116
0.170619
0.152134
0.164496
0.167037
0.165036
0.166037
0.165345
0.168037
0.173667
0.169037
0.168038
0.168037
0.167556
0.168037
0.166037
0.169037
0.170037
0.171033
0.169038
0.130451
0.168037
0.169038
0.168467
0.167724
0.168037
0.169038
0.169037
0.167823
0.166535
0.169045
0.168038
0.172489
0.167037
0.167037
0.167303
0.165487
0.168037
0.157035
0.168037
0.168134
0.168037
0.167037
0.168188
0.168068
0.168037
0.168038
0.166558
0.167361
0.168038
0.167037
0.168038
0.169037
0.172126
0.170037
0.169038
0.112025
0.169037
0.166298
0.168040
0.166037
0.169632
0.169037
0.170038
0.167430
0.169038
0.168712
0.167037
0.168038
0.169037
0.169037
0.170038
0.168319
0.168037
0.163036
0.167773
0.167037
0.166036
0.167073
0.169167
0.168037
0.175039
0.167852
0.167412
0.169037
0.168289
0.166037
0.173211
0.172404
0.167561
0.166547
0.167036
0.129028
0.167119
0.168037
0.168037
0.168037
0.168038
0.168037
0.168741
0.166278
0.168037
0.166052
0.168037
0.168038
0.167037
0.167037
0.169144
0.170038
0.168037
0.158035
0.169038
0.167883
0.167073
0.171038
0.169037
0.166192
0.168448
0.148033
0.168893
0.169038
0.169038
0.166905
0.167896
0.168038
0.169038
0.167037
0.167911
0.160035
0.169037
0.167084
0.171038
0.168174
0.168943
0.168038
0.172150
0.170038
0.170038
0.167037
0.166931
0.167036
0.167037
0.168484
0.168037
0.164138
0.169037
0.152034
0.171038
0.171096
0.168150
0.167729
0.168037
0.166718
0.170038
0.170038
0.178039
0.171038
0.169037
0.168036
0.169038
0.166978
0.166303
0.170038
0.167037
0.142031
0.168355
0.169037
0.173502
0.169038
0.169265
0.169290
0.169388
0.168036
0.167352
0.168337
0.171037
0.167037
0.166036
0.167037
0.169191
0.167037
0.168036
0.154047
0.168879
0.168617
0.167037
0.170232
0.168038
0.168037
0.169037
0.167036
0.168262
0.171038
0.167037
0.166218
0.169212
0.168038
0.169397
0.166036
0.168686
0.157510
0.167055
0.166037
0.169223
0.166074
0.169038
0.169037
0.167966
0.169160
0.167037
0.126986
0.166037
0.168038
0.170038
0.169038
0.170402
0.169037
0.168037
0.142073
0.184041
0.178039
0.170038
0.178039
0.184559
0.183041
0.146783
0.167540
0.167229
0.168037
0.167840
0.167052
0.165355
0.168270
0.167035
0.166706
0.148033
0.151032
0.191043
0.190042
0.185041
0.169036
0.169037
0.170324
0.135937
0.169037
0.170039
0.167037
0.169037
0.169176
0.170038
0.170037
0.170038
0.170038
0.169038
0.169037
0.117223
0.176924
0.180407
0.180040
0.180040
0.182040
0.153034
0.177039
0.179500
0.178038
0.182294
0.180208
0.188293
0.182902
0.180040
0.181230
0.184135
0.179554
0.179039
0.143032
0.164036
0.170038
0.167663
0.165173
0.152034
0.167037
0.169037
0.167037
0.167316
0.168037
0.167629
0.167037
0.168037
0.159128
0.166037
0.167037
0.166557
0.104023
0.171038
0.170037
0.167944
0.170168
0.151034
0.169037
0.169037
0.167037
0.168540
0.167037
0.169206
0.165036
0.167037
0.168779
0.168037
0.168037
0.170210
0.139029
0.180040
0.180609
0.184041
0.191441
0.167037
0.125028
0.165375
0.168037
0.171049
0.169037
0.166206
0.168200
0.169177
0.167036
0.167037
0.169037
0.169038
0.166037
0.134185
0.184647
0.176038
0.173038
0.170038
0.167968
0.168037
0.166037
0.168046
0.169037
0.170037
0.168828
0.168038
0.166037
0.168844
0.167037
0.168094
0.166580
0.163037
0.168037
0.168801
0.169038
0.168104
0.168037
0.165037
0.168723
0.166272
0.168036
0.168153
0.166825
0.169038
0.170038
0.169033
0.168037
0.168293
0.168038
0.147032
0.189504
0.181533
0.167036
0.172162
0.168038
0.167037
0.167973
0.170038
0.168037
0.168037
0.170038
0.154035
0.168037
0.166037
0.165068
0.168038
0.168037
0.141032
0.168037
0.168037
0.168036
0.168038
0.169041
0.169038
0.168037
0.170038
0.169037
0.168037
0.165036
0.168058
0.166036
0.167043
0.167037
0.168037
0.169317
0.153033
0.170038
0.171057
0.166759
0.168037
0.169123
0.168037
0.166726
0.168235
0.168037
0.169037
0.170038
0.170038
0.169101
0.169085
0.164417
0.167509
0.169195
0.156034
0.169467
0.169037
0.169432
0.169117
0.169038
0.169099
0.166103
0.167038
0.166214
0.168037
0.168249
0.167037
0.166569
0.167037
0.168038
0.169037
0.169037
0.163063
0.169124
0.169038
0.167037
0.170038
0.168037
0.166574
0.168037
0.166037
0.169037
0.169038
0.168037
0.167037
0.165989
0.167298
0.169037
0.169036
0.169038
0.168037
0.175038
0.172398
0.170037
0.170038
0.168037
0.169038
0.171037
0.166037
0.168038
0.171562
0.167037
0.168037
0.167037
0.169037
0.167908
0.167037
0.168829
0.127028
0.170038
0.171038
0.169037
0.170038
0.169037
0.167492
0.166571
0.169038
0.167140
0.165741
0.172039
0.166233
0.166036
0.170037
0.168037
0.168037
0.166037
0.160818
0.168074
0.167037
0.167709
0.169781
0.169038
0.169037
0.168036
0.169445
0.170038
0.169037
0.169343
0.168038
0.168037
0.168037
0.167038
0.167610
0.167037
0.158035
0.167037
0.168280
0.168038
0.169015
0.168037
0.169578
0.170037
0.168038
0.168038
0.168812
0.167037
0.169037
0.169037
0.166810
0.168037
0.167036
0.163222
0.148033
0.169037
0.169038
0.168037
0.170038
0.168037
0.169038
0.167128
0.168462
0.166036
0.167037
0.167767
0.167037
0.168037
0.168037
0.165036
0.169038
0.169037
0.160570
0.178055
0.174324
0.168038
0.166165
0.170038
0.169037
0.169037
0.168042
0.168264
0.169038
0.169517
0.168037
0.167036
0.166897
0.167036
0.171039
0.170037
0.165036
0.174038
0.168037
0.170037
0.169061
0.169037
0.167037
0.165764
0.166037
0.169038
0.168037
0.169038
0.168037
0.168037
0.167038
0.170038
0.169037
0.168037
0.151034
0.172536
0.168037
0.171037
0.169037
0.170038
0.169037
0.167793
0.168037
0.170038
0.170075
0.168037
0.167037
0.168409
0.166037
0.170038
0.169037
0.168404
0.160034
0.168743
0.168037
0.168766
0.171038
0.168272
0.167037
0.168037
0.169068
0.168037
0.167056
0.169038
0.167037
0.167485
0.170038
0.167718
0.167037
0.166036
0.157224
0.190042
0.180040
0.178039
0.169405
0.170037
0.169302
0.168037
0.167037
0.163036
0.167037
0.167037
0.169038
0.168463
0.169037
0.168037
0.155472
0.167519
0.167037
0.174041
0.169037
0.170212
0.170133
0.168038
0.167647
0.168036
0.169038
0.169037
0.167567
0.169037
0.170038
0.169036
0.169644
0.169636
0.169038
0.170038
0.160805
0.171038
0.171038
0.170730
0.170038
0.170038
0.171066
0.167036
0.169037
0.170038
0.169038
0.167433
0.171038
0.170037
0.168701
0.167405
0.169037
0.171037
0.127028
0.175122
0.172372
0.172493
0.170327
0.171038
0.169093
0.168038
0.171758
0.170038
0.171037
0.171038
0.169037
0.170723
0.169037
0.171038
0.171038
0.169113
0.163506
0.178039
0.175572
0.171626
0.171038
0.171038
0.169853
0.171038
0.170038
0.170038
0.170082
0.171038
0.169038
0.171211
0.171038
0.170038
0.171038
0.170037
0.166036
0.170098
0.169037
0.171038
0.170038
0.169037
0.170038
0.170038
0.169037
0.170038
0.170038
0.170037
0.169096
0.168231
0.170037
0.169038
0.168943
0.169187
0.140871
0.169037
0.169038
0.170512
0.167038
0.167387
0.167037
0.167485
0.168038
0.166779
0.169037
0.169038
0.169212
0.169037
0.168037
0.170062
0.169037
0.167106
0.149033
0.168922
0.169270
0.167037
0.172038
0.170037
0.167037
0.169888
0.169037
0.169419
0.169037
0.169033
0.168942
0.170038
0.166037
0.171037
0.170038
0.168037
0.134029
0.171037
0.170038
0.168038
0.170609
0.167038
0.169037
0.169420
0.168792
0.168037
0.170127
0.167037
0.169038
0.169038
0.168036
0.169037
0.168037
0.167259
0.158036
0.168059
0.169037
0.167037
0.165036
0.171151
0.169037
0.168550
0.170038
0.170038
0.168138
0.168037
0.170038
0.168418
0.167037
0.167037
0.168037
0.167036
0.149199
0.170038
0.169770
0.168037
0.170029
0.169037
0.168037
0.169034
0.168037
0.168038
0.169038
0.169037
0.168037
0.165036
0.168555
0.168037
0.168232
0.170074
0.160035
0.168061
0.168037
0.168037
0.169037
0.168035
0.168621
0.168037
0.169258
0.168038
0.169037
0.169037
0.169037
0.168036
0.164037
0.166037
0.169795
0.169038
0.164325
0.168928
0.168369
0.169037
0.172038
0.169037
0.168679
0.171038
0.168118
0.167037
0.166037
0.168037
0.167037
0.168228
0.168937
0.170036
0.168037
0.169037
0.148347
0.166037
0.170038
0.166037
0.177039
0.167036
0.164696
0.164036
0.165130
0.165037
0.164037
0.165037
0.167810
0.165036
0.162036
0.166036
0.165037
0.164328
0.157035
0.164380
0.166037
0.166037
0.167678
0.164408
0.162556
0.165623
0.165037
0.165037
0.166037
0.164117
0.164036
0.164037
0.165066
0.166050
0.164727
0.165935
0.151409
0.166472
0.140031
0.165375
0.168037
0.166037
0.165036
0.163037
0.164037
0.180581
0.169867
0.175906
0.173709
0.168037
0.169037
0.170437
0.169038
0.170038
0.150033
0.170424
0.168037
0.168037
0.169847
0.169600
0.171038
0.169795
0.169037
0.170038
0.169509
0.170038
0.168037
0.170067
0.170037
0.169546
0.170874
0.168054
0.125028
0.168037
0.167037
0.162469
0.174038
0.168679
0.170037
0.167037
0.169984
0.168037
0.173965
0.169233
0.170038
0.169038
0.170038
0.169037
0.167047
0.168037
0.155505
0.168035
0.171838
0.172038
0.167346
0.171785
0.171038
0.173038
0.170038
0.168038
0.168037
0.168550
0.169037
0.168656
0.169353
0.168036
0.170038
0.168038
0.146032
0.172038
0.170539
0.171038
0.172039
0.169291
0.166309
0.169038
0.168294
0.162122
0.171038
0.171038
0.169037
0.169758
0.169038
0.170037
0.171115
0.163037
0.131029
0.172136
0.169037
0.171038
0.171038
0.169427
0.169036
0.168037
0.169496
0.171037
0.169037
0.169037
0.169037
0.168390
0.169037
0.170095
0.170467
0.169268
0.156034
0.168037
0.165036
0.170038
0.174039
0.167037
0.171417
0.168485
0.168704
0.170038
0.168038
0.169037
0.169038
0.169037
0.170038
0.170481
0.170362
0.170520
0.136030
0.168745
0.171036
0.170724
0.167037
0.171038
0.170037
0.169337
0.170038
0.169756
0.169037
0.169679
0.168318
0.168037
0.170038
0.168664
0.169037
0.168037
0.166037
0.168070
0.167037
0.165612
0.172038
0.166250
0.168037
0.169037
0.168805
0.167037
0.170038
0.167643
0.170038
0.169037
0.170465
0.172038
0.166658
0.166469
0.130029
0.171038
0.169757
0.167438
0.176039
0.169038
0.169038
0.169038
0.170205
0.172038
0.168036
0.168037
0.168571
0.175039
0.170038
0.173160
0.166037
0.168037
0.141132
0.168739
0.170038
0.171867
0.171041
0.168631
0.169209
0.168946
0.170573
0.166890
0.168038
0.168958
0.171553
0.169037
0.171071
0.166353
0.169037
0.170037
0.166723
0.169037
0.169038
0.169037
0.170450
0.170038
0.171187
0.169038
0.168533
0.168037
0.169038
0.170037
0.167970
0.171105
0.170104
0.175259
0.169037
0.170038
0.153186
0.170282
0.170038
0.168423
0.169239
0.168936
0.170038
0.169037
0.168037
0.170409
0.169037
0.172143
0.170038
0.171038
0.169037
0.168745
0.170038
0.165037
0.151041
0.169037
0.169043
0.169037
0.169443
0.168065
0.170068
0.169038
0.169038
0.170820
0.170038
0.170038
0.169038
0.169368
0.166667
0.172039
0.168037
0.168038
0.155857
0.188136
0.176080
0.175495
0.158035
0.158034
0.142032
0.171038
0.170459
0.174154
0.170038
0.169037
0.170038
0.172149
0.170038
0.171854
0.170038
0.170037
0.144301
0.176333
0.172884
0.172038
0.148831
0.165067
0.164171
0.168037
0.161993
0.163916
0.170038
0.163209
0.170063
0.171038
0.170145
0.169978
0.168037
0.170038
0.165155
0.174918
0.171038
0.169038
0.175039
0.168037
0.171252
0.174040
0.170038
0.171240
0.171310
0.169204
0.170934
0.167540
0.168242
0.167037
0.169389
0.168037
0.157855
0.170038
0.172037
0.173038
0.171038
0.170037
0.171038
0.167535
0.168037
0.168203
0.167036
0.169038
0.170038
0.169037
0.174039
0.170038
0.170038
0.168176
0.151034
0.172999
0.169038
0.173038
0.169037
0.172038
0.171063
0.170037
0.169038
0.169771
0.171038
0.169864
0.169037
0.170037
0.170038
0.169037
0.170183
0.171038
0.163036
0.178039
0.171037
0.172038
0.172039
0.169061
0.171060
0.168309
0.167037
0.167036
0.170038
0.169060
0.170515
0.168839
0.169037
0.171038
0.167239
0.168322
0.166037
0.169037
0.169037
0.170064
0.168037
0.171038
0.169037
0.169037
0.169038
0.169037
0.168071
0.166037
0.165036
0.167037
0.174172
0.171038
0.168037
0.169038
0.139031
0.174173
0.171038
0.171038
0.168037
0.167642
0.171038
0.171077
0.172037
0.170037
0.169037
0.169037
0.169037
0.172222
0.170038
0.169037
0.169463
0.167037
0.169037
0.178039
0.166368
0.167037
0.169038
0.168170
0.172038
0.172150
0.171111
0.164492
0.165499
0.162036
0.165037
0.162079
0.163036
0.165036
0.171037
0.171319
0.165133
0.182259
0.172867
0.169570
0.165036
0.162036
0.164036
0.170038
0.166037
0.164727
0.164203
0.165036
0.164036
0.165036
0.164036
0.165238
0.162036
0.167480
0.148032
0.174509
0.169485
0.171037
0.173038
0.171545
0.172038
0.169038
0.169963
0.171037
0.166037
0.172038
0.164060
0.169038
0.164421
0.163037
0.165037
0.163335
0.148032
0.169371
0.168963
0.175039
0.174039
0.173038
0.173038
0.169037
0.166704
0.165433
0.164037
0.165978
0.166037
0.165262
0.166037
0.164036
0.165036
0.166037
0.143385
0.172038
0.170059
0.179039
0.175039
0.174227
0.174038
0.165876
0.171038
0.165036
0.165037
0.167037
0.166770
0.170038
0.164036
0.165593
0.165322
0.166036
0.124541
0.174475
0.174197
0.176445
0.176039
0.170690
0.167037
0.165160
0.166037
0.165390
0.166036
0.166626
0.164141
0.165655
0.166036
0.167037
0.167089
0.166036
0.143030
0.165036
0.165036
0.165830
0.167037
0.169593
0.174642
0.172038
0.169037
0.174038
0.153020
0.176039
0.170366
0.172038
0.168827
0.165037
0.167018
0.164512
0.160035
0.186216
0.183040
0.181960
0.170038
0.166037
0.166232
0.166566
0.166546
0.167037
0.166037
0.166037
0.166927
0.167036
0.169037
0.169038
0.167037
0.165837
0.156234
0.169657
0.171038
0.169037
0.167552
0.165172
0.166037
0.169037
0.168037
0.169090
0.169037
0.166036
0.168105
0.167156
0.167038
0.168098
0.167907
0.167037
0.164036
0.177040
0.171038
0.165037
0.167037
0.167161
0.168037
0.166087
0.165037
0.168037
0.165965
0.168037
0.167037
0.167037
0.168037
0.167222
0.166238
0.168037
0.140037
0.171545
0.170037
0.166516
0.170037
0.167037
0.166038
0.169037
0.167037
0.166567
0.167037
0.167037
0.166036
0.164256
0.166037
0.167374
0.165036
0.167285
0.161035
0.167037
0.168550
0.167037
0.165036
0.162480
0.162036
0.167036
0.166640
0.168037
0.166036
0.167037
0.170038
0.170038
0.168037
0.167546
0.167037
0.166037
0.168158
0.175039
0.170038
0.170472
0.169037
0.168038
0.167037
0.168037
0.168723
0.168037
0.168037
0.167504
0.166037
0.168037
0.167037
0.169363
0.169038
0.169146
0.164335
0.166037
0.168195
0.170122
0.169396
0.168037
0.168037
0.167037
0.168037
0.167036
0.167037
0.165037
0.166037
0.164201
0.165035
0.168037
0.166907
0.167036
0.156034
0.166037
0.167037
0.166140
0.167037
0.167037
0.168037
0.166037
0.168037
0.168037
0.168756
0.169038
0.167037
0.169220
0.168128
0.165036
0.167037
0.167037
0.158036
0.170038
0.167037
0.168036
0.168542
0.165797
0.168037
0.167036
0.168038
0.167449
0.170037
0.164368
0.167037
0.171698
0.167037
0.166477
0.169037
0.171037
0.128011
0.169037
0.169155
0.167036
0.167037
0.166037
0.167037
0.165869
0.165589
0.167552
0.168037
0.165036
0.165036
0.167231
0.169038
0.168038
0.166036
0.165495
0.159035
0.179112
0.168483
0.168038
0.168037
0.167037
0.164036
0.164195
0.169037
0.168037
0.164146
0.168672
0.168036
0.165036
0.170163
0.167037
0.166037
0.166036
0.162036
0.167037
0.169038
0.166461
0.167214
0.167037
0.167037
0.164036
0.170038
0.166330
0.168037
0.166588
0.168038
0.167945
0.169038
0.164036
0.169037
0.167037
0.164036
0.179040
0.175038
0.171602
0.167471
0.169037
0.166674
0.168037
0.168037
0.170127
0.169037
0.169124
0.168037
0.165036
0.165787
0.169111
0.167189
0.166037
0.165036
0.175413
0.169038
0.171038
0.169037
0.169038
0.168037
0.168037
0.168895
0.167037
0.166457
0.168037
0.169414
0.169037
0.142031
0.168625
0.168036
0.168037
0.145032
0.171037
0.169038
0.168069
0.170038
0.168933
0.168037
0.167036
0.167037
0.168037
0.168037
0.168037
0.167895
0.167037
0.165856
0.169038
0.168037
0.163559
0.140031
0.175382
0.176039
0.168037
0.169038
0.166036
0.167036
0.169336
0.167052
0.169037
0.166986
0.166037
0.167037
0.169198
0.165296
0.168037
0.168037
0.168178
0.162036
0.167372
0.168037
0.166498
0.173038
0.163545
0.166037
0.168037
0.166037
0.171038
0.163894
0.167315
0.165036
0.166148
0.169037
0.165037
0.166065
0.167036
0.149033
0.172038
0.168432
0.170186
0.168921
0.167062
0.166924
0.168150
0.167037
0.167280
0.167038
0.163447
0.165130
0.168038
0.170038
0.168177
0.168037
0.166614
0.164037
0.174038
0.173038
0.172294
0.168037
0.168059
0.164036
0.164273
0.165037
0.168279
0.167037
0.165642
0.169038
0.167648
0.168037
0.168651
0.166395
0.165037
0.165143
0.175939
0.170037
0.174039
0.164036
0.165077
0.168038
0.174488
0.173039
0.171509
0.171038
0.172038
0.173062
0.170038
0.173038
0.171803
0.172038
0.172887
0.165036
0.185184
0.182041
0.169533
0.177040
0.177039
0.175900
0.175038
0.175038
0.174038
0.174039
0.174039
0.176015
0.175039
0.124027
0.181040
0.179327
0.174245
0.171037
0.173703
0.170038
0.169038
0.168037
0.166037
0.164061
0.162600
0.142032
0.178039
0.174412
0.174038
0.172903
0.175039
0.173708
0.174039
0.174076
0.176039
0.172038
0.164195
0.081018
0.081878
0.076252
0.078710
0.076544
0.077281
0.078083
0.093022
0.085002
0.085480
0.085411
0.086746
0.084162
0.088020
0.084019
0.086019
0.087019
0.078561
0.078083
0.104110
0.081018
0.087193
0.083018
0.079246
0.079017
0.077017
0.074997
0.081017
0.082644
0.073982
0.075706
0.077641
0.075912
0.078622
0.082978
0.072763
0.076017
0.082745
0.081363
0.076683
0.078264
0.075034
0.074545
0.082649
0.074810
0.076465
0.094395
0.076090
0.081706
0.079945
0.075083
0.074557
0.079642
0.077220
0.072814
0.075755
0.072916
0.076040
0.076382
0.075974
0.096866
0.074683
0.076182
0.074838
0.075617
0.084058
0.073015
0.073680
0.076009
0.074770
0.076560
0.079854
0.077187
0.076858
0.074049
0.078035
0.075098
0.077227
0.076556
0.076162
0.081607
0.073271
0.074471
0.073097
0.075943
0.077132
0.085031
0.074017
0.074299
0.073237
0.075891
0.080659
0.109994
0.075740
0.079804
0.076996
0.076798
0.072800
0.076192
0.074257
0.076782
0.084742
0.072778
0.075841
0.076530
0.083814
0.072878
0.074018
0.082392
0.074100
0.074499
0.074683
0.072940
0.076300
0.077165
0.077303
0.073652
0.090879
0.078164
0.082396
0.072234
0.082784
0.073590
0.074138
0.075084
0.075283
0.076053
0.082367
0.075133
0.073643
0.075345
0.073845
0.079607
0.091071
0.074233
0.072615
0.075912
0.078121
0.075937
0.075806
0.075498
0.074890
0.082775
0.078204
0.075837
0.072155
0.075426
0.093920
0.090019
0.091505
0.136598
0.167037
0.110951
0.154961
0.169037
0.139030
0.167391
0.165988
0.173038
0.143878
0.179039
0.147032
0.172443
0.173038
0.149314
0.167547
0.169121
0.150031
0.173153
0.173022
0.148033
0.172493
0.174039
0.176039
0.132539
0.173321
0.171094
0.169037
0.171510
0.174098
0.175038
0.172038
0.152552
0.138638
0.173631
0.174038
0.175039
0.173039
0.132501
0.172038
0.174203
0.172565
0.173038
0.171165
0.132715
0.173038
0.171881
0.173037
0.173515
0.172766
0.146032
0.172038
0.172416
0.143483
0.172039
0.173388
0.173039
0.172038
0.135057
0.143032
0.156918
0.178160
0.182040
0.178207
0.175313
0.176039
0.178657
0.179040
0.171038
0.173348
0.179040
0.176309
0.177138
0.176039
0.177039
0.176027
0.177040
0.177063
0.176525
0.177039
0.178040
0.171742
0.177175
0.175786
0.178040
0.177039
0.180515
0.181175
0.180395
0.159239
0.138926
0.176395
0.178258
0.176039
0.176568
0.157033
0.178591
0.176286
0.177678
0.177295
0.177444
0.176039
0.156490
0.177834
0.163087
0.177130
0.164135
0.177495
0.178373
0.174199
0.176660
0.161865
0.176650
0.176839
0.124722
0.151021
0.176948
0.177489
0.175857
0.177185
0.178040
0.176981
0.146651
0.177634
0.176955
0.176666
0.177255
0.176099
0.177240
0.178129
0.156902
0.176052
0.176224
0.176427
0.178039
0.158220
0.177325
0.176759
0.177805
0.176550
0.156114
0.176097
0.178039
0.172037
0.178089
0.161102
0.178039
0.178039
0.176535
0.178063
0.174227
0.177138
0.168037
0.176166
0.178124
0.159289
0.177295
0.177706
0.157961
0.176513
0.177376
0.178077
0.155773
0.170084
0.170597
0.175231
0.146309
0.174715
0.175099
0.134115
0.173862
0.136801
0.144734
0.169288
0.175500
0.189349
0.174039
0.174039
0.173290
0.174003
0.173284
0.175447
0.173448
0.173038
0.174003
0.175039
0.174338
0.172038
0.184041
0.184041
0.181191
0.185041
0.185041
0.184047
0.177059
0.183454
0.190389
0.189042
0.182039
0.175489
0.174810
0.176338
0.175298
0.176429
0.175039
0.175476
0.175039
0.176405
0.176453
0.174039
0.174039
0.174134
0.177260
0.170038
0.174570
0.185256
0.189830
0.187512
0.181039
0.180466
0.178040
0.177745
0.178540
0.178322
0.177341
0.178686
0.178040
0.176968
0.175039
0.176463
0.179648
0.178037
0.172038
0.171933
0.174819
0.177039
0.182651
0.179070
0.180356
0.180040
0.180040
0.181160
0.176039
0.173039
0.172549
0.150033
0.172038
0.170508
0.179039
0.182015
0.181392
0.175279
0.179603
0.189254
0.185412
0.183956
0.182040
0.183037
0.184091
0.189307
0.188324
0.189041
0.179286
0.178624
0.175182
0.176451
0.175296
0.176039
0.176039
0.175570
0.175039
0.176039
0.177040
0.176039
0.178220
0.178437
0.178290
0.176131
0.172507
0.175039
0.175892
0.176037
0.177946
0.179039
0.189890
0.189042
0.188737
0.177606
0.177156
0.176039
0.176450
0.176622
0.176038
0.175422
0.175980
0.176039
0.177038
0.181235
0.175956
0.175039
0.176039
0.176039
0.178686
0.180040
0.180705
0.179119
0.180057
0.180162
0.186888
0.182925
0.180638
0.182040
0.179617
0.178569
0.178749
0.178410
0.177601
0.179039
0.179950
0.179040
0.185745
0.185147
0.184609
0.186607
0.340822
0.350713
0.360706
0.350141
0.336079
0.364138
0.336315
0.328127
0.331977
0.328070
0.320073
0.341971
0.338075
0.342095
0.322583
0.347140
0.331460
0.344197
0.366859
0.355533
0.334033
0.368786
0.357697
0.322847
0.175247
0.179039
0.167470
0.161036
0.156141
0.158262
0.160036
0.161035
0.164036
0.164243
0.164475
0.169292
0.165315
0.168037
0.168037
0.170038
0.169460
0.170261
0.173037
0.171037
0.172904
0.173669
0.171650
0.171038
0.170038
0.170265
0.179040
0.177867
0.177393
0.180704
0.181040
0.177039
0.178202
0.176522
0.177039
0.175039
0.173065
0.177039
0.175038
0.176972
0.176435
0.174038
0.176074
0.177039
0.179049
0.183552
0.177038
0.168037
0.169038
0.166526
0.168462
0.169038
0.168473
0.170038
0.167037
0.171198
0.176299
0.176311
0.174725
0.175039
0.175042
0.176401
0.180682
0.176039
0.169037
0.169038
0.168186
0.170038
0.170038
0.170388
0.169532
0.168037
0.169109
0.169038
0.170038
0.169134
0.169016
0.170038
0.175786
0.175980
0.187535
0.188041
0.183041
0.173038
0.169038
0.172459
0.176076
0.174039
0.176038
0.175654
0.174824
0.175039
0.175130
0.174039
0.174349
0.175121
0.174039
0.173816
0.178039
0.173039
0.171051
0.173665
0.172738
0.177506
0.183040
0.181995
0.186041
0.183606
0.183041
0.182663
0.180477
0.180040
0.180578
0.177039
0.178404
0.178040
0.179368
0.177040
0.176039
0.177311
0.177040
0.177632
0.177674
0.178063
0.178948
0.179041
0.177649
0.175905
0.177040
0.173444
0.171905
0.171038
0.173325
0.176937
0.184366
0.181797
0.186271
0.181331
0.181059
0.184041
0.178075
0.176957
0.178040
0.183181
0.186041
0.185041
0.182040
0.182856
0.185040
0.185042
0.179278
0.180040
0.186041
0.183572
0.180649
0.181040
0.175617
0.170449
0.175039
0.173769
0.174038
0.173038
0.174473
0.174035
0.173929
0.173169
0.174039
0.174038
0.174423
0.175038
0.178853
0.177039
0.175039
0.178040
0.176480
0.180386
0.181108
0.186135
0.183216
0.180683
0.177039
0.175190
0.175038
0.174038
0.174038
0.172863
0.173327
0.173666
0.178463
0.177273
0.178636
0.178040
0.178203
0.178040
0.177548
0.177693
0.177453
0.178040
0.177352
0.178040
0.178483
0.182065
0.183041
0.181492
0.183041
0.181040
0.194043
0.184445
0.179193
0.175090
0.174155
0.175398
0.180040
0.176329
0.172686
0.174038
0.174038
0.176095
0.175039
0.173834
0.174540
0.178223
0.176518
0.176141
0.179369
0.177902
0.174038
0.176851
0.176039
0.175039
0.175573
0.176120
0.176039
0.176007
0.177161
0.179576
0.177750
0.177196
0.177214
0.178469
0.170445
0.177248
0.187746
0.190186
0.185239
0.181571
0.180411
0.173893
0.176039
0.175361
0.175039
0.175095
0.174563
0.177390
0.176039
0.173999
0.175584
0.175484
0.173039
0.173038
0.180207
0.179623
0.178039
0.176090
0.178067
0.177039
0.178534
0.178039
0.178174
0.180102
0.179040
0.182648
0.179080
0.176924
0.176493
0.174619
0.177068
0.176880
0.183522
0.182227
0.176039
0.175285
0.176051
0.176039
0.173309
0.175426
0.175125
0.176816
0.176039
0.175059
0.176870
0.176038
0.176039
0.175890
0.175473
0.175868
0.181666
0.187366
0.194043
0.175038
0.175344
0.175224
0.176039
0.175038
0.175276
0.174253
0.176735
0.175068
0.174038
0.172022
0.174039
0.176039
0.176643
0.178039
0.178039
0.179039
0.181041
0.189153
0.188304
0.189042
0.185654
0.189042
0.190247
0.187140
0.180040
0.181040
0.180800
0.182039
0.175522
0.173039
0.174039
0.174039
0.176072
0.175339
0.174038
0.174038
0.177039
0.176038
0.176303
0.178040
0.179040
0.178039
0.177625
0.177040
0.176398
0.175039
0.177039
0.177039
0.177040
0.178040
0.181563
0.180040
0.180040
0.180070
0.180040
0.181863
0.176039
0.175039
0.181040
0.180039
0.180040
0.181377
0.180474
0.181040
0.180364
0.178525
0.178989
0.181040
0.190042
0.191973
0.188042
0.178228
0.178040
0.178040
0.177067
0.177040
0.179720
0.176362
0.176571
0.178039
0.181041
0.178039
0.177931
0.178040
0.178085
0.176039
0.189774
0.188605
0.182040
0.175262
0.176040
0.175714
0.178040
0.175758
0.176678
0.178040
0.176849
0.177039
0.175601
0.177038
0.176511
0.175550
0.176069
0.183073
0.177924
0.181872
0.179392
0.178864
0.180460
0.180040
0.178753
0.178039
0.177533
0.176781
0.177040
0.177491
0.176039
0.178968
0.178157
0.177776
0.177247
0.179040
0.183130
0.185504
0.185335
0.183420
0.184041
0.186041
0.184859
0.184041
0.176767
0.174688
0.177644
0.187041
0.191347
0.189074
0.181924
0.180040
0.178039
0.178159
0.180040
0.181864
0.181335
0.181039
0.179768
0.180040
0.179039
0.178092
0.178076
0.178040
0.178181
0.180070
0.178055
0.178249
0.179878
0.182424
0.180041
0.183040
0.185514
0.185112
0.187042
0.184636
0.180182
0.182423
0.184435
0.186369
0.183297
0.184163
0.180541
0.176039
0.179389
0.180054
0.179040
0.178030
0.178040
0.179436
0.183040
0.182372
0.181577
0.180806
0.182040
0.187650
0.187041
0.185041
0.190563
0.196043
0.192043
0.182404
0.167261
0.182089
0.171404
0.175286
0.180562
0.180336
0.178040
0.181451
0.181040
0.181370
0.175039
0.173039
0.174185
0.171038
0.172038
0.170149
0.173038
0.186790
0.184400
0.178039
0.176039
0.177038
0.177039
0.176877
0.176039
0.175039
0.179520
0.178191
0.177004
0.176061
0.176039
0.177303
0.175350
0.176039
0.175806
0.176430
0.175935
0.178406
0.177039
0.177804
0.175256
0.176430
0.178200
0.177040
0.177172
0.176395
0.177221
0.176039
0.177425
0.178039
0.176039
0.176039
0.176039
0.176270
0.175039
0.175387
0.176039
0.175039
0.177039
0.193791
0.179040
0.180040
0.176123
0.175185
0.174993
0.175529
0.175989
0.174714
0.176039
0.175098
0.177299
0.174039
0.176561
0.175433
0.174039
0.175596
0.174654
0.177195
0.176779
0.176039
0.176341
0.175487
0.175234
0.177861
0.176230
0.176098
0.177049
0.175974
0.177313
0.181683
0.184041
0.183189
0.183071
0.181216
0.180161
0.185181
0.179443
0.174709
0.175259
0.176613
0.176457
0.176036
0.175530
0.179709
0.176039
0.175882
0.174113
0.174451
0.176658
0.177039
0.177357
0.182532
0.179040
0.177667
0.179349
0.178069
0.181315
0.179234
0.177040
0.177763
0.180040
0.179948
0.174704
0.174231
0.176317
0.177039
0.175200
0.176113
0.176270
0.176433
0.174556
0.176492
0.181743
0.180994
0.182140
0.183040
0.181040
0.181040
0.181039
0.179071
0.179040
0.179669
0.178124
0.180350
0.180040
0.178039
0.177040
0.176039
0.177125
0.176923
0.179428
0.179039
0.178752
0.179040
0.177180
0.176039
0.178039
0.175065
0.177039
0.175791
0.177521
0.177039
0.177039
0.177146
0.176701
0.176573
0.180040
0.180040
0.181323
0.181040
0.186843
0.185446
0.183041
0.184041
0.183040
0.186791
0.191150
0.192296
0.183767
0.175039
0.176167
0.175026
0.176039
0.176380
0.176563
0.174476
0.188859
0.186186
0.189077
0.189042
0.185278
0.177039
0.175114
0.173323
0.175785
0.175039
0.174518
0.175079
0.174764
0.179040
0.172867
0.174638
0.175039
0.174946
0.182040
0.179693
0.180040
0.180289
0.178271
0.176314
0.178525
0.181040
0.174990
0.176039
0.174089
0.175635
0.177040
0.176039
0.176342
0.175636
0.174813
0.175679
0.181040
0.178250
0.179683
0.179039
0.180040
0.180877
0.179039
0.183799
0.182410
0.181314
0.182040
0.183462
0.180799
0.182689
0.181039
0.170036
0.177404
0.176209
0.188075
0.188384
0.187472
0.188075
0.184297
0.177736
0.176238
0.175403
0.174039
0.177129
0.177039
0.168363
0.176538
0.175039
0.155170
0.181041
0.176344
0.174326
0.177122
0.177039
0.177215
0.178424
0.180673
0.179338
0.178039
0.179877
0.186154
0.167037
0.176076
0.177039
0.177190
0.173514
0.165380
0.193470
0.183496
0.184127
0.166037
0.181487
0.184041
0.183355
0.183041
0.174038
0.176859
0.174560
0.176163
0.176039
0.176199
0.178039
0.178039
0.163686
0.173993
0.176039
0.179040
0.176850
0.183041
0.183889
0.184041
0.182339
0.182596
0.182040
0.182964
0.184041
0.183041
0.183111
0.183041
0.182040
0.177720
0.168037
0.174131
0.180040
0.186224
0.188408
0.193043
0.184336
0.183041
0.185041
0.187246
0.189042
0.189009
0.182040
0.180344
0.175656
0.173494
0.178039
0.173118
0.178040
0.179301
0.177519
0.180040
0.180040
0.178040
0.179566
0.181041
0.179726
0.179039
0.179876
0.183301
0.182067
0.182809
0.178550
0.177039
0.173038
0.155035
0.189795
0.188877
0.186041
0.178492
0.178039
0.186312
0.184538
0.181227
0.185041
0.185041
0.184263
0.187042
0.183040
0.182508
0.182506
0.173529
0.129955
0.175039
0.173038
0.176039
0.177039
0.174037
0.173600
0.183365
0.182041
0.182295
0.182038
0.175642
0.175038
0.173038
0.175039
0.174551
0.176431
0.182881
0.184579
0.183041
0.178057
0.179040
0.177711
0.179040
0.175039
0.178040
0.179038
0.182041
0.181324
0.184041
0.189573
0.191353
0.186041
0.182569
0.177177
0.171038
0.181597
0.179303
0.175663
0.176038
0.175195
0.172108
0.177039
0.177038
0.174965
0.177040
0.173038
0.174257
0.176459
0.176499
0.177039
0.176039
0.181275
0.159035
0.175841
0.171747
0.178288
0.180040
0.178039
0.176229
0.177774
0.182040
0.184070
0.185194
0.186042
0.182685
0.186687
0.193154
0.183025
0.184041
0.177181
0.176809
0.176039
0.177589
0.178118
0.176039
0.175513
0.177037
0.175039
0.176529
0.177038
0.176050
0.175088
0.177039
0.177338
0.181380
0.178742
0.178732
0.159056
0.175365
0.176427
0.177039
0.185041
0.188843
0.189041
0.184062
0.182114
0.178053
0.175734
0.175039
0.175340
0.176577
0.175388
0.176440
0.177140
0.163477
0.176039
0.175857
0.176017
0.174148
0.177306
0.176039
0.177040
0.177039
0.177197
0.183765
0.183041
0.184041
0.185042
0.183040
0.186156
0.191042
0.192041
0.189042
0.183039
0.178255
0.175039
0.174038
0.176567
0.176038
0.174039
0.175370
0.175038
0.178037
0.176039
0.174039
0.177366
0.177039
0.176038
0.177039
0.157165
0.151033
0.175900
0.176039
0.176039
0.176039
0.175039
0.176592
0.176291
0.178039
0.177039
0.181059
0.181150
0.181899
0.181040
0.180807
0.184180
0.182276
0.168846
0.175216
0.178040
0.176076
0.182460
0.184041
0.181674
0.181040
0.182039
0.182503
0.185343
0.187382
0.188042
0.186139
0.186302
0.181040
0.176757
0.167553
0.175141
0.174038
0.176122
0.177082
0.177131
0.176039
0.177039
0.174401
0.176039
0.175657
0.176039
0.179040
0.375263
0.363767
0.361891
0.385168
0.372444
0.376032
0.359502
0.353083
0.380740
0.358894
0.416708
0.356473
0.383962
0.376541
0.344852
0.358131
0.383034
0.378282
0.353598
0.271061
0.167037
0.156916
0.163464
0.171542
0.177064
0.175039
0.176091
0.173866
0.174038
0.176039
0.180315
0.180968
0.181242
0.175039
0.170038
0.167739
0.167037
0.169037
0.169058
0.153034
0.169037
0.167036
0.168303
0.173370
0.169043
0.174370
0.175949
0.175511
0.173056
0.169742
0.170038
0.172073
0.172734
0.178040
0.178014
0.180695
0.181095
0.187694
0.179483
0.172962
0.171667
0.176039
0.176039
0.170171
0.169576
0.169364
0.171180
0.171191
0.170038
0.178436
0.177039
0.186696
0.183041
0.176039
0.173038
0.171038
0.171736
0.172038
0.170193
0.170037
0.171038
0.169874
0.171839
0.170037
0.169037
0.171037
0.178038
0.176448
0.175448
0.182040
0.184026
0.177040
0.157239
0.166582
0.168886
0.175039
0.176039
0.180355
0.180089
0.185260
0.184041
0.182288
0.179039
0.175384
0.172066
0.168037
0.171038
0.173038
0.138159
0.171069
0.169333
0.170410
0.176661
0.171038
0.173877
0.176469
0.176039
0.175039
0.179040
0.176245
0.179040
0.184113
0.185041
0.187042
0.186778
0.189605
0.190647
0.189042
0.173038
0.171038
0.168037
0.170980
0.171574
0.172038
0.175039
0.172137
0.176039
0.171000
0.169152
0.175039
0.178040
0.180191
0.180254
0.177510
0.183041
0.183041
0.177039
0.176039
0.177058
0.177039
0.176239
0.177039
0.178040
0.176774
0.177040
0.177039
0.177569
0.179039
0.178081
0.175020
0.178040
0.173038
0.173832
0.174039
0.177729
0.181041
0.180040
0.181369
0.180040
0.184041
0.193492
0.186519
0.180040
0.174856
0.173038
0.172310
0.175039
0.175037
0.164740
0.174038
0.172038
0.174657
0.174088
0.174039
0.177681
0.179040
0.176248
0.179039
0.179566
0.176039
0.176039
0.176039
0.176106
0.176298
0.176039
0.153399
0.176066
0.178519
0.176039
0.176567
0.150968
0.176039
0.175039
0.177292
0.177039
0.177318
0.176039
0.176069
0.177619
0.177807
0.177089
0.172038
0.172926
0.165037
0.178422
0.181040
0.179039
0.188145
0.183041
0.179819
0.175039
0.175601
0.173038
0.177247
0.181039
0.184623
0.184041
0.186041
0.190042
0.185900
0.184436
0.179186
0.176039
0.175082
0.176039
0.176080
0.175337
0.175039
0.173038
0.175649
0.174396
0.174167
0.175823
0.182040
0.183011
0.183623
0.185583
0.192554
0.179040
0.181040
0.181576
0.187974
0.188041
0.187042
0.182312
0.179039
0.177039
0.175737
0.175039
0.172039
0.178041
0.175088
0.175912
0.175039
0.175039
0.151034
0.175927
0.175039
0.174766
0.180040
0.184171
0.188528
0.192043
0.187044
0.185041
0.178039
0.175039
0.176040
0.176852
0.176676
0.182167
0.174038
0.147033
0.176039
0.174701
0.174039
0.174553
0.178039
0.176019
0.177089
0.176360
0.177039
0.177039
0.177477
0.177039
0.177068
0.177072
0.177038
0.178040
0.176039
0.161354
0.175022
0.175039
0.177039
0.177194
0.183041
0.183513
0.179489
0.183041
0.182652
0.181040
0.181772
0.183040
0.178039
0.172039
0.180040
0.193846
0.204288
0.197969
0.196043
0.193043
0.185517
0.178350
0.177039
0.174039
0.177707
0.176039
0.177157
0.177039
0.182040
0.180040
0.179395
0.177495
0.178736
0.177735
0.143031
0.177334
0.176039
0.177060
0.176039
0.176859
0.182040
0.180040
0.182096
0.180040
0.182041
0.180040
0.186041
0.181883
0.177698
0.184042
0.189388
0.195043
0.194515
0.195312
0.187041
0.186041
0.183370
0.182040
0.183660
0.181151
0.181373
0.180414
0.181179
0.175649
0.174783
0.174037
0.177039
0.181041
0.181675
0.174706
0.179140
0.181041
0.180040
0.173028
0.173220
0.178712
0.179039
0.194042
0.188042
0.188628
0.188704
0.180040
0.178040
0.177232
0.179040
0.177193
0.166037
0.179039
0.179039
0.178040
0.181113
0.183041
0.178040
0.177039
0.183041
0.176748
0.176567
0.177040
0.181123
0.181092
0.183040
0.182884
0.184041
0.184074
0.151034
0.177096
0.175523
0.176566
0.177238
0.178039
0.176445
0.177039
0.183786
0.184041
0.186077
0.182464
0.185339
0.182387
0.181195
0.183122
0.185043
0.171605
0.185237
0.175039
0.173038
0.179974
0.175170
0.175876
0.174937
0.174842
0.176039
0.177040
0.177039
0.176551
0.175723
0.177038
0.180339
0.178322
0.178040
0.152181
0.173481
0.173493
0.176703
0.177039
0.182030
0.179156
0.180040
0.179040
0.190530
0.184041
0.182863
0.175039
0.178039
0.176088
0.176039
0.172920
0.134489
0.173039
0.174039
0.175514
0.176039
0.175369
0.176039
0.176039
0.177039
0.182360
0.185092
0.182511
0.193043
0.187042
0.184370
0.175239
0.174827
0.155281
0.184041
0.180372
0.180233
0.174870
0.176039
0.175038
0.176039
0.174977
0.173191
0.175039
0.174038
0.178039
0.176547
0.175537
0.176844
0.187041
0.182396
0.182087
0.182040
0.176340
0.176476
0.173996
0.176793
0.176039
0.176557
0.175656
0.176039
0.176039
0.182568
0.175039
0.175838
0.175038
0.175039
0.137497
0.084507
0.177143
0.175977
0.176039
0.176572
0.176039
0.176040
0.175147
0.175594
0.174039
0.174038
0.177039
0.187543
0.186691
0.186041
0.179681
0.175061
0.168037
0.177226
0.173049
0.175039
0.177039
0.176039
0.177236
0.175555
0.173865
0.175861
0.176958
0.177040
0.175574
0.177040
0.175039
0.176039
0.176039
0.156419
0.179620
0.174038
0.175039
0.176081
0.177039
0.176338
0.179022
0.176039
0.177040
0.181040
0.181686
0.179477
0.183556
0.185041
0.186729
0.185140
0.190047
0.184041
0.188041
0.180040
0.179973
0.183123
0.183041
0.182457
0.172038
0.175201
0.175039
0.175163
