0.002001
0.178040
0.159223
0.181180
0.186569
0.157701
0.158568
0.162135
0.165281
0.166266
0.165509
0.164036
0.166173
0.166549
0.165037
0.166655
0.163309
0.165037
0.166250
0.165037
0.165181
0.165037
0.166644
0.163940
0.165054
0.165718
0.166036
0.168073
0.164193
0.166245
0.165564
0.164148
0.165191
0.165007
0.166131
0.165456
0.164834
0.164390
0.164036
0.166283
0.163169
0.165088
0.165037
0.163791
0.164212
0.166306
0.165037
0.170252
0.164837
0.165036
0.164215
0.164199
0.165262
0.164972
0.165037
0.164590
0.165036
0.164890
0.165314
0.164154
0.165097
0.165516
0.166249
0.164158
0.115303
0.150347
0.172182
0.177731
0.191756
0.157034
0.166219
0.165778
0.165036
0.166037
0.165567
0.165506
0.163661
0.163036
0.185759
0.182040
0.149882
0.128135
0.155195
0.169346
0.168720
0.168779
0.171182
0.168037
0.169245
0.140454
0.171446
0.170422
0.161923
0.178859
0.186194
0.192562
0.191326
0.192540
0.156035
0.128181
0.149478
0.167472
0.168036
0.168446
0.168437
0.168465
0.170179
0.169271
0.169067
0.170091
0.149061
0.179235
0.180548
0.188409
0.187042
0.183234
0.182359
0.183967
0.187821
0.165556
0.144175
0.160089
0.158181
0.160565
0.158183
0.162036
0.154784
0.165037
0.167068
0.160651
0.176610
0.186083
0.189239
0.144102
0.138973
0.141061
0.160035
0.166037
0.185712
0.180403
0.173836
0.169037
0.167283
0.167632
0.153551
0.185040
0.180864
0.173335
0.170118
0.168128
0.168334
0.168281
0.167599
0.167521
0.166429
0.151960
0.186054
0.178498
0.171335
0.167817
0.167037
0.170491
0.168463
0.167526
0.165879
0.166665
0.166938
0.168576
0.155726
0.177342
0.170130
0.169600
0.167874
0.162608
0.164590
0.180156
0.174501
0.170754
0.167206
0.168654
0.168072
0.166224
0.166622
0.165908
0.166417
0.167019
0.168686
0.155168
0.174050
0.173139
0.168474
0.169794
0.162960
0.174443
0.174092
0.166982
0.167820
0.167121
0.166472
0.166751
0.157204
0.171119
0.166710
0.167041
0.164917
0.182454
0.176084
0.166184
0.168646
0.167695
0.165898
0.161035
0.175256
0.180588
0.173008
0.166952
0.167255
0.175331
0.166372
0.167213
0.167386
0.167824
0.169238
0.167037
0.170148
0.166088
0.168238
0.141178
0.164742
0.165829
0.167131
0.167819
0.168590
0.160795
0.162392
0.167371
0.147646
0.163035
0.166434
0.167464
0.168283
0.166359
0.167099
0.167595
0.166612
0.167606
0.167037
0.167155
0.166151
0.141085
0.168445
0.166037
0.170259
0.169038
0.167160
0.168115
0.167184
0.165282
0.168037
0.152824
0.167037
0.170347
0.167157
0.167202
0.166005
0.159035
0.163369
0.168432
0.160902
0.177606
0.172039
0.166156
0.168736
0.166319
0.170370
0.166383
0.167470
0.166037
0.164698
0.167143
0.154291
0.161125
0.177253
0.167876
0.166673
0.164236
0.165333
0.170389
0.167464
0.164037
0.176229
0.171175
0.166294
0.164648
0.169324
0.166454
0.164581
0.161096
0.171040
0.169038
0.162125
0.175970
0.170234
0.166288
0.166470
0.168175
0.163037
0.171004
0.167166
0.166454
0.168241
0.165978
0.163169
0.165329
0.177347
0.177039
0.172386
0.168163
0.168727
0.167564
0.165393
0.160555
0.177125
0.172211
0.166335
0.164837
0.174758
0.169902
0.168553
0.167037
0.167468
0.167134
0.160137
0.173092
0.168458
0.168019
0.165426
0.162587
0.179866
0.171181
0.168565
0.166191
0.165475
0.166976
0.165535
0.163039
0.164312
0.167132
0.179114
0.172639
0.177895
0.176187
0.168309
0.167622
0.163037
0.172979
0.174174
0.167893
0.168552
0.166199
0.165596
0.163466
0.181582
0.173233
0.177532
0.170038
0.168621
0.170183
0.165562
0.160436
0.167773
0.178337
0.180220
0.169638
0.182040
0.173520
0.169066
0.170452
0.165123
0.165248
0.164621
0.168524
0.177039
0.170139
0.166398
0.168191
0.176573
0.168399
0.164719
0.180663
0.175850
0.167037
0.170038
0.168419
0.166291
0.165668
0.162036
0.168776
0.179874
0.178040
0.167977
0.173473
0.176259
0.176010
0.173505
0.168652
0.176293
0.169415
0.170659
0.167052
0.179259
0.173855
0.165965
0.164718
0.167819
0.166037
0.167751
0.163294
0.175878
0.169185
0.169142
0.165930
0.185582
0.182990
0.180707
0.179040
0.170611
0.168269
0.166037
0.163455
0.178319
0.180833
0.173192
0.176874
0.178584
0.170121
0.169731
0.171047
0.171038
0.167756
0.170895
0.180367
0.174196
0.167219
0.168332
0.167463
0.180040
0.177035
0.170126
0.169338
0.168037
0.168037
0.168430
0.163554
0.172459
0.172166
0.168639
0.169101
0.181355
0.177348
0.167986
0.183301
0.179835
0.175039
0.168536
0.180668
0.178118
0.166563
0.169276
0.181268
0.181411
0.170774
0.178904
0.176039
0.169037
0.168441
0.169720
0.169010
0.169250
0.159725
0.172504
0.168095
0.138186
0.165413
0.168222
0.172039
0.164235
0.164018
0.176655
0.181101
0.174136
0.169037
0.169408
0.169897
0.167637
0.169819
0.171122
0.168439
0.169043
0.159157
0.177701
0.173749
0.166697
0.180040
0.171573
0.172275
0.169810
0.168775
0.169984
0.168590
0.169997
0.168200
0.171510
0.169008
0.161829
0.178459
0.171673
0.169516
0.169228
0.179312
0.171642
0.169977
0.170465
0.171038
0.169652
0.175876
0.175097
0.169299
0.168167
0.169392
0.170779
0.170178
0.160342
0.174469
0.168895
0.180102
0.178193
0.170493
0.170696
0.173986
0.172650
0.172704
0.168271
0.177937
0.172821
0.172001
0.169632
0.171525
0.170208
0.167981
0.162615
0.172958
0.175154
0.170472
0.171578
0.166647
0.169890
0.180430
0.172403
0.175600
0.171518
0.172338
0.168506
0.171038
0.165563
0.174940
0.173944
0.177654
0.176326
0.174690
0.171038
0.170123
0.167364
0.168722
0.177513
0.181222
0.176170
0.177275
0.172173
0.169628
0.169383
0.163436
0.178134
0.174545
0.170286
0.173193
0.169086
0.171038
0.174807
0.174109
0.170037
0.170679
0.177229
0.173406
0.176403
0.173711
0.172038
0.170068
0.176042
0.177277
0.169275
0.170578
0.168465
0.172134
0.171603
0.161276
0.169668
0.182040
0.174038
0.171050
0.171038
0.169382
0.170038
0.173643
0.172832
0.170593
0.174347
0.167646
0.176562
0.175150
0.167062
0.171038
0.167534
0.168153
0.171038
0.168356
0.169441
0.180042
0.174837
0.173837
0.176147
0.168164
0.168671
0.167928
0.166053
0.176948
0.174218
0.172038
0.169187
0.175924
0.171735
0.184301
0.170255
0.169290
0.170334
0.164800
0.171868
0.181261
0.167037
0.164036
0.164657
0.173170
0.180908
0.174216
0.170038
0.169592
0.179171
0.182248
0.178181
0.172294
0.178432
0.173132
0.172265
0.169621
0.179989
0.169348
0.177988
0.176717
0.173038
0.169621
0.170147
0.181377
0.181913
0.169498
0.168069
0.169499
0.173392
0.184699
0.183015
0.175693
0.171257
0.172188
0.170198
0.172158
0.170575
0.168762
0.175623
0.175725
0.182352
0.179414
0.173581
0.180928
0.171991
0.174375
0.175246
0.176738
0.169789
0.182109
0.178171
0.175232
0.169389
0.183189
0.175750
0.175039
0.172671
0.171501
0.172342
0.171038
0.163588
0.175734
0.186851
0.192098
0.193318
0.152285
0.132029
0.156193
0.166037
0.162661
0.175454
0.183960
0.190342
0.192169
0.192830
0.189833
0.172030
0.132800
0.152035
0.166190
0.169602
0.156275
0.170201
0.170995
0.169293
0.170370
0.170067
0.168985
0.159414
0.178708
0.188199
0.190318
0.191499
0.191658
0.150033
0.130517
0.156610
0.168037
0.161861
0.178261
0.190878
0.192042
0.151487
0.132539
0.156248
0.166037
0.165701
0.168817
0.168759
0.165037
0.182458
0.187042
0.191077
0.154501
0.162608
0.168720
0.170038
0.168606
0.170224
0.169976
0.171038
0.167412
0.169038
0.151181
0.168529
0.170244
0.153625
0.163715
0.169527
0.171436
0.169404
0.169718
0.170038
0.151664
0.176039
0.175391
0.168071
0.164140
0.163245
0.163154
0.159173
0.165106
0.164903
0.166426
0.166054
0.165504
0.177300
0.173175
0.168627
0.169038
0.169238
0.169037
0.170112
0.169080
0.162027
0.179491
0.176384
0.165036
0.163160
0.167718
0.171273
0.179039
0.179101
0.168632
0.164188
0.177263
0.176039
0.168874
0.165036
0.166376
0.160035
0.167037
0.168786
0.168362
0.166038
0.174039
0.171396
0.166366
0.166147
0.169218
0.168037
0.167037
0.167075
0.169163
0.167312
0.166243
0.167037
0.153208
0.167734
0.168917
0.167887
0.164119
0.167418
0.168171
0.180856
0.174239
0.166211
0.166636
0.166464
0.168122
0.164229
0.173288
0.177364
0.172371
0.169038
0.165426
0.171067
0.169038
0.167046
0.165445
0.169326
0.171102
0.166741
0.152292
0.167567
0.167194
0.170430
0.168161
0.163965
0.168037
0.168220
0.169265
0.170320
0.167850
0.164196
0.171076
0.174718
0.179031
0.175936
0.170827
0.170115
0.167109
0.166232
0.173469
0.167243
0.156881
0.175534
0.181040
0.176384
0.168597
0.168155
0.167124
0.166214
0.160154
0.171037
0.169918
0.168989
0.168101
0.166320
0.167090
0.162036
0.172691
0.180040
0.174039
0.170422
0.167395
0.169037
0.165037
0.166704
0.168128
0.164047
0.174247
0.176349
0.167689
0.167447
0.167274
0.167298
0.164456
0.170847
0.167392
0.168548
0.167037
0.167264
0.167827
0.145949
0.162036
0.167037
0.166260
0.163721
0.164778
0.168037
0.161560
0.169656
0.181841
0.173191
0.168591
0.165759
0.165128
0.168037
0.166322
0.167604
0.166137
0.174027
0.172190
0.170572
0.171936
0.176039
0.171152
0.168105
0.168125
0.168149
0.168218
0.169759
0.165886
0.170330
0.167702
0.178407
0.185807
0.183185
0.173254
0.177532
0.175291
0.173185
0.168316
0.172038
0.168151
0.167765
0.160493
0.180196
0.171744
0.169219
0.166093
0.167288
0.166949
0.176145
0.171609
0.172220
0.164237
0.167037
0.164524
0.182390
0.178162
0.175885
0.181727
0.177330
0.173449
0.169319
0.168037
0.174490
0.176039
0.165250
0.168457
0.169418
0.177931
0.167037
0.166180
0.167061
0.166678
0.167126
0.165942
0.167220
0.154094
0.173623
0.177635
0.170627
0.170379
0.167037
0.167467
0.168123
0.172241
0.167655
0.161074
0.178433
0.168320
0.174270
0.167875
0.161619
0.174274
0.179334
0.172556
0.173038
0.166997
0.164269
0.168095
0.165156
0.172530
0.167048
0.171183
0.172371
0.168232
0.171315
0.178272
0.182504
0.172620
0.167151
0.166828
0.166964
0.166410
0.168037
0.165360
0.174124
0.169835
0.168697
0.164163
0.175962
0.173064
0.165255
0.170578
0.180220
0.173187
0.170358
0.168509
0.168122
0.163291
0.177716
0.168212
0.170676
0.167037
0.168193
0.167931
0.166037
0.164602
0.174253
0.175175
0.170995
0.169893
0.170038
0.167320
0.168025
0.168145
0.163484
0.167721
0.178868
0.179968
0.174012
0.172329
0.177188
0.170408
0.168270
0.167942
0.167655
0.167655
0.161928
0.175038
0.172059
0.169038
0.169038
0.164668
0.175837
0.172303
0.168992
0.175616
0.172961
0.169475
0.168836
0.166037
0.165340
0.166283
0.167037
0.166551
0.172409
0.127786
0.166365
0.169687
0.167760
0.155288
0.167037
0.171993
0.170038
0.171038
0.170135
0.169539
0.166377
0.182607
0.174038
0.173726
0.170188
0.168829
0.172038
0.169322
0.170605
0.135030
0.171491
0.168038
0.172215
0.169403
0.169201
0.172492
0.160734
0.190042
0.188287
0.190207
0.171390
0.156588
0.164543
0.168755
0.136446
0.164739
0.170038
0.167842
0.167198
0.168037
0.167255
0.168172
0.165667
0.145682
0.170984
0.178458
0.172153
0.173700
0.174320
0.179333
0.173305
0.172038
0.171141
0.168168
0.137854
0.173286
0.173315
0.167957
0.176165
0.177346
0.171491
0.183991
0.175436
0.171703
0.169552
0.171326
0.168082
0.168037
0.168976
0.170425
0.137669
0.167665
0.168288
0.165169
0.177039
0.174173
0.168790
0.173038
0.170218
0.172209
0.166217
0.182641
0.177238
0.171038
0.170222
0.172050
0.168037
0.169038
0.140933
0.173615
0.171455
0.172193
0.174038
0.171046
0.168586
0.170038
0.169038
0.169964
0.179139
0.180062
0.177039
0.177014
0.167681
0.182199
0.178393
0.171038
0.170920
0.167625
0.169052
0.167549
0.166137
0.169240
0.149538
0.180588
0.172057
0.170157
0.171380
0.167037
0.181041
0.174776
0.170038
0.170752
0.170245
0.167104
0.173795
0.170197
0.169317
0.168622
0.139637
0.167475
0.170148
0.168092
0.168165
0.146434
0.164558
0.180679
0.179563
0.174039
0.169467
0.170038
0.170069
0.171526
0.171038
0.169736
0.167601
0.152169
0.175493
0.178411
0.172165
0.169353
0.132674
0.164050
0.170509
0.167647
0.170038
0.169037
0.171088
0.170113
0.158457
0.176408
0.172111
0.169671
0.169212
0.169264
0.169209
0.171259
0.166298
0.170145
0.140136
0.175065
0.173083
0.171344
0.169130
0.171595
0.169128
0.170501
0.170340
0.164554
0.145139
0.169333
0.175794
0.176024
0.170038
0.172020
0.170043
0.166621
0.167721
0.178040
0.181141
0.178040
0.172815
0.171038
0.169236
0.171227
0.171070
0.168174
0.174039
0.169127
0.170202
0.169038
0.168712
0.136478
0.166793
0.169345
0.170523
0.162169
0.174250
0.172817
0.169448
0.171038
0.169502
0.171038
0.169772
0.170038
0.148033
0.150826
0.167818
0.180040
0.173054
0.171920
0.168326
0.169123
0.170978
0.170037
0.177696
0.174670
0.170430
0.177774
0.171618
0.170032
0.168998
0.178039
0.170904
0.170038
0.168034
0.171021
0.168705
0.169761
0.168698
0.138289
0.177038
0.175399
0.170723
0.167648
0.167745
0.178039
0.176039
0.171038
0.171988
0.165313
0.172038
0.134030
0.173259
0.176039
0.168698
0.168187
0.168792
0.170369
0.169481
0.168248
0.177575
0.177435
0.169152
0.169738
0.170724
0.169039
0.167817
0.178208
0.173990
0.169291
0.168908
0.170678
0.169531
0.169266
0.144316
0.171490
0.173257
0.177039
0.175159
0.170846
0.171126
0.170145
0.169458
0.175039
0.171038
0.172792
0.171731
0.169498
0.168871
0.168037
0.168678
0.146796
0.179295
0.170435
0.171591
0.175039
0.171558
0.172914
0.175039
0.172223
0.168370
0.165037
0.151662
0.184043
0.169161
0.165828
0.168036
0.177282
0.184586
0.185466
0.185076
0.153358
0.117552
0.135030
0.158035
0.185119
0.180998
0.179165
0.183041
0.181649
0.179637
0.135216
0.140031
0.162036
0.175088
0.157620
0.171479
0.176144
0.173038
0.166224
0.166195
0.164950
0.163111
0.163271
0.152141
0.169176
0.182544
0.189180
0.151886
0.162210
0.133030
0.162207
0.163254
0.164166
0.164205
0.169038
0.166371
0.148153
0.165611
0.167037
0.165578
0.165125
0.166038
0.166320
0.165991
0.158412
0.174668
0.182117
0.170690
0.182848
0.178185
0.175101
0.187571
0.200264
0.206789
0.206579
0.190042
0.180207
0.170742
0.151033
0.165353
0.168334
0.168722
0.169117
0.166365
0.168768
0.175151
0.154272
0.155203
0.166037
0.169126
0.169337
0.162451
0.151253
0.167278
0.170038
0.170865
0.175070
0.170211
0.170038
0.177039
0.175039
0.170038
0.174490
0.165037
0.170233
0.169038
0.146033
0.181712
0.175148
0.169890
0.170723
0.170243
0.169518
0.169554
0.143283
0.170927
0.174038
0.166037
0.166439
0.181406
0.174683
0.173379
0.140194
0.167380
0.175264
0.170038
0.174151
0.170523
0.174611
0.171225
0.171453
0.168221
0.169037
0.170800
0.179182
0.172793
0.182679
0.177039
0.168960
0.165447
0.162324
0.161836
0.163155
0.122386
0.158831
0.166037
0.164036
0.166197
0.176279
0.168228
0.179338
0.169037
0.165845
0.169686
0.173038
0.171262
0.175038
0.152172
0.178762
0.168649
0.172126
0.171312
0.176182
0.186041
0.178067
0.171229
0.172038
0.171831
0.171219
0.171910
0.172952
0.176588
0.181723
0.187323
0.178902
0.156035
0.164294
0.170038
0.170234
0.172024
0.170574
0.171285
0.171132
0.170038
0.171211
0.142512
0.158861
0.148456
0.159035
0.164349
0.164037
0.165037
0.153428
0.166528
0.162170
0.160271
0.161036
0.161381
0.163423
0.172244
0.167721
0.168483
0.150033
0.171272
0.167973
0.170888
0.168145
0.170469
0.168242
0.170084
0.179678
0.172068
0.170038
0.168218
0.170038
0.168118
0.167727
0.145826
0.179039
0.171038
0.173039
0.167746
0.170506
0.171038
0.171068
0.170904
0.169038
0.165103
0.177315
0.174180
0.169037
0.135381
0.165750
0.154262
0.162852
0.170529
0.168359
0.170038
0.168517
0.167130
0.165141
0.169420
0.178739
0.177784
0.171436
0.169728
0.170160
0.169629
0.171152
0.168442
0.150212
0.181040
0.164683
0.163201
0.167038
0.168018
0.172478
0.166435
0.173038
0.171556
0.175155
0.174210
0.337171
0.358649
0.365194
0.387778
0.379225
0.383005
0.363461
0.354442
0.360354
0.407661
0.381767
0.371629
0.361956
0.355949
0.189216
0.177662
0.178243
0.159577
0.163200
0.160081
0.158674
0.136030
0.155035
0.158755
0.138031
0.155157
0.159667
0.158035
0.160150
0.158838
0.155656
0.157480
0.158036
0.156859
0.170038
0.139160
0.161641
0.164206
0.173907
0.163212
0.161036
0.162320
0.161726
0.161064
0.161128
0.164615
0.162899
0.162036
0.154825
0.172418
0.168744
0.165035
0.163357
0.160631
0.171038
0.163751
0.165154
0.166053
0.164185
0.162816
0.137030
0.157234
0.170097
0.169037
0.167202
0.164679
0.163474
0.163036
0.164047
0.164134
0.158128
0.172155
0.171094
0.164037
0.164036
0.122797
0.157685
0.162235
0.162745
0.163123
0.163124
0.161121
0.163916
0.162501
0.164467
0.160036
0.162035
0.161156
0.160212
0.173038
0.173285
0.173381
0.169337
0.164161
0.164344
0.159391
0.161451
0.164037
0.164527
0.133382
0.163922
0.183652
0.177428
0.183351
0.181005
0.174661
0.173143
0.162578
0.161220
0.161188
0.164036
0.162392
0.161127
0.161814
0.162179
0.162036
0.165252
0.164037
0.152880
0.169190
0.168916
0.153135
0.170271
0.165872
0.170359
0.170423
0.168460
0.164551
0.162362
0.123667
0.167095
0.163971
0.164036
0.166172
0.165174
0.161614
0.162634
0.162972
0.164438
0.168070
0.164439
0.179751
0.172596
0.171869
0.172511
0.169038
0.168639
0.171372
0.163103
0.169058
0.167339
0.167243
0.168205
0.168037
0.141805
0.154035
0.169426
0.168797
0.170246
0.168550
0.162851
0.178202
0.175777
0.167635
0.167693
0.167767
0.168833
0.168413
0.166225
0.168079
0.166303
0.163036
0.166589
0.168377
0.167299
0.167923
0.167512
0.169279
0.169037
0.160410
0.184041
0.175282
0.176643
0.169724
0.167125
0.134336
0.167037
0.166368
0.166547
0.169928
0.180040
0.171534
0.171038
0.169200
0.170038
0.163101
0.172897
0.170048
0.167791
0.173038
0.173062
0.163271
0.160036
0.160396
0.162441
0.170352
0.148033
0.177434
0.171852
0.170613
0.169486
0.184780
0.181237
0.178217
0.185808
0.183040
0.180170
0.168183
0.169210
0.175178
0.176106
0.145265
0.176590
0.169950
0.173441
0.166063
0.170402
0.178679
0.178089
0.167037
0.169474
0.170693
0.170488
0.168245
0.166851
0.167736
0.167053
0.169969
0.166036
0.164195
0.166893
0.166271
0.165077
0.165963
0.167117
0.165854
0.168404
0.167170
0.170244
0.167157
0.166065
0.165037
0.167806
0.166196
0.166340
0.169361
0.166352
0.167442
0.167729
0.166439
0.166539
0.166689
0.167575
0.168037
0.166542
0.166001
0.166395
0.165036
0.164547
0.165037
0.167431
0.167376
0.166547
0.171556
0.169136
0.166205
0.165488
0.165335
0.165272
0.166198
0.166166
0.167611
0.166349
0.167062
0.165612
0.164658
0.167036
0.165414
0.170038
0.165652
0.166238
0.166889
0.166201
0.167545
0.165748
0.166116
0.166981
0.165692
0.164321
0.165754
0.168494
0.166423
0.167135
0.166743
0.165248
0.166151
0.166361
0.166214
0.166217
0.168347
0.164582
0.165106
0.166358
0.167089
0.166270
0.166286
0.167408
0.166295
0.166927
0.166165
0.167111
0.165389
0.166156
0.165841
0.167416
0.167445
0.165191
0.169037
0.165036
0.165761
0.166293
0.165845
0.166037
0.167178
0.167279
0.166951
0.166931
0.165962
0.167559
0.165037
0.165107
0.166466
0.166275
0.166037
0.167412
0.172038
0.166361
0.163045
0.163725
0.163270
0.165160
0.165037
0.165654
0.166037
0.164259
0.127787
0.168018
0.166037
0.164722
0.165133
0.166535
0.166981
0.168167
0.169778
0.164789
0.166509
0.165036
0.165477
0.167037
0.167425
0.166902
0.166320
0.166867
0.166411
0.165037
0.165147
0.166602
0.166037
0.166571
0.168139
0.166905
0.170451
0.166650
0.166094
0.164732
0.165663
0.164797
0.165682
0.170217
0.168224
0.168617
0.164892
0.166037
0.166037
0.166376
0.166401
0.164038
0.164346
0.164036
0.168429
0.165534
0.165148
0.164680
0.164524
0.164667
0.164603
0.166241
0.164854
0.165296
0.163036
0.172350
0.164036
0.163410
0.164716
0.166037
0.168037
0.165613
0.166166
0.163664
0.162036
0.325785
0.355159
0.390407
0.362507
0.369028
0.383930
0.368703
0.394771
0.382551
0.406883
0.387874
0.357553
0.377563
0.372522
0.310264
0.180274
0.181125
0.181837
0.182734
0.180040
0.178374
0.180578
0.181042
0.183558
0.185041
0.189021
0.189010
0.187812
0.184209
0.183175
0.185498
0.183926
0.183959
0.186491
0.179123
0.173256
0.170454
0.173919
0.167037
0.165427
0.163037
0.161036
0.161309
0.159323
0.158301
0.167037
0.160035
0.161035
0.162899
0.169572
0.163740
0.169250
0.164797
0.164036
0.161244
0.166037
0.164482
0.161053
0.161489
0.165238
0.162276
0.164307
0.163398
0.166144
0.162446
0.162036
0.161845
0.164077
0.161494
0.167148
0.163036
0.166174
0.163637
0.165475
0.163103
0.165408
0.161572
0.162836
0.160420
0.162167
0.163862
0.164036
0.163100
0.164558
0.164017
0.163114
0.161641
0.165037
0.163036
0.165240
0.164934
0.165905
0.172246
0.165939
0.165111
0.166712
0.165703
0.168756
0.167354
0.165379
0.164459
0.165825
0.166030
0.165405
0.167180
0.168037
0.165331
0.165794
0.165511
0.164576
0.165524
0.163655
0.162337
0.165641
0.163639
0.168409
0.166184
0.163931
0.164723
0.164248
0.166165
0.167395
0.164036
0.166037
0.163827
0.165909
0.163919
0.167193
0.164553
0.162578
0.163641
0.163669
0.165313
0.169125
0.165547
0.168015
0.162158
0.164192
0.166238
0.168802
0.163036
0.165630
0.164173
0.167037
0.165195
0.166327
0.165205
0.165513
0.166744
0.167037
0.165368
0.165116
0.166037
0.166673
0.166693
0.165036
0.165217
0.164599
0.164135
0.165583
0.164290
0.165711
0.158309
0.175069
0.172264
0.166600
0.166262
0.166140
0.166330
0.167037
0.165675
0.166321
0.164727
0.163037
0.165235
0.166037
0.165793
0.163573
0.165190
0.165145
0.164749
0.165564
0.163434
0.165314
0.163555
0.167037
0.163036
0.166451
0.165272
0.165145
0.160095
0.169242
0.165179
0.165559
0.166197
0.166037
0.163898
0.165037
0.165715
0.167315
0.162177
0.165037
0.163036
0.165036
0.166445
0.166603
0.163029
0.165331
0.163036
0.162336
0.162772
0.169519
0.164473
0.164419
0.163242
0.167402
0.165036
0.164502
0.163237
0.164037
0.165042
0.162128
0.164247
0.165568
0.163976
0.165120
0.164209
0.162559
0.161416
0.164651
0.163028
0.163167
0.165865
0.166803
0.165297
0.160617
0.162263
0.164900
0.164319
0.165210
0.168492
0.164192
0.164373
0.163332
0.164101
0.164323
0.162339
0.164755
0.164394
0.163524
0.165320
0.166118
0.164935
0.164323
0.163973
0.166037
0.164064
0.167037
0.158665
0.166054
0.166063
0.166037
0.166246
0.166313
0.166408
0.164520
0.163048
0.168037
0.163599
0.164622
0.164653
0.165409
0.165640
0.166037
0.166037
0.164513
0.165338
0.165036
0.166621
0.166346
0.164832
0.164392
0.164445
0.164152
0.167157
0.166687
0.165787
0.165801
0.166370
0.165233
0.167037
0.167111
0.163361
0.164529
0.164788
0.166396
0.166466
0.166198
0.166514
0.166143
0.164432
0.165225
0.166360
0.164609
0.165390
0.164140
0.168037
0.165653
0.164203
0.166037
0.167014
0.165509
0.165418
0.165936
0.166861
0.165448
0.162458
0.163512
0.166036
0.166037
0.166037
0.164393
0.165738
0.164632
0.165218
0.166266
0.151556
0.165118
0.164668
0.163137
0.170203
0.163038
0.164036
0.166255
0.167176
0.165500
0.163040
0.165637
0.165148
0.166029
0.164981
0.162150
0.166037
0.166349
0.164398
0.168497
0.165981
0.166037
0.166036
0.166037
0.164763
0.153034
0.164302
0.164036
0.165500
0.162036
0.165092
0.167370
0.165665
0.168086
0.165203
0.164036
0.164491
0.165217
0.165228
0.164037
0.173129
0.174809
0.159104
0.081763
0.085019
0.082236
0.081965
0.087554
0.101504
0.088173
0.082274
0.082234
0.081086
0.310922
0.353889
0.340444
0.333163
0.335850
0.331024
0.333208
0.357177
0.107006
0.098185
0.105120
0.084298
0.082018
0.080018
0.080101
0.078539
0.077779
0.079150
0.073669
0.082033
0.082275
0.073384
0.075675
0.088428
0.076178
0.073754
0.074696
0.075156
0.077435
0.076057
0.074780
0.072983
0.078270
0.075144
0.075658
0.076916
0.077326
0.083176
0.075182
0.085496
0.073395
0.076702
0.097879
0.085594
0.074486
0.072411
0.078268
0.077388
0.079175
0.073222
0.073846
0.073540
0.074094
0.073561
0.075015
0.078851
0.082019
0.075566
0.076046
0.091137
0.074826
0.081128
0.077425
0.078889
0.075283
0.130422
0.085771
0.081821
0.081645
0.099421
0.087056
0.077731
0.074830
0.076916
0.084147
0.076389
0.076931
0.076424
0.084762
0.080253
0.082326
0.074163
0.078324
0.074976
0.075055
0.075930
0.076366
0.073795
0.077979
0.080760
0.076117
0.074965
0.074418
0.075675
0.075075
0.079185
0.088239
0.075920
0.078197
0.075192
0.076159
0.082764
0.073943
0.075198
0.075074
0.080451
0.076125
0.074448
0.084919
0.080230
0.074838
0.085463
0.078220
0.075035
0.074615
0.076595
0.076282
0.076175
0.073333
0.094017
0.074661
0.076276
0.076318
0.079017
0.075861
0.075981
0.087397
0.074996
0.085002
0.074651
0.093442
0.074835
0.074686
0.073806
0.073956
0.076240
0.073600
0.074815
0.074518
0.092020
0.087235
0.093020
0.117155
0.154034
0.154157
0.160036
0.130029
0.161934
0.177766
0.170088
0.164146
0.178518
0.168277
0.182040
0.145569
0.123029
0.148118
0.155420
0.158565
0.161835
0.153199
0.081912
0.145389
0.156204
0.157116
0.158035
0.158264
0.158035
0.160036
0.127524
0.151033
0.163468
0.163037
0.160310
0.162762
0.175277
0.186421
0.182041
0.146325
0.120025
0.146422
0.175202
0.171038
0.164160
0.162578
0.165833
0.164174
0.144032
0.136376
0.164212
0.162473
0.172441
0.186566
0.187714
0.155583
0.116478
0.154152
0.168099
0.166993
0.169707
0.169533
0.166342
0.178970
0.173509
0.163712
0.176178
0.191043
0.145032
0.138150
0.139894
0.165181
0.165036
0.162745
0.166391
0.170865
0.169152
0.167403
0.165732
0.169293
0.166634
0.167089
0.186371
0.190042
0.187088
0.180877
0.174048
0.174322
0.172250
0.144501
0.164437
0.164037
0.163283
0.163429
0.163579
0.161036
0.162339
0.162036
0.162336
0.166037
0.161010
0.184187
0.184703
0.177564
0.189142
0.190635
0.144249
0.158431
0.136658
0.160488
0.164100
0.165079
0.155779
0.165275
0.166037
0.165190
0.164642
0.173246
0.172197
0.183084
0.128939
0.178582
0.171056
0.160893
0.162251
0.163481
0.161157
0.165021
0.147804
0.157012
0.189394
0.188040
0.189379
0.191417
0.191108
0.191478
0.190453
0.193132
0.188093
0.129193
0.163922
0.168835
0.169765
0.170714
0.167341
0.163385
0.162142
0.161025
0.151647
0.166666
0.163645
0.169188
0.164037
0.165194
0.169038
0.168519
0.183927
0.193461
0.155523
0.168084
0.164133
0.165670
0.164036
0.163209
0.164354
0.164484
0.161893
0.164177
0.132107
0.159145
0.162261
0.162510
0.163465
0.164305
0.163458
0.167420
0.166485
0.170510
0.168572
0.165242
0.165023
0.164673
0.162533
0.175145
0.187603
0.183657
0.181534
0.146545
0.122027
0.138031
0.191859
0.178039
0.170307
0.167876
0.167338
0.157512
0.177804
0.175039
0.171304
0.170108
0.166415
0.179857
0.183300
0.141377
0.153316
0.163609
0.167513
0.166361
0.161971
0.144919
0.170338
0.170365
0.168300
0.168268
0.167994
0.176132
0.168037
0.170175
0.168037
0.172016
0.170481
0.170980
0.166837
0.178428
0.191042
0.189478
0.165678
0.125914
0.152293
0.165431
0.166759
0.165726
0.167262
0.169011
0.186604
0.174854
0.191733
0.191141
0.193462
0.189199
0.191253
0.189105
0.190903
0.161603
0.162558
0.164417
0.166064
0.166243
0.149761
0.162415
0.165036
0.168124
0.139899
0.168544
0.166623
0.167247
0.168386
0.167108
0.166375
0.182417
0.178743
0.169706
0.177039
0.174215
0.166710
0.171138
0.167170
0.168052
0.174039
0.180040
0.169323
0.178358
0.181741
0.167133
0.168834
0.170115
0.186462
0.179578
0.183505
0.170038
0.165196
0.165323
0.160614
0.175359
0.184229
0.183166
0.176116
0.165037
0.168216
0.168715
0.165211
0.165687
0.176670
0.166183
0.164497
0.162782
0.164036
0.163677
0.162750
0.163036
0.164191
0.165233
0.164231
0.164285
0.161332
0.172711
0.174320
0.170066
0.149034
0.161317
0.162547
0.164190
0.164124
0.144277
0.155726
0.161036
0.162857
0.165956
0.183040
0.175587
0.165037
0.163961
0.161700
0.165737
0.164761
0.161872
0.180706
0.367095
0.411747
0.391977
0.399754
0.372527
0.391777
0.411322
0.397878
0.367442
0.367239
0.359172
0.368119
0.393757
0.351538
0.166574
0.159036
0.156003
0.117165
0.157726
0.157616
0.157146
0.156534
0.159669
0.159408
0.151162
0.168599
0.173103
0.186468
0.181358
0.177122
0.154543
0.151998
0.157035
0.157035
0.158986
0.158562
0.116588
0.160152
0.158237
0.159119
0.159921
0.163563
0.163479
0.175455
0.169203
0.168037
0.169099
0.166635
0.162274
0.169198
0.167351
0.163557
0.162982
0.161470
0.158527
0.171616
0.190018
0.193185
0.189786
0.188441
0.184766
0.167150
0.166906
0.143480
0.156062
0.160168
0.162630
0.164161
0.160419
0.159161
0.161036
0.160170
0.162426
0.126229
0.162251
0.162117
0.178151
0.170653
0.163075
0.161442
0.162349
0.171207
0.167143
