0.002000
0.169194
0.170192
0.178906
0.172250
0.171420
0.081018
0.081194
0.081315
0.079033
0.078539
0.077371
0.079638
0.082018
0.087101
0.085921
0.085018
0.083018
0.081663
0.081018
0.079342
0.080726
0.088026
0.084008
0.083119
0.084134
0.082236
0.085175
0.090585
0.077337
0.077734
0.083585
0.100043
0.085977
0.169038
0.091207
0.155582
0.182181
0.178567
0.133406
0.154999
0.156224
0.163169
0.165148
0.163738
0.163036
0.162175
0.163060
0.163036
0.163133
0.167283
0.162097
0.164036
0.163248
0.163036
0.162181
0.164644
0.161249
0.164713
0.163083
0.164717
0.152315
0.171785
0.164193
0.167245
0.166677
0.164191
0.165037
0.165006
0.168131
0.165695
0.165423
0.165390
0.165037
0.168255
0.167198
0.165089
0.166036
0.164791
0.166037
0.166307
0.164036
0.165057
0.164499
0.166037
0.166216
0.164165
0.166262
0.163971
0.168118
0.164467
0.166759
0.165168
0.169314
0.166155
0.164097
0.164644
0.168121
0.167159
0.169392
0.171184
0.171335
0.191756
0.169037
0.172220
0.163534
0.165036
0.167036
0.167727
0.167347
0.166661
0.160035
0.182758
0.183040
0.163775
0.162646
0.170004
0.168580
0.167408
0.167737
0.167037
0.167245
0.168037
0.170446
0.165226
0.166378
0.172434
0.181193
0.192562
0.191326
0.192540
0.171038
0.170196
0.170498
0.166037
0.167795
0.167995
0.168539
0.168723
0.167779
0.166066
0.168090
0.168792
0.175235
0.173546
0.188409
0.187042
0.184234
0.183359
0.183967
0.187817
0.177983
0.166485
0.166037
0.166037
0.166595
0.168159
0.163714
0.168037
0.165036
0.165021
0.173609
0.187083
0.190240
0.166106
0.167563
0.166037
0.167037
0.175314
0.171094
0.167620
0.164560
0.163281
0.165632
0.166037
0.178039
0.172862
0.168333
0.165116
0.165200
0.163332
0.164281
0.165478
0.166642
0.166037
0.165912
0.177052
0.172038
0.167792
0.166541
0.165313
0.165490
0.164265
0.166362
0.165994
0.166956
0.167602
0.167204
0.166223
0.172629
0.167580
0.166448
0.162980
0.167662
0.167256
0.172598
0.169300
0.165477
0.165477
0.166969
0.165117
0.166573
0.165867
0.166965
0.167003
0.166120
0.168319
0.166517
0.171196
0.170114
0.168543
0.167172
0.164737
0.170433
0.168894
0.164253
0.165548
0.166125
0.165922
0.165697
0.165747
0.168119
0.165710
0.166725
0.167027
0.174453
0.168081
0.165183
0.166644
0.162694
0.166898
0.166037
0.169218
0.171500
0.167804
0.166241
0.166254
0.168440
0.164213
0.164371
0.165385
0.165320
0.169068
0.163229
0.123521
0.169175
0.166037
0.165385
0.167953
0.166750
0.165038
0.165913
0.164501
0.166289
0.168863
0.165161
0.165526
0.168495
0.167435
0.164464
0.165387
0.165855
0.165099
0.165071
0.164956
0.166214
0.165605
0.165036
0.164154
0.166151
0.167444
0.164037
0.166258
0.165037
0.163159
0.165114
0.165184
0.165138
0.166181
0.164037
0.166865
0.165346
0.164156
0.163130
0.164529
0.166037
0.166370
0.165432
0.164720
0.173002
0.167037
0.165135
0.163115
0.163939
0.166369
0.161382
0.164253
0.165253
0.166568
0.165273
0.165294
0.166037
0.168340
0.163876
0.164562
0.166037
0.165534
0.165389
0.164463
0.165037
0.171869
0.166174
0.165138
0.167804
0.166037
0.163347
0.166973
0.165097
0.167038
0.164037
0.164125
0.170969
0.166233
0.165287
0.164471
0.165175
0.168037
0.166003
0.165165
0.165138
0.164114
0.165037
0.165136
0.166007
0.170164
0.169178
0.167384
0.164162
0.163726
0.165168
0.164790
0.165556
0.169123
0.167209
0.165264
0.164795
0.168632
0.166901
0.166553
0.164037
0.164468
0.164036
0.165459
0.169214
0.166457
0.165344
0.163407
0.166163
0.169864
0.167180
0.165564
0.163191
0.164207
0.164725
0.164900
0.166151
0.165312
0.167756
0.171489
0.170149
0.171043
0.170186
0.165035
0.163894
0.164520
0.169978
0.169174
0.165893
0.166553
0.165037
0.164757
0.165707
0.172081
0.169231
0.170531
0.167037
0.166965
0.165488
0.163560
0.166338
0.166231
0.172247
0.170038
0.167576
0.174144
0.168519
0.167174
0.167085
0.165840
0.166409
0.165622
0.166523
0.170038
0.167137
0.166062
0.168374
0.169150
0.163399
0.166258
0.172448
0.168666
0.166218
0.167037
0.164418
0.164037
0.168601
0.163358
0.170777
0.173575
0.169257
0.164332
0.169896
0.170257
0.170008
0.168036
0.167684
0.171293
0.166414
0.166818
0.165706
0.171257
0.167786
0.164368
0.166929
0.167139
0.166716
0.164508
0.164436
0.171712
0.164183
0.169143
0.167325
0.180581
0.179990
0.172707
0.171038
0.167296
0.165584
0.165036
0.166037
0.172255
0.172553
0.169360
0.171431
0.174596
0.166549
0.166730
0.168045
0.167037
0.169756
0.168037
0.172365
0.168062
0.166351
0.166037
0.165756
0.172038
0.168612
0.166224
0.166663
0.167037
0.165220
0.164429
0.167423
0.168826
0.168465
0.167395
0.167103
0.172353
0.169346
0.167495
0.175298
0.174834
0.170038
0.168244
0.173341
0.168457
0.160587
0.161247
0.180268
0.179410
0.177221
0.171902
0.168037
0.164037
0.166343
0.167818
0.168133
0.168157
0.166633
0.131540
0.168179
0.169611
0.171504
0.169809
0.169037
0.166235
0.167480
0.170664
0.172098
0.169135
0.167304
0.167185
0.165896
0.167636
0.169818
0.169121
0.167439
0.168715
0.168097
0.172342
0.169308
0.168481
0.172038
0.171573
0.171274
0.167808
0.167501
0.168110
0.167590
0.167994
0.173200
0.165423
0.166094
0.168584
0.172039
0.169457
0.170031
0.168717
0.173310
0.169642
0.168802
0.171464
0.172038
0.166652
0.170874
0.170096
0.166297
0.166167
0.169391
0.168168
0.167789
0.170156
0.171657
0.169704
0.175137
0.171155
0.168492
0.168696
0.169985
0.171623
0.169703
0.168271
0.172936
0.170820
0.168038
0.167016
0.168916
0.166207
0.168532
0.169638
0.171385
0.171152
0.168558
0.168494
0.167452
0.169284
0.170518
0.167373
0.171229
0.168489
0.169433
0.168267
0.169278
0.169388
0.173939
0.170942
0.171653
0.171285
0.170498
0.169037
0.167123
0.168366
0.168221
0.174127
0.174039
0.172169
0.171274
0.169038
0.167277
0.166383
0.168128
0.174133
0.171545
0.169286
0.171195
0.170086
0.169037
0.171397
0.171517
0.169037
0.173680
0.172139
0.170422
0.170402
0.171710
0.170038
0.167449
0.171266
0.171772
0.167274
0.168577
0.167188
0.168598
0.167145
0.167124
0.170120
0.174038
0.171038
0.169934
0.170154
0.169237
0.168181
0.169068
0.170142
0.168208
0.168531
0.166351
0.172561
0.169148
0.167062
0.169037
0.166535
0.169571
0.170152
0.167356
0.169127
0.174591
0.170835
0.171038
0.168945
0.166037
0.167946
0.168545
0.169420
0.172019
0.171144
0.169038
0.168187
0.170746
0.170419
0.173616
0.165254
0.166737
0.170561
0.168801
0.170388
0.172065
0.164231
0.162036
0.164412
0.172038
0.173906
0.170037
0.169363
0.169592
0.172608
0.178247
0.175151
0.170176
0.172598
0.171132
0.170264
0.169291
0.171316
0.168347
0.172987
0.171409
0.171038
0.168666
0.170147
0.174376
0.173038
0.169370
0.164068
0.166498
0.175392
0.177698
0.175013
0.170692
0.170142
0.170302
0.170198
0.170158
0.168253
0.168910
0.171558
0.173222
0.174371
0.173413
0.172579
0.173990
0.168872
0.172156
0.171375
0.171736
0.172435
0.175107
0.172666
0.172232
0.168773
0.176026
0.171911
0.173038
0.170480
0.168501
0.168158
0.166300
0.168037
0.174039
0.182260
0.192098
0.192316
0.172213
0.173039
0.172197
0.169662
0.174039
0.176672
0.190553
0.190169
0.190830
0.189833
0.180987
0.172451
0.169191
0.170602
0.171134
0.170345
0.167994
0.170293
0.170038
0.168370
0.170067
0.150033
0.175039
0.187315
0.189318
0.190499
0.191658
0.171309
0.174683
0.172519
0.168037
0.174374
0.189878
0.196044
0.171605
0.172664
0.172039
0.168439
0.166081
0.169734
0.171064
0.175456
0.184040
0.191077
0.172077
0.169037
0.168720
0.170038
0.169792
0.169037
0.168976
0.170038
0.171412
0.170039
0.169184
0.171309
0.169870
0.172477
0.169634
0.171436
0.171278
0.170123
0.169037
0.168536
0.174039
0.172390
0.165061
0.160140
0.162129
0.162152
0.161291
0.162106
0.160902
0.161425
0.171055
0.171058
0.171484
0.169174
0.168625
0.168037
0.166037
0.168037
0.168037
0.169554
0.166629
0.173038
0.168088
0.162331
0.158159
0.163845
0.172630
0.174039
0.172100
0.168632
0.162188
0.171261
0.168037
0.164873
0.161036
0.164982
0.163429
0.163397
0.164786
0.165361
0.165988
0.168037
0.167249
0.164366
0.167146
0.166218
0.165037
0.166037
0.166074
0.165163
0.164177
0.166171
0.167243
0.162211
0.166734
0.166916
0.164860
0.166632
0.166418
0.166085
0.172467
0.168238
0.165038
0.164810
0.164464
0.167121
0.164229
0.168551
0.172222
0.168370
0.167037
0.167135
0.166153
0.164037
0.165304
0.166137
0.166623
0.166201
0.163530
0.166525
0.167647
0.167195
0.165429
0.165160
0.166461
0.166037
0.165037
0.166447
0.164319
0.165338
0.166054
0.167037
0.170196
0.171236
0.169937
0.167827
0.167115
0.166109
0.166233
0.165426
0.162281
0.165268
0.172994
0.174038
0.169383
0.165592
0.165155
0.165200
0.165476
0.166248
0.168037
0.166917
0.165989
0.165101
0.166322
0.165383
0.166037
0.170516
0.172038
0.171038
0.166421
0.166395
0.166037
0.167037
0.165704
0.165903
0.166426
0.169246
0.169346
0.165548
0.165570
0.167272
0.166037
0.164613
0.167847
0.166287
0.129857
0.167037
0.166037
0.165264
0.166312
0.167980
0.167037
0.167030
0.170611
0.167119
0.166036
0.168144
0.169920
0.173821
0.167191
0.168591
0.165758
0.167128
0.166035
0.165036
0.166507
0.168520
0.168683
0.170533
0.167570
0.167544
0.169249
0.169152
0.166104
0.168125
0.168149
0.168219
0.167758
0.167037
0.168180
0.167212
0.170178
0.177157
0.172602
0.170450
0.171310
0.170290
0.169184
0.167315
0.167037
0.165151
0.163550
0.166631
0.172701
0.167468
0.167494
0.165890
0.167982
0.168512
0.169778
0.167974
0.168219
0.167237
0.169037
0.167037
0.175388
0.172160
0.168192
0.174281
0.172329
0.169891
0.167878
0.167037
0.170490
0.169038
0.166250
0.165456
0.167037
0.172255
0.145033
0.166684
0.166163
0.167328
0.165126
0.167282
0.167697
0.166281
0.169172
0.171487
0.167222
0.167243
0.168173
0.167344
0.167245
0.167240
0.163810
0.166075
0.171038
0.166597
0.170384
0.162462
0.164974
0.170038
0.172331
0.169038
0.168399
0.164997
0.165479
0.166589
0.166037
0.167529
0.165731
0.169183
0.167370
0.166232
0.168987
0.171292
0.171874
0.167502
0.166356
0.164940
0.165964
0.165922
0.166701
0.169214
0.168123
0.166834
0.166519
0.166038
0.168960
0.168063
0.166255
0.171133
0.172219
0.169186
0.167358
0.166394
0.165003
0.166222
0.171336
0.166211
0.168560
0.167037
0.166192
0.165410
0.166559
0.167137
0.170650
0.171174
0.167994
0.168894
0.167037
0.165624
0.166066
0.166144
0.166037
0.167900
0.172330
0.170545
0.171011
0.168329
0.171186
0.165407
0.165270
0.165604
0.166250
0.167058
0.165762
0.170204
0.167058
0.165037
0.166037
0.170038
0.170835
0.167303
0.167694
0.169615
0.168868
0.165437
0.164835
0.162036
0.165340
0.167283
0.165037
0.167570
0.115035
0.167037
0.171967
0.170037
0.169410
0.170343
0.171251
0.169142
0.169037
0.169038
0.167146
0.167868
0.169359
0.175103
0.171540
0.171294
0.167515
0.167417
0.138535
0.170162
0.169658
0.169140
0.170491
0.168037
0.170084
0.166791
0.169183
0.169862
0.168273
0.188088
0.190287
0.190207
0.185393
0.169465
0.169983
0.156948
0.172496
0.170281
0.168294
0.169600
0.170199
0.172257
0.170172
0.171582
0.168686
0.170983
0.174649
0.170617
0.170197
0.169821
0.171450
0.170401
0.169037
0.137278
0.168141
0.171645
0.172026
0.169539
0.167581
0.172164
0.173773
0.169453
0.174037
0.169461
0.167702
0.166552
0.167473
0.166856
0.169264
0.167976
0.170424
0.134186
0.171915
0.168139
0.169212
0.171249
0.170172
0.170356
0.171474
0.169217
0.170881
0.169621
0.173639
0.172237
0.170038
0.169038
0.171233
0.167037
0.168038
0.140933
0.173614
0.168197
0.169842
0.171037
0.169038
0.168575
0.170040
0.168037
0.167964
0.175039
0.174060
0.172037
0.171205
0.166928
0.174197
0.172037
0.168020
0.139499
0.169626
0.169475
0.168431
0.173259
0.170239
0.168521
0.172803
0.169841
0.169157
0.168380
0.168037
0.174038
0.169773
0.167037
0.168449
0.166675
0.172589
0.106391
0.171947
0.171197
0.169317
0.169622
0.171083
0.170299
0.170092
0.168037
0.169421
0.174038
0.179498
0.171562
0.169038
0.167330
0.167558
0.168069
0.168526
0.154034
0.169737
0.171602
0.170173
0.172488
0.172269
0.115167
0.170164
0.169756
0.172628
0.167037
0.169856
0.169302
0.169038
0.168087
0.169113
0.172081
0.172120
0.138029
0.170111
0.168671
0.170037
0.171264
0.170259
0.171299
0.170145
0.170037
0.172065
0.169577
0.169848
0.169131
0.168391
0.169331
0.169685
0.169340
0.167691
0.133137
0.171182
0.171673
0.172024
0.168036
0.168020
0.166918
0.169692
0.167654
0.174038
0.174139
0.172038
0.170815
0.169037
0.169971
0.169057
0.169070
0.168939
0.119468
0.170059
0.170105
0.170202
0.170038
0.170160
0.172219
0.169194
0.169472
0.168242
0.171171
0.169028
0.168448
0.168037
0.167205
0.169333
0.169129
0.168192
0.130029
0.171263
0.170509
0.173038
0.169052
0.170115
0.168813
0.169861
0.169142
0.169137
0.172695
0.169668
0.168037
0.171176
0.169617
0.169031
0.168998
0.172038
0.136106
0.169828
0.168034
0.167635
0.169211
0.169038
0.168422
0.170119
0.174039
0.171398
0.168722
0.167648
0.169187
0.174039
0.171039
0.167037
0.168195
0.170246
0.136353
0.169038
0.175042
0.170107
0.167699
0.167037
0.168390
0.168369
0.170481
0.169248
0.175575
0.172126
0.168458
0.168736
0.169038
0.168745
0.169167
0.172863
0.143170
0.168262
0.168934
0.172134
0.170223
0.169266
0.169037
0.171273
0.170476
0.173039
0.170158
0.169846
0.169126
0.169624
0.168541
0.169975
0.170038
0.169794
0.145330
0.169894
0.169038
0.169871
0.169678
0.169437
0.172292
0.166302
0.167721
0.171038
0.169558
0.170914
0.171038
0.170223
0.173370
0.161036
0.164037
0.181601
0.155185
0.167672
0.166194
0.171256
0.184586
0.184465
0.185076
0.167887
0.157034
0.161036
0.181467
0.180998
0.179165
0.183041
0.180649
0.179637
0.151220
0.171038
0.171038
0.175624
0.176480
0.178145
0.175039
0.167037
0.165429
0.165579
0.164409
0.162867
0.163044
0.171038
0.175447
0.190180
0.165721
0.162171
0.168037
0.166037
0.164383
0.164037
0.163205
0.166037
0.168372
0.168187
0.167463
0.167445
0.166258
0.168038
0.167319
0.166991
0.169122
0.171232
0.181115
0.161430
0.181847
0.177183
0.173614
0.188571
0.200264
0.206789
0.206579
0.197266
0.191209
0.174743
0.173354
0.172183
0.170875
0.168117
0.171038
0.169483
0.136642
0.178168
0.172655
0.171038
0.171126
0.168037
0.170753
0.170257
0.170180
0.170136
0.173866
0.172070
0.170038
0.172211
0.171038
0.169037
0.167037
0.170489
0.134144
0.172096
0.168038
0.171038
0.179712
0.170148
0.168403
0.168209
0.170243
0.169519
0.142529
0.168054
0.172178
0.167037
0.163036
0.164438
0.173404
0.170682
0.133127
0.171771
0.172305
0.169838
0.169038
0.170151
0.169344
0.170200
0.171173
0.168717
0.165772
0.165219
0.166799
0.173667
0.170393
0.175441
0.171058
0.164959
0.109024
0.164555
0.165794
0.164371
0.164036
0.168228
0.165641
0.164037
0.164195
0.169710
0.165762
0.169335
0.163036
0.163844
0.166471
0.172038
0.173161
0.175140
0.151033
0.176547
0.167493
0.163124
0.164258
0.168957
0.175039
0.172066
0.169229
0.170038
0.170830
0.171220
0.172888
0.171490
0.174597
0.176121
0.188558
0.185072
0.172212
0.170121
0.170038
0.172221
0.171038
0.171942
0.169038
0.172133
0.171210
0.169037
0.164037
0.164656
0.163249
0.164349
0.163035
0.165036
0.163957
0.131719
0.163418
0.167408
0.167037
0.163036
0.162768
0.170244
0.168720
0.168363
0.170160
0.170272
0.168590
0.168270
0.169145
0.170232
0.169241
0.167697
0.172553
0.139156
0.170067
0.169219
0.172038
0.169386
0.170460
0.169037
0.174335
0.170038
0.171038
0.168087
0.169804
0.168037
0.168067
0.167903
0.168038
0.167104
0.171153
0.099190
0.170179
0.172229
0.170911
0.169038
0.169853
0.169162
0.169525
0.170240
0.169406
0.172151
0.171235
0.169140
0.172737
0.173038
0.168841
0.168727
0.172039
0.149624
0.170038
0.168556
0.168038
0.174038
0.162766
0.161384
0.163036
0.172019
0.169037
0.166876
0.171039
0.171556
0.170154
0.166208
0.343170
0.373647
0.369199
0.386698
0.378387
0.423517
0.340600
0.344553
0.345373
0.368260
0.357493
0.360636
0.367963
0.367916
0.193217
0.177165
0.180244
0.169896
0.170304
0.164997
0.156778
0.158035
0.156178
0.157611
0.159036
0.158989
0.157035
0.158035
0.158098
0.159292
0.158195
0.158034
0.158034
0.163861
0.167166
0.160641
0.162972
0.168838
0.146207
0.163037
0.160319
0.161727
0.162063
0.163128
0.162316
0.161681
0.157035
0.162827
0.165416
0.164743
0.163036
0.162357
0.161631
0.166037
0.161655
0.163153
0.137613
0.162185
0.161815
0.162036
0.159235
0.165096
0.168037
0.164037
0.162843
0.162474
0.162036
0.163140
0.161133
0.161889
0.166399
0.165093
0.161318
0.160035
0.112025
0.166926
0.163798
0.161479
0.162122
0.162125
0.162122
0.161036
0.162030
0.161749
0.162036
0.162036
0.161157
0.160162
0.166036
0.166283
0.169380
0.148319
0.153172
0.163911
0.162469
0.164730
0.163114
0.164037
0.164527
0.166508
0.176650
0.175400
0.176194
0.171159
0.168087
0.170432
0.141572
0.165221
0.165189
0.163036
0.155391
0.161764
0.163802
0.161911
0.162754
0.162036
0.164252
0.163730
0.166866
0.166223
0.146133
0.166271
0.164871
0.167358
0.166167
0.164714
0.163551
0.163784
0.121733
0.167586
0.163088
0.159035
0.164172
0.161700
0.163219
0.164758
0.161972
0.163437
0.165561
0.167439
0.170749
0.170619
0.168869
0.169510
0.167037
0.166295
0.126564
0.169272
0.167125
0.168013
0.166351
0.167140
0.169205
0.168037
0.171441
0.168426
0.168037
0.167866
0.166687
0.165852
0.171201
0.170777
0.165635
0.166692
0.147592
0.169072
0.168413
0.167226
0.169080
0.170304
0.167037
0.167253
0.166711
0.168299
0.166924
0.168512
0.167822
0.168407
0.171412
0.174039
0.171280
0.169385
0.120164
0.169406
0.174050
0.171319
0.166131
0.168276
0.170795
0.172038
0.167382
0.169555
0.168037
0.167200
0.165942
0.169545
0.168060
0.165791
0.170038
0.170061
0.131029
0.166272
0.162904
0.161036
0.171676
0.171119
0.174037
0.170249
0.170613
0.171957
0.178846
0.176151
0.173302
0.176806
0.176039
0.172834
0.165516
0.165209
0.137387
0.178245
0.176039
0.171792
0.167445
0.170595
0.166698
0.166948
0.171678
0.170151
0.165063
0.169473
0.167487
0.170693
0.165765
0.165429
0.166134
0.165655
0.137962
0.167037
0.165838
0.167090
0.168181
0.167619
0.167929
0.167963
0.167600
0.167748
0.168037
0.167964
0.165570
0.167433
0.166671
0.168980
0.167024
0.168500
0.131670
0.169171
0.169603
0.167191
0.167729
0.166801
0.167037
0.168819
0.167446
0.167417
0.168164
0.167727
0.169179
0.155034
0.167548
0.168090
0.166703
0.168050
0.146907
0.173163
0.172137
0.168206
0.169730
0.167571
0.167037
0.167198
0.167165
0.167812
0.167119
0.168819
0.167037
0.167657
0.167160
0.168037
0.165190
0.168702
0.150251
0.168672
0.168404
0.165691
0.166727
0.168294
0.169459
0.167251
0.168463
0.169127
0.168492
0.166423
0.168167
0.166714
0.168249
0.167151
0.168064
0.169187
0.140005
0.168037
0.167583
0.167427
0.168037
0.166512
0.167322
0.167037
0.167892
0.167275
0.168274
0.168165
0.167344
0.169276
0.167037
0.166841
0.166415
0.168819
0.141737
0.170038
0.168037
0.167761
0.168415
0.167639
0.167039
0.167271
0.167222
0.166935
0.166817
0.167382
0.167038
0.169038
0.168369
0.168322
0.166158
0.168412
0.147032
0.179040
0.169362
0.168046
0.170726
0.167271
0.167160
0.167095
0.162594
0.167260
0.166912
0.170123
0.167912
0.167296
0.166559
0.167138
0.169380
0.167166
0.101523
0.167277
0.168790
0.168510
0.167107
0.167407
0.166425
0.167902
0.168037
0.167530
0.167663
0.167406
0.167037
0.167781
0.169158
0.168164
0.167445
0.166503
0.147554
0.174255
0.168706
0.169039
0.169593
0.169098
0.166797
0.165682
0.165216
0.168224
0.165252
0.169141
0.166037
0.164036
0.167376
0.166973
0.165984
0.168347
0.152477
0.173875
0.166688
0.167148
0.166681
0.167524
0.165465
0.166604
0.166241
0.166849
0.164295
0.164036
0.162215
0.166655
0.165383
0.165716
0.167037
0.165037
0.158611
0.170166
0.165664
0.167037
0.353791
0.357705
0.343397
0.357526
0.349049
0.377700
0.372748
0.375754
0.373549
0.399884
0.374086
0.380563
0.376523
0.374524
0.294250
0.179273
0.181125
0.182838
0.182734
0.179039
0.178374
0.181578
0.179041
0.182558
0.185041
0.188021
0.188010
0.189812
0.183209
0.182175
0.184497
0.182926
0.183959
0.183490
0.172122
0.166254
0.169423
0.166917
0.163036
0.162250
0.161190
0.160036
0.159310
0.158323
0.161301
0.164037
0.160036
0.159034
0.161898
0.165396
0.160740
0.125657
0.165293
0.166037
0.166036
0.167246
0.166037
0.169500
0.166037
0.167638
0.166480
0.165307
0.165398
0.167143
0.166446
0.169037
0.163058
0.164577
0.163910
0.140141
0.165037
0.164036
0.165352
0.166697
0.165925
0.166853
0.168567
0.166508
0.164786
0.164037
0.163129
0.166037
0.167101
0.166559
0.164680
0.165983
0.164111
0.166296
0.165037
0.165240
0.163934
0.163904
0.171246
0.164564
0.164685
0.166711
0.165702
0.166347
0.164520
0.164379
0.165460
0.165825
0.163877
0.163556
0.165179
0.166037
0.163036
0.164070
0.164529
0.164577
0.165525
0.164408
0.165766
0.163640
0.164236
0.165812
0.165443
0.164439
0.163723
0.166248
0.166165
0.164394
0.163036
0.164036
0.162586
0.163587
0.160599
0.164086
0.164060
0.164406
0.164814
0.166670
0.166197
0.165124
0.163036
0.166548
0.162375
0.167285
0.166859
0.163960
0.163037
0.166630
0.164339
0.165152
0.165197
0.164327
0.166205
0.165512
0.164743
0.166036
0.162368
0.164090
0.164037
0.163673
0.164692
0.163036
0.164217
0.165600
0.166036
0.166440
0.164537
0.163210
0.161259
0.170038
0.167430
0.163463
0.165262
0.164036
0.163330
0.164037
0.164675
0.165321
0.163727
0.164037
0.165235
0.164037
0.163793
0.163574
0.166190
0.163036
0.166446
0.165682
0.166271
0.164234
0.165636
0.163036
0.165036
0.164037
0.165285
0.163144
0.165094
0.165240
0.165180
0.166036
0.164720
0.163036
0.161897
0.162036
0.165109
0.136941
0.168009
0.165178
0.164037
0.164036
0.167317
0.166732
0.165571
0.165166
0.166332
0.163163
0.164835
0.164692
0.160666
0.163585
0.165243
0.166277
0.165161
0.165257
0.166409
0.163251
0.165041
0.165036
0.165193
0.163909
0.164462
0.165016
0.163185
0.164256
0.166610
0.164028
0.166000
0.165337
0.164137
0.162909
0.165610
0.166878
0.165144
0.166020
0.165363
0.166211
0.165492
0.162067
0.166441
0.164670
0.166101
0.165116
0.165209
0.162630
0.164348
0.165525
0.165320
0.166118
0.163177
0.165037
0.165732
0.163542
0.165041
0.164043
0.164390
0.165053
0.165063
0.165037
0.164036
0.164521
0.165036
0.164891
0.164762
0.165037
0.162599
0.164237
0.165005
0.167237
0.163812
0.167037
0.165037
0.165514
0.165037
0.167337
0.165620
0.166217
0.166166
0.164188
0.163445
0.169153
0.165157
0.164687
0.165706
0.165380
0.164777
0.164232
0.166037
0.166323
0.165284
0.163729
0.165043
0.165243
0.165825
0.164198
0.166293
0.163362
0.165517
0.165603
0.166037
0.166934
0.164961
0.167141
0.165037
0.162036
0.166838
0.166037
0.166713
0.165603
0.165381
0.165783
0.132423
0.164082
0.164806
0.164213
0.164382
0.165035
0.167037
0.165393
0.165324
0.165452
0.166815
0.166173
0.166129
0.164394
0.163675
0.165353
0.163302
0.166157
0.165037
0.166255
0.167037
0.165281
0.168207
0.166486
0.165312
0.165072
0.165415
0.163150
0.165037
0.165349
0.167036
0.165857
0.164061
0.165957
0.165036
0.166037
0.165327
0.165471
0.165352
0.164986
0.165501
0.168037
0.165370
0.165927
0.163491
0.165243
0.163384
0.167102
0.164797
0.164923
0.164323
0.165944
0.168128
0.173039
0.173882
