0.002000
0.155345
0.153416
0.158122
0.157035
0.157035
0.158035
0.127352
0.159035
0.160035
0.159125
0.157035
0.157034
0.150138
0.168503
0.157034
0.155194
0.155386
0.156034
0.164036
0.158035
0.155034
0.157177
0.161035
0.161036
0.127028
0.162036
0.161146
0.165037
0.167094
0.168037
0.168473
0.168037
0.170245
0.171038
0.169172
0.170529
0.176111
0.178039
0.177038
0.173350
0.172543
0.174038
0.175112
0.165038
0.161100
0.157034
0.156135
0.156035
0.157034
0.163037
0.158701
0.157115
0.157446
0.159035
0.157417
0.159566
0.164131
0.168037
0.169108
0.170037
0.169388
0.172150
0.176543
0.175535
0.177039
0.172040
0.181040
0.174059
0.166960
0.161036
0.155034
0.145032
0.153033
0.149033
0.149033
0.171038
0.171037
0.170038
0.170038
0.168038
0.176039
0.177466
0.177039
0.178347
0.173038
0.175039
0.174039
0.164036
0.178673
0.168037
0.162035
0.157034
0.156409
0.157784
0.159450
0.158035
0.160035
0.160035
0.139220
0.173509
0.171513
0.176039
0.163225
0.168037
0.170396
0.170114
0.168038
0.166266
0.177039
0.176500
0.178041
0.167510
0.164657
0.158202
0.161875
0.155034
0.154288
0.138420
0.133089
0.179040
0.167781
0.166036
0.160400
0.156165
0.156036
0.154113
0.156271
0.156034
0.155034
0.156300
0.156304
0.158035
0.165576
0.171290
0.173359
0.173038
0.171038
0.173037
0.175039
0.174038
0.173859
0.177533
0.180040
0.176225
0.166036
0.163036
0.157053
0.158187
0.156654
0.158644
0.157570
0.157285
0.158461
0.157435
0.157243
0.151034
0.173038
0.177039
0.176651
0.174788
0.174526
0.176939
0.179542
0.180062
0.177357
0.165067
0.161818
0.157109
0.156196
0.156313
0.156531
0.157034
0.156483
0.157035
0.143031
0.164847
0.180369
0.171040
0.164803
0.181040
0.179039
0.181040
0.174038
0.164598
0.161629
0.158035
0.137462
0.158117
0.155566
0.157033
0.157034
0.157035
0.157178
0.148129
0.171521
0.170126
0.170038
0.166808
0.180040
0.182346
0.175038
0.168405
0.163102
0.158034
0.157035
0.157419
0.157035
0.157160
0.157206
0.163036
0.158540
0.159449
0.135030
0.158035
0.158054
0.157035
0.163036
0.166036
0.169429
0.169038
0.173040
0.173607
0.172038
0.176524
0.171608
0.177039
0.166036
0.160273
0.159476
0.156034
0.158201
0.135030
0.145487
0.168277
0.170530
0.172005
0.171331
0.171112
0.169775
0.179297
0.177039
0.175043
0.166037
0.143447
0.157034
0.157036
0.158034
0.159035
0.156035
0.158035
0.143031
0.158035
0.162856
0.172040
0.175967
0.182040
0.178039
0.168037
0.170321
0.163723
0.161035
0.156034
0.157048
0.157283
0.157487
0.158526
0.158036
0.158034
0.157035
0.143043
0.157809
0.167399
0.169559
0.166355
0.176640
0.176039
0.176039
0.166325
0.160035
0.160035
0.157374
0.160035
0.160840
0.159035
0.159523
0.155138
0.157035
0.152225
0.165036
0.177040
0.181040
0.173039
0.165036
0.161455
0.159296
0.160035
0.161035
0.160455
0.154508
0.155037
0.156693
0.156281
0.155033
0.155261
0.157034
0.157054
0.173494
0.171146
0.171037
0.169040
0.166488
0.164037
0.142187
0.158037
0.157558
0.159036
0.158495
0.161045
0.159035
0.139575
0.164743
0.168074
0.170038
0.172038
0.168958
0.177598
0.176054
0.127140
0.155036
0.156340
0.160326
0.141023
0.168039
0.172037
0.172242
0.174038
0.170038
0.167073
0.180039
0.175038
0.164603
0.164162
0.161036
0.156371
0.164036
0.164452
0.151323
0.161164
0.156037
0.157034
0.150425
0.156487
0.157070
0.163184
0.167037
0.169806
0.169225
0.170038
0.169037
0.171108
0.171450
0.171037
0.174394
0.175039
0.173038
0.171039
0.164036
0.148936
0.160037
0.160035
0.156036
0.156035
0.156410
0.157399
0.157278
0.157763
0.159882
0.172038
0.175131
0.179039
0.176039
0.176039
0.166036
0.162038
0.125467
0.155861
0.155432
0.316077
0.322980
0.332768
0.281062
0.313745
0.313065
0.318493
0.327607
0.334242
0.333873
0.347421
0.329498
0.152488
0.149032
0.149335
0.151033
0.102022
0.150033
0.146558
0.155035
0.155034
0.156225
0.157415
0.156342
0.154331
0.154197
0.164037
0.166253
0.168243
0.171038
0.168502
0.169037
0.170343
0.171037
0.172038
0.170037
0.173038
0.179039
0.177468
0.169037
0.161037
0.156034
0.155435
0.156035
0.156208
0.157035
0.157035
0.156034
0.135544
0.157417
0.157034
0.157429
0.156477
0.155034
0.156259
0.177039
0.174038
0.164036
0.162421
0.158171
0.137240
0.157034
0.157364
0.158136
0.156389
0.156631
0.157367
0.158035
0.164036
0.167093
0.167190
0.168037
0.168037
0.165037
0.174038
0.178039
0.175039
0.166537
0.171037
0.166037
0.162016
0.159035
0.157034
0.156220
0.156343
0.157034
0.157082
0.157411
0.158433
0.156534
0.156440
0.156501
0.139030
0.171961
0.172038
0.171434
0.172529
0.170272
0.170145
0.170285
0.171156
0.171100
0.170467
0.170038
0.171037
0.172381
0.172243
0.172237
0.171124
0.169793
0.172038
0.147425
0.157052
0.155036
0.157035
0.157034
0.158385
0.157034
0.157035
0.155034
0.154033
0.155699
0.157034
0.157446
0.160484
0.165056
0.167037
0.155377
0.157387
0.165036
0.171038
0.170037
0.170307
0.175420
0.175360
0.170039
0.173039
0.172057
0.173239
0.174173
0.174038
0.174039
0.175039
0.172585
0.176040
0.179039
0.173432
0.173157
0.122026
0.159035
0.158315
0.159349
0.158300
0.157034
0.158300
0.158034
0.159102
0.160141
0.166036
0.168780
0.171038
0.171038
0.171038
0.170038
0.167838
0.174037
0.181040
0.165055
0.163036
0.159448
0.158241
0.158035
0.158035
0.158070
0.159035
0.139009
0.157464
0.165247
0.166206
0.169159
0.172039
0.170038
0.167382
0.178039
0.181040
0.176039
0.152266
0.155034
0.157035
0.162030
0.159035
0.159073
0.161102
0.160035
0.161325
0.157035
0.155552
0.162036
0.164771
0.167542
0.168617
0.170038
0.170351
0.184041
0.179352
0.159750
0.160035
0.156036
0.158035
0.156448
0.156034
0.155035
0.155035
0.157692
0.156034
0.157035
0.157789
0.157203
0.157264
0.157035
0.157035
0.163747
0.168036
0.147032
0.175039
0.175039
0.176188
0.177040
0.176039
0.172368
0.166192
0.160338
0.159035
0.158035
0.155450
0.161131
0.160035
0.160035
0.158530
0.156415
0.154627
0.154241
0.149379
0.168097
0.179040
0.177512
0.180040
0.179239
0.167037
0.164036
0.156776
0.154034
0.154674
0.154034
0.156034
0.158053
0.157184
0.155034
0.159035
0.161037
0.161175
0.155737
0.173439
0.170037
0.169104
0.169037
0.169170
0.168037
0.165651
0.175039
0.176039
0.169037
0.165036
0.165729
0.161035
0.142516
0.160786
0.156036
0.159035
0.156035
0.154116
0.174442
0.173450
0.173289
0.173467
0.170557
0.181511
0.176050
0.168036
0.144118
0.157034
0.160035
0.160035
0.157034
0.158035
0.158476
0.157035
0.158601
0.157034
0.146032
0.157034
0.163035
0.166036
0.167411
0.176039
0.175110
0.177038
0.176038
0.165036
0.163036
0.166037
0.163309
0.161035
0.161724
0.163157
0.161610
0.161465
0.159566
0.154189
0.154611
0.156437
0.159171
0.165039
0.163562
0.174498
0.176039
0.175038
0.173038
0.167059
0.162590
0.156565
0.157364
0.140050
0.161036
0.140053
0.168545
0.167916
0.171381
0.168038
0.165036
0.160332
0.158444
0.158034
0.161254
0.158035
0.157035
0.159269
0.156258
0.158037
0.158035
0.158035
0.137194
0.158128
0.157035
0.164365
0.168036
0.165036
0.175216
0.173038
0.149307
0.157035
0.139956
0.157442
0.157395
0.144312
0.166069
0.169039
0.165850
0.176041
0.180441
0.176480
0.166038
0.166101
0.162036
0.139186
0.157034
0.149363
0.158035
0.157034
0.154553
0.158035
0.157035
0.156034
0.159314
0.165457
0.167160
0.167037
0.166586
0.177039
0.174241
0.174333
0.170037
0.163036
0.160034
0.137229
0.146033
0.158145
0.157399
0.158412
0.158035
0.166267
0.162034
0.161035
0.164366
0.168037
0.168685
0.178160
0.177915
0.176038
0.170279
0.164330
0.160126
0.157034
0.157034
0.145032
0.159035
0.158503
0.157034
0.158376
0.156034
0.160373
0.164412
0.169037
0.169499
0.172039
0.169037
0.172037
0.171040
0.170037
0.170194
0.171519
0.171038
0.166399
0.175800
0.175038
0.176039
0.178039
0.175105
0.176710
0.175505
0.175409
0.175432
0.177317
0.179039
0.177039
0.176368
0.168324
0.165038
0.161154
0.157537
0.158449
0.115027
0.158036
0.160501
0.165292
0.169431
0.170288
0.172225
0.173441
0.172152
0.172037
0.175038
0.172520
0.174038
0.175039
0.175099
0.176248
0.176299
0.176039
0.151033
0.169038
0.170131
0.173040
0.173502
0.172038
0.168036
0.168264
0.171038
0.168996
0.183040
0.175041
0.170217
0.166036
0.162038
0.160035
0.157681
0.157035
0.159202
0.149033
0.160511
0.160037
0.159967
0.162059
0.162904
0.179261
0.177039
0.180040
0.178080
0.174040
0.172038
0.173038
0.178472
0.175650
0.176039
0.175039
0.177039
0.172157
0.180060
0.182039
0.176038
0.148168
0.157035
0.155034
0.157033
0.157337
0.157034
0.157033
0.154034
0.158035
0.161035
0.166036
0.169037
0.167501
0.175039
0.179040
0.176040
0.154900
0.158035
0.157035
0.159035
0.161261
0.157443
0.158337
0.160035
0.158035
0.160147
0.158116
0.139863
0.159168
0.145079
0.168115
0.166938
0.176711
0.172038
0.182043
0.156300
0.160035
0.158486
0.158035
0.159035
0.158223
0.140352
0.158521
0.160388
0.151523
0.171591
0.173502
0.172285
0.160161
0.165094
0.166036
0.169114
0.159035
0.153526
0.175429
0.175038
0.168037
0.165038
0.139804
0.158035
0.145104
0.159410
0.158035
0.158034
0.138663
0.157034
0.158034
0.161209
0.166037
0.168471
0.171038
0.170222
0.168538
0.175442
0.163494
0.167397
0.169460
0.167355
0.177039
0.177495
0.178744
0.177039
0.180039
0.177038
0.177039
0.153854
0.163128
0.163439
0.160569
0.161449
0.163400
0.131271
0.165531
0.173039
0.177448
0.176266
0.176456
0.179040
0.173444
0.172038
0.168322
0.163493
0.160492
0.163159
0.167037
0.163048
0.139807
0.158159
0.159285
0.159035
0.148820
0.157134
0.164377
0.170185
0.169039
0.166310
0.175039
0.179286
0.178041
0.171829
0.167194
0.169037
0.162035
0.158387
0.158221
0.162298
0.163156
0.161035
0.161106
0.141958
0.161231
0.163038
0.163917
0.171243
0.174200
0.172636
0.173098
0.160220
0.162663
0.174039
0.171026
0.176324
0.170039
0.164596
0.161710
0.157364
0.157746
0.164292
0.130031
0.161037
0.157075
0.172300
0.174404
0.175039
0.173838
0.170388
0.175803
0.178398
0.179256
0.180303
0.176180
0.181042
0.170529
0.168337
0.171039
0.170587
0.173537
0.174153
0.170764
0.174142
0.167036
0.164211
0.161166
0.158280
0.159035
0.161036
0.160285
0.140149
0.160069
0.162036
0.140298
0.169529
0.169480
0.170119
0.171037
0.167218
0.180039
0.184121
0.179041
0.167626
0.164143
0.144405
0.158158
0.158302
0.159362
0.160454
0.145054
0.169460
0.172038
0.173346
0.171978
0.163829
0.174039
0.175039
0.177165
0.177668
0.177040
0.174038
0.168188
0.161053
0.158127
0.161317
0.162269
0.161036
0.160314
0.141899
0.160387
0.140541
0.160091
0.161535
0.168038
0.166359
0.179039
0.172038
0.188276
0.175041
0.173313
0.176040
0.171038
0.169067
0.163103
0.159037
0.159102
0.159037
0.160037
0.161178
0.159359
0.141879
0.165389
0.171471
0.167396
0.168038
0.155035
0.180463
0.177040
0.177319
0.176378
0.175039
0.178040
0.176182
0.155576
0.158035
0.157037
0.136134
0.155513
0.156407
0.157035
0.157035
0.158866
0.174502
0.173279
0.173372
0.165036
0.163473
0.157597
0.159035
0.158115
0.155055
0.159074
0.158510
0.158036
0.158199
0.156832
0.159215
0.161604
0.175133
0.172255
0.175411
0.173219
0.175149
0.167037
0.163480
0.163036
0.139021
0.159065
0.157126
0.159036
0.158162
0.159035
0.156953
0.162882
0.165736
0.175196
0.177117
0.177212
0.178039
0.174038
0.167115
0.166369
0.145814
0.151431
0.161110
0.139629
0.165506
0.168109
0.170038
0.169037
0.166258
0.177522
0.175141
0.173319
0.169037
0.163767
0.158034
0.155624
0.158628
0.138355
0.156033
0.157107
0.157037
0.172411
0.169576
0.180040
0.176039
0.176137
0.169037
0.164036
0.160035
0.159035
0.138433
0.165603
0.161034
0.158062
0.157035
0.158035
0.158035
0.157665
0.159414
0.157096
0.172038
0.171164
0.175559
0.206349
0.210481
0.182040
0.171055
0.163620
0.161169
0.156451
0.160308
0.162037
0.162036
0.160512
0.159301
0.137298
0.156159
0.140027
0.160037
0.156406
0.159035
0.157239
0.156383
0.162419
0.161320
0.156055
0.156033
0.155492
0.156034
0.157237
0.159150
0.166037
0.169408
0.167266
0.175359
0.173291
0.174116
0.174038
0.178039
0.180039
0.176112
0.168289
0.145124
0.157332
0.158538
0.158078
0.138252
0.158035
0.165351
0.169499
0.168405
0.170037
0.167990
0.178041
0.178042
0.176807
0.177129
0.137068
0.159035
0.159035
0.160505
0.158035
0.158255
0.158717
0.157035
0.158035
0.166108
0.168037
0.169535
0.170150
0.173327
0.168494
0.181393
0.176522
0.167038
0.144853
0.150500
0.157295
0.159221
0.159035
0.141077
0.167037
0.169198
0.167958
0.182040
0.175038
0.169539
0.164956
0.160035
0.158035
0.158037
0.159354
0.159781
0.159054
0.162300
0.145858
0.158034
0.160213
0.139238
0.157035
0.160500
0.166463
0.168683
0.170036
0.168366
0.179040
0.176954
0.177309
0.168470
0.164994
0.161035
0.158034
0.158035
0.161035
0.129028
0.158035
0.159035
0.148736
0.169081
0.170037
0.166909
0.178039
0.179081
0.180039
0.172038
0.148473
0.160327
0.139262
0.158251
0.157034
0.158738
0.158765
0.161051
0.152328
0.168832
0.175040
0.180040
0.179039
0.153764
0.158232
0.157526
0.157034
0.157509
0.158036
0.139673
0.161111
0.156315
0.172038
0.175528
0.175040
0.174390
0.173305
0.157035
0.171113
0.174038
0.176104
0.179621
0.176348
0.181040
0.181040
0.178360
0.170970
0.147511
0.156536
0.155402
0.165037
0.163507
0.140391
0.158679
0.160035
0.167051
0.169037
0.173038
0.172272
0.173380
0.175338
0.174203
0.171166
0.173117
0.179224
0.175039
0.175039
0.178040
0.176040
0.165565
0.160537
0.158037
0.155034
0.163038
0.161448
0.148033
0.157217
0.160037
0.158035
0.159058
0.159600
0.167037
0.159035
0.164632
0.163442
0.176039
0.173588
0.177356
0.167590
0.164036
0.142203
0.159035
0.159739
0.157036
0.130199
0.167346
0.170789
0.171066
0.170506
0.169342
0.177039
0.174267
0.177038
0.170228
0.166101
0.161182
0.156248
0.159035
0.159355
0.137040
0.159189
0.158534
0.153734
0.172140
0.173051
0.174282
0.174274
0.175039
0.174102
0.170162
0.179039
0.169300
0.164036
0.161036
0.158402
0.159254
0.159054
0.160035
0.159091
0.138537
0.156034
0.158035
0.153034
0.163035
0.165429
0.168649
0.169925
0.167812
0.177141
0.175040
0.182040
0.173040
0.165036
0.161037
0.158250
0.159035
0.159035
0.157141
0.138846
0.159232
0.158055
0.158324
0.172691
0.172038
0.172040
0.168302
0.173338
0.177039
0.182040
0.156557
0.160226
0.158469
0.157307
0.158278
0.159445
0.158035
0.138804
0.159035
0.165723
0.167179
0.164036
0.175440
0.174151
0.164403
0.168217
0.167506
0.175040
0.178085
0.177177
0.177039
0.180032
0.174662
0.168176
0.164036
0.158213
0.158034
0.159099
0.158414
0.159102
0.143032
0.138821
0.159245
0.162494
0.168224
0.169151
0.170285
0.170740
0.171039
0.168145
0.177039
0.181040
0.180040
0.173569
0.167037
0.164206
0.165038
0.162036
0.159421
0.100330
0.165686
0.163296
0.177046
0.177350
0.178737
0.175038
0.181040
0.173038
0.164280
0.163484
0.159163
0.159035
0.160035
0.159061
0.160488
0.139935
0.161318
0.158152
0.141031
0.167037
0.165783
0.171369
0.174039
0.172121
0.175485
0.173485
0.171669
0.167104
0.144065
0.157034
0.156034
0.138721
0.157035
0.159195
0.160410
0.167178
0.171037
0.165036
0.176072
0.178040
0.178558
0.178041
0.169976
0.166037
0.158035
0.157035
0.158035
0.161684
0.162037
0.162036
0.141217
0.163035
0.158367
0.158044
0.173040
0.173368
0.171038
0.180409
0.175040
0.154193
0.162384
0.162265
0.162773
0.158712
0.163038
0.141922
0.160507
0.157423
0.159113
0.157084
0.163333
0.171406
0.171039
0.168748
0.177040
0.174038
0.128963
0.156033
0.157034
0.163036
0.142860
0.167037
0.171129
0.173426
0.165036
0.175125
0.176041
0.171039
0.150440
0.156034
0.147756
0.166455
0.161528
0.139965
0.164393
0.163570
0.177441
0.170327
0.165516
0.144625
0.158066
0.156034
0.158465
0.161036
0.162036
0.161088
0.161216
0.162247
0.141809
0.161036
0.159357
0.163038
0.162525
0.177508
0.173040
0.177256
0.168551
0.163851
0.161102
0.157321
0.159818
0.159035
0.159527
0.159035
0.158484
0.157034
0.157035
0.159035
0.159391
0.159268
0.158420
0.158035
0.158151
0.152084
0.177039
0.170560
0.165038
0.162435
0.139523
0.158168
0.138320
0.158035
0.159565
0.161535
0.160957
0.175168
0.177525
0.178040
0.180705
0.185306
0.178040
0.170447
0.164054
0.155513
0.160290
0.158270
0.159034
0.160035
0.160035
0.158293
0.160057
0.160035
0.148493
0.170157
0.169376
0.172038
0.171416
0.168066
0.168768
0.171328
0.172038
0.169775
0.182040
0.175038
0.169227
0.162116
0.159037
0.156035
0.298759
0.335223
0.278836
0.316208
0.318068
0.295522
0.304702
0.321268
0.298062
0.249298
0.163036
0.160421
0.149238
0.156874
0.170305
0.175417
0.174383
0.175506
0.175146
0.174609
0.175382
0.176039
0.175039
0.167292
0.162035
0.158242
0.156034
0.148114
0.159077
0.156382
0.157104
0.138516
0.160035
0.157526
0.156526
0.157322
0.164853
0.167366
0.166211
0.167112
0.169036
0.169515
0.170347
0.168412
0.168072
0.169543
0.165124
0.174038
0.175167
0.179041
0.151409
0.157531
0.140160
0.156036
0.156333
0.158162
0.156302
0.156036
0.157940
0.159034
0.164469
0.164878
0.172133
0.172290
0.174316
0.173039
0.165036
0.162193
0.159035
0.140031
0.158586
0.157035
0.137781
0.157034
0.162037
0.161673
0.176066
0.176560
0.176041
0.176162
0.179039
0.171039
0.167442
0.144322
0.157037
0.160036
0.156342
0.137540
0.146034
0.157319
0.157035
0.159035
0.164560
0.163379
0.175156
0.178041
0.174202
0.166037
0.164036
0.160824
0.154034
0.161037
0.161035
0.162035
0.163036
0.161078
0.161036
0.152034
0.138076
0.155034
0.165036
0.166249
0.169038
0.169044
0.167407
0.177263
0.177203
0.180039
0.176212
0.167037
0.162036
0.156074
0.156034
0.156034
0.136458
0.158235
0.147035
0.162036
0.163469
0.168601
0.169317
0.174038
0.160192
0.161472
0.167538
0.171158
0.171420
0.168314
0.180039
0.183043
0.176508
0.169300
0.174869
0.178300
0.175334
0.164038
0.143892
0.154502
0.156472
0.157401
0.158398
0.157035
0.157375
0.158034
0.157646
0.159390
0.165037
0.168091
0.170482
0.172037
0.168433
0.184072
0.181544
0.174038
0.157557
0.158270
0.155452
0.157633
0.158349
0.159141
0.158089
0.157464
0.158194
0.158538
0.146691
0.167037
0.168037
0.169654
0.170387
0.171038
0.171600
0.171223
0.169525
0.175038
0.169037
0.174462
0.166697
0.163122
0.162562
0.158193
0.160034
0.141217
0.161379
0.150613
0.171494
0.167028
0.173387
0.175041
0.182040
0.178039
0.171038
0.148013
0.140162
0.159035
0.160774
0.161507
0.160060
0.161520
0.165109
0.176431
0.180059
0.174366
0.176152
0.174960
0.173540
0.169173
0.169508
0.166238
0.163352
0.158035
0.139224
0.128520
0.166088
0.168064
0.169036
0.170038
0.169521
0.170038
0.167073
0.180039
0.174580
0.168090
0.143404
0.160323
0.161036
0.141541
0.162681
0.152287
0.172038
0.170669
0.176168
0.143513
0.157033
0.157035
0.135925
0.158088
0.147912
0.172039
0.167560
0.169247
0.171164
0.169388
0.166074
0.175039
0.179040
0.169037
0.163234
0.160035
0.159182
0.162442
0.153159
0.161890
0.159264
0.159498
0.141762
0.158471
0.157957
0.160035
0.152701
0.171037
0.172038
0.171907
0.181039
0.174038
0.168074
0.165166
0.160035
0.158047
0.159174
0.135256
0.159553
0.160453
0.154828
0.171040
0.173038
0.174591
0.175039
0.176210
0.177039
0.175353
0.178261
0.181059
0.177039
0.150053
0.157167
0.158090
0.158531
0.160037
0.140661
0.160515
0.160035
0.162976
0.167037
0.171119
0.170166
0.171037
0.169236
0.177039
0.176039
0.171040
0.165036
0.173288
0.168037
0.164098
0.142306
0.159455
0.139504
0.150034
0.173131
0.170776
0.173038
0.180040
0.184159
0.177529
0.169226
0.164256
0.158131
0.137223
0.157035
0.165382
0.164467
0.161036
0.158297
0.161036
0.160035
0.160418
0.161036
0.170084
0.171038
0.172039
0.156054
0.161051
0.169631
0.170276
0.170491
0.171167
0.165736
0.178431
0.179115
0.169038
0.166038
0.163171
0.139774
0.159247
0.159393
0.138463
0.168193
0.170506
0.171235
0.173039
0.173449
0.174039
0.161057
0.164885
0.176190
0.177774
0.178039
0.179039
0.179338
0.182040
0.182040
0.168037
0.163313
0.159229
0.138031
0.155496
0.157034
0.156348
0.157035
0.156034
0.157035
0.165358
0.168754
0.172038
0.161375
0.161419
0.168037
0.171039
0.161036
0.161464
0.167615
0.161036
0.155720
0.173038
0.171421
0.180470
0.175227
0.178097
0.169282
0.172655
0.172403
0.175299
0.174181
0.177413
0.179565
0.179608
0.180087
0.174050
0.167787
0.164036
0.143906
0.142574
0.161540
0.150682
0.173432
0.174324
0.169206
0.169200
0.167068
0.176039
0.175669
0.167039
0.163036
0.156410
0.157035
0.157722
0.161585
0.161044
0.160650
0.162036
0.154034
0.162636
0.160035
0.161584
0.151581
0.171545
0.169078
0.179467
0.176628
0.175038
0.174040
0.168039
0.165036
0.161037
0.158283
0.157370
0.157228
0.157272
0.158035
0.132234
0.158520
0.164052
0.168596
0.168525
0.170037
0.171467
0.172505
0.172372
0.171695
0.173273
0.169037
0.170735
0.173135
0.177103
0.176929
0.177039
0.178245
0.171040
0.179039
0.171097
0.165084
0.143274
0.161104
0.162448
0.161148
0.158517
0.158528
0.158036
0.157250
0.157034
0.158406
0.164571
0.168037
0.165155
0.176041
0.175311
0.181040
0.179106
0.178226
0.174038
0.170393
0.164366
0.160035
0.158152
0.156193
0.157034
0.158534
0.158230
0.137319
0.164036
0.162037
0.161451
0.163859
0.077301
0.077228
0.077017
0.076052
0.077308
0.078135
0.076790
0.076169
0.079017
0.078017
0.078017
0.079017
0.079354
0.081017
0.081017
0.080281
0.076067
0.083018
0.091020
0.077017
0.080017
0.076136
0.078017
0.077017
0.075328
0.087823
0.075036
0.075016
0.093927
0.089020
0.092020
0.173315
0.171432
0.134011
0.123027
0.159264
0.160450
0.155965
0.171170
0.171036
0.171037
0.170037
0.163959
0.182040
0.156466
0.130908
0.150035
0.139031
0.168958
0.176041
0.178404
0.180261
0.177757
0.179039
0.175040
0.177042
0.180040
0.175488
0.171041
0.168259
0.167037
0.164036
0.143763
0.161035
0.162086
0.163036
0.165175
0.122977
0.165485
0.171110
0.202044
0.174039
0.138030
0.148033
0.158035
0.163038
0.162035
0.135030
0.175245
0.177503
0.179983
0.179393
0.187379
0.171566
0.168583
0.182528
0.184135
0.179874
0.185202
0.179547
0.180724
0.176346
0.178233
0.176513
0.169861
0.135343
0.125569
0.158780
0.162121
0.161119
0.163795
0.159009
0.180074
0.176152
0.176694
0.180333
0.177042
0.177108
0.175349
0.145682
0.150768
0.162320
0.143558
0.161292
0.142008
0.160637
0.161100
0.160393
0.177832
0.179374
0.177520
0.169844
0.169523
0.167358
0.165683
0.164307
0.162872
0.164324
0.162501
0.163395
0.124972
0.149734
0.160691
0.154795
0.169821
0.168806
0.170739
0.168865
0.166385
0.167382
0.168514
0.166108
0.169282
0.167260
0.167708
0.167632
0.167692
0.163622
0.181129
0.180515
0.152282
0.143805
0.127917
0.159952
0.149082
0.167705
0.169038
0.167091
0.163689
0.174302
0.172452
0.175475
0.175493
0.176396
0.176117
0.177768
0.180041
0.178237
0.163066
0.127043
0.161514
0.164983
0.144540
0.165510
0.163925
0.164470
0.164356
0.161636
0.153451
0.145459
0.164256
0.164990
0.134314
0.161633
0.164313
0.163787
0.165277
0.166244
0.163522
0.174838
0.173743
0.175370
0.177092
0.173202
0.161062
0.164196
0.161283
0.174470
0.174151
0.170905
0.164365
0.176717
0.160679
0.165198
0.164546
0.164438
0.164339
0.163687
0.145499
0.163239
0.163176
0.164647
0.162730
0.163738
0.163296
0.166157
0.144959
0.164218
0.159699
0.172801
0.170412
0.166215
0.170640
0.179398
0.178162
0.181580
0.178712
0.177254
0.174788
0.175689
0.176235
0.180808
0.179488
0.180539
0.181104
0.182405
0.166177
0.166253
0.165533
0.162618
0.163321
0.166963
0.166425
0.165089
0.147097
0.165675
0.168205
0.164282
0.163342
0.164207
0.164612
0.166303
0.166907
0.162838
0.144249
0.149646
0.158025
0.172962
0.172748
0.171936
0.179692
0.177597
0.175814
0.175428
0.171602
0.167692
0.173730
0.172535
0.171500
0.180315
0.175165
0.178238
0.176873
0.175152
0.177687
0.161469
0.165274
0.165416
0.148046
0.140065
0.161763
0.161432
0.162462
0.163918
0.144392
0.163971
0.159786
0.170293
0.169016
0.168061
0.165298
0.172974
0.172321
0.168209
0.178314
0.176833
0.177928
0.175584
0.180663
0.180769
0.176134
0.159315
0.158143
0.147084
0.139671
0.161782
0.162332
0.163098
0.162949
0.162543
0.161566
0.163422
0.164675
0.171126
0.170133
0.165151
0.164135
0.163219
0.164798
0.164800
0.145687
0.162397
0.164419
0.144516
0.166891
0.163507
0.172025
0.170343
0.172965
0.174501
0.172489
0.176020
0.173723
0.169230
0.168241
0.168948
0.166777
0.176620
0.176476
0.176304
0.173152
0.168829
0.177158
0.178350
0.178487
0.182239
0.183449
0.178262
0.179652
0.175547
0.175769
0.180438
0.178123
0.162772
0.166285
0.147021
0.163230
0.163375
0.163124
0.156250
0.125931
0.162637
0.164462
0.173776
0.173175
0.172924
0.171114
0.169764
0.178092
0.178972
0.174977
0.180573
0.177447
0.177213
0.181088
0.175039
0.177229
0.174602
0.175930
0.180452
0.179837
0.160176
0.166489
0.164741
0.143582
0.139928
0.156338
0.163189
0.168098
0.167389
0.163769
0.163759
0.165384
0.153790
0.167929
0.173230
0.169782
0.175767
0.180168
0.181089
0.178336
0.182371
0.180998
0.160182
0.165913
0.164263
0.144343
0.168557
0.166439
0.165650
0.163371
0.144378
0.163161
0.163380
0.143163
0.163501
0.142171
0.164655
0.162234
0.174759
0.171989
0.166631
0.178759
0.178153
0.178149
0.183232
0.149536
0.136942
0.162426
0.146820
0.163348
0.159389
0.082993
0.162618
0.176713
0.174248
0.172357
0.179888
0.153352
0.161633
0.165183
0.165976
0.163718
0.164308
0.145248
0.164540
0.164769
0.166980
0.163832
0.163608
0.144099
0.163787
0.157002
0.169090
0.170754
0.170369
0.171698
0.170554
0.168897
0.169169
0.167345
0.176170
0.176239
0.175657
0.174575
0.174064
0.175386
0.176143
0.176500
0.175494
0.170246
0.179613
0.178038
0.165233
0.169236
0.145586
0.164854
0.143953
0.165972
0.145007
0.164103
0.164808
0.155576
0.176622
0.178523
0.172513
0.175527
0.179587
0.177418
0.175925
0.176349
0.176229
0.176647
0.174530
0.181971
0.184323
0.179924
0.172449
0.171234
0.169619
0.149720
0.164918
0.137018
0.141933
0.169724
0.168920
0.167071
0.177119
0.172767
0.184251
0.175864
0.158821
0.114509
0.139588
0.164560
0.165528
0.167134
0.167392
0.164133
0.172409
0.170475
0.174801
0.173426
0.173397
0.172241
0.170374
0.174771
0.172138
0.177394
0.179320
0.176740
0.176039
0.174155
0.179155
0.183229
0.177866
0.173934
0.178322
0.180728
0.176119
0.177276
0.182910
0.180381
0.160409
0.167351
0.146837
0.163367
0.162318
0.146908
0.161111
0.164711
0.146848
0.168880
0.166412
0.168480
0.165894
0.174025
0.174020
0.173480
0.171121
0.169925
0.171237
0.173179
0.168051
0.166754
0.165716
0.164039
0.166942
0.159672
0.172619
0.175623
0.177389
0.173385
0.177373
0.171972
0.169237
0.151448
0.157733
0.162014
0.163912
0.157817
0.130038
0.158824
0.163280
0.163939
0.160213
0.175393
0.172605
0.172820
0.171171
0.170697
0.169625
0.169403
0.165466
0.174731
0.174445
0.168578
0.178888
0.178385
0.181534
0.192524
0.171229
0.169387
0.170053
0.177282
0.178468
0.177141
0.172909
0.177606
0.175960
0.177716
0.180368
0.176926
0.171639
0.169138
0.167275
0.165717
0.146178
0.161712
0.166558
0.167264
0.165225
0.167776
0.163661
0.167489
0.148007
0.167589
0.166017
0.166996
0.167336
0.147984
0.152966
0.171375
0.170205
0.165311
0.178163
0.175288
0.172527
0.163137
0.164742
0.145870
0.163670
0.160832
0.160956
0.161200
0.161411
0.162036
0.162324
0.162632
0.161093
0.161088
0.150815
0.160645
0.161716
0.164088
0.153277
0.169319
0.165611
0.161366
0.172120
0.174855
0.175241
0.173640
0.166818
0.165759
0.166399
0.165351
0.166823
0.165635
0.141087
0.176106
0.177444
0.180909
0.176957
0.180300
0.179844
0.177852
0.168410
0.178562
0.179492
0.160177
0.164884
0.167306
0.164178
0.165493
0.144716
0.163789
0.164776
0.164804
0.164385
0.164503
0.165355
0.128927
0.168313
0.168744
0.166323
0.175956
0.171822
0.180087
0.179674
0.152598
0.158846
0.144414
0.163724
0.163879
0.164550
0.143401
0.163005
0.163630
0.150402
0.170304
0.169756
0.165178
0.176094
0.173527
0.171489
0.173684
0.174382
0.171969
0.170690
0.171690
0.170483
0.167572
0.175072
0.173465
0.176766
0.176125
0.175224
0.176647
0.164289
0.166523
0.170154
0.168644
0.169395
0.166598
0.176291
0.176573
0.164873
0.159368
0.173974
0.174514
0.169980
0.166201
0.165613
0.165947
0.175958
0.172806
0.176188
0.170348
0.170069
0.167808
0.169520
0.171983
0.165679
0.172327
0.170969
0.171337
0.151583
0.159175
0.170445
0.169190
0.164836
0.164128
0.163464
0.145061
0.163078
0.151940
0.159338
0.161426
0.162174
0.162088
0.157557
0.161320
0.161993
0.162461
0.160389
0.162152
0.161483
0.161153
0.148997
0.166697
0.166584
0.165268
0.162687
0.174754
0.172087
0.169506
0.167724
0.173714
0.173816
0.170288
0.170679
0.170437
0.171103
0.169743
0.169379
0.163573
0.172130
0.173857
0.141765
0.142731
0.165528
0.164522
0.166966
0.166936
0.165533
0.159460
0.164012
0.163535
0.162182
0.149720
0.164218
0.163769
0.144737
0.166673
0.168273
0.165160
0.163932
0.172879
0.173850
0.170235
0.180274
0.179071
0.182816
0.137661
0.147373
0.160003
0.164282
0.162962
0.163880
0.144956
0.161185
0.162805
0.165532
0.157780
0.172150
0.169890
0.165458
0.172667
0.169604
0.177991
0.180933
0.175877
0.158749
0.168354
0.167208
0.146397
0.166660
0.167442
0.146994
0.166322
0.166869
0.145324
0.152024
0.177956
0.177139
0.168531
0.172353
0.169088
0.164901
0.142928
0.162249
0.143751
0.129139
0.173086
0.171507
0.173091
0.173850
0.180769
0.179356
0.178356
0.170011
0.168555
0.167202
0.165635
0.144976
0.161735
0.163376
0.142667
0.162872
0.163347
0.144651
0.166376
0.164591
0.166536
0.166521
0.167398
0.166366
0.167154
0.168396
0.167415
0.165468
0.168093
0.176810
0.178555
0.177040
0.179251
0.176877
0.172449
0.174994
0.155746
0.163203
0.144313
0.164624
0.164102
0.142611
0.158096
0.164379
0.163136
0.159207
0.164424
0.163739
0.163746
0.164010
0.156081
0.173647
0.176053
0.169594
0.167901
0.133155
0.168801
0.170512
0.169166
0.166112
0.175767
0.172931
0.175088
0.170322
0.177139
0.175361
0.171639
0.173763
0.178304
0.176026
0.175462
0.170043
0.174375
0.163330
0.166830
0.165242
0.166720
0.170602
0.164654
0.164310
0.164932
0.164982
0.173267
0.171877
0.168847
0.169153
0.167301
0.164821
0.172876
0.173239
0.172064
0.167939
0.173981
0.150549
0.159730
0.163736
0.162713
0.162093
0.164977
0.164814
0.146498
0.163314
0.164125
0.134907
0.158662
0.164487
0.163003
0.164751
0.171060
0.171579
0.165375
0.172781
0.171216
0.175354
0.175534
0.173370
0.178927
0.177957
0.172898
0.169253
0.175300
0.177186
0.181286
0.178647
0.161066
0.167331
0.150245
0.163235
0.162770
0.164052
0.164099
0.164685
0.163539
0.163961
0.163560
0.164174
0.164120
0.164199
0.164256
0.164629
0.162812
0.164101
0.147065
0.163502
0.163502
0.150905
0.168303
0.168530
0.167582
0.167380
0.169483
0.169595
0.176461
0.173180
0.172805
0.177997
0.178848
0.179959
0.162476
0.146930
0.162896
0.163889
0.163305
0.164089
0.143747
0.163929
0.162455
0.148310
0.159638
0.165296
0.165937
0.164941
0.165139
0.163611
0.148999
0.170383
0.168544
0.168383
0.169690
0.168781
0.169117
0.168988
0.168453
0.164620
0.176158
0.173334
0.173254
0.172410
0.167431
0.175851
0.176092
0.175364
0.173835
0.173404
0.167199
0.178645
0.177279
0.175373
0.172379
0.175112
0.169495
0.177725
0.160695
0.161968
0.164405
0.163415
0.163907
0.144790
0.164366
0.164875
0.143209
0.163856
0.162961
0.164701
0.163534
0.163640
0.150770
0.170167
0.168187
0.170021
0.164828
0.163066
0.163413
0.152261
0.169292
0.170900
0.171059
0.170059
0.166531
0.176934
0.173481
0.169554
0.171892
0.166749
0.163776
0.161856
0.165311
0.166937
0.167807
0.165704
0.166249
0.166224
0.146517
0.162883
0.161392
0.160959
0.160207
0.161503
0.162083
0.142608
0.162587
0.161277
0.161550
0.162611
0.165346
0.167589
0.167566
0.167036
0.156500
0.175454
0.159175
0.166419
0.144727
0.163428
0.161470
0.162930
0.164689
0.161204
0.166101
0.165709
0.163505
0.163139
0.162839
0.162565
0.162962
0.160520
0.160442
0.164044
0.164970
0.140491
0.167188
0.166408
0.146961
0.165062
0.166332
0.154448
0.167472
0.178566
0.180045
0.179101
0.150451
0.114642
0.158149
0.155670
0.183284
0.157534
0.132185
0.144946
0.159578
0.163533
0.163681
0.154013
0.170999
0.169875
0.167285
0.168302
0.167964
0.168540
0.169275
0.168980
0.167891
0.165957
0.159623
0.174759
0.172759
0.171474
0.167741
0.174799
0.173288
0.172774
0.175173
0.171247
0.180235
0.178192
0.176049
0.178391
0.176194
0.182705
0.184899
0.179586
0.178112
0.151093
0.137521
0.156946
0.163584
0.136521
0.170019
0.167617
0.169211
0.165684
0.181455
0.183479
0.181211
0.185885
0.160117
0.165771
0.161964
0.163663
0.161408
0.162153
0.163872
0.161842
0.164202
0.164108
0.162595
0.144022
0.162823
0.118591
0.159113
0.173973
0.173842
0.173379
0.178798
0.178643
0.181265
0.176999
0.178758
0.178086
0.177215
0.178250
0.161811
0.169003
0.166605
0.123021
0.146194
0.165920
0.164159
0.165563
0.168036
0.169747
0.168799
0.168915
0.168373
0.168603
0.166746
0.177324
0.172036
0.183027
0.180203
0.183275
0.160932
0.163766
0.147612
0.162106
0.143365
0.159618
0.162471
0.162896
0.141425
0.163200
0.165821
0.168416
0.167150
0.163050
0.176827
0.172162
0.171357
0.169416
0.165452
0.175117
0.173894
0.174334
0.174818
0.170758
0.171114
0.172554
0.172045
0.168825
0.165276
0.173870
0.174260
0.170184
0.169813
0.171636
0.169772
0.170440
0.167520
0.171834
0.170563
0.177892
0.177671
0.178404
0.179422
0.176147
0.177295
0.177507
0.177205
0.174499
0.174442
0.174755
0.175264
0.176619
0.176518
0.179857
0.181492
0.177521
0.178993
0.180590
0.179183
0.177200
0.173585
0.168352
0.169303
0.165951
0.164232
0.162485
0.142407
0.161078
0.163138
0.163026
0.163906
0.162738
0.162806
0.163931
0.163574
0.162424
0.162530
0.165616
0.143914
0.161295
0.153233
0.170498
0.166658
0.173816
0.174238
0.174806
0.166678
0.180067
0.180387
0.175119
0.171866
0.169397
0.167533
0.165765
0.166969
0.163799
0.165435
0.165033
0.164238
0.164963
0.164893
0.148107
0.165592
0.164475
0.165833
0.164141
0.163929
0.146754
0.163991
0.164435
0.165370
0.165822
0.154469
0.171181
0.168948
0.168557
0.168592
0.167109
0.166404
0.170824
0.172946
0.170826
0.172665
0.173783
0.168120
0.177961
0.173766
0.171957
0.162925
0.164859
0.164303
0.159872
0.172904
0.169818
0.170409
0.169045
0.177215
0.174237
0.178401
0.179735
0.180391
0.175675
0.176594
0.176821
0.163642
0.169643
0.166333
0.167081
0.166279
0.166469
0.167373
0.166841
0.165563
0.147036
0.165892
0.165843
0.147457
0.160920
0.161677
0.161788
0.161894
0.162600
0.162170
0.163265
0.165608
0.166014
0.154638
0.171172
0.172912
0.169406
0.167718
0.169063
0.164010
0.167738
0.166765
0.165971
0.165499
0.167324
0.164958
0.166028
0.164263
0.164685
0.164396
0.166512
0.166655
0.165583
0.165214
0.165626
0.166072
0.164885
0.166263
0.165680
0.146004
0.167732
0.168885
0.167447
0.166829
0.168395
0.168319
0.168464
0.169415
0.166283
0.174644
0.175307
0.169544
0.180532
0.179724
0.182575
0.180466
0.179659
0.175525
0.176039
0.159591
0.168984
0.166097
0.166414
0.163575
0.161774
0.161910
0.142045
0.162329
0.143522
0.163206
0.162147
0.161620
0.161772
0.162819
0.163009
0.164723
0.166708
0.147044
0.175467
0.176478
0.173960
0.174175
0.172268
0.171105
0.170480
0.167427
0.163176
0.175286
0.172145
0.171264
0.171487
0.170238
0.167667
0.176517
0.178687
0.176045
0.164691
0.178644
0.179036
0.178856
0.177887
0.177747
0.162505
0.167290
0.166211
0.166853
0.166069
0.165486
0.165410
0.164419
0.162443
0.163784
0.166798
0.163092
0.164654
0.164763
0.165816
0.147074
0.164244
0.165921
0.145418
0.166187
0.165927
0.164557
0.156267
0.164857
0.165261
0.160871
0.172876
0.171142
0.171017
0.164410
0.164371
0.166148
0.158737
0.173405
0.171603
0.169235
0.173948
0.177237
0.174863
0.171527
0.182519
0.178174
0.178851
0.174876
0.174757
0.175283
0.162998
0.169828
0.148499
0.167051
0.147265
0.165159
0.166291
0.165784
0.145976
0.161858
0.163123
0.164026
0.162498
0.163336
0.166215
0.169340
0.147731
0.165744
0.165262
0.164869
0.164382
0.165880
0.161915
0.164861
0.168596
0.166614
0.166507
0.167397
0.166794
0.166393
0.165962
0.168255
0.167412
0.167596
0.168059
0.164937
0.175548
0.177090
0.174219
0.183136
0.178319
0.179577
0.179593
0.177922
0.175112
0.175042
0.180971
0.161158
0.164636
0.169880
0.168545
0.146605
0.166571
0.166387
0.167472
0.163623
0.160196
0.161528
0.162240
0.161537
0.162163
0.163118
0.163087
0.143169
0.173733
0.169199
0.165242
0.164895
0.163089
0.164790
0.156227
0.163665
0.164057
0.162956
0.173854
0.173750
0.171994
0.172378
0.166899
0.174397
0.173719
0.177939
0.176033
0.175533
0.174912
0.172193
0.169907
0.170536
0.165891
0.173856
0.174397
0.172925
0.172401
0.174087
0.173494
0.175420
0.168825
0.166447
0.174062
0.175818
0.179259
0.183580
0.183106
0.181950
0.178482
0.178353
0.180005
0.179164
0.175287
0.180666
0.165863
0.169908
0.176744
0.173185
0.169238
0.167533
0.146328
0.163031
0.162986
0.143842
0.160949
0.161187
0.161340
0.161974
0.161911
0.161884
0.161988
0.141694
0.163175
0.164009
0.158917
0.171680
0.170925
0.165380
0.166868
0.167381
0.166010
0.166171
0.146718
0.163636
0.143425
0.166361
0.166101
0.165707
0.166654
0.165766
0.162150
0.170617
0.172606
0.176356
0.174844
0.173947
0.172785
0.177440
0.183584
0.164395
0.167691
0.146429
0.164622
0.165759
0.165255
0.165026
0.164150
0.146013
0.164511
0.176258
0.179969
0.177194
0.160796
0.165071
0.168951
0.165498
0.165971
0.165907
0.165784
0.164808
0.146076
0.165075
0.148426
0.166190
0.146018
0.166428
0.165392
0.160312
0.175060
0.171106
0.166806
0.165408
0.165238
0.166043
0.163694
0.158438
0.167165
0.165891
0.165361
0.146431
0.165615
0.162398
0.165559
0.165456
0.165753
0.165908
0.164809
0.165987
0.166085
0.165199
0.166087
0.147830
0.167767
0.165458
0.165078
0.165416
0.165899
0.166030
0.167344
0.166410
0.164507
0.166640
0.145618
0.165511
0.147241
0.166744
0.165106
0.166199
0.165321
0.165658
0.165575
0.163104
0.175195
0.170016
0.170093
0.170182
0.167150
0.167419
0.170827
0.166253
0.171900
0.169859
0.180473
0.183398
0.163110
0.167918
0.166879
0.144565
0.165751
0.165420
0.165016
0.165447
0.166382
0.166567
0.144935
0.161396
0.160381
0.160791
0.159528
0.161913
0.162383
0.162977
0.162141
0.164572
0.165910
0.167649
0.166119
0.166943
0.167247
0.162545
0.174281
0.174992
0.168446
0.166850
0.167200
0.165718
0.166956
0.165939
0.164973
0.165117
0.162171
0.171086
0.171289
0.170669
0.171771
0.170156
0.163703
0.173879
0.172966
0.171795
0.170457
0.170397
0.168130
0.166438
0.165466
0.179086
0.175252
0.170121
0.163973
0.150545
0.167005
0.168001
0.168239
0.168339
0.164129
0.174314
0.171851
0.168571
0.176523
0.172708
0.177040
0.181154
0.162328
0.166690
0.165080
0.164552
0.163867
0.162710
0.162394
0.162824
0.164649
0.163156
0.164018
0.164222
0.163735
0.162874
0.163311
0.164137
0.136040
0.161177
0.162988
0.163528
0.162198
0.165027
0.163576
0.162969
0.162720
0.165406
0.145574
0.164378
0.165532
0.144481
0.164941
0.151639
0.169337
0.168400
0.168616
0.166284
0.166873
0.164966
0.173887
0.174546
0.173960
0.170957
0.167684
0.176811
0.174776
0.180895
0.179989
0.178953
0.181283
0.178659
0.174830
0.173447
0.170422
0.169866
0.149728
0.162588
0.165176
0.163800
0.144321
0.164410
0.163250
0.164075
0.163645
0.163181
0.144142
0.163558
0.163863
0.163605
0.163281
0.163263
0.164109
0.161543
0.172767
0.167873
0.176913
0.177347
0.173815
0.174407
0.169745
0.178797
0.165146
0.155662
0.172000
0.170469
0.170879
0.169708
0.169201
0.167684
0.165962
0.175022
0.173570
0.171041
0.180900
0.177370
0.178586
0.181190
0.181698
0.181048
0.175391
0.180004
0.175228
0.178733
0.183836
0.183997
0.179880
0.183902
0.179454
0.179996
0.179713
0.175411
0.178390
0.179438
0.183132
0.183401
0.177953
0.183545
0.181665
0.180358
0.175704
0.180398
0.181671
0.178814
0.180833
0.181013
0.183602
0.187793
0.176262
0.173232
0.177193
0.179692
0.179780
0.159750
0.164637
0.162145
0.162891
0.142674
0.168764
0.168194
0.164450
0.163361
0.143164
0.164416
0.164001
0.148423
0.170099
0.169088
0.169436
0.168692
0.169620
0.164307
0.164252
0.163276
0.164656
0.164214
0.156004
0.171957
0.170618
0.168769
0.168989
0.168298
0.167007
0.166796
0.167371
0.167081
0.167569
0.169047
0.168831
0.167920
0.166593
0.166997
0.167094
0.166773
0.164080
0.174318
0.169881
0.177553
0.180906
0.176247
0.179759
0.159270
0.165652
0.163195
0.166108
0.146575
0.167676
0.165772
0.165864
0.165795
0.165141
0.165810
0.166443
0.164785
0.164797
0.165166
0.166948
0.166475
0.166651
0.145669
0.164149
0.166641
0.162261
0.161616
0.161997
0.162596
0.154194
0.170232
0.170677
0.170619
0.165925
0.175759
0.176190
0.162516
0.163584
0.164812
0.167643
0.163316
0.174938
0.169542
0.166869
0.169133
0.170631
0.166654
0.177980
0.169328
0.175157
0.175812
0.182604
0.185012
0.183881
0.182854
0.181335
0.160575
0.164902
0.162755
0.163737
0.160633
0.161690
0.163294
0.162887
0.163680
0.162642
0.161902
0.162341
0.164159
0.163625
0.162230
0.162651
0.163309
0.145265
0.162753
0.162933
0.163795
0.162731
0.162505
0.163760
0.145827
0.166423
0.164584
0.172670
0.171680
0.174059
0.174298
0.171038
0.171184
0.170447
0.169866
0.165242
0.173895
0.175402
0.176543
0.171808
0.180226
0.181360
0.159818
0.166164
0.165163
0.163890
0.163807
0.164588
0.145672
0.160727
0.163565
0.162158
0.163068
0.164382
0.163354
0.163689
0.144156
0.164542
0.162867
0.162740
0.163536
0.163384
0.163784
0.164570
0.160090
0.172780
0.170778
0.171105
0.169923
0.169077
0.168829
0.167944
0.168365
0.165668
0.166268
0.165691
0.167431
0.166553
0.164069
0.174339
0.174829
0.174321
0.173073
0.172579
0.170893
0.170422
0.163886
0.164310
0.162519
0.164045
0.163213
0.153939
0.170484
0.169683
0.169035
0.167745
0.164178
0.172433
0.173121
0.172426
0.171834
0.167091
0.173897
0.170472
0.180495
0.164309
0.163440
0.162966
0.163952
0.159771
0.174226
0.169175
0.177165
0.174325
0.170241
0.176197
0.175966
0.178402
0.178552
0.173922
0.172475
0.167195
0.169136
0.168273
0.149206
0.167640
0.167157
0.166082
0.167808
0.147120
0.165753
0.167061
0.166792
0.166937
0.166079
0.166481
0.168654
0.167440
0.165563
0.166542
0.166705
0.165341
0.144612
0.162174
0.162224
0.145644
0.166018
0.164593
0.171862
0.172431
0.169289
0.171916
0.171167
0.178178
0.180219
0.179276
0.176478
0.174726
0.172752
0.181754
0.180823
0.184893
0.185887
0.181950
