0.003226
0.158122
0.159034
0.151136
0.160383
0.160035
0.158408
0.159035
0.159076
0.159035
0.159035
0.160035
0.160141
0.159035
0.142067
0.158035
0.132029
0.163036
0.174038
0.178176
0.160035
0.160035
0.159035
0.160035
0.160073
0.152034
0.159035
0.160036
0.158035
0.161035
0.158059
0.161036
0.162036
0.127253
0.158254
0.160035
0.161035
0.160035
0.159397
0.160035
0.161036
0.160034
0.162036
0.162035
0.161039
0.162036
0.161035
0.143451
0.158035
0.159676
0.158988
0.134712
0.160080
0.160035
0.161069
0.161158
0.174315
0.176039
0.175038
0.171038
0.164037
0.161110
0.160035
0.159643
0.160035
0.160036
0.159034
0.159308
0.127739
0.146702
0.161429
0.161035
0.160035
0.160035
0.161036
0.160471
0.160285
0.140329
0.160035
0.160390
0.158387
0.160035
0.160035
0.158035
0.159878
0.159054
0.127424
0.161035
0.160035
0.159035
0.159035
0.160441
0.160124
0.159035
0.160035
0.159035
0.160036
0.160208
0.160471
0.160036
0.159537
0.151033
0.159035
0.159034
0.133115
0.160097
0.160035
0.159548
0.162036
0.159536
0.160035
0.160063
0.159250
0.162098
0.161128
0.162273
0.161767
0.163036
0.160314
0.161035
0.161035
0.161558
0.091341
0.160247
0.158570
0.160035
0.161036
0.159439
0.160035
0.161035
0.159704
0.160035
0.159035
0.160035
0.160386
0.160035
0.160035
0.158035
0.159096
0.160035
0.156036
0.161035
0.162037
0.161063
0.168037
0.166036
0.165180
0.162740
0.160071
0.163151
0.163101
0.161035
0.160035
0.160035
0.160035
0.161080
0.121058
0.159035
0.123027
0.161202
0.158035
0.159073
0.159035
0.158431
0.157034
0.158035
0.158135
0.158035
0.137148
0.158034
0.157035
0.159036
0.156114
0.158180
0.158034
0.158035
0.138030
0.169779
0.165038
0.161336
0.158093
0.158373
0.159345
0.159035
0.158035
0.159034
0.158034
0.159034
0.158134
0.159035
0.159035
0.158035
0.158508
0.157035
0.137101
0.177039
0.179039
0.179039
0.158035
0.158035
0.158034
0.159035
0.160379
0.160035
0.158421
0.157144
0.158118
0.159349
0.158206
0.158036
0.158035
0.157449
0.144032
0.173110
0.169328
0.168037
0.159098
0.157084
0.145050
0.163171
0.159035
0.159316
0.161037
0.161036
0.158511
0.159035
0.158086
0.159035
0.160420
0.159128
0.151193
0.175544
0.180133
0.179039
0.175422
0.174038
0.169538
0.168037
0.161554
0.165036
0.179039
0.178040
0.176038
0.175118
0.179039
0.179039
0.175039
0.175130
0.178039
0.153033
0.139261
0.159035
0.160035
0.159034
0.160035
0.160035
0.159850
0.160035
0.161036
0.160035
0.160035
0.161084
0.172733
0.169037
0.167037
0.163036
0.163718
0.138132
0.161036
0.160130
0.163696
0.161122
0.161108
0.159035
0.162035
0.161036
0.160035
0.161035
0.161074
0.162035
0.161035
0.163036
0.160035
0.161036
0.161035
0.150033
0.160035
0.162036
0.162035
0.161035
0.162907
0.161036
0.162035
0.168153
0.165038
0.163432
0.163220
0.161558
0.161279
0.161115
0.161035
0.159035
0.159739
0.150033
0.161096
0.161036
0.180040
0.179039
0.176039
0.176039
0.179036
0.179093
0.179119
0.180039
0.179102
0.179039
0.179039
0.179554
0.176038
0.180110
0.179158
0.179039
0.179039
0.175039
0.179038
0.179040
0.180088
0.180039
0.179039
0.180039
0.180143
0.181040
0.179057
0.148758
0.159205
0.160101
0.159035
0.159035
0.160035
0.140031
0.160035
0.158868
0.160035
0.159034
0.161035
0.160035
0.160035
0.159035
0.159035
0.158122
0.160138
0.159820
0.159034
0.159295
0.158147
0.159035
0.160035
0.147032
0.160185
0.159035
0.159035
0.158035
0.161036
0.160034
0.160035
0.158298
0.158035
0.160460
0.160035
0.159034
0.160035
0.159363
0.159426
0.160315
0.158034
0.127028
0.160036
0.159035
0.160035
0.159091
0.159022
0.160035
0.159035
0.158035
0.159584
0.159431
0.162111
0.166037
0.161035
0.161035
0.160036
0.160035
0.161525
0.152146
0.164099
0.162189
0.162145
0.160035
0.159035
0.160035
0.160589
0.158034
0.160035
0.162037
0.161326
0.161036
0.161035
0.161035
0.159921
0.161248
0.161036
0.140777
0.169558
0.165036
0.163036
0.162035
0.160036
0.161101
0.162036
0.160035
0.161035
0.160035
0.119128
0.162055
0.160035
0.161115
0.162059
0.161035
0.161035
0.156034
0.174039
0.175062
0.169037
0.167037
0.162035
0.160373
0.161103
0.161035
0.161035
0.161594
0.161035
0.160186
0.160366
0.160147
0.160035
0.160056
0.159035
0.147062
0.172038
0.174381
0.166001
0.165285
0.161794
0.162265
0.161035
0.162035
0.162035
0.162244
0.162035
0.162035
0.162036
0.163036
0.161035
0.162035
0.160109
0.158702
0.170215
0.168236
0.162035
0.160057
0.161035
0.162847
0.161550
0.162035
0.162104
0.162414
0.160035
0.161079
0.161036
0.161179
0.160035
0.159770
0.161035
0.161094
0.162055
0.162036
0.163036
0.160670
0.161191
0.161110
0.161036
0.159083
0.161256
0.161463
0.162036
0.160035
0.161035
0.160175
0.160419
0.160628
0.160204
0.157090
0.161162
0.161035
0.160390
0.160285
0.159216
0.159291
0.160035
0.160116
0.156222
0.172038
0.173301
0.170472
0.169037
0.172373
0.168158
0.167037
0.160035
0.137284
0.167037
0.166094
0.160035
0.159605
0.161295
0.162212
0.161035
0.162036
0.162455
0.162434
0.161036
0.159244
0.159243
0.159035
0.158486
0.159153
0.160035
0.153034
0.159035
0.159533
0.159641
0.159724
0.160047
0.159035
0.158034
0.160035
0.158052
0.160035
0.159034
0.159182
0.159091
0.160361
0.162035
0.161569
0.161035
0.156035
0.176038
0.176754
0.178040
0.178039
0.173038
0.172027
0.170143
0.168190
0.165036
0.164036
0.162036
0.163228
0.161120
0.163036
0.161047
0.162121
0.161444
0.156214
0.159426
0.158485
0.160036
0.159035
0.159517
0.160035
0.160035
0.160035
0.160424
0.160131
0.162035
0.159035
0.160035
0.161498
0.159178
0.159149
0.160420
0.152033
0.160261
0.160036
0.160035
0.159328
0.160212
0.160190
0.160035
0.161036
0.160264
0.160035
0.160035
0.160035
0.146032
0.174085
0.173038
0.171038
0.169128
0.161076
0.176039
0.181040
0.172040
0.166437
0.176239
0.171186
0.172038
0.169523
0.168037
0.164036
0.163363
0.162077
0.162035
0.161410
0.161036
0.161036
0.164036
0.160035
0.165451
0.163123
0.161322
0.159519
0.160035
0.160035
0.161035
0.162036
0.159480
0.159469
0.161035
0.161035
0.161035
0.160637
0.160557
0.160035
0.161035
0.155034
0.169090
0.166037
0.160266
0.160830
0.160338
0.161303
0.161209
0.160036
0.161098
0.160036
0.160035
0.161006
0.160035
0.161036
0.159130
0.161035
0.161035
0.157035
0.164497
0.163036
0.160036
0.160035
0.159370
0.160035
0.159512
0.162035
0.161035
0.159079
0.161035
0.159441
0.161036
0.160169
0.161036
0.161035
0.159832
0.155033
0.169613
0.167037
0.160035
0.155545
0.172038
0.169077
0.166460
0.164514
0.163114
0.162035
0.160224
0.171111
0.171099
0.167686
0.164497
0.164036
0.161037
0.143480
0.161036
0.160035
0.162035
0.159578
0.146478
0.170037
0.166037
0.164036
0.164350
0.163036
0.162104
0.162297
0.162303
0.162181
0.161035
0.161036
0.163342
0.156035
0.179119
0.182349
0.174038
0.173038
0.170612
0.169037
0.167079
0.165875
0.163036
0.162036
0.162463
0.161762
0.161035
0.161035
0.162035
0.162615
0.163036
0.162036
0.166036
0.164450
0.160035
0.161100
0.161036
0.159035
0.160492
0.161036
0.160464
0.159399
0.162055
0.160035
0.160155
0.160037
0.160035
0.161377
0.160036
0.159074
0.168037
0.165743
0.159189
0.159034
0.160034
0.160035
0.161340
0.161036
0.160035
0.162036
0.161036
0.163036
0.162248
0.161218
0.164036
0.162787
0.161035
0.157727
0.171325
0.169504
0.164345
0.161036
0.161035
0.161036
0.142478
0.163036
0.162534
0.161628
0.162411
0.161351
0.162036
0.162037
0.163036
0.161324
0.142787
0.144032
0.162036
0.162104
0.163008
0.152366
0.176039
0.172038
0.172107
0.170038
0.167037
0.160235
0.160455
0.163035
0.164239
0.163036
0.164036
0.159406
0.160186
0.156271
0.171527
0.169833
0.158611
0.158035
0.161036
0.163036
0.164036
0.161492
0.165035
0.164036
0.165313
0.166037
0.164036
0.166091
0.163668
0.161036
0.162036
0.158443
0.170258
0.169038
0.158350
0.158447
0.160035
0.168037
0.165036
0.164125
0.163036
0.162916
0.163036
0.164035
0.164037
0.164176
0.163095
0.161604
0.161759
0.162056
0.168228
0.164096
0.158215
0.158035
0.160035
0.160102
0.159404
0.159036
0.159160
0.165036
0.166057
0.162036
0.161036
0.163081
0.160086
0.162191
0.163450
0.157034
0.181039
0.182105
0.177039
0.181081
0.182039
0.178038
0.179039
0.179042
0.180040
0.175039
0.180041
0.176296
0.179107
0.179296
0.179039
0.175038
0.180039
0.179039
0.180039
0.148035
0.168027
0.166439
0.164425
0.163036
0.163096
0.161052
0.161101
0.161035
0.160076
0.161035
0.161035
0.161036
0.161035
0.162194
0.160911
0.160383
0.142031
0.160109
0.161035
0.161036
0.161348
0.160776
0.162270
0.162035
0.160898
0.162134
0.162035
0.162035
0.161255
0.160035
0.161035
0.161036
0.161035
0.161470
0.157393
0.161036
0.166389
0.165231
0.163036
0.162120
0.160888
0.161036
0.162036
0.161035
0.161036
0.162035
0.140491
0.162070
0.160524
0.162035
0.161036
0.161035
0.159212
0.161499
0.161036
0.162035
0.162036
0.162035
0.162548
0.161303
0.160036
0.161035
0.161036
0.162000
0.161413
0.160175
0.161036
0.160035
0.161034
0.160035
0.139030
0.161220
0.142841
0.162036
0.162035
0.162035
0.162036
0.162035
0.160035
0.161438
0.162095
0.162054
0.162149
0.161035
0.160035
0.161830
0.161036
0.161113
0.155034
0.167890
0.163036
0.162278
0.163036
0.163336
0.165036
0.162036
0.163036
0.161708
0.163100
0.161035
0.156910
0.182151
0.177039
0.175269
0.178345
0.179040
0.180037
0.154471
0.167434
0.171900
0.168037
0.163569
0.144266
0.165036
0.164036
0.160035
0.160053
0.161035
0.158035
0.159035
0.159036
0.160132
0.160695
0.159845
0.159035
0.134420
0.160036
0.164367
0.166037
0.161104
0.161035
0.151297
0.160035
0.161035
0.160035
0.160035
0.159798
0.160035
0.160307
0.160035
0.159954
0.160035
0.159035
0.138030
0.162035
0.160035
0.161035
0.160220
0.160123
0.160035
0.161036
0.160045
0.159035
0.159259
0.160475
0.160090
0.159734
0.160369
0.160036
0.160108
0.161036
0.138031
0.161777
0.161036
0.160453
0.160407
0.160035
0.161084
0.160199
0.160071
0.161036
0.159569
0.160536
0.161351
0.139060
0.160490
0.160329
0.159035
0.160035
0.133207
0.160036
0.160142
0.159035
0.160305
0.160035
0.160578
0.162036
0.161188
0.161035
0.159035
0.161301
0.161036
0.160524
0.160035
0.160753
0.160004
0.160035
0.142031
0.160035
0.160343
0.160036
0.160341
0.160343
0.141773
0.170061
0.166128
0.165036
0.164422
0.162151
0.161036
0.161035
0.161035
0.161035
0.162036
0.163693
0.158035
0.160035
0.161036
0.163036
0.164037
0.163120
0.163036
0.163099
0.163239
0.164036
0.163036
0.164504
0.164465
0.163065
0.163036
0.163036
0.164036
0.164036
0.161467
0.162819
0.173038
0.166400
0.175329
0.174038
0.166464
0.163036
0.162200
0.160035
0.160506
0.161035
0.161035
0.158690
0.299502
0.340076
0.333377
0.344819
0.329775
0.334074
0.392440
0.299065
0.167037
0.161366
0.160036
0.160035
0.156287
0.155143
0.154506
0.155034
0.151289
0.163037
0.161220
0.162316
0.159446
0.154034
0.145031
0.175037
0.179059
0.179038
0.178039
0.179038
0.174546
0.175103
0.175039
0.179039
0.179039
0.179040
0.180037
0.175039
0.175038
0.175038
0.179039
0.180039
0.178039
0.164269
0.163726
0.163854
0.161035
0.161285
0.163036
0.159817
0.160035
0.159035
0.160035
0.158518
0.160035
0.159037
0.158035
0.159035
0.158282
0.159832
0.159615
0.151033
0.125027
0.159035
0.159035
0.158035
0.160326
0.158443
0.159760
0.159035
0.158110
0.159035
0.160106
0.158035
0.160036
0.159511
0.158916
0.158116
0.159002
0.154034
0.158035
0.157944
0.158812
0.158453
0.159392
0.159345
0.158543
0.160855
0.159035
0.158035
0.160235
0.160035
0.159046
0.158151
0.157135
0.160079
0.161036
0.145086
0.138240
0.159035
0.158035
0.158035
0.160823
0.160382
0.158571
0.158035
0.159035
0.158035
0.158112
0.158034
0.158035
0.158795
0.157630
0.157034
0.158035
0.142032
0.158123
0.159035
0.160035
0.159728
0.161077
0.163360
0.163036
0.163038
0.161512
0.163037
0.157860
0.178040
0.179213
0.179039
0.161069
0.162385
0.160036
0.179039
0.179040
0.176039
0.176039
0.176039
0.177039
0.174038
0.169036
0.165194
0.164223
0.161035
0.159181
0.159035
0.158034
0.157034
0.158034
0.156098
0.157034
0.160035
0.150189
0.158035
0.158058
0.158327
0.157035
0.158035
0.158437
0.140222
0.156322
0.158035
0.159041
0.158717
0.158105
0.158034
0.158133
0.158305
0.156555
0.165115
0.143189
0.163024
0.158555
0.160037
0.159712
0.158407
0.160035
0.160467
0.158313
0.159035
0.159035
0.160248
0.159178
0.160035
0.160035
0.159397
0.160100
0.159383
0.152033
0.159153
0.158035
0.160035
0.159035
0.160035
0.161078
0.161035
0.159034
0.161110
0.161035
0.159464
0.160034
0.160035
0.159158
0.160035
0.160616
0.161035
0.120359
0.160604
0.160035
0.159377
0.160035
0.160558
0.160035
0.161146
0.159035
0.159035
0.159035
0.160424
0.164036
0.163036
0.164036
0.162036
0.162036
0.160433
0.149032
0.163195
0.162257
0.162589
0.163036
0.163036
0.165036
0.163037
0.164324
0.162035
0.165036
0.164176
0.163118
0.162035
0.159251
0.159112
0.160035
0.160078
0.155471
0.159554
0.158151
0.159034
0.158035
0.158504
0.161035
0.162036
0.163170
0.164036
0.164237
0.165036
0.165036
0.163036
0.164036
0.163591
0.164231
0.161035
0.133029
0.160893
0.160035
0.160231
0.159446
0.159150
0.161036
0.161161
0.160053
0.160036
0.159445
0.159035
0.159121
0.160037
0.158646
0.160036
0.160035
0.169047
0.127245
0.162035
0.160110
0.160035
0.160153
0.160035
0.162056
0.160418
0.160035
0.161035
0.160107
0.166096
0.162036
0.162036
0.161589
0.160927
0.159351
0.161035
0.159233
0.161560
0.164458
0.164037
0.163126
0.165036
0.163333
0.164036
0.164316
0.160110
0.159035
0.158843
0.159036
0.157874
0.159035
0.158034
0.159035
0.112361
0.182975
0.169645
0.164281
0.159099
0.160035
0.160154
0.160563
0.159035
0.161789
0.159035
0.160035
0.159966
0.160035
0.159996
0.160218
0.159035
0.159034
0.137031
0.162206
0.159035
0.160035
0.159035
0.159035
0.159249
0.161035
0.159095
0.158035
0.160579
0.160036
0.158403
0.159114
0.158880
0.139193
0.159035
0.161035
0.133029
0.163662
0.161172
0.163729
0.167264
0.168245
0.167584
0.168037
0.165586
0.169037
0.168037
0.167568
0.165333
0.164227
0.162035
0.158035
0.159101
0.159034
0.165193
0.164036
0.162035
0.162035
0.160222
0.160035
0.160035
0.160116
0.160035
0.159137
0.160035
0.161528
0.159270
0.160589
0.159035
0.160608
0.158837
0.160035
0.156323
0.159733
0.160154
0.161036
0.159395
0.161405
0.161036
0.159035
0.161036
0.161115
0.160035
0.161123
0.160191
0.161217
0.161036
0.160035
0.160035
0.159759
0.153033
0.161568
0.160395
0.160252
0.159125
0.160035
0.160035
0.159304
0.160110
0.160035
0.159559
0.162035
0.168127
0.165267
0.162035
0.163058
0.161036
0.160035
0.149872
0.161035
0.161035
0.162153
0.161495
0.160375
0.159776
0.160035
0.161094
0.161036
0.161103
0.160035
0.159957
0.159035
0.160035
0.160034
0.159926
0.159035
0.145032
0.160035
0.160035
0.160990
0.159638
0.160035
0.161191
0.161153
0.159106
0.159914
0.161208
0.162035
0.160662
0.159035
0.141087
0.161035
0.159095
0.160085
0.153034
0.160232
0.160065
0.161035
0.160182
0.160036
0.161386
0.161024
0.161613
0.160224
0.160206
0.160055
0.160034
0.160634
0.160201
0.160035
0.159270
0.160035
0.145032
0.160034
0.160067
0.162035
0.161033
0.160352
0.160035
0.161036
0.160035
0.160035
0.162290
0.161035
0.159322
0.160036
0.160103
0.160098
0.160318
0.161366
0.156225
0.161035
0.160035
0.160035
0.161035
0.160109
0.161035
0.161109
0.159035
0.161035
0.162036
0.160433
0.160034
0.161107
0.161378
0.161035
0.160145
0.160630
0.156034
0.161035
0.161126
0.161515
0.161036
0.160461
0.159035
0.162058
0.159621
0.161046
0.160034
0.160035
0.161034
0.159996
0.160035
0.160035
0.160035
0.160035
0.144032
0.160237
0.164036
0.163036
0.163629
0.163066
0.164212
0.164101
0.163126
0.163037
0.168037
0.166037
0.164036
0.164367
0.164283
0.164036
0.164036
0.163036
0.167037
0.167112
0.146217
0.163036
0.163036
0.163336
0.163146
0.162658
0.163084
0.162035
0.163725
0.163035
0.164370
0.164166
0.163358
0.163073
0.162242
0.164214
0.159248
0.163036
0.163036
0.163036
0.162582
0.162035
0.162474
0.163036
0.160035
0.159035
0.159034
0.159034
0.159547
0.159776
0.159147
0.159035
0.159034
0.160035
0.164036
0.165036
0.164036
0.164405
0.164583
0.163167
0.163036
0.163036
0.163036
0.162460
0.162315
0.163073
0.162142
0.161035
0.162035
0.162152
0.161035
0.162279
0.158133
0.163114
0.162562
0.163036
0.162303
0.162229
0.161552
0.117158
0.161481
0.161035
0.162192
0.159511
0.162035
0.161035
0.162035
0.161275
0.161208
0.161162
0.136030
0.162401
0.162055
0.161091
0.162036
0.162198
0.160446
0.161036
0.161035
0.163035
0.162036
0.161035
0.162035
0.162036
0.161036
0.162036
0.162036
0.161416
0.157122
0.161035
0.161098
0.162035
0.162229
0.162035
0.160238
0.161036
0.160089
0.161144
0.161036
0.162140
0.160819
0.161036
0.161034
0.161036
0.160541
0.161710
0.155765
0.162182
0.162035
0.161043
0.161896
0.163164
0.161509
0.163036
0.161264
0.161035
0.161151
0.162036
0.162036
0.161035
0.162035
0.162035
0.166036
0.164326
0.156034
0.162035
0.161036
0.161036
0.161092
0.161035
0.161409
0.162036
0.161036
0.162036
0.161036
0.161580
0.160243
0.162036
0.161036
0.162183
0.162035
0.161686
0.151033
0.162035
0.161036
0.160347
0.161035
0.163062
0.161037
0.161035
0.162035
0.161035
0.161568
0.162035
0.161035
0.161258
0.160420
0.162036
0.161035
0.161283
0.160328
0.161099
0.162036
0.161036
0.141689
0.160061
0.161054
0.161131
0.162231
0.162036
0.161541
0.160429
0.161035
0.161512
0.162084
0.162035
0.161517
0.162035
0.149559
0.163036
0.162201
0.162035
0.162036
0.160035
0.161113
0.163249
0.161309
0.161382
0.161035
0.160390
0.161695
0.158471
0.161035
0.162036
0.164635
0.161488
0.152442
0.160387
0.161035
0.161060
0.162035
0.162035
0.161392
0.160147
0.161887
0.159431
0.162200
0.160035
0.142851
0.160404
0.161094
0.160671
0.161036
0.160035
0.140031
0.162035
0.162629
0.161035
0.162055
0.162187
0.161850
0.160821
0.161307
0.159035
0.162034
0.161035
0.161317
0.161036
0.161035
0.161036
0.162056
0.162142
0.141031
0.164328
0.163479
0.161749
0.161359
0.163407
0.162592
0.161283
0.161035
0.162035
0.162035
0.162036
0.163678
0.163503
0.163319
0.163036
0.163036
0.163036
0.157035
0.160768
0.162485
0.161411
0.161035
0.161035
0.161036
0.162794
0.160470
0.161083
0.162035
0.163036
0.162035
0.164037
0.163035
0.162036
0.163037
0.163036
0.147114
0.161526
0.160689
0.162035
0.163249
0.161551
0.164548
0.164036
0.160035
0.161035
0.161498
0.160097
0.160334
0.161135
0.159035
0.161035
0.160397
0.162118
0.148032
0.159636
0.161036
0.162198
0.139306
0.160470
0.161035
0.160035
0.162035
0.161035
0.162035
0.164034
0.163106
0.162623
0.165352
0.165036
0.162208
0.163036
0.149032
0.166284
0.165358
0.164036
0.163129
0.163036
0.163036
0.163362
0.162242
0.163036
0.163808
0.163036
0.162215
0.164356
0.163523
0.163365
0.163402
0.163036
0.155034
0.169037
0.167034
0.165318
0.164036
0.163036
0.164036
0.163336
0.163469
0.163036
0.162035
0.163256
0.164096
0.163036
0.163036
0.164037
0.162353
0.162036
0.146067
0.162035
0.162241
0.161035
0.160541
0.162189
0.161036
0.161070
0.161035
0.161127
0.162726
0.162035
0.161096
0.161035
0.161036
0.162036
0.160306
0.162036
0.157597
0.161035
0.161035
0.161035
0.161185
0.160224
0.161188
0.160035
0.162035
0.160678
0.163126
0.163036
0.162035
0.165036
0.162754
0.162035
0.162036
0.161035
0.156226
0.175785
0.167034
0.165389
0.164781
0.162055
0.163035
0.162857
0.163036
0.163036
0.163440
0.164036
0.163036
0.163512
0.164131
0.162082
0.163036
0.163036
0.140031
0.162035
0.162470
0.163109
0.163036
0.161813
0.162035
0.165036
0.164037
0.163036
0.162391
0.162303
0.161612
0.161472
0.163393
0.164036
0.162035
0.162036
0.148032
0.162503
0.161961
0.161036
0.149946
0.167140
0.166037
0.164117
0.165036
0.163036
0.164035
0.164035
0.162035
0.164792
0.161394
0.163036
0.163036
0.164217
0.152033
0.161123
0.160159
0.160035
0.162035
0.161035
0.162036
0.161283
0.161036
0.161079
0.162208
0.160245
0.161035
0.162036
0.160158
0.163036
0.162034
0.161284
0.154131
0.161283
0.162201
0.161035
0.162036
0.161088
0.161036
0.161035
0.161035
0.162036
0.161548
0.162035
0.161036
0.162036
0.159439
0.162035
0.162035
0.162103
0.161320
0.162663
0.162035
0.162035
0.162462
0.161036
0.160421
0.161461
0.161036
0.163036
0.160461
0.162037
0.163036
0.161035
0.162035
0.162036
0.162484
0.161036
0.146032
0.160035
0.161532
0.162222
0.161035
0.161125
0.162272
0.160403
0.161035
0.162036
0.162035
0.161035
0.161035
0.160035
0.161723
0.161987
0.162505
0.161035
0.153034
0.161036
0.161036
0.162035
0.162083
0.161036
0.161035
0.162035
0.160741
0.161035
0.159034
0.161035
0.161463
0.160048
0.160728
0.159035
0.162036
0.161035
0.146224
0.162036
0.161988
0.160035
0.160035
0.141486
0.161035
0.162299
0.160260
0.160261
0.162036
0.163090
0.161035
0.161036
0.162036
0.161035
0.162035
0.161035
0.145054
0.162076
0.161036
0.158122
0.162035
0.162147
0.162036
0.162035
0.161215
0.162056
0.161036
0.161036
0.160035
0.162036
0.161093
0.162036
0.160519
0.162812
0.151033
0.160035
0.161561
0.161035
0.161036
0.161514
0.162035
0.161309
0.161861
0.161035
0.160975
0.160035
0.160055
0.161036
0.161302
0.162035
0.162079
0.159035
0.145033
0.161035
0.161036
0.161579
0.161035
0.162036
0.161035
0.161035
0.160035
0.160058
0.160035
0.160035
0.161036
0.161677
0.161513
0.161035
0.161035
0.160398
0.154085
0.160035
0.162368
0.160701
0.160316
0.161120
0.161502
0.161036
0.161331
0.162036
0.161550
0.161082
0.161312
0.160492
0.161035
0.161584
0.161036
0.161035
0.145109
0.162035
0.161035
0.160035
0.161035
0.161036
0.160035
0.160035
0.161035
0.160441
0.161035
0.161182
0.161036
0.160035
0.161035
0.161036
0.160035
0.162035
0.157035
0.160775
0.162035
0.162168
0.162451
0.161035
0.160949
0.161036
0.162447
0.162036
0.161809
0.162036
0.162035
0.161036
0.162036
0.162683
0.162344
0.161071
0.149033
0.162036
0.161309
0.160055
0.162441
0.161474
0.162035
0.162112
0.162035
0.161035
0.160035
0.162035
0.161364
0.162036
0.161035
0.161035
0.161583
0.161035
0.148516
0.161303
0.162042
0.161401
0.161036
0.161037
0.161692
0.160895
0.161534
0.162035
0.162035
0.161035
0.162035
0.162036
0.161036
0.161590
0.161036
0.161834
0.135355
0.161035
0.161036
0.162036
0.160035
0.160149
0.161035
0.161327
0.159035
0.159411
0.161035
0.160035
0.161036
0.160172
0.161035
0.160035
0.161036
0.161035
0.155332
0.160035
0.162035
0.161523
0.159035
0.155034
0.157034
0.156034
0.157034
0.157035
0.155471
0.159035
0.158035
0.158035
0.158101
0.150033
0.152034
0.157034
0.148060
0.157035
0.157034
0.156926
0.156401
0.156034
0.158515
0.156152
0.158264
0.158477
0.155034
0.159035
0.156034
0.156035
0.157035
0.158387
0.159308
0.159264
0.142232
0.158093
0.160095
0.157034
0.158264
0.164036
0.158475
0.159036
0.159035
0.158035
0.158508
0.158466
0.160035
0.160035
0.159609
0.158455
0.158035
0.159035
0.158035
0.158109
0.159034
0.160035
0.158034
0.160035
0.158520
0.160222
0.159035
0.159035
0.160418
0.161036
0.160035
0.160139
0.158035
0.159036
0.159064
0.160035
0.141031
0.158813
0.159510
0.160035
0.153034
0.156457
0.158195
0.160035
0.159086
0.158409
0.158035
0.165468
0.161035
0.159698
0.161247
0.158343
0.159035
0.159035
0.154034
0.158035
0.159042
0.157406
0.160163
0.158035
0.158035
0.159035
0.160035
0.158330
0.157520
0.127399
0.158035
0.159205
0.158035
0.157034
0.159035
0.157034
0.141032
0.158035
0.158034
0.157266
0.158473
0.157648
0.156034
0.156356
0.155034
0.159421
0.162391
0.160507
0.160634
0.159035
0.160488
0.161168
0.161241
0.161125
0.148033
0.159035
0.157034
0.160035
0.160534
0.161035
0.162035
0.161035
0.160213
0.164036
0.162359
0.162207
0.159522
0.158319
0.158594
0.163176
0.162534
0.163513
0.155283
0.158035
0.159494
0.158450
0.157443
0.158185
0.159452
0.160035
0.157367
0.157036
0.157394
0.159440
0.157305
0.158035
0.157079
0.161035
0.160035
0.159773
0.148033
0.159035
0.162106
0.160517
0.160035
0.160036
0.161252
0.161036
0.160035
0.161035
0.159308
0.162123
0.163036
0.163035
0.162446
0.160035
0.160035
0.155632
0.151033
0.164036
0.169160
0.162452
0.165036
0.165323
0.163036
0.163293
0.163035
0.164245
0.159035
0.159133
0.158163
0.156348
0.159360
0.155938
0.157343
0.157089
0.151412
0.158035
0.158035
0.159318
0.159036
0.157184
0.157363
0.159746
0.148266
0.158419
0.157072
0.156034
0.160283
0.160035
0.159035
0.155178
0.159035
0.163036
0.141031
0.158035
0.160206
0.157536
0.160250
0.160035
0.158034
0.157513
0.158125
0.160036
0.159035
0.160869
0.159035
0.156560
0.157344
0.159035
0.158516
0.159330
0.140031
0.157408
0.158035
0.158136
0.159034
0.160228
0.147108
0.159035
0.159390
0.159683
0.159222
0.158036
0.158142
0.157034
0.158034
0.159035
0.153033
0.159492
0.153187
0.156036
0.159035
0.157034
0.159035
0.158035
0.158369
0.157034
0.158035
0.160035
0.157145
0.158034
0.158218
0.160035
0.158185
0.158035
0.158035
0.158035
0.155190
0.158262
0.158178
0.159035
0.159338
0.160035
0.159521
0.158035
0.159335
0.160169
0.159035
0.159034
0.159615
0.158264
0.158035
0.158866
0.159137
0.160045
0.144440
0.174150
0.171495
0.169220
0.167562
0.165049
0.164267
0.162036
0.162274
0.161036
0.161190
0.161035
0.162112
0.160035
0.161390
0.161119
0.162742
0.161036
0.146468
0.149515
0.165036
0.164383
0.162036
0.159845
0.172038
0.169037
0.166484
0.163510
0.164056
0.164110
0.162114
0.162035
0.161427
0.161035
0.161035
0.161035
0.149818
0.163147
0.162434
0.160156
0.158740
0.170251
0.168614
0.165661
0.164450
0.163049
0.173038
0.170198
0.164036
0.162036
0.160035
0.160727
0.161035
0.160054
0.151528
0.160036
0.159035
0.160035
0.160035
0.161100
0.155417
0.171037
0.168158
0.165513
0.166037
0.162208
0.159035
0.160209
0.163036
0.163085
0.159217
0.161547
0.153403
0.157117
0.159035
0.152503
0.168813
0.167036
0.163229
0.160254
0.161494
0.159404
0.160454
0.160035
0.164454
0.164036
0.162229
0.159035
0.159034
0.161558
0.143032
0.161164
0.160035
0.163036
0.160300
0.159383
0.159362
0.160901
0.158438
0.160035
0.159035
0.159035
0.158035
0.160035
0.159069
0.160035
0.160035
0.161035
0.142179
0.159035
0.161036
0.159119
0.157059
0.160035
0.157479
0.160035
0.160035
0.161035
0.160036
0.161451
0.161036
0.161036
0.161036
0.160035
0.161036
0.158035
0.151033
0.160463
0.159791
0.159035
0.161036
0.159147
0.160314
0.159035
0.158650
0.161789
0.160293
0.158272
0.159208
0.159035
0.160529
0.159238
0.157034
0.161035
0.155185
0.159081
0.176038
0.177037
0.179039
0.179363
0.180039
0.183040
0.178039
0.181040
0.180039
0.183248
0.182040
0.180039
0.180039
0.176039
0.179038
0.179039
0.163692
0.163036
0.142468
0.155034
0.156372
0.158035
0.157034
0.156411
0.156476
0.156099
0.156385
0.160127
0.119440
0.161037
0.160035
0.160035
0.160035
0.161035
0.144427
0.164115
0.163035
0.164035
0.159522
0.158035
0.160191
0.161044
0.159158
0.324913
0.359081
0.314071
0.335579
0.343748
0.334123
0.332839
0.325071
0.183036
0.169055
0.146032
0.155313
0.155034
0.138662
0.154058
0.155034
0.154034
0.156034
0.154034
0.156036
0.156034
0.155482
0.155034
0.156034
0.154034
0.156034
0.155113
0.161035
0.137030
0.155056
0.155034
0.156034
0.157035
0.156423
0.154140
0.155034
0.156034
0.156495
0.156034
0.157034
0.156034
0.155034
0.156178
0.155034
0.154034
0.157034
0.143031
0.156034
0.155034
0.154034
0.156158
0.155034
0.156034
0.155034
0.155034
0.155034
0.154158
0.155034
0.155273
0.154436
0.155034
0.155034
0.155684
0.158035
0.136030
0.155034
0.154034
0.154139
0.154034
0.155035
0.156690
0.153335
0.154034
0.155034
0.154033
0.154034
0.154034
0.154976
0.153573
0.155034
0.155034
0.165037
0.131467
0.153033
0.154549
0.152197
0.153357
0.155034
0.153033
0.155034
0.153785
0.154034
0.155361
0.156034
0.155745
0.155034
0.155034
0.154034
0.155034
0.155288
0.135131
0.153142
0.153823
0.152033
0.155035
0.157034
0.155284
0.154035
0.134834
0.154034
0.155033
0.156034
0.134929
0.152033
0.155034
0.155034
0.155034
0.147057
