1.568358
5.285070
0.165398
0.126028
0.160535
0.158035
0.157632
0.162158
0.169260
0.160465
0.157995
0.159720
0.158035
0.170176
0.161100
0.128711
0.161567
0.159035
0.160192
0.161035
0.159039
0.167623
0.159424
0.158067
0.156274
0.157678
0.121154
0.159120
0.160223
0.159433
0.159448
0.147083
0.161697
0.160972
0.160830
0.163390
0.165880
0.170660
0.170197
0.166655
0.160142
0.158935
0.160526
0.161719
0.159444
0.159553
0.161118
0.162146
0.154363
0.163432
0.163088
0.164399
0.169724
0.175009
0.160333
0.160192
0.160036
0.161059
0.162300
0.162287
0.160221
0.163308
0.162924
0.165463
0.168766
0.153079
0.161967
0.167969
0.170097
0.174362
0.168092
0.163966
0.164139
0.160496
0.161655
0.162673
0.165192
0.166264
0.170772
0.173324
0.166999
0.155169
0.170364
0.164144
0.161257
0.161901
0.161490
0.161298
0.161579
0.161458
0.174883
0.166673
0.161339
0.161998
0.161936
0.163245
0.162791
0.161108
0.148906
0.161300
0.163472
0.164497
0.165377
0.166227
0.171142
0.172394
0.169709
0.163808
0.163128
0.162520
0.163957
0.165508
0.166176
0.168511
0.174527
0.168354
0.170909
0.174774
0.167297
0.161813
0.162517
0.163425
0.162503
0.162079
0.161701
0.165315
0.173481
0.164573
0.161653
0.162365
0.162061
0.159950
0.163440
0.161733
0.164164
0.164543
0.168106
0.171720
0.170671
0.170109
0.164353
0.161191
0.163477
0.164472
0.166929
0.165868
0.169261
0.169100
0.161701
0.169751
0.171250
0.174905
0.168923
0.163572
0.163930
0.164774
0.164039
0.164521
0.165341
0.167135
0.169389
0.175346
0.166913
0.162564
0.151049
0.163658
0.166395
0.163773
0.165345
0.162417
0.164813
0.167339
0.167208
0.169705
0.176250
0.170047
0.163218
0.158522
0.163717
0.162474
0.167338
0.150104
0.163681
0.166304
0.169555
0.169281
0.174904
0.175552
0.169799
0.162217
0.162827
0.163300
0.164702
0.163284
0.163421
0.163657
0.165196
0.166700
0.171387
0.166307
0.162016
0.163384
0.163330
0.164983
0.163104
0.161168
0.163264
0.163979
0.166837
0.171128
0.171808
0.171451
0.172307
0.168559
0.160475
0.163006
0.165011
0.164410
0.165106
0.162778
0.163116
0.162223
0.165690
0.167618
0.168240
0.168729
0.176908
0.173264
0.167156
0.162274
0.161933
0.142786
0.164872
0.163195
0.162686
0.161451
0.161694
0.162971
0.136796
0.161870
0.162992
0.163049
0.164283
0.163742
0.166274
0.166278
0.164304
0.168278
0.166364
0.139523
0.161202
0.163100
0.174963
0.173219
0.166341
0.162182
0.162061
0.162494
0.164385
0.161872
0.162445
0.161192
0.161999
0.162198
0.163521
0.142006
0.142315
0.162333
0.162666
0.163723
0.167461
0.170355
0.170763
0.173246
0.171998
0.168206
0.163233
0.162162
0.162942
0.163835
0.162250
0.162730
0.161625
0.097682
0.166136
0.162036
0.163086
0.163234
0.162769
0.163922
0.162907
0.162924
0.164732
0.163816
0.164199
0.166229
0.166873
0.165650
0.168807
0.168931
0.169258
0.152425
0.163048
0.169053
0.174625
0.175508
0.162606
0.161979
0.163288
0.161308
0.162961
0.163110
0.161798
0.162797
0.162307
0.163695
0.164873
0.164589
0.156200
0.162544
0.163869
0.163649
0.163547
0.164038
0.167644
0.160359
0.161780
0.162283
0.162452
0.164294
0.162455
0.161780
0.161940
0.163325
0.162992
0.151289
0.163863
0.163383
0.162544
0.162608
0.164541
0.164654
0.174426
0.170669
0.165708
0.161770
0.160161
0.164507
0.164383
0.162910
0.161665
0.161444
0.149914
0.163433
0.163600
0.163574
0.163418
0.163343
0.162231
0.163043
0.166761
0.167534
0.168240
0.169684
0.168472
0.167506
0.168898
0.171843
0.176610
0.169773
0.175085
0.170516
0.167394
0.162934
0.161963
0.163129
0.162863
0.163829
0.163931
0.164423
0.163077
0.162024
0.161250
0.163732
0.164398
0.162990
0.164543
0.154991
0.163360
0.165772
0.163762
0.163391
0.164099
0.163712
0.163855
0.167329
0.170771
0.170846
0.167080
0.161917
0.162251
0.163181
0.143698
0.163214
0.151193
0.161922
0.161147
0.164879
0.163618
0.163139
0.162651
0.162890
0.162512
0.163754
0.165675
0.164554
0.163897
0.166041
0.166217
0.165917
0.172472
0.169255
0.170667
0.171033
0.168844
0.162285
0.163166
0.164525
0.163143
0.163182
0.162313
0.162051
0.164442
0.164151
0.162804
0.163910
0.164533
0.165647
0.166834
0.139941
0.162406
0.163422
0.163728
0.163701
0.165601
0.163264
0.163670
0.164330
0.164742
0.166897
0.170604
0.169387
0.172848
0.176983
0.170803
0.168666
0.167573
0.162536
0.162763
0.165012
0.161877
0.162211
0.163213
0.162559
0.163263
0.163702
0.163662
0.163316
0.171017
0.169256
0.173152
0.176899
0.170270
0.164927
0.168232
0.165350
0.163168
0.163289
0.163080
0.163861
0.162575
0.161911
0.163023
0.162900
0.162302
0.162601
0.165112
0.163862
0.165615
0.166903
0.165921
0.154995
0.162358
0.164629
0.164224
0.164166
0.164501
0.163863
0.166013
0.165037
0.163947
0.166882
0.164138
0.164555
0.167166
0.169523
0.169832
0.169837
0.170325
0.155444
0.163632
0.164206
0.157918
0.164942
0.166034
0.164622
0.165427
0.165497
0.166656
0.166482
0.166190
0.165744
0.168107
0.165018
0.161428
0.164037
0.151815
0.163035
0.163237
0.162690
0.161829
0.162897
0.163911
0.163670
0.163156
0.162539
0.162784
0.163280
0.163310
0.163520
0.171419
0.173578
0.175208
0.170500
0.170329
0.166021
0.161543
0.162833
0.164236
0.163428
0.162721
0.163545
0.163180
0.163001
0.163644
0.162579
0.163116
0.161911
0.165724
0.166213
0.168480
0.157878
0.163041
0.163970
0.165922
0.164379
0.164889
0.164550
0.165795
0.164786
0.165192
0.165628
0.167360
0.167614
0.167755
0.166537
0.174736
0.172109
0.161612
0.174374
0.172478
0.167080
0.163990
0.161755
0.163747
0.164070
0.163034
0.163183
0.162332
0.161664
0.162523
0.163920
0.162485
0.162532
0.168540
0.170936
0.151849
0.163457
0.165235
0.163471
0.165676
0.165503
0.166059
0.167042
0.165862
0.165349
0.166186
0.166248
0.168406
0.166351
0.165878
0.166127
0.170490
0.163784
0.170693
0.167001
0.163455
0.163782
0.162913
0.163083
0.161177
0.164282
0.164368
0.164454
0.162718
0.162359
0.161389
0.162516
0.161690
0.165028
0.168334
0.174152
0.171016
0.165061
0.162865
0.161566
0.164485
0.163113
0.163870
0.163408
0.163383
0.162808
0.162794
0.163728
0.162514
0.163200
0.161974
0.164322
0.156482
0.164184
0.164003
0.164273
0.164955
0.165205
0.164753
0.164187
0.165340
0.163688
0.165036
0.162961
0.164705
0.166904
0.166403
0.164921
0.167195
0.167153
0.165414
0.166169
0.167009
0.168341
0.167234
0.167222
0.168562
0.166762
0.166495
0.166477
0.165078
0.168131
0.167638
0.166575
0.169297
0.168006
0.170280
0.170022
0.175836
0.170852
0.167913
0.162173
0.163826
0.165800
0.162452
0.162802
0.163500
0.163359
0.163192
0.164119
0.163805
0.163409
0.162182
0.162629
0.163664
0.149763
0.165115
0.164315
0.163714
0.164815
0.164191
0.165750
0.165344
0.165285
0.165554
0.165645
0.165697
0.166370
0.165180
0.167192
0.166666
0.165942
0.167646
0.154917
0.166023
0.163960
0.165802
0.166270
0.166144
0.167583
0.167020
0.167521
0.168326
0.167935
0.167847
0.168129
0.166713
0.168387
0.170107
0.169542
0.170265
0.144598
0.164342
0.164993
0.165191
0.165325
0.164348
0.165155
0.165542
0.167231
0.167199
0.167455
0.167889
0.167108
0.165460
0.168321
0.169266
0.168400
0.165025
0.159976
0.168291
0.167809
0.168034
0.167178
0.166732
0.166655
0.147808
0.162372
0.163732
0.165791
0.165164
0.165250
0.164186
0.164414
0.164221
0.165054
0.165228
0.134458
0.163727
0.163182
0.163222
0.164892
0.165303
0.165012
0.165011
0.164344
0.165479
0.165455
0.164138
0.166656
0.165607
0.165990
0.167514
0.165820
0.168840
0.166585
0.174106
0.174023
0.177975
0.177545
0.171997
0.168402
0.165030
0.164077
0.164008
0.164644
0.164068
0.163574
0.163113
0.163978
0.163183
0.163658
0.152886
0.163842
0.164447
0.164507
0.165110
0.164268
0.166346
0.167454
0.166033
0.169585
0.169417
0.169816
0.169683
0.167634
0.170332
0.169696
0.172054
0.172936
0.148140
0.164148
0.167347
0.168060
0.167916
0.167786
0.166483
0.168100
0.168495
0.169905
0.169860
0.170722
0.171203
0.169477
0.169612
0.172150
0.173158
0.174140
0.164036
0.168100
0.173286
0.178641
0.175578
0.171250
0.168236
0.163552
0.162926
0.164444
0.163845
0.163813
0.162659
0.164337
0.164125
0.163385
0.163176
0.133453
0.163440
0.162840
0.165084
0.162364
0.164937
0.164779
0.165194
0.164551
0.163937
0.166088
0.167092
0.166767
0.166293
0.167998
0.166232
0.168845
0.169807
0.110476
0.164442
0.163695
0.163732
0.163292
0.163121
0.164542
0.165593
0.167090
0.166947
0.168293
0.168161
0.167297
0.168039
0.167118
0.168110
0.168496
0.169098
0.151774
0.164877
0.165612
0.171844
0.172732
0.174308
0.178502
0.175954
0.172832
0.168886
0.162472
0.163254
0.163849
0.163444
0.164132
0.162854
0.161655
0.155584
0.164107
0.163806
0.163234
0.169598
0.174752
0.174974
0.177525
0.175688
0.169678
0.168495
0.162562
0.163360
0.164815
0.164185
0.162403
0.163862
0.143366
0.163317
0.164060
0.163212
0.164392
0.164852
0.164510
0.165130
0.166136
0.165642
0.166195
0.168439
0.168527
0.167235
0.166541
0.169840
0.169907
0.168760
0.130316
0.164740
0.164668
0.163072
0.163962
0.165361
0.165057
0.164841
0.165420
0.166272
0.166666
0.168601
0.167631
0.167443
0.168529
0.167448
0.168587
0.169616
0.152929
0.164752
0.165992
0.165232
0.166176
0.173189
0.172487
0.173648
0.178093
0.172605
0.172928
0.167459
0.164043
0.165499
0.162348
0.163910
0.164518
0.155182
0.163309
0.163671
0.164173
0.162549
0.163233
0.173198
0.173882
0.177980
0.176619
0.172264
0.169104
0.163903
0.163313
0.164079
0.163677
0.162851
0.139098
0.163781
0.162829
0.164076
0.163247
0.164157
0.163440
0.163744
0.163317
0.164355
0.165900
0.153391
0.162883
0.164166
0.165145
0.164866
0.166057
0.167605
0.161005
0.164747
0.164639
0.166942
0.166876
0.167480
0.167472
0.169333
0.169612
0.175026
0.179513
0.177641
0.172176
0.168934
0.163191
0.163632
0.164338
0.153384
0.164029
0.163708
0.163766
0.162164
0.163295
0.164409
0.164060
0.165157
0.163029
0.163355
0.164644
0.166237
0.165476
0.164452
0.164888
0.166569
0.168795
0.150084
0.162856
0.163952
0.165690
0.166856
0.166026
0.165791
0.165696
0.167300
0.169085
0.168270
0.171792
0.171262
0.169890
0.167652
0.169035
0.171836
0.179117
0.159845
0.167105
0.168044
0.167699
0.167202
0.168311
0.170535
0.169223
0.171746
0.174762
0.170131
0.176011
0.174476
0.174351
0.170035
0.166769
0.163215
0.151630
0.170599
0.164785
0.164164
0.162137
0.164455
0.165818
0.164071
0.163730
0.165102
0.164211
0.163879
0.165418
0.163831
0.166134
0.164583
0.167625
0.168246
0.162591
0.165274
0.165907
0.165097
0.165738
0.165857
0.171402
0.172287
0.173181
0.168439
0.163252
0.164198
0.162762
0.163988
0.165037
0.164704
0.163995
0.145816
0.164560
0.163378
0.164441
0.163143
0.163013
0.164988
0.165236
0.164788
0.165652
0.170224
0.171069
0.171205
0.176661
0.178358
0.174185
0.172305
0.163823
0.170698
0.165850
0.163577
0.163529
0.164029
0.163618
0.164623
0.164167
0.163415
0.162930
0.170847
0.171792
0.171765
0.170156
0.169450
0.176408
0.175021
0.176969
0.174737
0.168311
0.164078
0.162962
0.163901
0.163810
0.164414
0.163661
0.162803
0.163636
0.165336
0.163620
0.166538
0.165046
0.173936
0.173893
0.155539
0.165387
0.164575
0.164966
0.165732
0.164684
0.164916
0.165592
0.165623
0.165704
0.167955
0.169389
0.168450
0.172481
0.173854
0.173797
0.178074
0.174055
0.176569
0.173184
0.168159
0.162956
0.161708
0.163424
0.164248
0.163396
0.163834
0.163393
0.163922
0.164861
0.166056
0.165382
0.165200
0.166143
0.164674
0.158915
0.164283
0.165981
0.165060
0.164953
0.166245
0.166041
0.166615
0.168217
0.168325
0.167856
0.168439
0.168335
0.173845
0.172784
0.169112
0.163760
0.154185
0.165297
0.162896
0.165284
0.163625
0.164131
0.164154
0.163721
0.163997
0.164706
0.163950
0.163599
0.163396
0.164808
0.167682
0.168755
0.169955
0.170589
0.165169
0.168227
0.167220
0.169552
0.169261
0.169775
0.169337
0.168131
0.169373
0.171412
0.170978
0.171590
0.172170
0.168902
0.161052
0.163469
0.164065
0.153168
0.164136
0.163877
0.162958
0.164281
0.163162
0.163687
0.164082
0.164343
0.162646
0.163174
0.164313
0.164075
0.164848
0.166229
0.170759
0.168286
0.163075
0.164263
0.164180
0.164587
0.163437
0.163070
0.164750
0.164046
0.163283
0.164195
0.163443
0.164091
0.163071
0.166095
0.166586
0.165656
0.171390
0.169487
0.157542
0.164112
0.165576
0.165614
0.166143
0.167343
0.166189
0.166718
0.166953
0.166110
0.166185
0.167529
0.168140
0.167219
0.167728
0.167106
0.174196
0.179091
0.173457
0.179474
0.178203
0.174168
0.170149
0.162284
0.163145
0.164948
0.165233
0.163037
0.161235
0.162102
0.163711
0.163137
0.163542
0.164099
0.165138
0.165533
0.165243
0.165222
0.164380
0.164607
0.165036
0.166037
0.165037
0.164501
0.165187
0.166108
0.166036
0.164479
0.166037
0.165115
0.160035
0.165088
0.165945
0.147837
0.163678
0.165015
0.165511
0.165068
0.164788
0.165175
0.165309
0.166928
0.167808
0.165196
0.165838
0.166018
0.165593
0.165802
0.165165
0.165657
0.172770
0.176495
0.173212
0.170841
0.167021
0.163545
0.163244
0.161796
0.163568
0.163488
0.163224
0.162485
0.162461
0.163517
0.163461
0.164710
0.162950
0.163125
0.174872
0.173479
0.178516
0.174414
0.173585
0.170887
0.168840
0.164990
0.165132
0.163786
0.163798
0.164283
0.162958
0.162497
0.163836
0.164411
0.163685
0.135189
0.164994
0.163208
0.164114
0.164197
0.165037
0.164130
0.163158
0.163791
0.165160
0.165288
0.166929
0.165994
0.165758
0.164961
0.165999
0.166437
0.166056
0.159167
0.163565
0.165628
0.165473
0.165876
0.165494
0.165434
0.166029
0.165146
0.166384
0.166813
0.166543
0.165439
0.165878
0.165042
0.165308
0.165968
0.155148
0.139123
0.164088
0.164605
0.164453
0.165526
0.166210
0.166094
0.166180
0.165835
0.166180
0.164774
0.165096
0.165144
0.167376
0.165670
0.165771
0.166808
0.167910
0.139253
0.164746
0.165908
0.165091
0.166296
0.166412
0.165241
0.165903
0.165379
0.165959
0.164658
0.165387
0.164542
0.166415
0.165570
0.166209
0.166370
0.165469
0.127430
0.165200
0.163952
0.163888
0.164336
0.164940
0.165086
0.166428
0.165152
0.166114
0.165437
0.165714
0.165918
0.165399
0.166339
0.165176
0.165095
0.165724
0.154802
0.166949
0.167433
0.167405
0.166769
0.166484
0.167416
0.167792
0.167114
0.166577
0.166642
0.167200
0.166289
0.167824
0.168441
0.166951
0.167238
0.168124
0.162903
0.162345
0.165376
0.166417
0.164918
0.164980
0.165982
0.166507
0.165165
0.165628
0.164972
0.166120
0.165967
0.165918
0.166262
0.165941
0.165926
0.165442
0.145802
0.172261
0.170466
0.170115
0.171421
0.170675
0.170027
0.171763
0.172582
0.174207
0.175370
0.175999
0.176039
0.177371
0.172037
0.179399
0.177929
0.170386
0.173347
0.163539
0.163152
0.163577
0.165161
0.165735
0.164707
0.162827
0.162821
0.163768
0.164310
0.164452
0.163143
0.162794
0.162622
0.166764
0.165251
0.132957
0.163585
0.163884
0.164431
0.164699
0.167112
0.166986
0.165820
0.165928
0.166201
0.165970
0.166190
0.164825
0.166045
0.164702
0.164904
0.165368
0.166391
0.137549
0.163610
0.166808
0.165729
0.167030
0.165142
0.166651
0.165228
0.165859
0.166533
0.166075
0.165915
0.166002
0.165264
0.164434
0.173252
0.173073
0.171325
0.160086
0.164188
0.169877
0.171511
0.170519
0.168797
0.169368
0.171402
0.171410
0.169106
0.172299
0.169030
0.170844
0.168832
0.170462
0.169779
0.171536
0.170544
0.165098
0.167339
0.179903
0.174084
0.171689
0.171332
0.167582
0.163810
0.165704
0.163695
0.163065
0.164075
0.162848
0.164592
0.164460
0.164757
0.165369
0.133976
0.163511
0.163489
0.164879
0.164214
0.165485
0.163741
0.162949
0.165321
0.164741
0.166115
0.165144
0.165905
0.166133
0.165700
0.166375
0.165372
0.166083
0.159001
0.164915
0.165099
0.167917
0.169453
0.168001
0.167714
0.168808
0.168061
0.167905
0.167886
0.169129
0.168860
0.169170
0.168181
0.167424
0.168567
0.166981
0.157537
0.165392
0.165964
0.166779
0.167583
0.167853
0.166707
0.165134
0.165037
0.166340
0.166038
0.165171
0.164960
0.165596
0.169766
0.169519
0.167927
0.167719
0.131429
0.163319
0.163187
0.163588
0.162671
0.163181
0.164391
0.165102
0.165840
0.165297
0.166548
0.166015
0.164904
0.164817
0.166121
0.165718
0.164003
0.166239
0.153487
0.163260
0.139527
0.167135
0.165106
0.165661
0.165413
0.165715
0.166159
0.165569
0.165561
0.172306
0.169197
0.169992
0.171550
0.170153
0.171569
0.172409
0.155983
0.164800
0.164196
0.172577
0.171489
0.174427
0.178864
0.176581
0.173205
0.171015
0.166999
0.162724
0.159029
0.163987
0.165074
0.165256
0.162856
0.144672
0.163019
0.163586
0.164776
0.164890
0.164296
0.163486
0.163477
0.164975
0.163237
0.164441
0.162954
0.163854
0.166314
0.164749
0.166348
0.164801
0.165156
0.143945
0.163987
0.163182
0.164135
0.168943
0.154334
0.163149
0.165226
0.165152
0.166329
0.166446
0.165213
0.165623
0.164728
0.167219
0.165752
0.173152
0.170998
0.134171
0.164151
0.162768
0.164225
0.164654
0.164526
0.163350
0.163872
0.165808
0.164215
0.165823
0.165187
0.165500
0.165456
0.164900
0.164269
0.165031
0.166017
0.103878
0.162730
0.163333
0.163752
0.164104
0.162419
0.162581
0.162630
0.163314
0.161910
0.164300
0.163409
0.164111
0.165328
0.165250
0.165535
0.165098
0.165670
0.160908
0.163796
0.165461
0.165364
0.168383
0.170245
0.170425
0.170180
0.170408
0.170152
0.171250
0.169906
0.170065
0.171033
0.169818
0.151154
0.162829
0.163007
0.150917
0.162991
0.166089
0.165457
0.174027
0.176673
0.173358
0.170418
0.164787
0.163293
0.162498
0.163542
0.162641
0.162927
0.162011
0.162101
0.162100
0.134282
0.162664
0.163036
0.161665
0.161966
0.163617
0.162208
0.162549
0.164019
0.162636
0.163103
0.142326
0.161985
0.163177
0.162037
0.163433
0.162753
0.162580
0.151240
0.163191
0.163348
0.162016
0.163435
0.167903
0.168131
0.166324
0.165765
0.166143
0.164592
0.165177
0.166523
0.165107
0.165275
0.164053
0.165058
0.165879
0.134032
0.162057
0.162841
0.161684
0.162732
0.170358
0.170598
0.169310
0.170109
0.170513
0.171132
0.170557
0.168949
0.166829
0.168195
0.168630
0.167332
0.167423
0.149073
0.163248
0.162077
0.164379
0.166622
0.170048
0.166141
0.166456
0.168155
0.164893
0.165077
0.164359
0.163971
0.165388
0.165232
0.165494
0.165730
0.165677
0.152874
0.161384
0.164540
0.163897
0.164533
0.166903
0.166716
0.165420
0.166086
0.164573
0.164999
0.164295
0.165203
0.166085
0.164965
0.165394
0.165550
0.165915
0.144881
0.162900
0.162712
0.160597
0.164871
0.171187
0.167795
0.167473
0.169045
0.167259
0.168038
0.168111
0.167488
0.166839
0.167720
0.165936
0.168068
0.167348
0.136511
0.161139
0.162097
0.162647
0.161036
0.164037
0.164507
0.164356
0.163133
0.162694
0.164037
0.163107
0.163036
0.164135
0.164205
0.162021
0.161259
0.164241
0.120026
0.160951
0.162144
0.163036
0.162522
0.163135
0.163036
0.162297
0.162115
0.163225
0.163036
0.163207
0.163164
0.165164
0.164253
0.162112
0.163188
0.165037
0.130028
0.163037
0.163265
0.163231
0.162036
0.166036
0.165527
0.164643
0.164403
0.165306
0.165330
0.162987
0.164207
0.165868
0.163812
0.164467
0.165742
0.165172
0.158352
0.162413
0.164674
0.165623
0.166613
0.178344
0.176807
0.176034
0.171038
0.173146
0.168151
0.160738
0.161372
0.162036
0.162139
0.163096
0.163120
0.144210
0.162143
0.163139
0.165055
0.162036
0.159127
0.162361
0.160844
0.162489
0.164279
0.129766
0.163186
0.163767
0.162664
0.163323
0.163489
0.161607
0.164661
0.156715
0.163573
0.164551
0.166292
0.166548
0.166466
0.171329
0.170755
0.171464
0.171561
0.167716
0.171684
0.172183
0.171439
0.169295
0.169389
0.168264
0.170793
0.160388
0.164879
0.165403
0.165277
0.165446
0.166411
0.171764
0.175422
0.180630
0.177238
0.173351
0.170910
0.162027
0.161996
0.164496
0.165188
0.163036
0.139954
0.161088
0.163436
0.164253
0.163545
0.165464
0.165321
0.164826
0.161937
0.164037
0.164267
0.164793
0.166409
0.166468
0.165398
0.166139
0.164997
0.166231
0.137882
0.161983
0.163823
0.163193
0.163513
0.164935
0.164859
0.169152
0.172173
0.172745
0.170317
0.172099
0.171195
0.171122
0.170485
0.168460
0.170033
0.168308
0.160928
0.165597
0.165076
0.165102
0.167326
0.164450
0.166506
0.174430
0.176849
0.174822
0.178599
0.174957
0.171067
0.169329
0.164327
0.163180
0.164631
0.145204
0.163148
0.163217
0.162759
0.162654
0.164071
0.162954
0.162602
0.168602
0.166969
0.164767
0.166289
0.165815
0.165770
0.164807
0.164936
0.166234
0.165486
0.144506
0.164381
0.162925
0.162925
0.163989
0.163843
0.166116
0.165512
0.169567
0.175812
0.177196
0.172082
0.168868
0.162772
0.165751
0.163963
0.161426
0.159876
0.163599
0.161379
0.161388
0.164552
0.163086
0.163460
0.163456
0.163745
0.162173
0.162725
0.164231
0.163780
0.164279
0.166514
0.164839
0.170809
0.170739
0.156513
0.165190
0.165919
0.166573
0.164436
0.165713
0.164971
0.165643
0.164343
0.175168
0.176241
0.175079
0.171591
0.166474
0.161841
0.162676
0.162607
0.147444
0.163998
0.162177
0.162954
0.163277
0.162960
0.163470
0.163838
0.163884
0.162377
0.164193
0.163230
0.162266
0.162700
0.164502
0.166621
0.165918
0.165996
0.150723
0.162324
0.162533
0.164870
0.165022
0.165930
0.166316
0.167261
0.167348
0.168482
0.181041
0.178465
0.172834
0.166518
0.164680
0.163145
0.162065
0.143648
0.165864
0.163591
0.162463
0.162382
0.165220
0.164111
0.164142
0.163129
0.165474
0.163402
0.168545
0.167691
0.167610
0.169476
0.167521
0.168477
0.168792
0.132433
0.164127
0.162202
0.162214
0.166879
0.164425
0.165117
0.166528
0.166469
0.166535
0.166606
0.174733
0.176956
0.165362
0.170385
0.168459
0.171391
0.170131
0.149812
0.166417
0.163976
0.165839
0.167011
0.167539
0.168067
0.165776
0.169078
0.168202
0.169951
0.167351
0.163732
0.164687
0.163916
0.162375
0.164501
0.142418
0.166146
0.162615
0.162027
0.164404
0.161780
0.163850
0.163809
0.164741
0.163258
0.164639
0.165266
0.170065
0.170436
0.168380
0.170231
0.167969
0.167496
0.153052
0.165746
0.165169
0.166238
0.165774
0.166541
0.166713
0.165514
0.169467
0.169383
0.169389
0.170481
0.177263
0.176660
0.180875
0.181316
0.179868
0.170488
0.175530
0.171090
0.165679
0.162402
0.163445
0.164044
0.162769
0.163383
0.160407
0.161589
0.163017
0.164165
0.162918
0.164361
0.161874
0.163383
0.163082
0.136086
0.162953
0.162619
0.163631
0.163104
0.163575
0.163750
0.166974
0.167099
0.168115
0.167462
0.167664
0.165311
0.168300
0.167199
0.168006
0.167710
0.168075
0.147873
0.162905
0.162057
0.164105
0.164467
0.164529
0.166128
0.165034
0.163617
0.165832
0.165259
0.166218
0.166285
0.168479
0.171672
0.170734
0.171716
0.173223
0.151296
0.163879
0.165589
0.165967
0.169213
0.168300
0.164112
0.165217
0.165481
0.166093
0.169255
0.168905
0.170483
0.170070
0.163038
0.163628
0.162218
0.156482
0.164379
0.164036
0.164458
0.162965
0.163683
0.163432
0.164896
0.163583
0.161592
0.164073
0.162582
0.163853
0.166380
0.169040
0.169386
0.168715
0.169048
0.143712
0.161706
0.162699
0.163379
0.163832
0.165998
0.166889
0.166309
0.167176
0.166934
0.165363
0.165743
0.166887
0.168402
0.179819
0.178892
0.175472
0.171211
0.174519
0.168941
0.166213
0.166084
0.165525
0.168448
0.166937
0.163293
0.163343
0.163193
0.163110
0.165587
0.164493
0.146420
0.167639
0.166949
0.166178
0.151558
0.163952
0.164172
0.164503
0.165383
0.165909
0.165265
0.165341
0.165763
0.165336
0.165286
0.165201
0.166969
0.170551
0.170277
0.169391
0.164396
0.153296
0.164736
0.164557
0.165431
0.164509
0.162641
0.162465
0.163137
0.163775
0.163400
0.163626
0.163836
0.164391
0.163800
0.168497
0.169630
0.184031
0.174850
0.177039
0.175234
0.170278
0.167830
0.162691
0.162590
0.163769
0.163567
0.163620
0.163244
0.161142
0.162181
0.163033
0.164139
0.162119
0.163977
0.166301
0.146993
0.164542
0.162168
0.163885
0.164568
0.168569
0.169434
0.167215
0.164970
0.164817
0.165458
0.165338
0.168401
0.165316
0.165837
0.165881
0.169885
0.158312
0.143973
0.164466
0.162315
0.162731
0.162601
0.163408
0.165317
0.164775
0.165742
0.166083
0.170087
0.171767
0.166613
0.165344
0.167311
0.165894
0.166297
0.163136
0.177890
0.174575
0.170506
0.166144
0.165297
0.164779
0.163274
0.163162
0.161938
0.164764
0.163955
0.164645
0.163835
0.163630
0.164355
0.164545
0.162907
0.169793
0.171531
0.171392
0.170871
0.171999
0.172407
0.172599
0.171274
0.172805
0.171752
0.172891
0.169537
0.171446
0.170046
0.167830
0.168529
0.169753
0.167872
0.156184
0.165590
0.166592
0.166530
0.165582
0.166813
0.166336
0.165469
0.165777
0.166631
0.166672
0.166741
0.166297
0.167835
0.169290
0.168677
0.169016
0.170163
0.170832
0.171007
0.171539
0.171829
0.171127
0.171409
0.172220
0.171477
0.173756
0.172466
0.170912
0.172329
0.168657
0.171894
0.170700
0.169522
0.169911
0.173181
0.163554
0.170145
0.170763
0.171584
0.171728
0.171864
0.171704
0.172436
0.172672
0.169496
0.172443
0.170813
0.175467
0.176773
0.179651
0.173836
0.172836
0.169208
0.165778
0.164175
0.166346
0.164081
0.163891
0.164789
0.163723
0.163812
0.165128
0.165576
0.165277
0.165339
0.165622
0.166163
0.167472
0.168263
0.169001
0.156025
0.168386
0.166301
0.165519
0.166830
0.165113
0.165929
0.167314
0.167602
0.167435
0.170479
0.171237
0.172491
0.171927
0.170120
0.169270
0.168074
0.168943
0.157097
0.168510
0.171251
0.171538
0.171606
0.173831
0.175610
0.174998
0.171903
0.172558
0.172233
0.171961
0.171232
0.172904
0.173039
0.170556
0.176662
0.171811
0.139133
0.166333
0.166442
0.166600
0.169929
0.171167
0.166829
0.166674
0.145651
0.164479
0.163790
0.164899
0.316741
0.332174
0.347752
0.309265
0.323887
0.236624
0.172599
0.176372
0.172055
0.169383
0.164554
0.163745
0.165491
0.164139
0.163409
0.164002
0.164530
0.161794
0.166748
0.163764
0.092013
0.076903
0.075727
0.076376
0.072761
0.075580
0.073195
0.075969
0.078172
0.085812
0.082136
0.077017
0.081508
0.163036
0.084019
0.083018
0.082739
0.084414
0.085340
0.077303
0.078288
0.078149
0.079018
0.083019
0.081018
0.076784
0.077459
0.078377
0.073016
0.073241
0.072547
0.072759
0.073669
0.074600
0.084696
0.071680
0.077250
0.077667
0.074397
0.075512
0.073716
0.087165
0.071068
0.074826
0.074795
0.081716
0.072500
0.070946
0.071575
0.071952
0.071965
0.073899
0.071953
0.071980
0.071993
0.072673
0.071306
0.071762
0.073016
0.071017
0.073714
0.071234
0.070658
0.071690
0.072056
0.073625
0.072276
0.071108
0.074898
0.072531
0.088938
0.072222
0.071820
0.072639
0.073636
0.072113
0.072280
0.071042
0.073029
0.077560
0.071930
0.078286
0.070639
0.072565
0.071687
0.073027
0.072960
0.072161
0.072017
0.072232
0.076828
0.089627
0.072016
0.071227
0.071956
0.071231
0.071134
0.072042
0.072016
0.071726
0.073715
0.076641
0.072588
0.073183
0.072016
0.072091
0.071258
0.072016
0.072640
0.072077
0.073533
0.072016
0.073015
0.070025
0.077288
0.072867
0.072255
0.072129
0.076362
0.077733
0.073041
0.074111
0.072018
0.077533
0.071638
0.071016
0.072017
0.073730
0.073867
0.078018
0.092054
0.087220
0.139344
0.156034
0.154137
0.128376
0.156034
0.130913
0.145440
0.131327
0.155035
0.156076
0.155035
0.157035
0.158035
0.155139
0.155034
0.157035
0.155275
0.130027
0.133029
0.173038
0.179177
0.148032
0.114025
0.156034
0.156034
0.157035
0.154071
0.156034
0.156034
0.155034
0.155034
0.160035
0.160060
0.162036
0.163036
0.157035
0.156253
0.147032
0.157035
0.156034
0.155056
0.159035
0.161035
0.162035
0.164036
0.163412
0.162038
0.163036
0.164036
0.156035
0.156035
0.156834
0.155332
0.156419
0.156034
0.140492
0.161073
0.156157
0.174316
0.176039
0.169037
0.164036
0.160035
0.138220
0.157034
0.156034
0.157643
0.155034
0.156034
0.155307
0.156035
0.158035
0.159133
0.156120
0.153033
0.155035
0.155034
0.156083
0.156488
0.156034
0.156034
0.157390
0.156034
0.156571
0.156034
0.157034
0.156034
0.156827
0.156450
0.160035
0.157034
0.156534
0.152033
0.156428
0.157134
0.155226
0.156034
0.157034
0.156534
0.156034
0.155063
0.156088
0.156223
0.156537
0.157035
0.155034
0.156034
0.157498
0.154095
0.155547
0.139030
0.155034
0.156448
0.158035
0.162041
0.160035
0.162109
0.162035
0.163037
0.163768
0.164036
0.163625
0.163035
0.163035
0.163206
0.157724
0.155570
0.156034
0.143031
0.155773
0.155048
0.155034
0.156034
0.155703
0.157034
0.156034
0.155143
0.156276
0.155034
0.157035
0.157034
0.157095
0.159076
0.156034
0.160488
0.162035
0.158516
0.171344
0.171038
0.168576
0.167453
0.164072
0.162215
0.164036
0.162956
0.162036
0.161035
0.161080
0.162067
0.157034
0.154033
0.158201
0.156272
0.156034
0.133767
0.157034
0.157034
0.156034
0.157135
0.156297
0.156034
0.158456
0.158035
0.157033
0.157434
0.157033
0.157035
0.157035
0.159035
0.165337
0.161291
0.159035
0.150093
0.158035
0.160374
0.158271
0.158034
0.157034
0.158034
0.158035
0.159035
0.158291
0.159166
0.158035
0.157034
0.158037
0.158035
0.177042
0.180040
0.179039
0.144032
0.158034
0.157336
0.158034
0.158035
0.159883
0.158034
0.157548
0.157035
0.158064
0.157518
0.158035
0.157034
0.157034
0.158035
0.169038
0.164115
0.162499
0.141094
0.158578
0.159034
0.161035
0.159426
0.159035
0.160469
0.160034
0.159035
0.159034
0.159086
0.159035
0.158701
0.158128
0.158194
0.176179
0.180133
0.180039
0.172038
0.169421
0.166036
0.163036
0.160035
0.165036
0.178039
0.177040
0.176037
0.177117
0.179039
0.179039
0.175037
0.177130
0.180039
0.164036
0.160035
0.145032
0.158035
0.158035
0.160035
0.159035
0.160035
0.160035
0.162035
0.162036
0.161035
0.156391
0.175733
0.174038
0.174038
0.168037
0.169480
0.161339
0.159035
0.142032
0.164338
0.163122
0.163108
0.161476
0.161036
0.162036
0.161035
0.162036
0.160740
0.161035
0.162036
0.163036
0.162035
0.162102
0.162035
0.161036
0.161035
0.152426
0.162035
0.162036
0.162508
0.161035
0.159310
0.172458
0.170038
0.166036
0.165221
0.163281
0.162036
0.162036
0.162036
0.162035
0.161738
0.162036
0.160095
0.143031
0.179039
0.181041
0.177039
0.176039
0.179036
0.179093
0.180119
0.179039
0.179102
0.179039
0.179039
0.179554
0.176038
0.180110
0.179158
0.179039
0.179039
0.175039
0.179038
0.179040
0.181088
0.178038
0.179039
0.180039
0.180143
0.180040
0.179057
0.160034
0.160360
0.160244
0.160035
0.160034
0.160035
0.161035
0.161035
0.144865
0.160036
0.160035
0.160010
0.160035
0.160035
0.160035
0.160122
0.160035
0.158139
0.160035
0.160035
0.162037
0.159528
0.159035
0.160035
0.160669
0.160539
0.148032
0.159034
0.159035
0.161053
0.160035
0.160035
0.160037
0.159034
0.159511
0.160035
0.161294
0.159506
0.160036
0.160035
0.160035
0.160035
0.161035
0.161264
0.153199
0.160036
0.160783
0.159034
0.160035
0.161036
0.160088
0.158430
0.160111
0.166037
0.162036
0.160035
0.162035
0.161119
0.161923
0.162147
0.162099
0.161189
0.132138
0.161036
0.161036
0.160035
0.161036
0.159588
0.160035
0.162036
0.163036
0.161036
0.161448
0.162035
0.161162
0.159491
0.161036
0.162036
0.167047
0.163036
0.117471
0.161035
0.162035
0.161100
0.157035
0.162036
0.161036
0.160519
0.161035
0.163482
0.160035
0.161355
0.161599
0.160035
0.160270
0.161035
0.172038
0.169037
0.160471
0.164036
0.143337
0.162036
0.161035
0.161103
0.162036
0.160594
0.161035
0.163036
0.160428
0.161195
0.160851
0.161320
0.161411
0.162036
0.168037
0.170153
0.159495
0.163046
0.161794
0.161124
0.161284
0.161036
0.161035
0.162036
0.162087
0.162036
0.162036
0.162036
0.161035
0.159035
0.160108
0.162341
0.166229
0.166251
0.159037
0.161057
0.161036
0.162035
0.161372
0.162035
0.162104
0.161036
0.161036
0.160079
0.160035
0.161179
0.161035
0.161770
0.160035
0.161136
0.163055
0.162035
0.149033
0.161886
0.162036
0.161110
0.162035
0.161083
0.161229
0.162463
0.162035
0.162035
0.161765
0.160825
0.162176
0.160650
0.161036
0.161260
0.162163
0.162035
0.151033
0.162036
0.160938
0.161633
0.162035
0.162116
0.160035
0.168037
0.169037
0.167300
0.165470
0.169093
0.167160
0.165036
0.136127
0.161057
0.167531
0.164093
0.158451
0.161036
0.162153
0.162035
0.161035
0.162464
0.161455
0.162434
0.161035
0.144354
0.161244
0.161035
0.162036
0.161154
0.160035
0.160035
0.162035
0.160035
0.148285
0.162035
0.161182
0.161311
0.161035
0.161035
0.160082
0.161036
0.161035
0.162182
0.161091
0.161360
0.162036
0.160583
0.160184
0.162036
0.177039
0.177754
0.177039
0.175038
0.169036
0.166410
0.165144
0.165036
0.164036
0.162520
0.162371
0.162401
0.161035
0.161035
0.161636
0.161035
0.140395
0.160271
0.161035
0.159877
0.146032
0.161036
0.162371
0.160035
0.161035
0.161036
0.162035
0.161130
0.161036
0.160035
0.161035
0.160036
0.162036
0.160768
0.160035
0.161035
0.162261
0.161035
0.155034
0.160280
0.160035
0.161068
0.160035
0.161035
0.161036
0.162037
0.161035
0.161036
0.161036
0.172085
0.168335
0.167037
0.165134
0.164175
0.178039
0.181040
0.163516
0.165310
0.171037
0.168240
0.168039
0.165036
0.165414
0.162043
0.161034
0.161292
0.161036
0.161336
0.161516
0.161035
0.161036
0.160035
0.164451
0.162035
0.151035
0.161035
0.161036
0.160530
0.161034
0.162036
0.160035
0.161035
0.160077
0.160035
0.159035
0.160035
0.160171
0.160035
0.161035
0.161035
0.167090
0.163036
0.157035
0.161790
0.160035
0.160304
0.160209
0.161036
0.160353
0.161925
0.160471
0.160426
0.159035
0.161189
0.159130
0.159621
0.159035
0.161048
0.164105
0.163054
0.151033
0.162035
0.161035
0.161371
0.159971
0.160062
0.159035
0.161079
0.162036
0.160586
0.161035
0.160582
0.161036
0.161035
0.160349
0.160831
0.166252
0.164038
0.157035
0.162035
0.166037
0.165076
0.163334
0.162416
0.161115
0.162035
0.163037
0.167037
0.165097
0.164055
0.163670
0.162296
0.142761
0.159111
0.162036
0.162036
0.148032
0.160424
0.162037
0.165036
0.164036
0.163036
0.163036
0.162036
0.161506
0.161478
0.161302
0.161236
0.159036
0.161035
0.162723
0.163036
0.180119
0.182349
0.169037
0.169037
0.166344
0.166036
0.164299
0.164289
0.161036
0.161106
0.161035
0.159763
0.161035
0.161035
0.162035
0.162609
0.162036
0.161035
0.164036
0.163036
0.152821
0.161175
0.161035
0.160487
0.160324
0.160410
0.160034
0.160457
0.161055
0.160035
0.160640
0.161922
0.160175
0.160377
0.161426
0.162075
0.165036
0.163124
0.155034
0.160682
0.161488
0.161043
0.161036
0.161116
0.161035
0.161231
0.162036
0.162373
0.162237
0.162220
0.163190
0.161786
0.161035
0.161035
0.167251
0.165139
0.092117
0.163251
0.162035
0.163106
0.162035
0.162411
0.162035
0.163534
0.162363
0.163099
0.163036
0.163425
0.163036
0.162035
0.162057
0.164036
0.163036
0.163212
0.156976
0.162054
0.171460
0.166036
0.164244
0.166038
0.165036
0.160515
0.161036
0.161253
0.163449
0.164036
0.164035
0.160407
0.159243
0.161088
0.168039
0.165325
0.148557
0.158494
0.161478
0.164036
0.164036
0.164036
0.165036
0.165036
0.164036
0.164037
0.164036
0.165036
0.163276
0.161035
0.161036
0.161035
0.165054
0.164286
0.155672
0.159770
0.161514
0.168076
0.165036
0.164114
0.163036
0.162035
0.163157
0.163035
0.163036
0.164321
0.162688
0.161147
0.161196
0.163930
0.165229
0.162096
0.151057
0.159034
0.159035
0.161102
0.161872
0.159909
0.159160
0.165036
0.165194
0.165036
0.161036
0.162188
0.161132
0.161335
0.163749
0.163117
0.181039
0.182104
0.177039
0.180081
0.182039
0.178038
0.179039
0.178041
0.180040
0.175039
0.179039
0.175113
0.179107
0.179296
0.179039
0.177039
0.178039
0.178039
0.180039
0.156058
0.175040
0.170037
0.168039
0.165780
0.164491
0.161035
0.161100
0.162036
0.160777
0.161036
0.161169
0.163036
0.162036
0.161035
0.162038
0.161144
0.163035
0.145105
0.162035
0.161035
0.163090
0.161294
0.162269
0.162035
0.160992
0.161036
0.162192
0.162035
0.162255
0.162035
0.161035
0.162427
0.162381
0.161035
0.163360
0.143551
0.171309
0.168231
0.165036
0.164120
0.162889
0.162036
0.163036
0.162036
0.161144
0.161035
0.163038
0.161544
0.162179
0.161035
0.162036
0.161035
0.164214
0.157035
0.161036
0.161036
0.161036
0.162035
0.162662
0.161035
0.160035
0.162035
0.163000
0.162035
0.161158
0.162052
0.162035
0.162035
0.163036
0.162035
0.162220
0.146032
0.164036
0.162036
0.161035
0.161036
0.162035
0.162234
0.162603
0.160035
0.162113
0.161148
0.162036
0.162035
0.163036
0.162036
0.163114
0.161035
0.164890
0.162036
0.162036
0.163036
0.162388
0.162235
0.163036
0.162035
0.162709
0.162520
0.162035
0.162036
0.182150
0.177039
0.175269
0.178345
0.179040
0.180037
0.161967
0.171140
0.178353
0.172038
0.166106
0.166036
0.162036
0.164036
0.160035
0.160037
0.160035
0.159035
0.160802
0.160035
0.159036
0.160035
0.160845
0.159035
0.156405
0.164368
0.164036
0.164309
0.160103
0.160241
0.160035
0.162035
0.162035
0.162035
0.160377
0.160426
0.160036
0.161036
0.160133
0.161391
0.161035
0.140041
0.141031
0.160035
0.142299
0.162036
0.144032
0.161123
0.161116
0.160035
0.160035
0.162035
0.161260
0.160036
0.160148
0.160734
0.162036
0.160035
0.161035
0.162035
0.141684
0.162124
0.160035
0.160201
0.162035
0.159035
0.161084
0.160035
0.160035
0.161152
0.160260
0.161035
0.161036
0.163432
0.161036
0.160229
0.161109
0.163036
0.155639
0.162143
0.161035
0.160035
0.161036
0.160035
0.140050
0.162170
0.160129
0.160035
0.160035
0.161035
0.160035
0.161255
0.160753
0.161036
0.160726
0.160035
0.147033
0.161035
0.161035
0.161035
0.160035
0.159044
0.166346
0.163086
0.164036
0.162035
0.161036
0.160151
0.161035
0.161036
0.161035
0.162342
0.163036
0.161646
0.148032
0.160035
0.164036
0.164035
0.164036
0.164579
0.164099
0.163237
0.163036
0.164036
0.164204
0.164036
0.163037
0.164036
0.164528
0.165036
0.164105
0.164036
0.157331
0.168037
0.167315
0.170037
0.168038
0.163036
0.161644
0.160200
0.160035
0.160035
0.160008
0.161078
0.159689
0.289856
0.348078
0.331378
0.359827
0.334775
0.315066
0.335427
0.310215
0.182034
0.157034
0.157037
0.157321
0.153034
0.154034
0.155143
0.154506
0.154279
0.158229
0.158035
0.159266
0.156334
0.150146
0.152033
0.176037
0.178059
0.180038
0.178039
0.179038
0.174546
0.175103
0.176039
0.179039
0.179039
0.180041
0.180037
0.176039
0.175038
0.175038
0.179039
0.180039
0.178039
0.171402
0.168776
0.167089
0.162422
0.163249
0.163035
0.161818
0.160035
0.160035
0.160034
0.160518
0.160036
0.160037
0.161035
0.160035
0.159108
0.159832
0.157614
0.159035
0.162035
0.159035
0.159034
0.160172
0.161035
0.160035
0.160037
0.159035
0.159483
0.160035
0.161037
0.160523
0.159143
0.159918
0.159291
0.160520
0.104662
0.161035
0.159679
0.160037
0.160036
0.161035
0.161121
0.160398
0.159071
0.160354
0.161035
0.161035
0.160235
0.158035
0.159152
0.159035
0.160136
0.159035
0.143400
0.161037
0.161035
0.159035
0.158484
0.159035
0.159684
0.160108
0.159296
0.159035
0.159034
0.159035
0.161350
0.161036
0.160333
0.161328
0.161109
0.160035
0.150033
0.160563
0.161542
0.161035
0.159078
0.161035
0.162050
0.161036
0.160524
0.162035
0.161034
0.161608
0.178040
0.178213
0.178039
0.170086
0.167036
0.157035
0.179039
0.179037
0.176039
0.174038
0.176039
0.177039
0.176040
0.175039
0.171186
0.168192
0.164204
0.160181
0.161035
0.161035
0.161036
0.161035
0.161099
0.145032
0.164036
0.159329
0.160380
0.159035
0.161035
0.159035
0.160081
0.143493
0.162097
0.158036
0.160237
0.159193
0.161434
0.160035
0.160134
0.159381
0.161114
0.126949
0.166679
0.167025
0.162295
0.162171
0.161034
0.161408
0.162254
0.160468
0.161073
0.161035
0.161144
0.162035
0.162285
0.163038
0.161035
0.162049
0.162364
0.152169
0.162382
0.139149
0.161036
0.161919
0.161035
0.161036
0.161078
0.161036
0.162036
0.161036
0.160035
0.162034
0.161448
0.161035
0.161158
0.159035
0.160406
0.119179
0.162036
0.163368
0.162216
0.161378
0.161476
0.162350
0.161036
0.160146
0.162036
0.161035
0.163075
0.163425
0.163035
0.162036
0.164036
0.162036
0.162036
0.147033
0.163433
0.164148
0.162257
0.162589
0.164036
0.163036
0.164036
0.161619
0.163142
0.164036
0.164036
0.163725
0.163117
0.142967
0.163290
0.161114
0.162036
0.156077
0.161035
0.162354
0.162221
0.162035
0.163035
0.163035
0.162035
0.162511
0.163067
0.164037
0.164596
0.164037
0.164036
0.163036
0.163036
0.163036
0.164232
0.131029
0.161036
0.129790
0.161035
0.160232
0.161036
0.161036
0.160150
0.161035
0.159424
0.160035
0.160097
0.159035
0.161328
0.161149
0.161227
0.161453
0.161036
0.111024
0.173257
0.140031
0.162036
0.161036
0.161266
0.160451
0.162051
0.159035
0.161035
0.161035
0.161035
0.154034
0.170096
0.164431
0.165035
0.162105
0.162035
0.154420
0.156034
0.144032
0.159559
0.163904
0.164036
0.163126
0.164036
0.163333
0.164036
0.164315
0.160109
0.161036
0.158843
0.160345
0.159874
0.161035
0.159034
0.160035
0.108043
0.160035
0.173973
0.167145
0.163345
0.160035
0.160391
0.160563
0.161541
0.160035
0.160667
0.160344
0.160966
0.160267
0.158996
0.160035
0.161035
0.162036
0.103022
0.141065
0.161628
0.161034
0.161036
0.161035
0.160035
0.161036
0.161096
0.161035
0.161439
0.160580
0.161261
0.161035
0.160115
0.161101
0.162241
0.161438
0.120031
0.139110
0.165036
0.160173
0.168371
0.169037
0.172038
0.171586
0.173038
0.170505
0.173415
0.173038
0.174144
0.170390
0.168036
0.163036
0.161035
0.161101
0.149033
0.173039
0.170038
0.166036
0.164337
0.161055
0.161036
0.161036
0.160419
0.161035
0.162035
0.161035
0.161035
0.161035
0.161035
0.161480
0.161164
0.162052
0.157094
0.162035
0.160550
0.162035
0.162352
0.160015
0.159831
0.161036
0.161034
0.161036
0.161114
0.161123
0.160035
0.161035
0.159721
0.160035
0.161036
0.161036
0.145435
0.161036
0.162449
0.161068
0.161032
0.162125
0.162036
0.161036
0.160682
0.161099
0.161035
0.160376
0.143516
0.172359
0.171038
0.165036
0.165058
0.162170
0.159644
0.161479
0.161035
0.162152
0.161036
0.160352
0.161375
0.162060
0.159035
0.162094
0.161035
0.161104
0.162533
0.161775
0.161036
0.162036
0.161035
0.162307
0.149033
0.163035
0.160035
0.161035
0.159990
0.159360
0.160191
0.161035
0.160035
0.161650
0.160484
0.161518
0.161035
0.159662
0.160035
0.163036
0.160095
0.159226
0.125077
0.161035
0.160035
0.161036
0.161035
0.160755
0.161211
0.159153
0.162031
0.160605
0.160035
0.161055
0.161035
0.160163
0.159367
0.161235
0.161228
0.162035
0.153033
0.162035
0.161035
0.160035
0.160036
0.161591
0.160298
0.161036
0.160035
0.161035
0.160290
0.160035
0.162323
0.160035
0.160465
0.161034
0.161211
0.159371
0.138030
0.160035
0.161036
0.161679
0.161035
0.160186
0.161035
0.161035
0.161108
0.161035
0.160035
0.161036
0.161206
0.161036
0.160293
0.161037
0.161060
0.160035
0.147033
0.165036
0.161127
0.162035
0.162036
0.161035
0.161036
0.162036
0.160578
0.161128
0.160035
0.161036
0.161035
0.161036
0.159995
0.162036
0.160419
0.160307
0.155034
0.161163
0.161115
0.162797
0.163181
0.162574
0.163554
0.163037
0.163037
0.163126
0.153020
0.171038
0.168037
0.166036
0.165330
0.165036
0.165068
0.164036
0.157647
0.177097
0.172113
0.164390
0.163036
0.163208
0.162545
0.163036
0.162086
0.163036
0.162036
0.163234
0.162035
0.163369
0.163036
0.163491
0.163036
0.164036
0.154212
0.163640
0.160035
0.164036
0.164036
0.163339
0.162312
0.164095
0.163036
0.159034
0.159035
0.159035
0.159070
0.160952
0.162035
0.159146
0.159035
0.160062
0.152034
0.172038
0.170038
0.168037
0.167037
0.166119
0.164035
0.163036
0.163036
0.164037
0.163048
0.162721
0.164037
0.163098
0.163036
0.162036
0.162037
0.162036
0.160036
0.166076
0.164272
0.163405
0.162400
0.163301
0.162395
0.162035
0.163037
0.162037
0.161192
0.161035
0.162036
0.160035
0.163035
0.162035
0.163036
0.161197
0.129445
0.164036
0.160035
0.161055
0.161091
0.162035
0.159680
0.162035
0.161036
0.140895
0.162035
0.162036
0.161035
0.161036
0.162154
0.161036
0.162036
0.161416
0.150033
0.163123
0.162036
0.162098
0.162107
0.162037
0.161035
0.161221
0.161369
0.162070
0.161035
0.161504
0.162140
0.161609
0.162036
0.161271
0.161035
0.163101
0.151467
0.163672
0.162036
0.162036
0.161512
0.162163
0.161598
0.161106
0.161035
0.158366
0.162035
0.162035
0.161035
0.162324
0.162220
0.161035
0.156503
0.170624
0.162036
0.164134
0.163036
0.163036
0.162035
0.163093
0.161036
0.162309
0.162035
0.161035
0.162130
0.163036
0.160707
0.163188
0.163035
0.163036
0.162037
0.161714
0.155427
0.162035
0.162035
0.161500
0.161183
0.161336
0.161526
0.162035
0.163036
0.161035
0.161234
0.162178
0.162035
0.161059
0.162257
0.161036
0.161222
0.162035
0.148281
0.164185
0.162099
0.163036
0.163036
0.162261
0.162687
0.161054
0.162223
0.162045
0.162104
0.160429
0.163036
0.162512
0.161035
0.163036
0.162036
0.163201
0.141593
0.161036
0.158201
0.161036
0.161035
0.162036
0.163035
0.161114
0.162222
0.162035
0.161588
0.163391
0.162524
0.161696
0.161471
0.161434
0.162035
0.160634
0.139019
0.162079
0.162387
0.162168
0.163058
0.161035
0.163037
0.161811
0.162402
0.162165
0.161239
0.163103
0.163035
0.163036
0.161404
0.163482
0.163052
0.161329
0.146031
0.164036
0.162396
0.161037
0.161772
0.162187
0.162177
0.162210
0.161307
0.162036
0.163036
0.161035
0.162189
0.161820
0.163181
0.161036
0.162035
0.162055
0.153033
0.164037
0.162227
0.162219
0.162011
0.162800
0.162147
0.161628
0.162283
0.162036
0.161035
0.163036
0.162617
0.163343
0.162482
0.163036
0.163511
0.162035
0.153033
0.161769
0.161035
0.162035
0.161534
0.162035
0.162036
0.161634
0.161215
0.162499
0.162211
0.162036
0.162401
0.163036
0.161035
0.162035
0.162396
0.163036
0.143511
0.162945
0.161238
0.163487
0.163005
0.162035
0.163533
0.163538
0.141540
0.162036
0.161119
0.163097
0.162036
0.162132
0.161036
0.163036
0.162035
0.162117
0.121098
0.163235
0.163037
0.161035
0.163198
0.163071
0.163036
0.163036
0.162035
0.163036
0.163035
0.163036
0.162035
0.164623
0.164036
0.163037
0.162035
0.163208
0.148601
0.165051
0.163358
0.163036
0.163036
0.164035
0.162035
0.162402
0.163035
0.164036
0.162760
0.163036
0.163036
0.165535
0.163522
0.163036
0.163053
0.162319
0.156347
0.166037
0.165036
0.164036
0.164224
0.162493
0.164036
0.162353
0.163036
0.162384
0.163036
0.163088
0.163459
0.162035
0.162035
0.162559
0.162363
0.161036
0.136314
0.160035
0.161736
0.162035
0.161543
0.161289
0.162035
0.161398
0.164036
0.163127
0.162735
0.162045
0.162097
0.161036
0.162036
0.162405
0.162035
0.162343
0.150126
0.162111
0.162035
0.163036
0.162036
0.161346
0.162333
0.162035
0.162035
0.162678
0.163036
0.164036
0.162036
0.164036
0.162754
0.162035
0.162036
0.163036
0.160035
0.170154
0.161256
0.164036
0.164052
0.163425
0.163035
0.162896
0.162232
0.162035
0.162035
0.163036
0.163036
0.163036
0.162131
0.162452
0.163036
0.163035
0.141030
0.163036
0.162210
0.163108
0.163035
0.162221
0.161165
0.164036
0.163450
0.162035
0.162382
0.161036
0.162477
0.162379
0.163036
0.163036
0.161260
0.162035
0.136482
0.163036
0.160022
0.162035
0.162035
0.166037
0.163036
0.164225
0.163496
0.163035
0.163265
0.163036
0.163036
0.163036
0.161035
0.163424
0.163036
0.164036
0.130028
0.162124
0.160154
0.162036
0.163035
0.163036
0.162035
0.163264
0.161543
0.163343
0.162209
0.163036
0.162036
0.162035
0.161126
0.162035
0.162204
0.161036
0.157797
0.163195
0.161417
0.162035
0.163036
0.161088
0.162035
0.163036
0.162432
0.163035
0.161108
0.161397
0.162035
0.162036
0.161445
0.161813
0.162036
0.160103
0.121027
0.162036
0.162662
0.162036
0.161365
0.162035
0.162036
0.162036
0.163036
0.162502
0.162036
0.161434
0.162482
0.163036
0.162036
0.162036
0.162036
0.162036
0.145032
0.164036
0.161738
0.162484
0.162036
0.161035
0.162237
0.162036
0.162523
0.162035
0.161451
0.162409
0.163036
0.162036
0.162723
0.162036
0.162988
0.162035
0.144443
0.164354
0.162036
0.162036
0.162084
0.164036
0.162312
0.162192
0.162717
0.162036
0.162036
0.162035
0.161035
0.162035
0.162036
0.162240
0.161036
0.163346
0.127028
0.163228
0.161771
0.162091
0.162035
0.163036
0.163342
0.162139
0.163218
0.162036
0.161521
0.161406
0.162036
0.161035
0.162035
0.161838
0.163254
0.162036
0.126184
0.163100
0.161500
0.162629
0.162035
0.162035
0.162035
0.162294
0.160214
0.162035
0.162035
0.163036
0.161035
0.162036
0.162036
0.162093
0.161035
0.161721
0.121542
0.163036
0.162035
0.161731
0.163036
0.161035
0.161515
0.162035
0.160197
0.160902
0.162036
0.161729
0.162055
0.164036
0.161035
0.161035
0.162079
0.163037
0.146032
0.163036
0.162036
0.161579
0.162036
0.161036
0.162510
0.161036
0.162035
0.162035
0.160994
0.160035
0.162035
0.159034
0.160663
0.162035
0.162035
0.162035
0.157398
0.162035
0.162036
0.158701
0.162317
0.162120
0.161035
0.161035
0.161035
0.162331
0.162551
0.162083
0.163035
0.162350
0.162443
0.162035
0.160585
0.161036
0.137030
0.163113
0.161035
0.161036
0.161225
0.162035
0.162256
0.161035
0.161035
0.161441
0.162035
0.162036
0.163036
0.161036
0.161035
0.162035
0.162035
0.161035
0.155035
0.162248
0.162035
0.161168
0.162407
0.160509
0.152403
0.161460
0.162035
0.162447
0.161734
0.162111
0.161035
0.162036
0.162035
0.162478
0.162585
0.161036
0.125293
0.162036
0.160844
0.163036
0.162055
0.163037
0.162035
0.160035
0.162111
0.162035
0.162035
0.163303
0.162035
0.161612
0.162071
0.161035
0.162036
0.161582
0.142012
0.163036
0.160444
0.161041
0.162401
0.161399
0.163036
0.161217
0.161037
0.162238
0.161036
0.162036
0.163047
0.162035
0.161035
0.160167
0.163036
0.162035
0.155834
0.162035
0.160046
0.162099
0.161036
0.161192
0.159035
0.163035
0.161035
0.162036
0.162412
0.163036
0.161036
0.162173
0.162036
0.163036
0.161036
0.161036
0.135328
0.161035
0.162154
0.160035
0.161522
0.151031
0.158035
0.158035
0.159035
0.159035
0.157471
0.159035
0.159034
0.159036
0.156034
0.159102
0.157034
0.157035
0.150372
0.159035
0.157473
0.158036
0.157926
0.158035
0.157493
0.157302
0.160515
0.160378
0.159034
0.160035
0.159035
0.159399
0.161186
0.160098
0.159042
0.161144
0.122027
0.161221
0.161037
0.160036
0.160264
0.109023
0.164036
0.160456
0.160035
0.160035
0.159035
0.158571
0.159035
0.159576
0.160035
0.160037
0.160035
0.159809
0.157035
0.162351
0.160231
0.159034
0.160035
0.161165
0.160035
0.159035
0.160034
0.159035
0.160036
0.160064
0.161518
0.161035
0.161036
0.159318
0.161036
0.160036
0.157362
0.161108
0.155305
0.160165
0.159291
0.157035
0.157116
0.159036
0.160035
0.159035
0.158034
0.140316
0.169364
0.166716
0.162037
0.163034
0.161035
0.158035
0.158035
0.161035
0.160414
0.161220
0.160035
0.160163
0.160376
0.158034
0.158035
0.159035
0.159520
0.160035
0.158197
0.160035
0.159034
0.159035
0.159034
0.159035
0.144032
0.161036
0.159035
0.160203
0.160267
0.159259
0.161388
0.159035
0.160427
0.159034
0.160422
0.161194
0.160327
0.160214
0.160458
0.160163
0.160288
0.160126
0.143029
0.160035
0.160035
0.161180
0.159034
0.160057
0.160035
0.160130
0.160035
0.161035
0.162300
0.161035
0.159465
0.156034
0.159108
0.162522
0.160034
0.161503
0.138031
0.158446
0.159647
0.160035
0.160035
0.161614
0.159035
0.160361
0.160035
0.159525
0.159035
0.158446
0.160054
0.159034
0.159079
0.160035
0.160035
0.158971
0.148032
0.160035
0.159216
0.160105
0.160035
0.161035
0.159035
0.160420
0.160440
0.161035
0.159035
0.161124
0.161035
0.161035
0.161173
0.160037
0.158035
0.159035
0.148032
0.163100
0.163336
0.160035
0.162278
0.163765
0.161229
0.162036
0.162036
0.162036
0.139122
0.161704
0.160059
0.159275
0.159763
0.159371
0.161322
0.158091
0.129161
0.161036
0.160478
0.159070
0.160447
0.159485
0.161293
0.155369
0.162227
0.160410
0.159072
0.159035
0.160089
0.160035
0.157035
0.158035
0.160036
0.162442
0.098493
0.161073
0.158035
0.159035
0.158345
0.158035
0.159035
0.159035
0.159036
0.157125
0.159035
0.156627
0.160277
0.157447
0.159035
0.161199
0.157035
0.161108
0.147033
0.161429
0.159208
0.160035
0.159036
0.160035
0.161083
0.161035
0.149958
0.160553
0.161035
0.160207
0.160035
0.160143
0.159034
0.160066
0.159034
0.160470
0.135001
0.159052
0.158034
0.159034
0.161035
0.160035
0.161036
0.159369
0.159035
0.157034
0.159035
0.159035
0.161035
0.159107
0.160046
0.160383
0.158035
0.161036
0.144038
0.160035
0.159627
0.160178
0.159035
0.160035
0.160035
0.160036
0.160243
0.161120
0.160397
0.159035
0.162077
0.159036
0.160329
0.161035
0.159631
0.160035
0.146338
0.167037
0.166345
0.166494
0.163036
0.163036
0.162284
0.161187
0.160416
0.161271
0.161035
0.161036
0.160035
0.160112
0.160429
0.161118
0.161036
0.160401
0.133972
0.160689
0.163036
0.161383
0.161035
0.162036
0.167431
0.166038
0.164036
0.162036
0.163036
0.161466
0.160378
0.161036
0.160034
0.161036
0.160531
0.160035
0.148413
0.161931
0.161325
0.160332
0.161350
0.167037
0.162548
0.162248
0.162035
0.164035
0.168038
0.166037
0.161406
0.160240
0.159034
0.159035
0.160648
0.158053
0.140031
0.159580
0.161035
0.161475
0.161035
0.163102
0.161525
0.166494
0.166479
0.163104
0.163434
0.160035
0.158035
0.158345
0.163035
0.162085
0.160035
0.159489
0.147847
0.159180
0.159037
0.158297
0.163489
0.163286
0.161035
0.160728
0.160035
0.159035
0.159171
0.159228
0.163314
0.164035
0.161198
0.159035
0.160035
0.160087
0.143427
0.161035
0.159035
0.160035
0.160302
0.159543
0.158615
0.159035
0.159103
0.160035
0.159035
0.160035
0.159035
0.159035
0.159035
0.159069
0.161035
0.161036
0.139030
0.161035
0.160035
0.159119
0.159035
0.158036
0.160480
0.161035
0.160035
0.161035
0.160035
0.161036
0.161035
0.161035
0.161036
0.159035
0.160035
0.159035
0.097021
0.162036
0.161035
0.160037
0.160035
0.159668
0.161036
0.162036
0.161171
0.160036
0.160452
0.160035
0.161035
0.161035
0.160035
0.160253
0.161037
0.158035
0.145032
0.160122
0.142602
0.176038
0.176038
0.179040
0.178364
0.180039
0.183040
0.178039
0.182040
0.180039
0.183248
0.182040
0.180039
0.181039
0.176039
0.180039
0.179039
0.172038
0.168037
0.158147
0.157198
0.156218
0.159035
0.159088
0.158336
0.157034
0.157528
0.162035
0.161407
0.162035
0.162490
0.163036
0.161326
0.161669
0.148478
0.164036
0.162036
0.163178
0.158390
0.159188
0.160035
0.159250
0.159035
0.324400
0.355077
0.317069
0.349053
0.359753
0.345075
0.346847
0.324074
0.178035
0.175057
0.156034
0.155034
0.156034
0.158035
0.135395
0.157035
0.156034
0.155502
0.155318
0.158420
0.156034
0.158483
0.157035
0.156035
0.157035
0.156034
0.142031
0.165036
0.156034
0.156034
0.155034
0.157035
0.157035
0.157034
0.156034
0.156034
0.155034
0.156034
0.157034
0.158035
0.155034
0.155034
0.156035
0.157034
0.144032
0.157034
0.157034
0.155152
0.155498
0.156034
0.157034
0.156034
0.157035
0.156034
0.154034
0.154034
0.154422
0.156034
0.155381
0.156035
0.153033
0.156034
0.146034
0.156034
0.158035
0.155033
0.156139
0.157034
0.157034
0.155035
0.155809
0.155034
0.156262
0.156034
0.157070
0.156233
0.157533
0.155034
0.155250
0.111024
0.149033
0.170037
0.157034
0.155165
0.153033
0.154034
0.158035
0.156034
0.154034
0.154034
0.156034
0.155034
0.156034
0.155034
0.155034
0.155436
0.155451
0.150201
0.140031
0.156208
0.156088
0.154538
0.153034
0.155034
0.155085
0.155329
0.155033
0.154231
0.156035
0.153033
0.155131
0.155336
0.156034
0.154206
0.154033
0.153033
0.154034
0.084019
0.076016
0.077017
0.073341
0.074226
0.075017
0.074819
0.077144
0.078018
0.077017
0.079017
0.077017
0.078017
0.077016
0.078017
0.077016
0.078135
0.079017
0.081016
0.077016
0.076017
0.081018
0.078018
0.076016
0.079667
0.075150
0.083097
0.091588
0.084018
0.091020
0.134120
0.162665
0.163123
0.130028
0.165037
0.144032
0.136030
0.145032
0.167037
0.167374
0.167035
0.163035
0.163537
0.165392
0.128500
0.164036
0.163387
0.165036
0.164036
0.131029
0.163036
0.163036
0.167036
0.124026
0.167036
0.137030
0.116026
0.149033
0.164037
0.166094
0.166037
0.165036
0.166037
0.167245
0.167036
0.167640
0.168225
0.172110
0.174039
0.174038
0.171227
0.170038
0.172040
0.177504
0.172151
0.168037
0.163036
0.164137
0.162035
0.168037
0.168529
0.165038
0.163528
0.167037
0.165037
0.165036
0.164038
0.167035
0.167107
0.167037
0.167037
0.172038
0.173038
0.173038
0.173038
0.173094
0.181040
0.177060
0.175961
0.167036
0.203045
0.130028
0.164037
0.173038
0.169038
0.170037
0.167037
0.165035
0.167124
0.172038
0.174038
0.175038
0.176039
0.171037
0.174039
0.176039
0.168331
0.179242
0.175039
0.171039
0.162035
0.166282
0.167037
0.166036
0.167037
0.167037
0.168088
0.171509
0.169511
0.173038
0.156204
0.167037
0.168036
0.170396
0.166169
0.165036
0.175038
0.177039
0.181361
0.175383
0.170205
0.155953
0.165037
0.165036
0.163680
0.170096
0.181321
0.176038
0.171068
0.169037
0.162527
0.164036
0.163353
0.164037
0.163036
0.165036
0.165036
0.163036
0.166092
0.170037
0.169359
0.169242
0.170037
0.173038
0.172038
0.171038
0.172161
0.177039
0.181040
0.180040
0.174038
0.167037
0.166054
0.165260
0.165036
0.167038
0.163286
0.163036
0.164036
0.165036
0.165037
0.173038
0.174038
0.175039
0.169414
0.172038
0.174460
0.179041
0.181062
0.179040
0.172734
0.168037
0.164167
0.165527
0.163036
0.165036
0.165036
0.165036
0.165037
0.169037
0.181370
0.175039
0.168448
0.174038
0.178039
0.181040
0.178362
0.173311
0.165091
0.166036
0.166083
0.165604
0.165036
0.145452
0.164036
0.162179
0.164133
0.168037
0.168136
0.168037
0.169037
0.180041
0.181347
0.177039
0.175039
0.171038
0.166036
0.167037
0.166421
0.165161
0.166208
0.119024
0.166260
0.165300
0.166186
0.168037
0.167056
0.166036
0.166037
0.167037
0.168102
0.168037
0.171463
0.169307
0.170037
0.173523
0.172038
0.179040
0.174038
0.165036
0.167037
0.166037
0.167037
0.167319
0.168037
0.168037
0.169490
0.169283
0.170111
0.169037
0.180297
0.179372
0.179044
0.174037
0.166037
0.166203
0.167037
0.146034
0.166036
0.165036
0.166037
0.169037
0.166174
0.171413
0.174473
0.183040
0.181040
0.172363
0.176675
0.171038
0.167036
0.167037
0.166037
0.166458
0.164114
0.165075
0.166036
0.145373
0.166036
0.166480
0.167399
0.168058
0.168263
0.175039
0.177039
0.179041
0.174328
0.167037
0.168037
0.168037
0.168425
0.170057
0.169037
0.166482
0.165036
0.163432
0.166036
0.177038
0.183040
0.177039
0.172037
0.167037
0.169036
0.169037
0.170178
0.145310
0.164237
0.163520
0.164282
0.163036
0.164263
0.165037
0.165036
0.171299
0.170145
0.175524
0.171655
0.175039
0.170069
0.167137
0.167037
0.166210
0.168037
0.147499
0.167037
0.165036
0.166288
0.167037
0.168036
0.169037
0.169037
0.174422
0.175244
0.165081
0.162774
0.165328
0.168494
0.170445
0.171037
0.170038
0.171038
0.170038
0.169037
0.181040
0.179040
0.171121
0.170164
0.165036
0.154068
0.172405
0.170037
0.169165
0.168291
0.166037
0.164429
0.167490
0.165089
0.164036
0.166036
0.166805
0.168224
0.168037
0.167037
0.169107
0.169490
0.169039
0.172038
0.173038
0.173038
0.174038
0.173038
0.166111
0.170038
0.169307
0.165036
0.165398
0.165105
0.164279
0.164036
0.164036
0.170037
0.173131
0.178041
0.178040
0.179040
0.173371
0.165332
0.167037
0.165702
0.164265
0.275067
0.325079
0.318071
0.316068
0.309544
0.339761
0.341079
0.321240
0.318970
0.345580
0.323066
0.162013
0.158035
0.137842
0.157034
0.164423
0.162036
0.162036
0.164109
0.163416
0.167344
0.165098
0.163035
0.164037
0.166036
0.165036
0.168037
0.167037
0.167037
0.167343
0.168037
0.170038
0.168037
0.172039
0.179039
0.178163
0.175128
0.170037
0.163825
0.163036
0.163209
0.163036
0.144935
0.164036
0.163052
0.164537
0.163036
0.143525
0.165036
0.162035
0.164036
0.177039
0.177040
0.173038
0.167037
0.162035
0.163036
0.164036
0.164036
0.162138
0.163037
0.163585
0.163036
0.164036
0.165092
0.166037
0.165038
0.165036
0.165036
0.175038
0.179039
0.178040
0.169705
0.174038
0.173038
0.168018
0.162035
0.163036
0.164036
0.164036
0.163036
0.164036
0.146748
0.164037
0.163571
0.162035
0.163038
0.167429
0.167547
0.168433
0.169083
0.168039
0.166504
0.167037
0.168037
0.169277
0.167037
0.169037
0.168037
0.169381
0.169037
0.169037
0.168037
0.170039
0.174039
0.164107
0.163533
0.164037
0.163036
0.143731
0.163036
0.162036
0.163036
0.163036
0.164247
0.165036
0.164036
0.165194
0.164055
0.165036
0.147470
0.164218
0.165036
0.167038
0.167037
0.166036
0.171417
0.172038
0.169050
0.169037
0.170058
0.169578
0.171440
0.173038
0.173039
0.169037
0.171582
0.172491
0.174038
0.171061
0.175039
0.166036
0.166187
0.165195
0.165036
0.145544
0.166037
0.166036
0.166056
0.164036
0.166036
0.167096
0.167039
0.168037
0.167037
0.167036
0.167037
0.174038
0.181040
0.174039
0.167449
0.166036
0.164241
0.166037
0.164036
0.163036
0.165036
0.166036
0.165498
0.165036
0.167037
0.168037
0.168037
0.168037
0.177039
0.181040
0.179484
0.163036
0.164037
0.166035
0.168032
0.167036
0.168075
0.168036
0.167035
0.165036
0.163554
0.163036
0.165036
0.166283
0.166437
0.167037
0.169330
0.185041
0.182453
0.170038
0.166241
0.163033
0.165036
0.164163
0.165423
0.166037
0.146021
0.167322
0.166037
0.165313
0.145694
0.164036
0.166036
0.165037
0.166037
0.167327
0.146698
0.173038
0.174038
0.175038
0.175040
0.176039
0.176038
0.172194
0.167339
0.169037
0.173038
0.149240
0.169132
0.168037
0.167037
0.164036
0.163628
0.163035
0.162035
0.168037
0.177040
0.177355
0.181040
0.181162
0.175039
0.168283
0.164776
0.162036
0.165261
0.164035
0.165036
0.164204
0.164036
0.165036
0.149839
0.169037
0.168524
0.171439
0.166036
0.165353
0.166036
0.166550
0.166037
0.167415
0.174038
0.177039
0.174039
0.172037
0.168730
0.169037
0.169424
0.165409
0.165036
0.166036
0.165036
0.170442
0.170038
0.170205
0.170038
0.169037
0.181511
0.179051
0.175038
0.166036
0.144346
0.165036
0.165036
0.165036
0.166036
0.165036
0.164036
0.165325
0.165036
0.150856
0.166036
0.168037
0.168098
0.175038
0.175110
0.177039
0.178040
0.174038
0.164137
0.175038
0.169037
0.168485
0.168036
0.168158
0.168611
0.167236
0.167722
0.162208
0.164036
0.163171
0.164521
0.166036
0.172497
0.175039
0.176038
0.175039
0.173061
0.169251
0.163138
0.166036
0.169038
0.168236
0.169090
0.169611
0.171380
0.173038
0.171335
0.165037
0.164445
0.153366
0.164036
0.164037
0.150135
0.166260
0.164227
0.165036
0.165036
0.165036
0.166129
0.165036
0.165366
0.166037
0.167037
0.175216
0.176039
0.165036
0.163036
0.166036
0.166082
0.163087
0.166068
0.167281
0.167037
0.176244
0.179042
0.178039
0.171038
0.173038
0.167037
0.166037
0.144069
0.165038
0.163036
0.164036
0.164036
0.164036
0.164036
0.163036
0.165036
0.165102
0.166036
0.167037
0.174038
0.173038
0.174335
0.176039
0.172038
0.164036
0.166036
0.164752
0.163088
0.164412
0.164036
0.165266
0.150975
0.168037
0.167035
0.168037
0.169037
0.177158
0.177039
0.179040
0.175038
0.170038
0.164160
0.164037
0.163175
0.165036
0.164505
0.164037
0.164374
0.164262
0.166036
0.165037
0.166412
0.167342
0.167037
0.167037
0.167037
0.169083
0.167036
0.167329
0.167531
0.167037
0.167037
0.172175
0.170038
0.173038
0.174038
0.172037
0.173712
0.174040
0.174038
0.175434
0.175317
0.179039
0.178039
0.176329
0.173265
0.172038
0.164539
0.163349
0.164086
0.166342
0.164501
0.166037
0.166430
0.168037
0.169038
0.169372
0.170037
0.170037
0.170038
0.170038
0.172235
0.172038
0.172097
0.172070
0.171037
0.172038
0.145031
0.166035
0.166130
0.168410
0.169281
0.169038
0.165037
0.166497
0.169039
0.170037
0.184040
0.177285
0.177210
0.173255
0.166036
0.166037
0.166036
0.166203
0.167037
0.167037
0.168100
0.166806
0.165035
0.167037
0.175038
0.173038
0.175039
0.172079
0.172123
0.168037
0.170038
0.174471
0.173038
0.173038
0.172039
0.173038
0.171057
0.179159
0.182039
0.180039
0.165036
0.166037
0.165037
0.164338
0.165036
0.165036
0.164036
0.166037
0.165036
0.166037
0.167037
0.168036
0.173038
0.174038
0.175039
0.168358
0.164036
0.164036
0.146310
0.165036
0.164036
0.165339
0.145822
0.165148
0.166088
0.165036
0.165036
0.166064
0.167115
0.167037
0.174173
0.176418
0.181040
0.167037
0.166036
0.164164
0.162035
0.164258
0.164036
0.165358
0.165036
0.165550
0.170094
0.170233
0.170036
0.151924
0.165094
0.166036
0.167114
0.150064
0.164530
0.175039
0.177040
0.174449
0.170269
0.167122
0.133997
0.163410
0.161139
0.164473
0.165387
0.165071
0.164036
0.163035
0.166036
0.167346
0.167037
0.166583
0.167537
0.173389
0.155201
0.166285
0.167461
0.168037
0.174039
0.175039
0.176356
0.176041
0.181040
0.175039
0.180040
0.168036
0.168675
0.168673
0.169254
0.169111
0.168037
0.170038
0.171037
0.174363
0.174078
0.176038
0.179040
0.173981
0.175039
0.174378
0.170466
0.167037
0.159818
0.171038
0.168392
0.166036
0.163176
0.164036
0.164634
0.165060
0.166182
0.167158
0.167362
0.167037
0.175233
0.179039
0.180040
0.176831
0.171292
0.174038
0.165036
0.162016
0.167089
0.167037
0.168684
0.168037
0.167107
0.168232
0.168222
0.168037
0.169037
0.170199
0.167633
0.169097
0.153693
0.164036
0.172037
0.171038
0.177205
0.175244
0.171092
0.164530
0.164115
0.168038
0.170123
0.171347
0.165465
0.169301
0.172298
0.171037
0.169404
0.169469
0.174107
0.174551
0.177230
0.177507
0.175299
0.179469
0.159054
0.167036
0.168036
0.168648
0.169353
0.171057
0.171037
0.175143
0.172038
0.172215
0.167283
0.166038
0.166036
0.166036
0.166186
0.169037
0.147541
0.168037
0.168529
0.168036
0.167110
0.169038
0.169037
0.179040
0.185121
0.181040
0.176219
0.169037
0.167263
0.166036
0.168233
0.166166
0.167195
0.169194
0.169038
0.169345
0.166036
0.165550
0.171038
0.173038
0.174163
0.178075
0.176039
0.179040
0.175040
0.164054
0.165128
0.155545
0.168270
0.168118
0.153034
0.169511
0.166036
0.168037
0.168235
0.168176
0.169036
0.173038
0.172038
0.177039
0.173257
0.172407
0.178039
0.173038
0.173090
0.167106
0.167104
0.168067
0.167345
0.167037
0.167037
0.168036
0.170037
0.170037
0.167470
0.166037
0.151937
0.178462
0.175039
0.175318
0.176039
0.175038
0.178039
0.175039
0.166036
0.163245
0.161053
0.165095
0.166037
0.165036
0.165035
0.163440
0.173038
0.173732
0.177374
0.173038
0.167038
0.165104
0.165036
0.166049
0.166528
0.165853
0.165500
0.164036
0.165513
0.165554
0.165625
0.171038
0.169360
0.173038
0.174202
0.177040
0.171441
0.172038
0.167534
0.166066
0.166036
0.166367
0.166036
0.166037
0.166335
0.165684
0.167036
0.174207
0.175038
0.176040
0.179040
0.177516
0.176114
0.171370
0.170479
0.172112
0.165108
0.167037
0.167036
0.167109
0.167037
0.167037
0.176267
0.175039
0.176039
0.175050
0.171430
0.165036
0.165226
0.165036
0.167037
0.166036
0.166135
0.170037
0.169371
0.181040
0.177043
0.178133
0.175038
0.170037
0.165036
0.164517
0.173038
0.171603
0.167470
0.163036
0.164037
0.143154
0.164572
0.163414
0.163368
0.169037
0.168128
0.171557
0.201044
0.210046
0.182040
0.177056
0.170037
0.165035
0.165261
0.169342
0.169037
0.169037
0.145231
0.164443
0.165160
0.161035
0.165182
0.168038
0.164036
0.163767
0.165547
0.168379
0.170456
0.164036
0.164036
0.163036
0.163036
0.163035
0.166037
0.168037
0.168337
0.173038
0.171251
0.171039
0.173038
0.178039
0.182042
0.179113
0.174310
0.167111
0.165376
0.166198
0.166527
0.167037
0.166036
0.166038
0.167037
0.168037
0.168036
0.175097
0.176452
0.177038
0.179323
0.166037
0.166037
0.166462
0.165036
0.167333
0.166036
0.165559
0.166037
0.166036
0.166036
0.169185
0.168037
0.170038
0.169037
0.181394
0.178719
0.173305
0.165036
0.166037
0.165140
0.166036
0.167036
0.168036
0.168110
0.170250
0.183042
0.177040
0.175038
0.171745
0.164036
0.165453
0.166037
0.145327
0.166036
0.152784
0.165360
0.167037
0.165036
0.166036
0.168113
0.166036
0.166036
0.168529
0.168191
0.167037
0.174038
0.175478
0.178369
0.176039
0.170994
0.166310
0.166058
0.149336
0.166037
0.167037
0.167037
0.166042
0.169038
0.167037
0.168037
0.177039
0.180081
0.180040
0.178375
0.166037
0.166661
0.165252
0.166127
0.166036
0.165470
0.149903
0.166201
0.169313
0.174039
0.179039
0.179039
0.164036
0.163499
0.164036
0.163036
0.164791
0.167037
0.170038
0.167037
0.171039
0.171280
0.172326
0.171389
0.171037
0.153715
0.168545
0.171038
0.172102
0.175619
0.174038
0.180040
0.180040
0.177499
0.176495
0.164036
0.163371
0.163036
0.172038
0.166389
0.167037
0.166037
0.168037
0.170037
0.171038
0.169273
0.171038
0.172127
0.171037
0.171459
0.170116
0.175141
0.172038
0.175038
0.179040
0.180040
0.172543
0.166150
0.165036
0.163138
0.172438
0.165036
0.166219
0.166303
0.166036
0.166036
0.165601
0.167037
0.155149
0.166251
0.167305
0.174039
0.173038
0.179040
0.175592
0.169037
0.166037
0.165435
0.164472
0.164206
0.169037
0.167444
0.167064
0.167037
0.167104
0.174039
0.173038
0.179040
0.175039
0.172103
0.166250
0.166036
0.165036
0.165313
0.166038
0.166233
0.164369
0.170037
0.171038
0.171448
0.171037
0.172211
0.171037
0.171101
0.182040
0.175086
0.170038
0.165195
0.165457
0.166583
0.147052
0.165497
0.166286
0.166159
0.164036
0.167037
0.166037
0.165492
0.168038
0.167141
0.168214
0.176038
0.174145
0.182041
0.182041
0.171258
0.167037
0.163035
0.165036
0.165476
0.165036
0.166438
0.166058
0.166037
0.168274
0.168037
0.168263
0.167036
0.174203
0.176038
0.182036
0.168358
0.165036
0.165036
0.166484
0.166418
0.165036
0.165036
0.168037
0.165477
0.166111
0.168036
0.169568
0.172038
0.156420
0.167036
0.168037
0.171177
0.176039
0.175184
0.176039
0.179039
0.178328
0.175038
0.169037
0.165254
0.166037
0.166101
0.145866
0.166036
0.167037
0.167366
0.165036
0.168036
0.166579
0.168036
0.167739
0.169104
0.168487
0.174038
0.181040
0.180040
0.176569
0.174038
0.165622
0.171037
0.165375
0.166420
0.168036
0.167158
0.174630
0.173039
0.176736
0.174038
0.182040
0.176039
0.171180
0.168037
0.166037
0.166037
0.166037
0.165352
0.166037
0.166318
0.166036
0.146779
0.166037
0.168037
0.170037
0.171038
0.169037
0.173038
0.172037
0.173662
0.174039
0.165208
0.164037
0.162036
0.165036
0.164198
0.168037
0.169411
0.169037
0.167036
0.174071
0.179039
0.178558
0.181040
0.177979
0.171038
0.163036
0.163036
0.166683
0.168109
0.169038
0.168037
0.170038
0.163035
0.160379
0.169330
0.170207
0.171037
0.180408
0.178112
0.168037
0.169234
0.168037
0.169196
0.152149
0.170038
0.171038
0.165186
0.165113
0.165036
0.165318
0.169037
0.169372
0.170038
0.177040
0.177420
0.164137
0.163036
0.166037
0.169037
0.169038
0.171038
0.170330
0.168132
0.175125
0.177220
0.175299
0.165036
0.164200
0.174430
0.168326
0.164036
0.165036
0.166036
0.179039
0.174449
0.169639
0.164457
0.164065
0.165036
0.147338
0.167037
0.167116
0.167217
0.149291
0.168037
0.168037
0.167037
0.167496
0.167037
0.174038
0.173230
0.179044
0.173465
0.171038
0.164103
0.164195
0.164359
0.164454
0.164036
0.164146
0.164036
0.167037
0.164036
0.165148
0.167036
0.145325
0.164036
0.164078
0.163165
0.179100
0.174922
0.171038
0.165036
0.165045
0.164037
0.165036
0.165567
0.165036
0.164036
0.173056
0.173038
0.176038
0.178704
0.186306
0.180471
0.175040
0.170488
0.166037
0.166328
0.165246
0.165036
0.166036
0.166139
0.167037
0.166036
0.165211
0.168156
0.168461
0.168037
0.168211
0.165036
0.164448
0.168036
0.170039
0.170056
0.183040
0.178039
0.174038
0.170156
0.164036
0.163721
0.301075
0.316506
0.277832
0.303511
0.326595
0.293063
0.306235
0.293433
0.268060
0.173028
0.162035
0.144072
0.165321
0.168036
0.172326
0.172038
0.173294
0.173037
0.172327
0.173038
0.177039
0.177039
0.173291
0.167037
0.162036
0.163209
0.164036
0.164036
0.165036
0.162441
0.164036
0.144054
0.163307
0.163324
0.164245
0.164366
0.164211
0.165700
0.165037
0.166036
0.165036
0.165036
0.166038
0.166161
0.165172
0.173038
0.173167
0.179039
0.163487
0.162645
0.163496
0.163036
0.165163
0.165259
0.162316
0.162479
0.160035
0.165036
0.166037
0.169525
0.170038
0.173316
0.176039
0.170038
0.168037
0.162035
0.165036
0.165038
0.164036
0.164036
0.162261
0.166036
0.172038
0.173039
0.174539
0.175039
0.179039
0.174039
0.172792
0.165077
0.143204
0.165036
0.163036
0.166381
0.165036
0.162105
0.163036
0.165036
0.165211
0.175155
0.179231
0.176040
0.171038
0.168514
0.162221
0.167206
0.168037
0.167037
0.147053
0.168037
0.166079
0.163036
0.163207
0.164036
0.165036
0.166504
0.165535
0.167038
0.166037
0.175038
0.176040
0.181040
0.178210
0.175039
0.168036
0.163036
0.163036
0.162392
0.165235
0.164362
0.165036
0.164036
0.165447
0.167037
0.169037
0.150433
0.166225
0.167356
0.170037
0.170112
0.170037
0.179390
0.183043
0.179040
0.172324
0.171439
0.178300
0.174333
0.172315
0.165036
0.163035
0.164038
0.163399
0.165037
0.164268
0.165295
0.163036
0.162731
0.165037
0.166090
0.167481
0.170037
0.170038
0.181071
0.180543
0.176538
0.167271
0.162327
0.162394
0.163035
0.164036
0.167208
0.163036
0.164234
0.164246
0.165036
0.166036
0.166037
0.168238
0.167074
0.168039
0.169600
0.169037
0.171038
0.178039
0.171418
0.177529
0.173038
0.167501
0.168136
0.168037
0.168061
0.169308
0.168309
0.171038
0.166478
0.173038
0.173168
0.183040
0.181041
0.176040
0.168168
0.170037
0.168037
0.168582
0.168037
0.168036
0.167037
0.175039
0.174058
0.173038
0.174106
0.174038
0.172540
0.175174
0.174038
0.171137
0.169037
0.163036
0.165500
0.166960
0.167165
0.167036
0.166037
0.166519
0.168037
0.170038
0.180039
0.177634
0.174038
0.164263
0.170037
0.169037
0.169565
0.167037
0.169037
0.170038
0.176167
0.163036
0.164035
0.164036
0.166053
0.165036
0.168038
0.166036
0.167037
0.168037
0.165667
0.169517
0.176039
0.179040
0.174038
0.171235
0.166036
0.156057
0.166036
0.153270
0.166038
0.167037
0.166395
0.168036
0.166787
0.167510
0.167037
0.169037
0.171037
0.172038
0.181039
0.176039
0.175038
0.170037
0.166035
0.166176
0.166036
0.169038
0.166455
0.166036
0.171173
0.170037
0.172297
0.174038
0.173038
0.175039
0.174039
0.177260
0.182060
0.178040
0.163169
0.165092
0.166036
0.166508
0.166503
0.167678
0.166036
0.166036
0.167036
0.169119
0.169037
0.169037
0.169037
0.177285
0.177039
0.174038
0.169505
0.177039
0.173038
0.169480
0.169037
0.167037
0.167037
0.171038
0.171413
0.171374
0.179039
0.184159
0.179039
0.177039
0.168222
0.164356
0.165036
0.167037
0.151785
0.168037
0.168095
0.167037
0.166036
0.168037
0.169038
0.168050
0.170039
0.168037
0.150318
0.163036
0.167222
0.167384
0.168491
0.169484
0.168036
0.179040
0.179115
0.176045
0.174038
0.167036
0.169037
0.167532
0.168468
0.169193
0.169506
0.169037
0.170038
0.172448
0.172038
0.155523
0.168036
0.173885
0.176039
0.174040
0.177038
0.179295
0.182080
0.183040
0.172038
0.169575
0.164035
0.167194
0.164036
0.166351
0.165035
0.164036
0.163036
0.164036
0.168201
0.170371
0.151190
0.167691
0.168038
0.170421
0.152537
0.168037
0.169037
0.150198
0.165247
0.171038
0.168795
0.185471
0.174038
0.175040
0.164036
0.170473
0.172485
0.172287
0.173038
0.176057
0.177682
0.178267
0.181089
0.176040
0.174039
0.171038
0.169037
0.170541
0.170037
0.171431
0.171037
0.168392
0.167038
0.168157
0.177039
0.178835
0.175039
0.168367
0.163036
0.164036
0.166789
0.167272
0.168208
0.168077
0.169038
0.149444
0.167036
0.168036
0.168036
0.170213
0.170037
0.176038
0.176266
0.176039
0.176454
0.173038
0.171376
0.165244
0.164227
0.165041
0.164036
0.165036
0.165036
0.166037
0.164036
0.167458
0.167299
0.167037
0.168351
0.169135
0.169038
0.170104
0.170058
0.168037
0.168244
0.171038
0.175039
0.174281
0.173038
0.174038
0.172393
0.180039
0.175096
0.173038
0.166535
0.168329
0.170150
0.165399
0.163036
0.164366
0.164036
0.165037
0.163396
0.164036
0.166300
0.166431
0.174320
0.172702
0.177274
0.178606
0.178040
0.178450
0.177584
0.168036
0.164036
0.162153
0.164037
0.164164
0.163036
0.164231
0.169125
0.169446
0.165037
0.166613
