0.002000
0.176040
0.172203
0.163017
0.164265
0.164058
0.163489
0.168168
0.169037
0.168037
0.168037
0.168037
0.181040
0.167309
0.166304
0.166278
0.169038
0.174413
0.177403
0.178138
0.177039
0.179039
0.175040
0.177042
0.186041
0.178544
0.176315
0.174040
0.171038
0.164036
0.164036
0.163085
0.164036
0.163036
0.171097
0.170186
0.170038
0.190040
0.177039
0.165036
0.165036
0.165500
0.166036
0.166037
0.174247
0.177503
0.179983
0.179393
0.174445
0.168565
0.169824
0.181527
0.184135
0.178874
0.184202
0.179547
0.178724
0.177346
0.179233
0.179174
0.175299
0.165023
0.167271
0.164479
0.165273
0.164491
0.163816
0.181074
0.175152
0.174694
0.180333
0.175039
0.176108
0.175349
0.164231
0.164927
0.164002
0.164575
0.164378
0.164053
0.163637
0.165587
0.176324
0.179374
0.180545
0.174413
0.174777
0.170861
0.169445
0.165825
0.164436
0.165473
0.164142
0.165714
0.167426
0.164328
0.164997
0.166901
0.167024
0.167811
0.166677
0.164986
0.167296
0.165573
0.166385
0.167478
0.165825
0.166734
0.166190
0.167386
0.165891
0.180129
0.180515
0.161777
0.165253
0.165819
0.164204
0.167611
0.167170
0.165012
0.165637
0.172318
0.170756
0.175475
0.175494
0.176396
0.176117
0.179126
0.179040
0.179237
0.174298
0.166900
0.166319
0.166987
0.168614
0.167128
0.166911
0.166480
0.166012
0.168398
0.166968
0.166831
0.167790
0.169172
0.167260
0.168891
0.165974
0.167382
0.165944
0.171684
0.175730
0.172800
0.175636
0.171515
0.152313
0.162668
0.167571
0.170992
0.172282
0.168914
0.166139
0.177717
0.171800
0.167702
0.166181
0.166343
0.168382
0.166742
0.168758
0.165395
0.164632
0.166111
0.167225
0.167678
0.165429
0.166996
0.166816
0.166582
0.168417
0.168725
0.167490
0.170596
0.178178
0.177251
0.181580
0.178712
0.177254
0.175788
0.174689
0.176235
0.180808
0.178488
0.179538
0.182104
0.182405
0.171055
0.171847
0.169872
0.165847
0.164665
0.166648
0.167843
0.166818
0.169190
0.167891
0.167608
0.166793
0.168125
0.167547
0.167423
0.168934
0.166474
0.161530
0.164201
0.163006
0.168768
0.170143
0.169130
0.175427
0.174151
0.173258
0.173057
0.169516
0.166655
0.171534
0.170166
0.171368
0.179315
0.176166
0.176039
0.176873
0.176152
0.177687
0.169667
0.169255
0.166121
0.164387
0.166302
0.164350
0.165074
0.165127
0.165227
0.165042
0.165365
0.167176
0.166688
0.166467
0.165102
0.171705
0.170095
0.169496
0.176031
0.176639
0.177928
0.175584
0.180663
0.180769
0.176134
0.170343
0.164501
0.164754
0.164738
0.164650
0.165861
0.164928
0.145565
0.164689
0.162848
0.163372
0.149747
0.171090
0.167442
0.165744
0.165302
0.165375
0.165007
0.165638
0.167479
0.166572
0.164888
0.167462
0.166382
0.167777
0.168489
0.170410
0.171620
0.170630
0.171717
0.171243
0.166313
0.166661
0.167353
0.168284
0.175627
0.175058
0.173415
0.170228
0.169927
0.176158
0.178350
0.177486
0.182239
0.183449
0.179262
0.180653
0.174547
0.174768
0.180438
0.179123
0.172402
0.170162
0.166385
0.164380
0.164463
0.164149
0.165098
0.169256
0.168012
0.172342
0.170623
0.168829
0.168398
0.169113
0.176310
0.177220
0.175137
0.180573
0.175447
0.176213
0.177087
0.172398
0.174978
0.173809
0.175938
0.179452
0.179835
0.169880
0.168375
0.165924
0.165161
0.165097
0.164001
0.169533
0.169705
0.168205
0.165777
0.165144
0.164845
0.168341
0.172230
0.169541
0.174707
0.180168
0.180089
0.177336
0.182371
0.180998
0.171703
0.167875
0.165510
0.142697
0.171339
0.168862
0.166304
0.165564
0.164934
0.164990
0.166015
0.167777
0.165626
0.165723
0.165573
0.169307
0.170710
0.169437
0.178652
0.176653
0.179150
0.182051
0.164120
0.170769
0.172919
0.171284
0.165467
0.169910
0.174627
0.171427
0.171930
0.178887
0.165522
0.165909
0.165684
0.166860
0.166129
0.166804
0.168777
0.166091
0.165998
0.165748
0.167565
0.167306
0.169095
0.166742
0.169191
0.168279
0.169040
0.169459
0.168802
0.168075
0.167724
0.169460
0.173133
0.174474
0.173269
0.173466
0.172546
0.173708
0.174305
0.172364
0.173097
0.171079
0.180391
0.178038
0.172672
0.172778
0.166587
0.167466
0.167569
0.166005
0.167847
0.166231
0.165914
0.174284
0.175928
0.172142
0.175527
0.180587
0.175417
0.176926
0.175349
0.176229
0.175647
0.175530
0.180971
0.184324
0.182471
0.175915
0.176429
0.173560
0.168226
0.168370
0.169667
0.170420
0.168889
0.168692
0.176400
0.173931
0.183250
0.176141
0.169913
0.165122
0.164798
0.165220
0.166504
0.166799
0.166505
0.169594
0.169564
0.170628
0.171396
0.171764
0.169002
0.171388
0.170768
0.172488
0.178395
0.179320
0.177740
0.176039
0.177687
0.179155
0.182229
0.176867
0.173982
0.176039
0.180728
0.176119
0.178276
0.181910
0.181381
0.172086
0.169800
0.167257
0.166785
0.165746
0.167718
0.167183
0.167729
0.168597
0.165959
0.167700
0.168571
0.171359
0.171071
0.171382
0.169631
0.167724
0.165924
0.170491
0.150569
0.166690
0.169526
0.169196
0.168137
0.167628
0.174080
0.177643
0.175242
0.174837
0.178807
0.174082
0.172629
0.162919
0.164052
0.165570
0.166604
0.166896
0.168267
0.167156
0.166449
0.166369
0.171611
0.170260
0.171036
0.166939
0.167693
0.168183
0.167298
0.167758
0.172683
0.172023
0.169220
0.178687
0.177383
0.180534
0.177197
0.167467
0.165910
0.168375
0.176437
0.175236
0.174736
0.174496
0.177032
0.176910
0.175680
0.184154
0.177427
0.175983
0.173383
0.169693
0.169207
0.162635
0.167098
0.167793
0.166797
0.167554
0.168566
0.167364
0.168747
0.168560
0.168041
0.168513
0.167222
0.163721
0.164605
0.168913
0.168423
0.168183
0.176406
0.177216
0.176528
0.171352
0.167235
0.165124
0.162847
0.164827
0.164022
0.163222
0.164224
0.163324
0.163953
0.165591
0.163538
0.164550
0.164626
0.164087
0.161888
0.170654
0.169939
0.164686
0.164274
0.170098
0.171823
0.172256
0.170824
0.135864
0.168094
0.166909
0.167331
0.165375
0.167859
0.166416
0.175421
0.177035
0.179317
0.175657
0.177909
0.176077
0.175494
0.168605
0.179562
0.180493
0.170100
0.168339
0.168885
0.166365
0.166939
0.168018
0.166961
0.167554
0.166288
0.165719
0.165900
0.167783
0.170626
0.167451
0.167726
0.173946
0.172581
0.182087
0.179674
0.162320
0.165545
0.168456
0.167125
0.165051
0.165151
0.167343
0.165292
0.166728
0.168167
0.168070
0.167325
0.171882
0.171239
0.169770
0.170687
0.171137
0.169420
0.168566
0.168678
0.168470
0.168771
0.172282
0.172061
0.174766
0.173547
0.174045
0.175402
0.154670
0.165455
0.169179
0.168340
0.169905
0.168195
0.175200
0.173768
0.153780
0.166699
0.171378
0.170339
0.165886
0.165444
0.162300
0.168530
0.172283
0.170540
0.172039
0.169331
0.167104
0.165268
0.166931
0.170047
0.169209
0.174757
0.174312
0.173225
0.164167
0.164938
0.174905
0.168698
0.147649
0.166318
0.163697
0.163539
0.164656
0.165565
0.164319
0.165356
0.164774
0.163976
0.161787
0.163546
0.163191
0.163846
0.164390
0.162152
0.164601
0.163148
0.165012
0.165373
0.164752
0.164827
0.170592
0.168294
0.168136
0.167133
0.169338
0.169815
0.168718
0.169043
0.169399
0.168630
0.168043
0.165878
0.166242
0.173115
0.174858
0.163180
0.166374
0.169227
0.169018
0.169484
0.168614
0.164735
0.164520
0.164481
0.165404
0.164156
0.166558
0.146051
0.163658
0.166682
0.165308
0.166767
0.165141
0.170354
0.171303
0.171381
0.179274
0.178431
0.183816
0.165711
0.166713
0.166394
0.166664
0.164211
0.164881
0.166457
0.165608
0.164604
0.165508
0.168424
0.167201
0.166411
0.171105
0.169903
0.176991
0.182219
0.176878
0.170843
0.170400
0.168813
0.168887
0.165667
0.166973
0.167681
0.167666
0.166068
0.169091
0.178120
0.177897
0.175159
0.175192
0.171658
0.168780
0.163693
0.162968
0.163891
0.174275
0.172131
0.171550
0.173838
0.181769
0.176355
0.188358
0.174925
0.172153
0.169202
0.167754
0.166117
0.165669
0.165719
0.166599
0.165696
0.166254
0.166680
0.165292
0.166887
0.166322
0.166975
0.166481
0.166939
0.166486
0.166202
0.165932
0.170799
0.176810
0.177554
0.178040
0.180251
0.176877
0.173872
0.176994
0.166085
0.165010
0.164868
0.163966
0.164329
0.166289
0.166297
0.164282
0.166281
0.164253
0.163840
0.165029
0.165306
0.165124
0.170842
0.172275
0.168029
0.168022
0.129154
0.169091
0.167751
0.167753
0.167787
0.172852
0.170949
0.169868
0.169708
0.173530
0.173268
0.170527
0.175764
0.173876
0.172452
0.169776
0.166980
0.166178
0.164122
0.165653
0.166251
0.165709
0.166289
0.163036
0.164928
0.164491
0.165392
0.169729
0.168398
0.166478
0.166404
0.166708
0.166371
0.168564
0.170285
0.168516
0.168436
0.173498
0.165244
0.164563
0.165148
0.164202
0.163520
0.162929
0.164185
0.165808
0.165165
0.164684
0.166290
0.165028
0.163862
0.165648
0.171046
0.172021
0.168916
0.171127
0.168634
0.172566
0.173080
0.173712
0.176184
0.175231
0.170444
0.168357
0.173095
0.176648
0.182286
0.177646
0.171800
0.168334
0.165789
0.163513
0.165231
0.167062
0.166097
0.166291
0.165958
0.165112
0.165694
0.165817
0.166384
0.164768
0.165562
0.164784
0.165343
0.166201
0.167257
0.164901
0.165924
0.167305
0.166739
0.167455
0.167610
0.168922
0.168886
0.175201
0.171088
0.175669
0.177997
0.178848
0.177959
0.171712
0.166905
0.164915
0.166417
0.165760
0.166518
0.166561
0.166120
0.166317
0.166404
0.165488
0.165770
0.165763
0.146365
0.166221
0.165321
0.168202
0.167611
0.168450
0.167438
0.168391
0.168081
0.167289
0.167825
0.168684
0.171435
0.169530
0.169933
0.169175
0.168179
0.173851
0.174091
0.172027
0.169513
0.169721
0.167717
0.174784
0.174365
0.174393
0.171006
0.172040
0.168782
0.178372
0.170921
0.166799
0.165561
0.166382
0.166794
0.167874
0.164892
0.165480
0.167381
0.164448
0.164756
0.165597
0.165368
0.165854
0.169167
0.167031
0.168033
0.148021
0.165121
0.165553
0.164489
0.168458
0.167370
0.168617
0.167530
0.168167
0.173656
0.170809
0.172636
0.176214
0.172953
0.168934
0.165936
0.168312
0.168704
0.168031
0.168330
0.167878
0.168265
0.167797
0.163554
0.163047
0.164228
0.160888
0.162857
0.164221
0.166348
0.162211
0.163397
0.163212
0.164809
0.169107
0.164854
0.169179
0.165491
0.176455
0.169197
0.168072
0.163249
0.164603
0.164434
0.146485
0.164438
0.156138
0.170078
0.168074
0.167245
0.164155
0.164409
0.164947
0.164108
0.162585
0.164471
0.166103
0.166637
0.167103
0.167855
0.167470
0.168584
0.166155
0.167647
0.169726
0.177538
0.178044
0.178101
0.168549
0.169919
0.166622
0.184284
0.167871
0.164371
0.166397
0.165728
0.166404
0.166373
0.169599
0.167175
0.167099
0.167797
0.167509
0.167824
0.169027
0.167967
0.168056
0.160837
0.166241
0.173460
0.168367
0.169463
0.168991
0.172155
0.171491
0.170135
0.171509
0.172772
0.178128
0.177446
0.176041
0.178391
0.177195
0.181705
0.184899
0.178563
0.179448
0.169086
0.170084
0.165712
0.164740
0.166553
0.166117
0.166496
0.167585
0.179454
0.184479
0.182212
0.185885
0.172310
0.166779
0.165147
0.165933
0.164547
0.165577
0.165631
0.151535
0.167260
0.165271
0.164453
0.165948
0.165429
0.167039
0.171314
0.170655
0.172356
0.176797
0.176642
0.180265
0.176999
0.177491
0.178087
0.177217
0.179298
0.170755
0.172421
0.170274
0.170363
0.168935
0.167876
0.165887
0.168579
0.169271
0.168869
0.167755
0.167876
0.169022
0.170188
0.174556
0.172565
0.183027
0.180203
0.184275
0.173557
0.166344
0.163193
0.162494
0.164205
0.163745
0.164885
0.165371
0.164614
0.166014
0.167347
0.168285
0.168293
0.174384
0.170287
0.167515
0.167550
0.165897
0.170508
0.173021
0.172789
0.169326
0.168088
0.169549
0.170323
0.165784
0.166774
0.166293
0.170383
0.170523
0.169073
0.167594
0.170456
0.167763
0.168537
0.166714
0.169772
0.169223
0.175892
0.177438
0.177167
0.176463
0.175724
0.175928
0.175375
0.175388
0.173684
0.174133
0.174064
0.173864
0.175977
0.176518
0.178857
0.180491
0.177521
0.180450
0.180590
0.180182
0.179703
0.176586
0.172443
0.173038
0.169068
0.166702
0.165885
0.165481
0.165119
0.162970
0.163894
0.161307
0.163496
0.162899
0.164136
0.162999
0.163195
0.165380
0.166160
0.172123
0.166543
0.169232
0.167399
0.170143
0.170559
0.171141
0.168817
0.181079
0.181387
0.180657
0.177480
0.173660
0.171423
0.168220
0.167838
0.166912
0.167782
0.165915
0.166970
0.165954
0.166739
0.166411
0.164575
0.166442
0.165806
0.166878
0.166605
0.167852
0.166913
0.165658
0.166146
0.167475
0.169822
0.167473
0.167644
0.168142
0.167744
0.168995
0.168369
0.168367
0.168772
0.167818
0.171103
0.169993
0.175711
0.172218
0.169643
0.153291
0.164412
0.162355
0.165124
0.169904
0.166065
0.168725
0.170683
0.174569
0.175079
0.179401
0.179735
0.179389
0.175676
0.175594
0.177822
0.175470
0.171898
0.168588
0.168248
0.169387
0.168255
0.167786
0.168297
0.167282
0.167257
0.168087
0.167055
0.168200
0.163710
0.163200
0.162986
0.163352
0.163363
0.163999
0.167810
0.167037
0.167459
0.169305
0.169420
0.167078
0.166323
0.166822
0.164909
0.167379
0.166105
0.165460
0.164893
0.129065
0.167412
0.166867
0.166936
0.165651
0.166960
0.168107
0.167556
0.167230
0.165605
0.165693
0.166366
0.167126
0.166009
0.166303
0.168000
0.167390
0.168242
0.166873
0.166588
0.168769
0.168072
0.167745
0.167935
0.168856
0.172549
0.173238
0.172241
0.180106
0.178796
0.182572
0.181467
0.179659
0.175525
0.176039
0.171727
0.173330
0.168068
0.169635
0.165846
0.164737
0.162966
0.164497
0.163967
0.165597
0.163425
0.163914
0.163447
0.163570
0.162402
0.167248
0.167478
0.166488
0.173239
0.172837
0.171959
0.170175
0.169267
0.168104
0.167356
0.165549
0.165355
0.170817
0.170724
0.169920
0.169259
0.165974
0.168400
0.173624
0.173990
0.172958
0.166962
0.178644
0.180037
0.178856
0.176887
0.178746
0.172428
0.170613
0.167355
0.168004
0.165074
0.167876
0.168222
0.166601
0.165683
0.165812
0.166708
0.165870
0.164939
0.166364
0.166060
0.167249
0.165709
0.165680
0.166478
0.165998
0.167000
0.165748
0.167504
0.166614
0.165546
0.172187
0.169702
0.169293
0.151942
0.166860
0.167241
0.167185
0.169734
0.169701
0.167871
0.172697
0.174181
0.173228
0.172784
0.183519
0.179175
0.178909
0.172876
0.174757
0.176283
0.171758
0.174857
0.169114
0.169417
0.170130
0.149415
0.167136
0.166975
0.166154
0.164115
0.145191
0.164473
0.165281
0.163850
0.172651
0.169714
0.169894
0.167214
0.167604
0.167568
0.168206
0.166243
0.166553
0.165394
0.166517
0.168683
0.166125
0.164223
0.168022
0.167447
0.168390
0.165764
0.168438
0.167708
0.168370
0.174440
0.175545
0.175658
0.183136
0.179319
0.178577
0.180593
0.177923
0.175192
0.175039
0.179971
0.168917
0.169409
0.173738
0.169642
0.169572
0.169013
0.167342
0.168163
0.164262
0.164661
0.164387
0.163558
0.163065
0.164057
0.163713
0.163342
0.170916
0.173970
0.168542
0.164979
0.164615
0.165348
0.163568
0.164496
0.165303
0.166562
0.172575
0.171556
0.169198
0.168811
0.170006
0.172875
0.172686
0.174032
0.173033
0.173112
0.169972
0.169891
0.165464
0.168530
0.167188
0.172771
0.172130
0.170377
0.168408
0.172580
0.172486
0.173864
0.168159
0.164704
0.170631
0.175348
0.180259
0.182580
0.182106
0.182950
0.178482
0.178353
0.179004
0.179164
0.174287
0.180666
0.176066
0.171014
0.177994
0.174948
0.173458
0.171878
0.164268
0.164703
0.163854
0.164298
0.162506
0.162581
0.164322
0.164865
0.163203
0.163360
0.163311
0.165828
0.163022
0.164198
0.169038
0.134710
0.168787
0.168817
0.148857
0.168460
0.167568
0.168497
0.167663
0.164842
0.165592
0.164781
0.166260
0.165262
0.164720
0.164774
0.167807
0.170015
0.172760
0.172681
0.172366
0.170734
0.179440
0.183584
0.173045
0.171810
0.167807
0.166058
0.166277
0.165472
0.165895
0.167150
0.168448
0.111784
0.175014
0.178969
0.177194
0.169770
0.168739
0.171372
0.166576
0.167433
0.168062
0.168019
0.166739
0.167657
0.165778
0.168998
0.166920
0.168526
0.167126
0.165963
0.167982
0.168616
0.164449
0.164608
0.164808
0.164259
0.168152
0.169908
0.168213
0.166834
0.166823
0.165568
0.166930
0.167354
0.166214
0.166856
0.168632
0.146605
0.167124
0.167341
0.167399
0.166682
0.167013
0.168777
0.166791
0.166433
0.167470
0.166781
0.166275
0.166518
0.146858
0.168102
0.168472
0.166740
0.168219
0.167072
0.168046
0.165896
0.168748
0.168114
0.167461
0.164093
0.166132
0.172823
0.168661
0.167907
0.167222
0.165532
0.165200
0.168283
0.169433
0.170123
0.168368
0.180473
0.183398
0.174275
0.170125
0.168719
0.167876
0.166572
0.167943
0.167284
0.166374
0.167834
0.167794
0.164244
0.163026
0.162426
0.163044
0.162455
0.166162
0.164352
0.162598
0.163771
0.169715
0.167584
0.167531
0.168042
0.167684
0.167693
0.170382
0.171464
0.167649
0.164954
0.165590
0.164804
0.165907
0.164443
0.165480
0.166003
0.165408
0.169990
0.168738
0.167176
0.167747
0.166227
0.165444
0.171350
0.169240
0.170214
0.167144
0.167601
0.166481
0.166264
0.166089
0.174856
0.170026
0.167795
0.146565
0.165918
0.167520
0.166918
0.167601
0.167327
0.167183
0.170037
0.169468
0.168314
0.173668
0.171960
0.177040
0.181155
0.172161
0.170823
0.167530
0.166020
0.165698
0.164634
0.164225
0.166665
0.164888
0.164860
0.165632
0.164682
0.165265
0.164849
0.164882
0.165397
0.167526
0.166178
0.147321
0.165380
0.145922
0.165924
0.164979
0.164289
0.165198
0.165378
0.165816
0.165807
0.165210
0.165436
0.164433
0.167592
0.167281
0.166108
0.166806
0.167035
0.167276
0.171510
0.172111
0.169393
0.169302
0.167670
0.174828
0.174147
0.180895
0.178989
0.179953
0.181283
0.180264
0.177657
0.176262
0.174423
0.174240
0.166859
0.165193
0.164781
0.166242
0.167282
0.165098
0.164878
0.166225
0.164705
0.165736
0.166773
0.164627
0.164628
0.165449
0.165258
0.165351
0.165033
0.169179
0.168039
0.175007
0.174353
0.171162
0.171482
0.170194
0.177389
0.147122
0.164931
0.169874
0.167151
0.166668
0.167838
0.167463
0.167077
0.167587
0.173490
0.170762
0.171387
0.181900
0.177370
0.176586
0.182190
0.182698
0.180740
0.175674
0.179004
0.175228
0.177292
0.182835
0.182997
0.177879
0.184902
0.179454
0.179997
0.179713
0.175411
0.177390
0.179438
0.182131
0.184402
0.177953
0.183545
0.181664
0.179358
0.175704
0.179398
0.180671
0.177814
0.179833
0.180012
0.184602
0.179790
0.174261
0.171492
0.176193
0.179692
0.180781
0.170515
0.167231
0.164087
0.164951
0.169745
0.171137
0.169034
0.165724
0.166547
0.168037
0.166082
0.166295
0.167309
0.169124
0.168822
0.169100
0.168386
0.147120
0.164519
0.166481
0.166101
0.166771
0.166342
0.169294
0.169324
0.168189
0.167909
0.167392
0.164857
0.166065
0.166546
0.166480
0.166953
0.167861
0.167073
0.167397
0.166401
0.166174
0.166686
0.166600
0.166969
0.171933
0.172200
0.176553
0.181907
0.178247
0.180758
0.170204
0.168224
0.166699
0.167754
0.168013
0.169068
0.166799
0.169453
0.166803
0.165956
0.166894
0.168516
0.168076
0.166971
0.166958
0.165289
0.167577
0.166180
0.169507
0.166939
0.165474
0.163313
0.162972
0.162912
0.163652
0.169288
0.166080
0.168337
0.168173
0.172758
0.172101
0.154023
0.162817
0.162434
0.167145
0.165773
0.169730
0.166749
0.165869
0.167042
0.169561
0.169360
0.175303
0.170210
0.177158
0.176812
0.182602
0.186013
0.183881
0.181854
0.181335
0.171533
0.167003
0.165250
0.162986
0.165409
0.165645
0.165434
0.164734
0.164434
0.164924
0.165144
0.164761
0.165338
0.165447
0.164244
0.165238
0.166126
0.165136
0.164653
0.165302
0.164713
0.164323
0.165538
0.164763
0.166593
0.166905
0.170196
0.171313
0.171058
0.169912
0.169363
0.169244
0.168993
0.167686
0.168483
0.172355
0.173625
0.174361
0.172809
0.181485
0.181707
0.171121
0.167393
0.166611
0.165078
0.165335
0.166157
0.165908
0.165865
0.166606
0.165321
0.165885
0.164657
0.165578
0.164768
0.166656
0.165050
0.164809
0.165785
0.164892
0.165688
0.164909
0.165508
0.169420
0.168405
0.167351
0.167494
0.167901
0.167609
0.166801
0.166573
0.165660
0.165676
0.165483
0.165927
0.165956
0.167749
0.172839
0.171974
0.172050
0.170244
0.170327
0.168612
0.167755
0.147518
0.164815
0.164008
0.165213
0.163986
0.165155
0.167769
0.166729
0.166954
0.164997
0.165375
0.170155
0.170274
0.169696
0.167748
0.167233
0.171568
0.169744
0.181495
0.146701
0.164723
0.165316
0.165920
0.165697
0.170090
0.168844
0.172945
0.172002
0.169726
0.174887
0.175476
0.176710
0.190556
0.178324
0.177475
0.174472
0.170939
0.170195
0.168698
0.167425
0.167025
0.166745
0.168202
0.168886
0.168106
0.166799
0.167696
0.168368
0.166620
0.148611
0.167473
0.168093
0.167878
0.166661
0.168641
0.164386
0.164073
0.165029
0.163973
0.166780
0.165024
0.169861
0.170104
0.167182
0.169179
0.172241
0.175895
0.178640
0.176454
0.173478
0.172277
0.170717
0.181754
0.181823
0.184893
0.185887
0.180949
0.078425
0.076631
0.076198
0.076712
0.073535
0.075581
0.074002
0.078525
0.077173
0.076840
0.077260
0.077946
0.077344
0.076406
0.077388
0.082978
0.079263
0.082145
0.077457
