0.002001
0.174755
0.170038
0.181223
0.179117
0.178039
0.180039
0.178039
0.156035
0.159137
0.165036
0.163037
0.161436
0.160115
0.163295
0.163667
0.162973
0.160037
0.161036
0.159259
0.161036
0.161184
0.170208
0.181040
0.177318
0.178040
0.160189
0.161038
0.159205
0.141908
0.159571
0.159142
0.161132
0.158035
0.133881
0.158584
0.162273
0.161107
0.165090
0.162036
0.161407
0.161330
0.179700
0.182040
0.158709
0.161139
0.159259
0.167100
0.166107
0.163036
0.161035
0.162036
0.164099
0.163036
0.179150
0.161570
0.161607
0.161594
0.206046
0.180040
0.199044
0.157506
0.162995
0.165491
0.163036
0.165601
0.166037
0.162237
0.159925
0.160730
0.158122
0.164037
0.165074
0.162036
0.178796
0.160036
0.160229
0.157307
0.159035
0.162389
0.180038
0.176039
0.171038
0.162179
0.161036
0.161036
0.161036
0.150299
0.160035
0.159035
0.161036
0.160035
0.168037
0.180040
0.175039
0.170038
0.163039
0.158035
0.157035
0.156035
0.161036
0.158035
0.161036
0.160319
0.162149
0.167037
0.167036
0.165036
0.185096
0.164036
0.163036
0.163036
0.164036
0.159035
0.159034
0.162036
0.176039
0.163036
0.157035
0.163376
0.179040
0.169375
0.161252
0.162037
0.161036
0.161036
0.160036
0.160036
0.164036
0.162293
0.161035
0.171039
0.180040
0.179040
0.156034
0.156033
0.158035
0.166036
0.164037
0.140201
0.160035
0.159035
0.159035
0.141788
0.160036
0.161036
0.160036
0.159480
0.164037
0.163035
0.160082
0.159443
0.166037
0.165036
0.179572
0.180041
0.176039
0.181236
0.181041
0.179040
0.179040
0.181041
0.183041
0.183042
0.174039
0.166037
0.157034
0.162735
0.164037
0.161036
0.159035
0.160271
0.159036
0.181041
0.179040
0.178040
0.174038
0.177039
0.184042
0.183042
0.173038
0.167076
0.173038
0.164037
0.162036
0.161035
0.158035
0.157035
0.159488
0.157034
0.158035
0.159035
0.165037
0.142136
0.159035
0.158036
0.158035
0.158035
0.164036
0.164036
0.161036
0.161557
0.159466
0.158034
0.159371
0.165437
0.165036
0.166038
0.162160
0.161035
0.167037
0.175426
0.184042
0.185310
0.186038
0.185042
0.176039
0.166036
0.159505
0.155679
0.156392
0.159036
0.158035
0.159457
0.161496
0.165037
0.163035
0.161036
0.166036
0.180040
0.168144
0.157035
0.155034
0.155492
0.155034
0.155034
0.158035
0.157035
0.156034
0.183041
0.183041
0.179040
0.178192
0.174039
0.163036
0.163036
0.158035
0.155688
0.157035
0.164037
0.182696
0.179040
0.182041
0.179040
0.177040
0.178041
0.183041
0.180040
0.183038
0.179040
0.182041
0.177041
0.178040
0.178151
0.178040
0.159035
0.160035
0.159035
0.159086
0.160036
0.149114
0.164256
0.158710
0.127012
0.141674
0.160035
0.139987
0.159035
0.159034
0.159036
0.160034
0.159035
0.159035
0.160037
0.159035
0.163283
0.175040
0.178037
0.172039
0.166036
0.160035
0.159036
0.158175
0.159036
0.167520
0.175039
0.175434
0.173038
0.171039
0.163074
0.157035
0.157035
0.156035
0.156035
0.156490
0.157034
0.157035
0.155515
0.158216
0.157035
0.158036
0.165037
0.162036
0.162036
0.162308
0.166036
0.165036
0.169038
0.167037
0.163036
0.162035
0.161036
0.159034
0.164036
0.161035
0.163036
0.160043
0.159035
0.158035
0.155034
0.162036
0.160036
0.161035
0.158035
0.162035
0.164309
0.163035
0.160036
0.159035
0.158034
0.163036
0.162036
0.167037
0.164318
0.164166
0.161035
0.165037
0.162372
0.160035
0.161036
0.160512
0.164197
0.165038
0.180040
0.161054
0.162390
0.161035
0.160035
0.159351
0.165036
0.161036
0.161036
0.165037
0.157491
0.157417
0.213084
0.282064
0.331396
0.311382
0.326781
0.308322
0.326289
0.362327
0.298063
0.385658
0.359350
0.187479
0.154034
0.153034
0.153352
0.154035
0.157237
0.154034
0.155034
0.161036
0.160035
0.163037
0.160197
0.158034
0.161036
0.159035
0.157324
0.161494
0.160035
0.159035
0.161036
0.160036
0.156260
0.162233
0.159035
0.156034
0.155034
0.156034
0.161035
0.164344
0.161036
0.159578
0.158035
0.157035
0.157040
0.159035
0.158035
0.139297
0.154034
0.155064
0.156035
0.160035
0.159034
0.158144
0.156034
0.156035
0.162036
0.161035
0.161842
0.160035
0.159035
0.158037
0.162257
0.161035
0.146180
0.156035
0.161035
0.158034
0.162235
0.160244
0.157033
0.157034
0.157035
0.162115
0.162036
0.158034
0.157035
0.162036
0.167037
0.163036
0.160427
0.157599
0.157035
0.155034
0.157036
0.157035
0.160035
0.159035
0.159033
0.138150
0.156533
0.157034
0.157122
0.161762
0.160515
0.163193
0.161036
0.159035
0.156035
0.162034
0.160035
0.158035
0.155034
0.161036
0.158035
0.156034
0.136863
0.156035
0.155035
0.153034
0.154120
0.154034
0.160035
0.162036
0.160035
0.165037
0.161035
0.161036
0.134029
0.159054
0.160036
0.137086
0.156034
0.099022
0.075016
0.071254
0.072015
0.072222
0.073016
0.070261
0.071016
0.071949
0.090276
0.071015
0.071527
0.073016
0.072321
0.073015
0.071794
0.072159
0.073016
0.073204
0.076206
0.073016
0.072016
0.071811
0.072153
0.074033
0.071641
0.071105
0.071015
0.077017
0.070466
0.071016
0.071311
0.071064
0.072482
0.073103
0.072148
0.073137
0.077017
0.075824
0.072016
0.073016
0.071016
0.072069
0.078019
0.071343
0.073015
0.071814
0.071189
0.072791
0.072939
0.071827
0.071016
0.071246
0.077163
0.072016
0.070015
0.071388
0.090205
0.070709
0.074016
0.070566
0.073106
0.073154
0.072216
0.077600
0.076700
0.073044
0.070392
0.071275
0.071015
0.071699
0.079017
0.073016
0.072340
0.074017
0.071016
0.071016
0.070714
0.071015
0.073016
0.071273
0.072520
0.072209
0.084477
0.074119
0.071457
0.077017
0.073542
0.071557
0.074217
0.071016
0.073260
0.070016
0.071660
0.078016
0.071016
0.072016
0.072016
0.072650
0.071896
0.070015
0.071440
0.071077
0.071015
0.074152
0.071046
0.071032
0.073015
0.071397
0.071150
0.071297
0.073320
0.073306
0.072323
0.071553
0.071148
0.073016
0.078257
0.072016
0.071751
0.075996
0.077129
0.070229
0.072490
0.071154
0.070631
0.089152
0.071370
0.071016
0.072810
0.072410
0.073051
0.078429
0.076359
0.071793
0.070372
0.072095
0.072447
0.072095
0.071851
0.089778
0.071936
0.077432
0.072394
0.071543
0.089019
0.085130
0.075441
0.075696
0.076002
0.079466
0.079085
0.071844
0.072212
0.073018
0.074016
0.073112
0.072016
0.089254
0.072471
0.077037
0.071591
0.074016
0.073411
0.083560
0.076538
0.072285
0.074265
0.073383
0.073294
0.071281
0.071212
0.072774
0.072059
0.072348
0.071628
0.072287
0.071038
0.082577
0.070779
0.072078
0.091259
0.071253
0.071239
0.071224
0.072774
0.070377
0.070997
0.071627
0.071158
0.078082
0.071306
0.073016
0.087738
0.087799
0.088261
0.076180
0.070625
0.071091
0.071579
0.073016
0.073507
0.071792
0.073158
0.070681
0.072015
0.070778
0.077140
0.071617
0.071391
0.079017
0.072011
0.071321
0.071931
0.071251
0.071511
0.071832
0.072239
0.071015
0.070771
0.070016
0.070825
0.072151
0.073495
0.071256
0.072928
0.072038
0.076048
0.071257
0.071016
0.071375
0.071015
0.072412
0.072016
0.073014
0.071284
0.070611
0.071015
0.070156
0.071016
0.071945
0.074736
0.071705
0.075083
0.072348
0.071256
0.078418
0.073731
0.071869
0.072970
0.071972
0.073016
0.072633
0.076016
0.070618
0.073195
0.073317
0.070980
0.076679
0.072016
0.069375
0.073297
0.070802
0.071865
0.073765
0.072016
0.070943
0.071187
0.081649
0.077183
0.069975
0.070987
0.070336
0.073060
0.071367
0.073016
0.072141
0.070935
0.071237
0.076246
0.070902
0.071545
0.073290
0.070438
0.071978
0.070258
0.071568
0.072164
0.070655
0.071265
0.076759
0.071015
0.071469
0.071006
0.077017
0.070983
0.071816
0.072061
0.072424
0.071621
0.072334
0.072097
0.071003
0.071944
0.077017
0.072016
0.072031
0.071038
0.070110
0.072450
0.070784
0.070529
0.071418
0.072016
0.077980
0.072376
0.072593
0.071015
0.072406
0.071243
0.076811
0.072397
0.070940
0.072070
0.089419
0.071017
0.071248
0.077805
0.081044
0.071227
0.073444
0.070423
0.075265
0.071519
0.078557
0.071143
0.071218
0.072595
0.074701
0.071254
0.071167
0.071414
0.073017
0.070589
0.070404
0.072181
0.072711
0.088978
0.088019
0.072417
0.071997
0.072473
0.088572
0.072280
0.071217
0.077611
0.071016
0.071016
0.077431
0.076719
0.072016
0.072914
0.071911
0.072185
0.070800
0.072016
0.070453
0.072305
0.072390
0.077497
0.072247
0.072310
0.071525
0.074016
0.071519
0.073477
0.072340
0.071253
0.071281
0.071243
0.071563
0.073332
0.072169
0.078017
0.072016
0.071558
0.073439
0.073127
0.071591
0.084516
0.071912
0.073851
0.071167
0.071133
0.077070
0.070386
0.073185
0.071637
0.070894
0.074226
0.071892
0.077710
0.072045
0.072848
0.070355
0.072025
0.071620
0.072214
0.071027
0.071908
0.070867
0.071202
0.077263
0.071075
0.071632
0.073608
0.072623
0.073462
0.074143
0.073095
0.071120
0.071820
0.073512
0.073018
0.073112
0.073998
0.071113
0.080528
0.070113
0.071517
0.070997
0.072381
0.071471
0.070632
0.078082
0.070015
0.088883
0.070657
0.070852
0.072281
0.071249
0.071016
0.072220
0.077025
0.070565
0.072435
0.071898
0.072391
0.070024
0.073349
0.075114
0.072997
0.090658
0.070827
0.071036
0.071155
0.072134
0.073253
0.073539
0.073016
0.070779
0.078125
0.071194
0.071223
0.072346
0.073342
0.072100
0.073130
0.072279
0.072368
0.071613
0.082940
0.073434
0.073721
0.070808
0.072199
0.079762
0.072711
0.072759
0.071840
0.072431
0.072307
0.071299
0.078066
0.071889
0.089983
0.071908
0.078019
0.071159
0.073017
0.071538
0.071300
0.071215
0.072191
0.072295
0.075964
0.090077
0.089021
0.072676
0.071586
0.072017
0.073583
0.089408
0.077019
0.070262
0.073078
0.071472
0.089755
0.070732
0.072746
0.070282
0.077639
0.079072
0.070839
0.071015
0.072928
0.071984
0.071623
0.088867
0.072016
0.072202
0.072490
0.072165
0.071586
0.071476
0.071504
0.072016
0.071926
0.090020
0.070062
0.070931
0.077018
0.081029
0.075874
0.074070
0.072989
0.070667
0.075103
0.074180
0.072016
0.078009
0.073889
0.091072
0.072049
0.071984
0.074628
0.074636
0.070844
0.072120
0.070015
0.077302
0.071389
0.074064
0.074557
0.073054
0.071473
0.076324
0.071173
0.077017
0.070333
0.074640
0.073727
0.072083
0.073884
0.072372
0.070205
0.072299
0.071661
0.089020
0.074201
0.073299
0.076706
0.071343
0.071599
0.070015
0.076386
0.071003
0.070772
0.082033
0.071975
0.074021
0.071829
0.073017
0.072589
0.070581
0.070875
0.072620
0.072937
0.070842
0.073529
0.071879
0.072016
0.092983
0.074257
0.071015
0.074276
0.077096
0.071079
0.077637
0.080827
0.071015
0.071448
0.072016
0.074136
0.089942
0.076883
0.071426
0.073017
0.070847
0.072028
0.088035
0.074080
0.076823
0.072072
0.070807
0.073300
0.072016
0.072154
0.072014
0.072292
0.072188
0.071926
0.071401
0.073037
0.070673
0.071187
0.077332
0.071603
0.070909
0.071779
0.072214
0.072138
0.070396
0.090230
0.077017
0.088135
0.070673
0.071040
0.076533
0.071804
0.071423
0.073016
0.071936
0.071722
0.070888
0.071306
0.072615
0.070990
0.071687
0.071934
0.072791
0.070891
0.076763
0.071189
0.071776
0.072551
0.072464
0.070948
0.071074
0.071041
0.090585
0.070015
0.072856
0.071728
0.077760
0.071915
0.073241
0.071069
0.071532
0.071020
0.089033
0.072379
0.073575
0.071790
0.073546
0.070363
0.077744
0.071605
0.073969
0.071592
0.071614
0.072582
0.072015
0.071277
0.079276
0.071166
0.074369
0.074013
0.070015
0.071462
0.073648
0.071678
0.071016
0.072633
0.088161
0.072484
0.072015
0.078491
0.071009
0.071291
0.072106
0.074149
0.072016
0.070417
0.077534
0.076905
0.071340
0.071042
0.076553
0.071016
0.077583
0.077017
0.077948
0.071538
0.075475
0.073016
0.071016
0.071528
0.070951
0.070879
0.077525
0.089069
0.087973
0.072346
0.077439
0.071893
0.072165
0.070567
0.077548
0.072016
0.072016
0.072209
0.072079
0.070744
0.078236
0.074509
0.072324
0.071016
0.075767
0.071602
0.070015
0.072293
0.071010
0.072330
0.073388
0.073445
0.072016
0.072764
0.076941
0.071761
0.076470
0.076258
0.072017
0.071560
0.077282
0.072315
0.070968
0.072542
0.071604
0.077017
0.071164
0.072137
0.071716
0.072058
0.077979
0.070677
0.071799
0.072290
0.073016
0.073373
0.071609
0.070627
0.072548
0.071016
0.078531
0.073201
0.076593
0.071018
0.072079
0.074024
0.071977
0.070938
0.071158
0.072015
0.071057
0.073016
0.077397
0.071660
0.072016
0.070723
0.070801
0.070785
0.071013
0.072426
0.072232
0.071034
0.070655
0.070495
0.073439
0.071999
0.071126
0.077758
0.070918
0.077651
0.069962
0.072607
0.073190
0.072253
0.071146
0.072015
0.077215
0.070973
0.071656
0.070754
0.071834
0.071284
0.071049
0.070563
0.072318
0.071015
0.070856
0.087435
0.070055
0.071036
0.070641
0.071368
0.071016
0.069853
0.071346
0.072116
0.071016
0.074016
0.071016
0.072731
0.070966
0.072015
0.070015
0.078722
0.073766
0.072195
0.070940
0.072470
0.088395
0.089103
0.070015
0.074857
0.074016
0.072147
0.071015
0.072751
0.071057
0.070397
0.071235
0.074016
0.078017
0.078843
0.070293
0.074201
0.076050
0.070619
0.071537
0.088917
0.071015
0.071438
0.072727
0.072416
0.073246
