0.003000
0.273149
0.073770
0.074860
0.085057
0.087229
0.074017
0.075017
0.074047
0.071773
0.070995
0.073015
0.073187
0.071878
0.070462
0.072110
0.070180
0.071490
0.089255
0.071046
0.072505
0.074122
0.071603
0.073662
0.072907
0.071792
0.071375
0.071107
0.075016
0.088094
0.089020
0.094021
0.103858
0.150033
0.146032
0.148033
0.147032
0.120027
0.132357
0.150033
0.146032
0.157034
0.131029
0.151034
0.152034
0.135030
0.155034
0.147032
0.153034
0.147033
0.148032
0.148162
0.148033
0.147032
0.156034
0.156798
0.151613
0.151498
0.154034
0.156035
0.154034
0.153074
0.150176
0.149465
0.152034
0.154125
0.152034
0.154034
0.153092
0.153592
0.153044
0.153093
0.155034
0.157757
0.158457
0.154393
0.156033
0.156034
0.159140
0.153625
0.155601
0.156421
0.155478
0.153170
0.155035
0.154172
0.155549
0.155036
0.155410
0.154440
0.155109
0.155567
0.154127
0.154237
0.154034
0.152808
0.155035
0.154740
0.153912
0.162509
0.179631
0.178109
0.175508
0.175451
0.179215
0.180040
0.174173
0.179845
0.178723
0.178099
0.155159
0.152249
0.149647
0.154034
0.152161
0.155461
0.154034
0.152740
0.156035
0.155130
0.154608
0.160090
0.177542
0.174499
0.178202
0.175703
0.175517
0.153424
0.150111
0.155274
0.150353
0.154034
0.157407
0.154380
0.155191
0.154416
0.152162
0.155145
0.155478
0.155192
0.156034
0.155354
0.159783
0.173039
0.167385
0.166195
0.165598
0.162360
0.162782
0.156034
0.152295
0.155083
0.153515
0.154212
0.156677
0.154076
0.154978
0.152689
0.155094
0.154156
0.154619
0.159133
0.160101
0.155584
0.155313
0.155486
0.155855
0.155467
0.162036
0.161035
0.159665
0.159547
0.157680
0.159522
0.161206
0.159556
0.154420
0.154110
0.154164
0.154607
0.154502
0.151758
0.161036
0.160166
0.158117
0.164209
0.163036
0.157035
0.157366
0.156713
0.155463
0.156515
0.156413
0.155157
0.154161
0.154034
0.156012
0.163470
0.162036
0.163176
0.160035
0.161420
0.159868
0.163508
0.161571
0.162127
0.160510
0.154325
0.158035
0.159230
0.157634
0.159035
0.159035
0.151650
0.157487
0.165473
0.163267
0.161329
0.157500
0.159356
0.158034
0.155584
0.158103
0.164037
0.161036
0.159533
0.160036
0.155034
0.155332
0.155034
0.155020
0.152361
0.157288
0.156035
0.155185
0.180040
0.181295
0.174855
0.175090
0.165622
0.162840
0.162035
0.158764
0.154258
0.155624
0.153362
0.154246
0.155596
0.155619
0.154305
0.155034
0.154547
0.154565
0.121528
0.153417
0.155091
0.155494
0.153256
0.156450
0.154712
0.156642
0.154575
0.155035
0.160189
0.162764
0.160826
0.159102
0.158813
0.157166
0.156138
0.157098
0.158035
0.162874
0.163765
0.161166
0.160081
0.158637
0.157809
0.158035
0.166037
0.162431
0.160036
0.164036
0.162104
0.161287
0.157164
0.160019
0.159182
0.160181
0.158036
0.157316
0.160442
0.161164
0.157036
0.155579
0.155133
0.159287
0.156348
0.157296
0.161036
0.160273
0.158035
0.156307
0.155747
0.157580
0.156375
0.155197
0.163285
0.163221
0.160512
0.159622
0.156035
0.156034
0.159517
0.158816
0.159035
0.160542
0.164539
0.161559
0.161036
0.158795
0.160414
0.165123
0.164094
0.160153
0.159099
0.158891
0.156322
0.156035
0.158049
0.162292
0.176126
0.178602
0.179041
0.182039
0.182130
0.180461
0.180144
0.181040
0.176229
0.166165
0.158948
0.159548
0.161744
0.160090
0.158852
0.161035
0.161314
0.160132
0.155460
0.153958
0.157419
0.154611
0.157671
0.156637
0.163260
0.161191
0.161371
0.170342
0.167110
0.164170
0.161259
0.159119
0.160181
0.164471
0.166674
0.163919
0.163615
0.167663
0.162567
0.163199
0.162036
0.161301
0.160032
0.146727
0.155594
0.159548
0.164274
0.162535
0.162133
0.160684
0.164195
0.159619
0.160441
0.163486
0.161298
0.160035
0.160122
0.169110
0.163204
0.163268
0.161490
0.161271
0.164379
0.161130
0.166195
0.162610
0.165037
0.162749
0.162167
0.159127
0.157360
0.155783
0.157444
0.162198
0.163032
0.161444
0.158416
0.157435
0.156051
0.162036
0.144409
0.155841
0.156835
0.155529
0.156183
0.160287
0.161182
0.157098
0.164141
0.161000
0.160465
0.156504
0.156108
0.161344
0.160288
0.158366
0.158185
0.162592
0.163188
0.172379
0.170088
0.179599
0.176192
0.173038
0.169110
0.164814
0.162286
0.159230
0.156121
0.158649
0.158127
0.157592
0.157552
0.156245
0.157374
0.157218
0.138620
0.155661
0.154192
0.157593
0.154781
0.158252
0.157474
0.155855
0.156648
0.159108
0.158531
0.160320
0.158114
0.138322
0.156034
0.159035
0.159102
0.159628
0.158054
0.156406
0.157123
0.155087
0.159035
0.159035
0.165036
0.143553
0.156846
0.159367
0.157458
0.157371
0.157112
0.162317
0.162575
0.158035
0.158411
0.159035
0.163451
0.160908
0.164084
0.161624
0.159036
0.162532
0.160571
0.159101
0.177100
0.176215
0.168037
0.176270
0.175376
0.171038
0.173579
0.171038
0.169382
0.168710
0.166036
0.159036
0.153255
0.154130
0.154034
0.141217
0.174245
0.170082
0.157034
0.154034
0.154091
0.154081
0.160037
0.159614
0.158248
0.160037
0.163145
0.162201
0.161175
0.154584
0.158780
0.160036
0.159115
0.160035
0.158248
0.159138
0.159463
0.177144
0.173295
0.165009
0.163817
0.161645
0.161636
0.161108
0.158792
0.157035
0.156092
0.157636
0.158035
0.156322
0.155445
0.154532
0.153503
0.154034
0.163287
0.161819
0.160571
0.159045
0.163421
0.162562
0.160036
0.160103
0.162082
0.165380
0.163214
0.160099
0.158110
0.157125
0.166698
0.164126
0.161865
0.159101
0.158133
0.157091
0.157760
0.163112
0.163333
0.160531
0.160036
0.156437
0.158443
0.158186
0.156034
0.157188
0.157876
0.163210
0.162495
0.159363
0.157829
0.156775
0.163476
0.163037
0.160516
0.159163
0.156448
0.157246
0.158382
0.156907
0.157976
0.158103
0.160336
0.163036
0.161035
0.159035
0.159114
0.158122
0.162347
0.160458
0.159166
0.159516
0.159841
0.158374
0.159500
0.160427
0.160036
0.166114
0.164786
0.160207
0.158688
0.160199
0.169129
0.171382
0.168091
0.166884
0.160284
0.163196
0.160407
0.165470
0.168094
0.166037
0.164261
0.140965
0.158168
0.154331
0.155763
0.160249
0.175039
0.177172
0.175790
0.156229
0.156530
0.158105
0.160036
0.161110
0.155235
0.155034
0.154387
0.157471
0.139688
0.155853
0.154106
0.155137
0.155034
0.157135
0.155121
0.156088
0.155296
0.157214
0.162036
0.161036
0.162095
0.166110
0.160943
0.154560
0.167547
0.176039
0.166105
0.157056
0.158722
0.181157
0.177155
0.179039
0.152318
0.157551
0.139048
0.156108
0.155035
0.139336
0.156151
0.159137
0.155153
0.157223
0.166037
0.182040
0.182040
0.158132
0.167037
0.164111
0.162036
0.157130
0.157361
0.154607
0.157437
0.156091
0.155166
0.154633
0.155520
0.156268
0.157141
0.138695
0.157446
0.157208
0.154830
0.159116
0.140993
0.157034
0.156454
0.157119
0.162036
0.160190
0.160480
0.158239
0.138920
0.157035
0.157221
0.165241
0.171042
0.177039
0.173098
0.181137
0.178121
0.181040
0.181096
0.181040
0.173319
0.168514
0.166037
0.161472
0.165161
0.138437
0.158341
0.160465
0.161204
0.162090
0.160229
0.161173
0.158551
0.159081
0.158133
0.161036
0.167121
0.163538
0.162036
0.158276
0.157033
0.156291
0.155034
0.161035
0.165350
0.162036
0.159097
0.158120
0.157164
0.160081
0.162744
0.161099
0.165041
0.159187
0.157691
0.157035
0.156866
0.155590
0.159222
0.162304
0.163454
0.129234
0.156471
0.157834
0.156531
0.156437
0.156586
0.157407
0.158844
0.157139
0.158035
0.156256
0.155886
0.157035
0.156127
0.157326
0.164602
0.160801
0.157221
0.157035
0.157318
0.156269
0.156518
0.156205
0.157034
0.163037
0.160036
0.141548
0.157209
0.156071
0.158035
0.157154
0.156173
0.155510
0.155893
0.156183
0.157035
0.157035
0.156558
0.158455
0.160110
0.157189
0.157033
0.157035
0.160463
0.163416
0.160147
0.158040
0.155973
0.156292
0.158189
0.156578
0.156034
0.163036
0.162107
0.159489
0.158035
0.157604
0.157192
0.171037
0.173325
0.165114
0.167251
0.163092
0.161117
0.161142
0.160200
0.159910
0.162314
0.161245
0.160036
0.160035
0.157153
0.156498
0.176039
0.179111
0.182082
0.177093
0.179966
0.178136
0.178103
0.179104
0.175040
0.181237
0.183040
0.177088
0.167944
0.177039
0.165378
0.152964
0.154562
0.156100
0.159060
0.160035
0.157501
0.156344
0.159099
0.161036
0.162036
0.163119
0.158710
0.159194
0.158036
0.159035
0.159310
0.146407
0.158171
0.157478
0.159163
0.158178
0.161112
0.156145
0.155034
0.134763
0.154210
0.150288
0.158032
0.159591
0.166459
0.172038
0.177139
0.181124
0.173038
0.173102
0.166362
0.161186
0.158092
0.163139
0.163036
0.161159
0.157530
0.155199
0.156034
0.161142
0.158310
0.155034
0.162212
0.163034
0.162265
0.161036
0.161035
0.160036
0.155442
0.157034
0.163238
0.162104
0.314162
0.315875
0.340425
0.332071
0.335093
0.344009
0.374489
0.294096
0.167162
0.175039
0.169037
0.167145
0.162035
0.163036
0.159584
0.154034
0.154496
0.154129
0.154299
0.155129
0.137306
0.152385
0.154286
0.155199
0.156290
0.154507
0.154741
0.153225
0.154033
0.155156
0.137110
0.157411
0.154710
0.157094
0.154034
0.156360
0.134157
0.155130
0.155206
0.155396
0.156210
0.154210
0.155390
0.143213
0.156272
0.154596
0.133544
0.155458
0.153753
0.157389
0.155034
0.154105
0.153382
0.155169
0.155602
0.154034
0.155034
0.154356
0.134915
0.154034
0.139310
0.168036
0.164371
0.161036
0.155433
0.155087
0.155356
0.159105
0.161561
0.161661
0.157035
0.156069
0.155670
0.164131
0.161185
0.159432
0.157297
0.156299
0.159036
0.160036
0.158195
0.158292
0.156129
0.158329
0.162036
0.161232
0.158248
0.158127
0.155332
0.154096
0.156035
0.157202
0.157035
0.155514
0.156144
0.162193
0.178186
0.174128
0.173038
0.176140
0.164296
0.149644
0.155310
0.153306
0.154034
0.154630
0.157035
0.125697
0.162036
0.157416
0.159035
0.158822
0.157035
0.157164
0.157155
0.155163
0.157116
0.156048
0.163129
0.164549
0.164036
0.142025
0.154112
0.156520
0.161036
0.163693
0.162193
0.162036
0.138227
0.155333
0.156034
0.154692
0.133307
0.154361
0.135493
0.154321
0.153173
0.155694
0.155418
0.135241
0.158188
0.155088
0.155119
0.154603
0.154757
0.154333
0.154221
0.154944
0.155242
0.156470
0.164435
0.162605
0.158362
0.159445
0.165126
0.164160
0.160036
0.155178
0.156423
0.154370
0.154143
0.156084
0.154429
0.161116
0.161249
0.159668
0.159037
0.165509
0.159123
0.165111
0.164580
0.164446
0.162066
0.163036
0.160035
0.160207
0.178137
0.177038
0.180040
0.180104
0.181243
0.177545
0.181261
0.180241
0.170101
0.164365
0.161135
0.160081
0.157011
0.157125
0.156034
0.158035
0.157280
0.154799
0.156118
0.156156
0.160352
0.163425
0.161036
0.161440
0.159215
0.158755
0.159315
0.160172
0.159808
0.159941
0.158216
0.157142
0.162036
0.166037
0.161330
0.161815
0.163052
0.166036
0.172196
0.181222
0.175872
0.180131
0.179040
0.179320
0.179123
0.175037
0.175122
0.176621
0.183107
0.175424
0.175520
0.173038
0.161038
0.157403
0.159035
0.162171
0.161036
0.157340
0.158035
0.137364
0.155213
0.157221
0.155243
0.155807
0.156209
0.157419
0.157035
0.157034
0.158115
0.161327
0.158238
0.138733
0.157427
0.156231
0.157034
0.162403
0.177197
0.176312
0.177206
0.181038
0.182600
0.168503
0.157035
0.157035
0.157088
0.157035
0.135981
0.156035
0.158488
0.155090
0.148851
0.158188
0.156245
0.156098
0.141200
0.158035
0.155417
0.157235
0.157486
0.158144
0.137810
0.157103
0.138478
0.156169
0.156035
0.156034
0.154486
0.159364
0.161036
0.159289
0.158750
0.157643
0.157521
0.157111
0.159126
0.163104
0.162407
0.160233
0.162588
0.163036
0.159122
0.164101
0.163249
0.160035
0.159237
0.159035
0.159087
0.163036
0.158458
0.156094
0.157035
0.158125
0.163864
0.166079
0.162807
0.162187
0.161253
0.163037
0.162117
0.161126
0.177039
0.174039
0.182088
0.176621
0.181441
0.176370
0.176039
0.177039
0.182134
0.176039
0.169561
0.155116
0.158541
0.160095
0.161073
0.161320
0.159575
0.160156
0.157940
0.159796
0.161568
0.153509
0.154241
0.155035
0.164137
0.169119
0.168107
0.163036
0.158593
0.158309
0.157035
0.156269
0.160761
0.161036
0.140083
0.156035
0.157117
0.158104
0.156088
0.155793
0.154632
0.155270
0.131085
0.162455
0.160252
0.163445
0.165454
0.161433
0.158297
0.164036
0.166124
0.164258
0.162615
0.167037
0.161183
0.147634
0.157594
0.162320
0.162857
0.157571
0.157778
0.161096
0.162317
0.161575
0.161122
0.156780
0.157137
0.157396
0.162456
0.165037
0.166079
0.160214
0.159201
0.157384
0.157034
0.155582
0.160192
0.160399
0.163114
0.161036
0.158372
0.159104
0.164036
0.175102
0.179307
0.175645
0.178501
0.176394
0.182381
0.177751
0.182199
0.177593
0.182636
0.169037
0.171081
0.166037
0.164193
0.160782
0.158114
0.157035
0.157035
0.158120
0.158251
0.158214
0.158035
0.156276
0.156201
0.162036
0.172386
0.163535
0.180104
0.181040
0.175039
0.178696
0.176039
0.176436
0.178217
0.171122
0.137487
0.158508
0.157656
0.157115
0.156034
0.157109
0.159159
0.157108
0.164212
0.159035
0.162171
0.162261
0.160604
0.158253
0.157097
0.158035
0.165036
0.178041
0.168143
0.157256
0.158184
0.156107
0.163036
0.159916
0.157506
0.156111
0.157095
0.159035
0.165036
0.181325
0.178140
0.180499
0.151523
0.154034
0.159202
0.143103
0.161196
0.163036
0.158335
0.158035
0.157543
0.164201
0.162197
0.160214
0.164116
0.165244
0.162606
0.161243
0.181104
0.171038
0.169110
0.165036
0.159035
0.156343
0.167177
0.164080
0.164037
0.163103
0.156853
0.157231
0.159112
0.161036
0.161074
0.159473
0.142131
0.160209
0.161036
0.161527
0.160175
0.163393
0.164036
0.163036
0.161533
0.159089
0.158555
0.161422
0.160096
0.160036
0.163613
0.163290
0.162122
0.171164
0.165101
0.163036
0.166519
0.162033
0.164036
0.162384
0.161211
0.161205
0.158035
0.155510
0.174328
0.174108
0.173191
0.172098
0.178180
0.175157
0.171038
0.167037
0.165097
0.164037
0.161112
0.158979
0.167218
0.163109
0.162037
0.151639
0.161408
0.161155
0.160548
0.148198
0.161163
0.160638
0.159035
0.160195
0.160084
0.159186
0.160035
0.156035
0.135837
0.155034
0.156437
0.161119
0.141127
0.162036
0.162443
0.159253
0.157370
0.157097
0.156263
0.171249
0.165152
0.160036
0.157428
0.158036
0.156681
0.161175
0.160310
0.160359
0.159066
0.160326
0.165137
0.163299
0.162482
0.162540
0.159539
0.161282
0.160601
0.165036
0.163100
0.162259
0.161656
0.165969
0.162634
0.165036
0.165132
0.164245
0.161811
0.161112
0.168200
0.181223
0.183450
0.178111
0.179123
0.182104
0.179671
0.180039
0.174136
0.157118
0.160036
0.160119
0.160123
0.140021
0.176242
0.171038
0.166038
0.163141
0.162103
0.160661
0.162469
0.160128
0.167568
0.179404
0.177039
0.174269
0.172251
0.168037
0.160143
0.159125
0.160107
0.161250
0.138886
0.161769
0.162137
0.160036
0.140253
0.160106
0.158035
0.160106
0.159035
0.158035
0.157035
0.157034
0.156484
0.188248
0.183041
0.179096
0.178622
0.179216
0.179377
0.178283
0.170333
0.166585
0.163117
0.162035
0.162142
0.161120
0.159231
0.159814
0.162174
0.160433
0.162423
0.158489
0.162295
0.143174
0.156035
0.154034
0.156141
0.157100
0.157069
0.155651
0.161132
0.166363
0.165036
0.162902
0.147629
0.161530
0.160427
0.160174
0.159140
0.162332
0.158443
0.158474
0.158221
0.165836
0.163149
0.162266
0.165148
0.166233
0.180892
0.178244
0.177309
0.182496
0.181159
0.177072
0.177039
0.173071
0.171521
0.174109
0.174877
0.168037
0.160114
0.159102
0.158479
0.139278
0.158035
0.156222
0.157035
0.156219
0.156089
0.157035
0.158204
0.137479
0.155034
0.155126
0.159035
0.157159
0.159727
0.156289
0.158347
0.157280
0.157580
0.138635
0.159153
0.157308
0.159475
0.161824
0.162843
0.161525
0.163465
0.161269
0.160408
0.163124
0.161664
0.160143
0.138786
0.157035
0.158291
0.158035
0.173534
0.170038
0.166251
0.163114
0.169201
0.168315
0.169659
0.167589
0.160250
0.169097
0.161375
0.168189
0.162035
0.161324
0.158035
0.157035
0.159215
0.159113
0.158716
0.159388
0.159550
0.158276
0.159148
0.158036
0.164439
0.167411
0.181499
0.181040
0.177104
0.181130
0.177208
0.176038
0.175245
0.176484
0.181646
0.176244
0.176151
0.157947
0.168581
0.160446
0.156034
0.161036
0.163035
0.158190
0.160037
0.159081
0.141045
0.160036
0.159099
0.158413
0.151628
0.160035
0.157624
0.158124
0.160113
0.157119
0.160141
0.159157
0.158345
0.158261
0.159035
0.159125
0.158035
0.159174
0.157034
0.163452
0.160564
0.161597
0.163105
0.163259
0.167350
0.163036
0.160150
0.160036
0.162036
0.160165
0.160208
0.162036
0.167790
0.163282
0.159154
0.159035
0.158445
0.156285
0.160035
0.164036
0.174163
0.170616
0.181039
0.178040
0.179088
0.177305
0.179664
0.184041
0.184041
0.184129
0.184041
0.172038
0.170037
0.160009
0.168073
0.168146
0.167037
0.164413
0.162036
0.162036
0.161036
0.160123
0.161036
0.161377
0.160205
0.161096
0.161150
0.171038
0.166250
0.164172
0.163117
0.162037
0.157125
0.156035
0.156106
0.162763
0.165036
0.162035
0.122005
0.165123
0.159035
0.162400
0.163134
0.168025
0.165331
0.162036
0.165107
0.166367
0.164114
0.166037
0.160073
0.158588
0.157443
0.158476
0.147794
0.162084
0.149738
0.163178
0.159116
0.159026
0.155230
0.162309
0.158129
0.158035
0.158993
0.159035
0.160562
0.158153
0.160082
0.160035
0.159422
0.158110
0.165439
0.163181
0.164799
0.162110
0.163014
0.164739
0.167543
0.165359
0.163118
0.163716
0.163591
0.161039
0.158035
0.158035
0.159035
0.162555
0.161252
0.166709
0.167037
0.177038
0.180128
0.168411
0.176097
0.174697
0.178260
0.179100
0.179133
0.175038
0.179040
0.182183
0.179103
0.178756
0.181805
0.181040
0.181040
0.172038
0.169199
0.166722
0.166292
0.158534
0.157153
0.161237
0.159035
0.159764
0.159035
0.139665
0.158079
0.150196
0.159209
0.141691
0.159117
0.141975
0.159151
0.160036
0.159622
0.157668
0.157034
0.159035
0.160419
0.161382
0.161182
0.155547
0.159087
0.158442
0.159099
0.148254
0.156566
0.160615
0.144580
0.159092
0.159137
0.160037
0.166037
0.162477
0.160530
0.160410
0.158036
0.164037
0.160036
0.165037
0.164036
0.163054
0.160562
0.161253
0.164480
0.161888
0.166098
0.162152
0.161036
0.160035
0.158036
0.161098
0.161466
0.167037
0.182040
0.181040
0.179377
0.178040
0.180293
0.177039
0.181137
0.181258
0.178040
0.181278
0.181040
0.171087
0.168037
0.160925
0.171122
0.171038
0.165234
0.161068
0.158120
0.159034
0.159036
0.159158
0.158035
0.158047
0.158094
0.159035
0.157241
0.159351
0.158035
0.159189
0.159035
0.159035
0.159286
0.165180
0.163113
0.161036
0.160219
0.139008
0.157035
0.157035
0.158035
0.157079
0.158791
0.158425
0.161035
0.160036
0.159035
0.160248
0.160906
0.159083
0.160035
0.161036
0.158035
0.158035
0.160080
0.164036
0.164144
0.161037
0.161036
0.167037
0.165757
0.161211
0.161185
0.160036
0.161036
0.164037
0.163205
0.162130
0.167037
0.164479
0.163149
0.161296
0.161081
0.159241
0.160110
0.164104
0.164115
0.163036
0.161330
0.139310
0.159087
0.160036
0.160441
0.158137
0.157492
0.158035
0.157121
0.156352
0.158226
0.137384
0.157254
0.158035
0.159035
0.160213
0.158113
0.164118
0.163396
0.162220
0.162036
0.158084
0.159035
0.159035
0.157035
0.158336
0.158146
0.165073
0.163036
0.159417
0.158238
0.159396
0.147937
0.157488
0.156258
0.159035
0.156513
0.158546
0.159035
0.158129
0.160090
0.159106
0.164330
0.163305
0.162036
0.161194
0.159036
0.137029
0.159077
0.159035
0.158156
0.160124
0.141246
0.159230
0.158739
0.159035
0.158081
0.162036
0.159101
0.164037
0.163159
0.162036
0.166037
0.163316
0.171299
0.167205
0.165132
0.164226
0.164106
0.162036
0.162159
0.160358
0.161211
0.160036
0.140132
0.159238
0.162035
0.159975
0.141603
0.158176
0.159205
0.142246
0.158035
0.158098
0.158409
0.159108
0.158035
0.160037
0.159357
0.164708
0.162036
0.166095
0.165037
0.165037
0.164037
0.162105
0.160036
0.160063
0.158145
0.159243
0.158367
0.158468
0.159036
0.157087
0.160075
0.159185
0.165484
0.162531
0.161070
0.167037
0.164036
0.141617
0.157302
0.158756
0.159035
0.163090
0.162147
0.140350
0.155035
0.159411
0.159344
0.159115
0.159036
0.158190
0.159066
0.163948
0.161162
0.142852
0.158558
0.157150
0.159123
0.141058
0.157133
0.156158
0.159352
0.158036
0.159076
0.138787
0.157408
0.157322
0.137414
0.159090
0.149860
0.164558
0.157675
0.160036
0.158156
0.159035
0.159451
0.158857
0.157125
0.156035
0.159183
0.140652
0.156146
0.156529
0.160035
0.158036
0.158100
0.159036
0.160036
0.158109
0.157529
0.159187
0.159216
0.160035
0.139675
0.157035
0.159095
0.139908
0.159142
0.158035
0.159035
0.156749
0.166457
0.160149
0.171101
0.165037
0.163232
0.158035
0.158304
0.154402
0.167037
0.165036
0.161236
0.157697
0.158791
0.157314
0.159139
0.159035
0.158035
0.158467
0.157001
0.156008
0.158666
0.158355
0.158132
0.150807
0.157584
0.158295
0.158458
0.157098
0.158035
0.159159
0.157630
0.157166
0.162036
0.161161
0.160036
0.166037
0.162244
0.161036
0.141362
0.158251
0.158283
0.159812
0.159384
0.158031
0.149237
0.158034
0.159035
0.159034
0.159391
0.156882
0.159115
0.158394
0.165121
0.164114
0.160270
0.161124
0.160035
0.158351
0.159392
0.158266
0.157474
0.159189
0.165037
0.162035
0.161233
0.161190
0.140031
0.159097
0.159111
0.140360
0.157188
0.158114
0.156345
0.157213
0.157263
0.158207
0.160242
0.157373
0.162928
0.160036
0.161220
0.166130
0.163036
0.160175
0.159715
0.159035
0.160105
0.160038
0.139271
0.159129
0.158227
0.158035
0.159035
0.158095
0.158348
0.158816
0.157451
0.155531
0.158140
0.158034
0.158036
0.157253
0.139491
0.157035
0.158111
0.157158
0.159035
0.140609
0.159244
0.160496
0.157348
0.158088
0.158159
0.158150
0.156733
0.157746
0.158173
0.157297
0.157035
0.162593
0.159835
0.159212
0.159035
0.159090
0.156156
0.156352
0.157114
0.157034
0.160153
0.130727
0.159035
0.159117
0.161703
0.160228
0.159115
0.151012
0.158035
0.158111
0.157181
0.159034
0.163036
0.162545
0.160166
0.158035
0.156593
0.160893
0.159090
0.160035
0.159101
0.157101
0.157694
0.158194
0.138878
0.159097
0.159035
0.158319
0.159030
0.158153
0.158144
0.138694
0.157522
0.158251
0.159110
0.158484
0.159106
0.158079
0.158035
0.158035
0.159035
0.158657
0.157135
0.159113
0.159104
0.157737
0.158330
0.157034
0.158035
0.158231
0.157066
0.156482
0.156225
0.155897
0.157035
0.163092
0.160035
0.144296
0.158035
0.158472
0.157925
0.158071
0.158035
0.156035
0.161975
0.158318
0.156116
0.162695
0.159626
0.160164
0.165037
0.162036
0.163138
0.161036
0.166036
0.163086
0.161571
0.159687
0.158139
0.158035
0.158035
0.157035
0.159035
0.159144
0.155034
0.136860
0.157096
0.157035
0.159036
0.159037
0.161036
0.158580
0.159035
0.164130
0.161301
0.159035
0.160420
0.158035
0.159035
0.165099
0.162576
0.159035
0.159035
0.157497
0.159087
0.159154
0.158034
0.157035
0.157084
0.158035
0.166290
0.161264
0.158611
0.159178
0.140881
0.158090
0.160036
0.156265
0.155137
0.159035
0.158035
0.157035
0.164036
0.162185
0.159435
0.158374
0.158115
0.159229
0.158108
0.163098
0.162970
0.167252
0.164080
0.141513
0.157035
0.158198
0.158696
0.157127
0.158111
0.159086
0.138992
0.157219
0.158169
0.159153
0.158035
0.156105
0.159131
0.157035
0.159081
0.137861
0.159035
0.157683
0.157035
0.158147
0.160172
0.157035
0.158949
0.156282
0.159113
0.157102
0.156474
0.138508
0.157140
0.158205
0.159328
0.160590
0.160131
0.157076
0.156034
0.158035
0.137820
0.158092
0.157134
0.158851
0.158115
0.156035
0.158602
0.163462
0.160318
0.160502
0.160444
0.159101
0.138842
0.159035
0.140118
0.156581
0.157133
0.158104
0.156703
0.157391
0.157497
0.160283
0.158278
0.137704
