1.927586
4.781456
0.104023
0.155254
0.158035
0.159784
0.127065
0.121219
0.150904
0.161574
0.171443
0.163445
0.167701
0.168151
0.166415
0.168402
0.165707
0.166505
0.157448
0.160003
0.160454
0.161084
0.160923
0.162275
0.162979
0.161935
0.160805
0.164076
0.163550
0.168453
0.169418
0.167269
0.173891
0.170576
0.165347
0.158166
0.161450
0.162287
0.160800
0.161915
0.161010
0.161094
0.161435
0.162618
0.165408
0.168226
0.167096
0.170534
0.171462
0.164577
0.164868
0.160230
0.135138
0.161693
0.163235
0.161540
0.164023
0.167182
0.172194
0.174943
0.167695
0.164469
0.160015
0.161216
0.161947
0.162942
0.161428
0.099789
0.165673
0.153041
0.161786
0.159889
0.162604
0.161335
0.162131
0.161403
0.162490
0.165211
0.166553
0.167445
0.170391
0.171383
0.169919
0.166363
0.161316
0.159619
0.139987
0.162950
0.160962
0.160854
0.163691
0.162058
0.164883
0.166891
0.167735
0.170909
0.173516
0.170456
0.166515
0.161041
0.161522
0.162233
0.161997
0.130820
0.162080
0.161171
0.160841
0.162183
0.163031
0.164988
0.167018
0.167845
0.171111
0.172302
0.170957
0.166368
0.161058
0.161562
0.162071
0.163394
0.133106
0.162837
0.163298
0.163030
0.163141
0.164574
0.169815
0.171993
0.170124
0.164341
0.162065
0.163475
0.163095
0.163618
0.164321
0.165288
0.167457
0.157606
0.165978
0.169422
0.171857
0.176841
0.168527
0.161559
0.166186
0.164296
0.169617
0.167922
0.170283
0.177294
0.170348
0.164471
0.162223
0.153232
0.167151
0.165141
0.131163
0.165315
0.162591
0.166337
0.168344
0.168995
0.164264
0.161973
0.163209
0.164460
0.165153
0.165147
0.167035
0.167988
0.159548
0.167057
0.168274
0.173032
0.176478
0.170759
0.165546
0.163346
0.163615
0.164490
0.166445
0.166267
0.165628
0.170170
0.168667
0.174285
0.168690
0.172876
0.165401
0.162730
0.164788
0.165657
0.164517
0.163097
0.162816
0.161265
0.163226
0.166209
0.172124
0.175406
0.170801
0.167131
0.162601
0.151399
0.164779
0.165641
0.163288
0.163835
0.163243
0.163787
0.164602
0.165962
0.167516
0.169720
0.169591
0.173452
0.172208
0.167686
0.161872
0.161985
0.145847
0.164137
0.164158
0.164401
0.163295
0.164259
0.163223
0.163282
0.164708
0.165553
0.168565
0.168659
0.166362
0.161964
0.162529
0.162845
0.162968
0.161115
0.162995
0.161265
0.164966
0.165535
0.166245
0.169090
0.168182
0.172403
0.178627
0.161527
0.163536
0.161821
0.163376
0.163550
0.164309
0.164564
0.149153
0.161228
0.165551
0.164079
0.166058
0.167002
0.168044
0.167676
0.169122
0.169900
0.169250
0.173685
0.169520
0.170145
0.164065
0.162799
0.152295
0.152040
0.162765
0.162639
0.160598
0.163626
0.161829
0.162791
0.163293
0.163025
0.163974
0.164129
0.166700
0.166465
0.167083
0.169278
0.168630
0.171494
0.172091
0.164838
0.171050
0.171696
0.167602
0.163405
0.163773
0.164449
0.163603
0.162348
0.161469
0.163585
0.162932
0.164154
0.164101
0.161784
0.162173
0.163662
0.170950
0.171566
0.166819
0.162605
0.163493
0.165238
0.162589
0.163320
0.163146
0.163912
0.163538
0.164108
0.163187
0.163651
0.162472
0.163926
0.166032
0.160377
0.170426
0.168242
0.167886
0.169648
0.169700
0.169709
0.167011
0.165257
0.162902
0.161214
0.164486
0.161951
0.164643
0.163809
0.162951
0.162461
0.132089
0.162639
0.165410
0.162817
0.163935
0.162424
0.164135
0.164603
0.164975
0.164458
0.166338
0.166182
0.166624
0.167392
0.168675
0.166188
0.167740
0.169035
0.156439
0.165205
0.167345
0.166183
0.167785
0.169723
0.167631
0.171160
0.172556
0.174336
0.177178
0.173562
0.167808
0.163058
0.163888
0.164033
0.165172
0.151688
0.165037
0.162741
0.163372
0.162923
0.164701
0.163323
0.162800
0.162902
0.165784
0.166169
0.166514
0.167929
0.167331
0.166054
0.167440
0.171165
0.170279
0.163072
0.167393
0.170404
0.165103
0.162721
0.161524
0.163713
0.166163
0.164090
0.164559
0.162513
0.163674
0.164019
0.166102
0.165204
0.165252
0.165638
0.159548
0.165141
0.166157
0.167128
0.168249
0.167732
0.168406
0.170370
0.174414
0.174746
0.174367
0.169303
0.167868
0.162905
0.163238
0.163183
0.165983
0.145386
0.163760
0.163330
0.164211
0.163715
0.165186
0.165283
0.164756
0.164391
0.166465
0.167932
0.168032
0.168516
0.167745
0.171056
0.170590
0.167947
0.168816
0.160043
0.165005
0.165213
0.165553
0.167805
0.171360
0.167445
0.167924
0.170659
0.169860
0.171983
0.172026
0.173676
0.173509
0.175229
0.169292
0.169713
0.158600
0.166860
0.162254
0.163754
0.163189
0.163181
0.164211
0.164659
0.161779
0.165056
0.163271
0.163705
0.164285
0.166056
0.165696
0.165159
0.165634
0.164754
0.150920
0.162887
0.164217
0.164582
0.165078
0.165339
0.168655
0.171016
0.171357
0.171595
0.169373
0.170376
0.172744
0.173192
0.176199
0.177047
0.172827
0.169907
0.172595
0.168113
0.162873
0.163490
0.162386
0.166059
0.165181
0.163485
0.163661
0.163961
0.164882
0.165492
0.166152
0.177597
0.178867
0.172425
0.170086
0.171046
0.168552
0.159151
0.165950
0.164508
0.165246
0.164876
0.165883
0.163387
0.163704
0.163594
0.162544
0.165334
0.165819
0.163908
0.165339
0.166134
0.140346
0.163598
0.163569
0.163916
0.165283
0.165190
0.166877
0.165847
0.175254
0.176512
0.172883
0.169952
0.166158
0.161724
0.164996
0.161402
0.162884
0.138698
0.164031
0.162197
0.162931
0.164062
0.165232
0.164724
0.162319
0.163420
0.165488
0.163585
0.161078
0.165580
0.164880
0.165564
0.165354
0.164750
0.165262
0.153258
0.164312
0.164946
0.164479
0.164962
0.165765
0.165961
0.166250
0.168149
0.175007
0.176651
0.173768
0.175310
0.172389
0.169222
0.163492
0.163514
0.138285
0.163700
0.162587
0.162438
0.164147
0.162735
0.165096
0.163487
0.164042
0.164296
0.165058
0.165359
0.166548
0.171275
0.173503
0.169397
0.175767
0.172159
0.177829
0.169836
0.169905
0.164420
0.163182
0.163930
0.164495
0.164437
0.164243
0.163221
0.165684
0.166419
0.165630
0.166247
0.168371
0.167258
0.168061
0.164009
0.166930
0.167562
0.166866
0.168384
0.167988
0.168823
0.167494
0.169063
0.167805
0.166867
0.170937
0.169055
0.167367
0.158777
0.164140
0.165538
0.145791
0.167328
0.162691
0.164249
0.163777
0.163701
0.164036
0.163036
0.163898
0.163872
0.163893
0.163891
0.166956
0.166158
0.165213
0.166982
0.168215
0.167451
0.157726
0.152606
0.163123
0.165214
0.166631
0.166900
0.165458
0.167851
0.167920
0.168581
0.169129
0.167844
0.170815
0.169528
0.164146
0.163849
0.164790
0.154685
0.163222
0.163331
0.164757
0.163803
0.164528
0.164573
0.161931
0.163273
0.163396
0.163822
0.164214
0.161661
0.171782
0.175182
0.172066
0.175568
0.171709
0.175685
0.172621
0.166589
0.162837
0.163798
0.162870
0.163152
0.165768
0.162342
0.162951
0.164421
0.164197
0.164999
0.172994
0.173297
0.168876
0.161957
0.167206
0.165088
0.164871
0.165671
0.163445
0.164345
0.163065
0.164702
0.165231
0.163455
0.165287
0.163608
0.164083
0.164528
0.177263
0.174018
0.165685
0.170763
0.169425
0.163743
0.165426
0.163630
0.165505
0.163548
0.165344
0.163555
0.165468
0.164909
0.163788
0.166285
0.164983
0.166830
0.174991
0.172566
0.177073
0.170263
0.169073
0.163734
0.163388
0.164062
0.164279
0.164159
0.163409
0.164258
0.164333
0.164532
0.163453
0.164428
0.162696
0.164125
0.171996
0.161538
0.167111
0.166465
0.168545
0.168201
0.166595
0.169884
0.163236
0.165324
0.165127
0.165700
0.167683
0.169052
0.168486
0.167946
0.168500
0.167511
0.179016
0.168429
0.171922
0.173567
0.172970
0.171243
0.177604
0.173707
0.176953
0.172571
0.163299
0.164597
0.163109
0.164238
0.163798
0.163581
0.164364
0.163282
0.152011
0.164008
0.164176
0.165475
0.165169
0.147479
0.163312
0.163376
0.164947
0.166252
0.166540
0.166165
0.165312
0.166850
0.167355
0.166154
0.167686
0.168738
0.173763
0.175528
0.170321
0.166792
0.164069
0.164669
0.164564
0.164346
0.163496
0.164413
0.164025
0.164295
0.163613
0.162968
0.163132
0.164348
0.164677
0.143739
0.163926
0.164919
0.164999
0.166514
0.167225
0.166110
0.166310
0.166968
0.167056
0.168400
0.168059
0.168561
0.167072
0.169000
0.168509
0.168883
0.168279
0.158831
0.166165
0.166154
0.167237
0.166631
0.167538
0.167222
0.169737
0.167438
0.168516
0.168793
0.167537
0.167874
0.168470
0.168014
0.168856
0.168360
0.166635
0.145810
0.163213
0.164196
0.164982
0.165801
0.165462
0.169552
0.173813
0.176515
0.174774
0.169091
0.167301
0.163760
0.165325
0.165769
0.164249
0.164714
0.130120
0.172516
0.162988
0.163619
0.164117
0.162402
0.164698
0.163010
0.166167
0.163702
0.163316
0.163705
0.165259
0.162834
0.164419
0.163116
0.164973
0.167446
0.151719
0.163782
0.167891
0.167310
0.167319
0.169506
0.168448
0.168243
0.169426
0.170405
0.170516
0.171254
0.171560
0.168785
0.170692
0.171018
0.172406
0.171954
0.145250
0.162894
0.174395
0.175496
0.176868
0.178744
0.177196
0.174494
0.169704
0.167871
0.163234
0.163327
0.162551
0.163826
0.165262
0.164413
0.163488
0.141043
0.163818
0.163382
0.164769
0.163931
0.163441
0.166069
0.166451
0.165272
0.166882
0.165423
0.165841
0.166702
0.166559
0.167115
0.165231
0.166411
0.165700
0.145332
0.164350
0.163460
0.171896
0.171447
0.168521
0.170970
0.171495
0.169112
0.171123
0.171240
0.170720
0.171363
0.170122
0.172156
0.172496
0.169677
0.170422
0.154966
0.165155
0.166839
0.169764
0.170778
0.167908
0.170277
0.172282
0.171431
0.171192
0.169772
0.172103
0.169322
0.173505
0.174040
0.171982
0.173110
0.174428
0.165198
0.171000
0.171179
0.175727
0.163368
0.165036
0.163462
0.163562
0.164362
0.146447
0.165063
0.164480
0.163839
0.163974
0.164122
0.164262
0.163507
0.131704
0.163371
0.164376
0.164021
0.167890
0.165828
0.166653
0.166421
0.166948
0.168764
0.169273
0.153850
0.164045
0.165008
0.166986
0.165744
0.166250
0.170328
0.098760
0.163431
0.163469
0.163725
0.165270
0.163687
0.164253
0.165967
0.166197
0.166015
0.165744
0.165811
0.165641
0.165271
0.121592
0.164529
0.164593
0.163889
0.138837
0.163706
0.165375
0.165110
0.164483
0.165125
0.165237
0.165326
0.164809
0.167897
0.168504
0.166819
0.168895
0.170244
0.175900
0.175825
0.171005
0.164411
0.169787
0.168642
0.165511
0.164462
0.163903
0.165961
0.163890
0.164540
0.163852
0.164805
0.164635
0.164487
0.165469
0.165631
0.165792
0.166998
0.165682
0.162442
0.166232
0.165765
0.170217
0.170549
0.176498
0.178257
0.174062
0.171769
0.168686
0.164326
0.166474
0.165357
0.163631
0.163278
0.163067
0.164196
0.127494
0.164021
0.162982
0.164651
0.163262
0.163678
0.166570
0.165216
0.166121
0.166487
0.165059
0.165504
0.165959
0.165324
0.165469
0.166501
0.167402
0.167500
0.147767
0.164681
0.164241
0.166046
0.166917
0.166590
0.177691
0.174661
0.171660
0.166447
0.162466
0.165227
0.165888
0.165028
0.162994
0.163831
0.164279
0.154948
0.164190
0.165372
0.163134
0.162800
0.161977
0.164120
0.167586
0.168542
0.166933
0.168215
0.169538
0.168416
0.166970
0.170010
0.169163
0.172020
0.170456
0.153380
0.165168
0.164985
0.166098
0.166037
0.166466
0.163897
0.168935
0.169943
0.169232
0.168471
0.172319
0.170348
0.172862
0.173201
0.174277
0.171827
0.175436
0.166859
0.170126
0.169383
0.171296
0.170227
0.172069
0.170821
0.179688
0.173837
0.177877
0.171671
0.169506
0.163109
0.164977
0.165368
0.164703
0.163084
0.131981
0.163873
0.163951
0.164338
0.165723
0.162621
0.163671
0.164290
0.164018
0.163244
0.164182
0.163570
0.164053
0.164696
0.166449
0.166811
0.166367
0.167254
0.148955
0.163607
0.165976
0.165346
0.166389
0.165229
0.165505
0.167403
0.176265
0.172596
0.170351
0.164685
0.164404
0.164477
0.165910
0.165213
0.162908
0.158433
0.165554
0.165332
0.162657
0.163942
0.164921
0.165403
0.166168
0.167735
0.170798
0.175586
0.177689
0.173961
0.176364
0.168489
0.168731
0.163799
0.155466
0.165418
0.164196
0.163807
0.164270
0.162709
0.163491
0.163833
0.163871
0.163678
0.165367
0.163581
0.165291
0.166307
0.173639
0.171209
0.173389
0.179788
0.178934
0.176534
0.173933
0.170309
0.163601
0.164062
0.164944
0.165575
0.164817
0.164374
0.164436
0.164365
0.165660
0.164672
0.154138
0.164876
0.164830
0.145802
0.165242
0.164774
0.164408
0.164573
0.165630
0.167170
0.169869
0.170527
0.172846
0.171829
0.170204
0.172591
0.173073
0.175431
0.173286
0.177852
0.170147
0.172218
0.173063
0.165554
0.164072
0.164866
0.164539
0.145610
0.164540
0.161228
0.164466
0.163926
0.165328
0.163854
0.164154
0.163906
0.165368
0.167125
0.147604
0.164793
0.167485
0.167905
0.169660
0.167274
0.168912
0.169315
0.169393
0.176014
0.176847
0.180239
0.174274
0.168349
0.167952
0.168507
0.169010
0.144371
0.168623
0.167600
0.168010
0.163794
0.163182
0.164178
0.164939
0.163767
0.166749
0.165722
0.162522
0.164660
0.175174
0.177312
0.177425
0.178417
0.172585
0.172231
0.169523
0.164736
0.164992
0.164474
0.165960
0.164691
0.164532
0.164364
0.163975
0.163312
0.164056
0.166845
0.169044
0.167897
0.166300
0.166845
0.143100
0.163979
0.164199
0.164658
0.165801
0.167058
0.165298
0.165848
0.166866
0.168460
0.171369
0.171476
0.166955
0.168825
0.175047
0.176039
0.175883
0.173853
0.167192
0.164209
0.165270
0.165131
0.165015
0.164815
0.163510
0.164155
0.164996
0.164646
0.164545
0.162808
0.163054
0.166217
0.174797
0.177716
0.175786
0.174532
0.174250
0.168674
0.164121
0.164254
0.164285
0.164424
0.165718
0.163416
0.163135
0.164579
0.162697
0.165287
0.164288
0.163481
0.165067
0.164833
0.153774
0.164212
0.165459
0.166166
0.165316
0.165974
0.172473
0.174150
0.173517
0.170518
0.171375
0.169740
0.172822
0.177724
0.179603
0.177764
0.164476
0.161604
0.170613
0.169287
0.169361
0.169992
0.165367
0.164057
0.164123
0.164186
0.162506
0.162832
0.166513
0.166440
0.166867
0.166872
0.167358
0.166559
0.170318
0.160365
0.167875
0.169927
0.167885
0.168463
0.169015
0.168097
0.168846
0.169933
0.168509
0.168773
0.171249
0.169612
0.171908
0.173021
0.171573
0.176173
0.175568
0.174953
0.173372
0.169733
0.165418
0.164706
0.165262
0.164871
0.165754
0.165362
0.164808
0.165217
0.162748
0.164883
0.162566
0.163423
0.165378
0.167058
0.139964
0.164164
0.164639
0.164710
0.166876
0.168049
0.167624
0.168983
0.168608
0.168833
0.166570
0.167716
0.169366
0.170642
0.171324
0.172001
0.169132
0.168767
0.162785
0.166676
0.171259
0.169633
0.169698
0.162988
0.168831
0.166684
0.168076
0.167461
0.166846
0.167694
0.169005
0.169106
0.169015
0.169746
0.179538
0.175909
0.159917
0.165766
0.166910
0.166272
0.165197
0.165829
0.165535
0.166827
0.164980
0.166347
0.164973
0.165165
0.165944
0.167223
0.167762
0.166968
0.167298
0.154810
0.173877
0.169728
0.165582
0.165364
0.165664
0.164840
0.165948
0.166035
0.166806
0.164901
0.165221
0.164844
0.165474
0.164828
0.167629
0.167771
0.151505
0.163500
0.171188
0.173246
0.173460
0.172960
0.169897
0.170886
0.172407
0.175042
0.175796
0.172775
0.173431
0.175027
0.178535
0.176486
0.173714
0.167109
0.169728
0.167095
0.165934
0.163003
0.164077
0.165393
0.163658
0.164068
0.164300
0.165372
0.165388
0.166378
0.167345
0.166350
0.165202
0.167141
0.166132
0.143082
0.163961
0.164980
0.166561
0.167693
0.168732
0.169569
0.170547
0.168518
0.170046
0.169826
0.170644
0.173280
0.171662
0.171038
0.172622
0.175205
0.182559
0.169515
0.171067
0.172305
0.175622
0.183957
0.179565
0.177942
0.172450
0.168162
0.168102
0.167977
0.167041
0.167678
0.168353
0.166546
0.168764
0.168100
0.154009
0.166108
0.167790
0.167117
0.168914
0.169051
0.168254
0.166795
0.168869
0.168925
0.168345
0.167709
0.168324
0.169092
0.172245
0.169473
0.173234
0.169747
0.150225
0.162724
0.163442
0.166101
0.178404
0.176499
0.178283
0.181746
0.180264
0.174523
0.171469
0.166782
0.164589
0.165650
0.164866
0.165951
0.165162
0.140156
0.165317
0.165309
0.164723
0.165971
0.166046
0.170165
0.170004
0.169476
0.169047
0.170601
0.168895
0.170501
0.171564
0.171677
0.171624
0.171643
0.169734
0.149201
0.165040
0.172156
0.171111
0.173030
0.175020
0.173609
0.175361
0.177686
0.172180
0.170615
0.163994
0.164237
0.152334
0.164444
0.162601
0.163819
0.148114
0.164567
0.162534
0.164311
0.163391
0.163881
0.166229
0.166104
0.165674
0.167192
0.170711
0.172204
0.181954
0.176541
0.170731
0.164826
0.163511
0.154273
0.165759
0.164059
0.166135
0.163566
0.140337
0.164980
0.166701
0.165043
0.165540
0.164246
0.165164
0.165135
0.170461
0.171637
0.169901
0.168809
0.171834
0.178027
0.174520
0.174526
0.167452
0.167977
0.167938
0.167114
0.169093
0.147260
0.168925
0.167436
0.168316
0.167134
0.161070
0.163692
0.164686
0.163825
0.145787
0.172461
0.167345
0.164539
0.166355
0.166752
0.167449
0.172862
0.173817
0.177706
0.173594
0.165643
0.165762
0.164531
0.166120
0.166490
0.166131
0.153980
0.165175
0.166712
0.165531
0.167135
0.140014
0.165661
0.167124
0.166357
0.168011
0.166881
0.164455
0.165883
0.167918
0.169576
0.168705
0.168255
0.169041
0.126850
0.165772
0.165154
0.166801
0.165226
0.165332
0.170593
0.170132
0.171369
0.175185
0.179610
0.176051
0.174381
0.172790
0.169188
0.161476
0.164289
0.151893
0.163700
0.162808
0.162664
0.163221
0.162951
0.164037
0.162901
0.163374
0.162822
0.177541
0.175427
0.172756
0.171671
0.166770
0.164075
0.165058
0.149045
0.166084
0.165073
0.165874
0.166785
0.167508
0.165867
0.166930
0.165113
0.166650
0.163577
0.169229
0.174353
0.181050
0.179008
0.176454
0.170407
0.166096
0.173235
0.169281
0.162290
0.163245
0.163266
0.162565
0.163342
0.163476
0.162843
0.164521
0.162840
0.170495
0.169526
0.167634
0.167772
0.168495
0.155636
0.164669
0.163889
0.163981
0.163824
0.165192
0.164521
0.162813
0.165208
0.163915
0.164086
0.164214
0.164466
0.167119
0.165777
0.166098
0.166881
0.166257
0.156008
0.163997
0.164915
0.164912
0.164996
0.167022
0.165758
0.165575
0.166789
0.166953
0.165458
0.166556
0.167260
0.170248
0.170454
0.169178
0.170305
0.168068
0.156883
0.163850
0.165869
0.166761
0.166498
0.166167
0.166785
0.165809
0.166624
0.166208
0.167317
0.138342
0.164509
0.167737
0.169775
0.170065
0.168279
0.167900
0.155892
0.165609
0.164945
0.165616
0.165828
0.166496
0.166803
0.165334
0.166494
0.166793
0.165822
0.166375
0.167429
0.166626
0.167850
0.167384
0.165699
0.167804
0.155424
0.162498
0.163248
0.164221
0.165509
0.165807
0.167160
0.167121
0.166413
0.168256
0.167514
0.167202
0.167014
0.172556
0.168231
0.170401
0.172864
0.173413
0.167325
0.179884
0.182726
0.191279
0.168168
0.162752
0.164827
0.163302
0.164629
0.162096
0.163189
0.163497
0.165943
0.173978
0.168333
0.168376
0.170261
0.143513
0.164299
0.162036
0.163227
0.163628
0.164775
0.166039
0.166363
0.166404
0.169040
0.170096
0.181163
0.177292
0.173184
0.163873
0.164669
0.165581
0.139257
0.165752
0.165279
0.165303
0.163553
0.166327
0.166455
0.166311
0.168112
0.165572
0.165753
0.166524
0.166910
0.164990
0.168393
0.165810
0.165061
0.166613
0.146762
0.166497
0.167756
0.166433
0.169861
0.167984
0.167613
0.168746
0.170857
0.166131
0.165463
0.166090
0.166501
0.165555
0.165395
0.167417
0.167251
0.168793
0.149879
0.160892
0.163436
0.165424
0.165195
0.167588
0.169111
0.168002
0.169213
0.162425
0.165536
0.167550
0.166538
0.168995
0.167513
0.171115
0.169065
0.171406
0.165137
0.167281
0.168861
0.168205
0.167216
0.167792
0.167869
0.167614
0.168278
0.168809
0.165686
0.164338
0.166075
0.168019
0.168146
0.171582
0.171601
0.169557
0.161636
0.167506
0.167400
0.172916
0.172382
0.167625
0.168503
0.167528
0.169918
0.154519
0.168904
0.168835
0.166924
0.166266
0.166379
0.175888
0.172439
0.165193
0.168260
0.166202
0.166598
0.168491
0.169461
0.166050
0.167176
0.165489
0.162794
0.165536
0.166166
0.174143
0.175269
0.174065
0.173193
0.173563
0.164862
0.173867
0.172499
0.169660
0.163839
0.148631
0.165077
0.164474
0.164458
0.164345
0.165019
0.164845
0.165715
0.163770
0.164502
0.164237
0.165434
0.174597
0.167261
0.169653
0.173554
0.175956
0.176137
0.175253
0.173772
0.171232
0.170288
0.170802
0.169916
0.171466
0.170434
0.172852
0.172181
0.171075
0.173337
0.170036
0.171822
0.168353
0.164163
0.162885
0.165066
0.165187
0.166757
0.164316
0.165085
0.164377
0.165151
0.165951
0.164508
0.165547
0.164527
0.166065
0.166412
0.152188
0.165774
0.166807
0.165727
0.167269
0.169121
0.167327
0.167817
0.166081
0.168941
0.167228
0.166162
0.168012
0.166979
0.167655
0.167349
0.168236
0.169192
0.174900
0.173819
0.172556
0.172212
0.167291
0.169545
0.165185
0.163304
0.163834
0.165122
0.163951
0.163691
0.164614
0.163035
0.164847
0.164539
0.164031
0.139920
0.165546
0.163516
0.164937
0.165046
0.166356
0.167531
0.166650
0.166946
0.166580
0.166547
0.167212
0.166126
0.168285
0.165964
0.166796
0.168479
0.171063
0.152000
0.168573
0.166594
0.166570
0.166854
0.166445
0.166472
0.168882
0.168119
0.167298
0.167751
0.167613
0.178427
0.181197
0.179064
0.175552
0.171732
0.162610
0.165480
0.164579
0.165948
0.163665
0.165901
0.164864
0.164949
0.164324
0.166610
0.164544
0.165402
0.165132
0.165522
0.166650
0.167531
0.167167
0.167868
0.142416
0.164150
0.164921
0.167471
0.174534
0.172355
0.172980
0.179835
0.176363
0.180628
0.176707
0.171327
0.165622
0.166918
0.168422
0.166845
0.168222
0.164345
0.166528
0.167835
0.170595
0.169696
0.168624
0.168591
0.171768
0.172289
0.171206
0.171452
0.168249
0.167395
0.169992
0.170574
0.175405
0.173001
0.173655
0.149968
0.163787
0.164587
0.171323
0.171291
0.172696
0.172940
0.172967
0.173323
0.173720
0.172909
0.176860
0.174398
0.164464
0.165979
0.166123
0.166331
0.165740
0.137927
0.164235
0.167016
0.170164
0.174496
0.178475
0.173923
0.168015
0.168068
0.167755
0.166084
0.167773
0.167820
0.168831
0.166611
0.166977
0.165272
0.156666
0.165716
0.167633
0.167787
0.170099
0.168503
0.166241
0.167441
0.169170
0.168646
0.169673
0.168629
0.167438
0.165857
0.168830
0.170977
0.170766
0.170043
0.147593
0.163777
0.164525
0.166985
0.169348
0.176035
0.174585
0.173926
0.181754
0.178029
0.175286
0.177804
0.179820
0.174067
0.174625
0.168242
0.164899
0.154534
0.164918
0.163172
0.164466
0.165369
0.164934
0.164988
0.164674
0.165243
0.168509
0.169923
0.168469
0.168222
0.165411
0.164581
0.167266
0.168200
0.167046
0.148976
0.165326
0.165410
0.166356
0.166014
0.169141
0.169887
0.170173
0.169306
0.170634
0.169106
0.169874
0.170114
0.168914
0.168607
0.168148
0.170303
0.169115
0.148124
0.163750
0.164738
0.165893
0.165981
0.169534
0.169889
0.170862
0.170257
0.169713
0.167923
0.166286
0.170286
0.168528
0.169535
0.170342
0.168288
0.168597
0.133808
0.163127
0.165228
0.165241
0.166497
0.174527
0.172799
0.174550
0.173393
0.171120
0.176285
0.173186
0.174084
0.172487
0.174364
0.174606
0.178898
0.175788
0.316362
0.317295
0.334074
0.285655
0.286712
0.310810
0.288652
0.288296
0.309314
0.314205
0.298647
0.294032
0.291467
0.300540
0.334291
0.167339
0.163317
0.146364
0.163899
0.163932
0.166005
0.163763
0.163549
0.166252
0.165843
0.167076
0.166952
0.168217
0.167892
0.168542
0.167320
0.169730
0.169011
0.170458
0.171939
0.157511
0.165788
0.166051
0.165444
0.166161
0.166809
0.169857
0.171211
0.172797
0.175117
0.179173
0.176280
0.171335
0.167313
0.163846
0.163011
0.166222
0.143433
0.166221
0.164678
0.164540
0.163664
0.166087
0.165964
0.167959
0.165925
0.165154
0.165128
0.166967
0.167919
0.168739
0.167947
0.174332
0.175402
0.174914
0.174336
0.172752
0.168622
0.164659
0.164988
0.165247
0.166127
0.165444
0.162333
0.163653
0.163100
0.164300
0.164363
0.165156
0.165646
0.173270
0.172802
0.168010
0.174329
0.172155
0.168867
0.165170
0.164730
0.164942
0.164443
0.166979
0.163287
0.163256
0.164356
0.167225
0.166996
0.165508
0.165310
0.165893
0.144974
0.163900
0.165033
0.163716
0.165948
0.165045
0.166428
0.168046
0.168837
0.179594
0.176959
0.174269
0.166942
0.163061
0.164347
0.166108
0.159003
0.150879
0.164046
0.164304
0.163908
0.164346
0.160414
0.165429
0.163851
0.163377
0.164078
0.170225
0.169958
0.174396
0.172457
0.177742
0.178346
0.178055
0.174139
0.176305
0.173392
0.168567
0.163627
0.162901
0.154208
0.164433
0.163455
0.164028
0.164035
0.165237
0.164780
0.164344
0.163528
0.164081
0.165358
0.165914
0.161007
0.165322
0.165375
0.165282
0.166074
0.167459
0.166173
0.168437
0.167614
0.166937
0.168442
0.177764
0.174973
0.177514
0.171213
0.175990
0.166733
0.161716
0.165379
0.166447
0.164982
0.166316
0.165772
0.166899
0.166375
0.165368
0.165607
0.165002
0.165439
0.172147
0.173533
0.174740
0.175631
0.178890
0.179525
0.175246
0.172950
0.169625
0.165855
0.164813
0.165551
0.165211
0.163314
0.165987
0.166292
0.165526
0.164956
0.166267
0.166269
0.167615
0.167371
0.167215
0.148918
0.165920
0.167045
0.167236
0.168185
0.166916
0.167522
0.171277
0.169892
0.169562
0.170397
0.169564
0.172212
0.172901
0.177355
0.178111
0.175970
0.171226
0.174675
0.173562
0.168774
0.166895
0.164883
0.163538
0.164444
0.164216
0.164559
0.165795
0.174149
0.168617
0.166484
0.167041
0.166328
0.166918
0.165984
0.152975
0.163486
0.165949
0.165765
0.176882
0.177602
0.173259
0.174554
0.168467
0.169086
0.167690
0.169110
0.167310
0.163951
0.166097
0.164719
0.163361
0.142452
0.165617
0.164084
0.164770
0.164741
0.133117
0.164035
0.164637
0.165512
0.165043
0.164865
0.166562
0.166371
0.167294
0.167785
0.172703
0.171798
0.169755
0.153978
0.165290
0.167165
0.166601
0.165849
0.166410
0.167104
0.166004
0.149953
0.164891
0.164599
0.167841
0.168282
0.170355
0.172207
0.175313
0.180856
0.176797
0.176097
0.175550
0.179942
0.177404
0.175706
0.169936
0.168650
0.169744
0.170307
0.148615
0.169673
0.165952
0.166079
0.165597
0.165333
0.091456
0.076691
0.075837
0.076042
0.073949
0.075939
0.075934
0.075996
0.076199
0.077278
0.076393
0.077756
0.077518
0.076948
0.077734
0.077307
0.076741
0.077533
0.082088
0.077744
0.095490
0.078315
0.080465
0.079017
0.077670
0.076668
0.077819
0.077768
0.078927
0.079786
0.074245
0.074297
0.074430
0.083406
0.080593
0.076538
0.072437
0.072490
0.073239
0.075326
0.073730
0.080009
0.079466
0.082292
0.082215
0.071016
0.072864
0.075318
0.074179
0.074903
0.074640
0.079018
0.071649
0.074307
0.086794
0.073880
0.073017
0.073069
0.088550
0.084178
0.075548
0.071491
0.072016
0.073350
0.074248
0.073522
0.074016
0.075017
0.096491
0.074996
0.073665
0.072180
0.073400
0.074599
0.120445
0.091947
0.078646
0.085079
0.075879
0.075677
0.077662
0.073151
0.074813
0.074016
0.077017
0.073610
0.073287
0.076184
0.074018
0.073017
0.074291
0.073730
0.074832
0.077225
0.074770
0.074559
0.075596
0.076981
0.076456
0.074126
0.075017
0.075016
0.073005
0.073728
0.073832
0.073745
0.092311
0.073017
0.073155
0.075209
0.074545
0.071632
0.075017
0.072379
0.072017
0.074016
0.074794
0.072016
0.074407
0.078264
0.075278
0.076988
0.079663
0.078617
0.071015
0.074395
0.073500
0.071885
0.090130
0.073639
0.079936
0.091020
0.091020
0.086827
0.149033
0.170038
0.133029
0.138663
0.155478
0.133002
0.169071
0.128598
0.154034
0.154034
0.100277
0.147971
0.178104
0.149033
0.132029
0.155034
0.154741
0.156305
0.157035
0.130177
0.179040
0.151231
0.120218
0.155280
0.154034
0.156035
0.157045
0.155522
0.119029
0.156035
0.159164
0.163036
0.162994
0.163036
0.162035
0.163400
0.164034
0.165266
0.163102
0.174040
0.170038
0.169037
0.169520
0.167038
0.167789
0.166267
0.157035
0.155200
0.157514
0.157035
0.160036
0.161036
0.162036
0.157035
0.179095
0.174588
0.172038
0.145032
0.154432
0.156034
0.155230
0.156035
0.156569
0.154034
0.157035
0.155456
0.155598
0.156034
0.155034
0.156035
0.156034
0.155133
0.156044
0.155663
0.155361
0.151034
0.165111
0.164581
0.165037
0.163939
0.163036
0.165047
0.156988
0.156237
0.155034
0.155034
0.156035
0.159772
0.162069
0.160035
0.161036
0.165037
0.165037
0.161687
0.173292
0.173155
0.169240
0.171038
0.169472
0.167431
0.159036
0.159035
0.159036
0.156072
0.160036
0.159075
0.157077
0.159209
0.158756
0.159035
0.158035
0.158113
0.172121
0.169443
0.169040
0.168037
0.171038
0.169537
0.155034
0.155162
0.157035
0.161036
0.166036
0.164425
0.165071
0.164037
0.165036
0.166034
0.165037
0.166037
0.170038
0.167038
0.165487
0.166410
0.166037
0.164170
0.158864
0.161035
0.161791
0.164551
0.164539
0.164123
0.164308
0.163036
0.165097
0.163036
0.164037
0.164037
0.167206
0.166722
0.166037
0.165123
0.165037
0.166135
0.156034
0.161036
0.162036
0.163036
0.164037
0.165037
0.164112
0.165036
0.164036
0.164214
0.164037
0.127028
0.162146
0.161036
0.161467
0.162036
0.162036
0.163516
0.155034
0.154034
0.155034
0.159758
0.160035
0.160035
0.164036
0.162035
0.160035
0.162036
0.164036
0.163000
0.167023
0.162198
0.162035
0.162280
0.166337
0.167037
0.159035
0.160036
0.160354
0.164103
0.165037
0.163037
0.163572
0.166037
0.163037
0.161326
0.157035
0.141306
0.165087
0.162247
0.163033
0.168037
0.168210
0.164037
0.160035
0.159114
0.161036
0.162036
0.163037
0.162036
0.161333
0.164037
0.161205
0.162097
0.164036
0.159035
0.172039
0.171039
0.169091
0.166037
0.165290
0.162036
0.160995
0.159035
0.159034
0.159050
0.160035
0.160036
0.159036
0.159093
0.159035
0.159686
0.160623
0.138030
0.155034
0.167037
0.163568
0.163635
0.162035
0.162137
0.160186
0.160036
0.161271
0.160229
0.160035
0.120027
0.177539
0.175344
0.176267
0.176331
0.177157
0.172038
0.177040
0.181283
0.176039
0.177040
0.174170
0.176171
0.164257
0.163257
0.163260
0.155395
0.181041
0.180040
0.179416
0.179040
0.181059
0.176039
0.179040
0.176576
0.169057
0.167037
0.164166
0.161346
0.160035
0.163485
0.168037
0.164037
0.159035
0.164037
0.165037
0.164439
0.163535
0.163224
0.163459
0.163111
0.162340
0.162362
0.147871
0.164037
0.163311
0.164036
0.163271
0.162463
0.160036
0.160035
0.158529
0.159036
0.160035
0.160466
0.159093
0.160036
0.163037
0.164434
0.163037
0.163358
0.117026
0.164036
0.162507
0.163036
0.162281
0.159035
0.159710
0.156538
0.162512
0.161484
0.161536
0.162036
0.160347
0.161997
0.160041
0.162037
0.159409
0.162036
0.132663
0.169038
0.162466
0.163036
0.161036
0.162034
0.162036
0.160243
0.160136
0.161658
0.164036
0.162424
0.162034
0.162036
0.161036
0.161264
0.161034
0.158035
0.146057
0.161150
0.160034
0.160890
0.161036
0.161036
0.162035
0.160035
0.160035
0.160213
0.159289
0.159276
0.161035
0.160402
0.161036
0.161035
0.160768
0.161036
0.151953
0.161128
0.161827
0.162036
0.161035
0.162037
0.161013
0.160036
0.160300
0.161096
0.161036
0.161036
0.161184
0.161268
0.162036
0.128029
0.162908
0.161427
0.137031
0.162036
0.161221
0.162036
0.161036
0.160036
0.161036
0.161036
0.161118
0.162508
0.163035
0.161036
0.162036
0.161036
0.161527
0.160036
0.161532
0.160408
0.139340
0.161036
0.160035
0.162036
0.161525
0.160035
0.161100
0.159536
0.161035
0.162034
0.161361
0.161803
0.162252
0.161018
0.161111
0.160462
0.160034
0.161129
0.146032
0.161036
0.160035
0.161674
0.161036
0.162096
0.162090
0.162036
0.161981
0.161035
0.160818
0.161524
0.161036
0.161188
0.159139
0.162036
0.161036
0.160354
0.148033
0.161244
0.161104
0.162037
0.160155
0.161153
0.164955
0.162036
0.162241
0.162513
0.161446
0.161484
0.161916
0.161035
0.161036
0.159262
0.160036
0.159034
0.145032
0.162533
0.161071
0.161511
0.159444
0.161573
0.163148
0.161387
0.161036
0.159734
0.161036
0.161036
0.161344
0.162180
0.161391
0.160035
0.162425
0.161237
0.115026
0.160050
0.162036
0.161631
0.161036
0.160036
0.162359
0.160308
0.161365
0.161036
0.161036
0.161857
0.161213
0.162036
0.162036
0.163036
0.162113
0.159735
0.136030
0.161507
0.162036
0.162036
0.161545
0.167541
0.169038
0.165616
0.166037
0.163251
0.163036
0.161058
0.162036
0.161113
0.162161
0.162036
0.162036
0.161036
0.131029
0.161036
0.161059
0.159330
0.162827
0.160035
0.167037
0.165036
0.162916
0.162036
0.161036
0.163036
0.162035
0.161153
0.139032
0.160036
0.161036
0.162036
0.143031
0.162036
0.162198
0.162402
0.160480
0.162919
0.166913
0.165336
0.163288
0.163036
0.163086
0.162122
0.162036
0.163037
0.163578
0.163367
0.162554
0.162036
0.137838
0.171038
0.165114
0.162640
0.161348
0.160488
0.162036
0.161149
0.160387
0.161325
0.161612
0.161281
0.163036
0.160465
0.161036
0.161469
0.160035
0.161036
0.149087
0.160036
0.161036
0.162035
0.165037
0.166037
0.163509
0.161113
0.161192
0.161036
0.162036
0.162095
0.162037
0.160036
0.159273
0.160036
0.161779
0.160883
0.148457
0.160533
0.162037
0.161036
0.160444
0.161100
0.161443
0.161036
0.161045
0.161036
0.160499
0.161036
0.161471
0.151924
0.166036
0.165162
0.159817
0.160035
0.139420
0.162036
0.166059
0.180040
0.178040
0.179099
0.179040
0.178040
0.180331
0.181039
0.176039
0.174037
0.171038
0.165036
0.162035
0.162036
0.161035
0.159034
0.129668
0.165429
0.163738
0.164441
0.164207
0.164899
0.165228
0.162036
0.161036
0.160353
0.160333
0.160597
0.161092
0.160241
0.164215
0.163406
0.164036
0.165037
0.141032
0.164109
0.163037
0.163789
0.163036
0.163088
0.164037
0.162036
0.162339
0.162140
0.162454
0.163036
0.163036
0.164037
0.163769
0.164037
0.162323
0.163733
0.153572
0.164036
0.163325
0.164036
0.162187
0.163502
0.164037
0.164436
0.153063
0.163036
0.163521
0.163036
0.164037
0.163036
0.162574
0.163542
0.163372
0.163511
0.150033
0.164037
0.163035
0.164510
0.163203
0.164131
0.164277
0.163037
0.164036
0.163036
0.163036
0.160036
0.159035
0.160035
0.160108
0.160036
0.159036
0.161036
0.149033
0.160311
0.159020
0.159036
0.160112
0.160364
0.162036
0.160832
0.160133
0.160073
0.159035
0.159709
0.160300
0.160234
0.168435
0.168038
0.166037
0.166380
0.141031
0.164036
0.163906
0.162335
0.160035
0.161036
0.161320
0.160226
0.160540
0.161325
0.165227
0.165367
0.164036
0.162142
0.160102
0.171038
0.170038
0.169037
0.160165
0.162035
0.162036
0.161117
0.163679
0.164037
0.169038
0.164036
0.162120
0.161036
0.162035
0.164209
0.162036
0.163195
0.163037
0.163337
0.162473
0.162034
0.154417
0.164037
0.163033
0.163037
0.164037
0.162982
0.166037
0.163759
0.164702
0.165036
0.162035
0.163511
0.162419
0.164036
0.164034
0.160864
0.159035
0.081018
0.159472
0.078017
0.170240
0.167209
0.172184
0.169124
0.162064
0.158201
0.158341
0.161036
0.161036
0.165036
0.165559
0.165036
0.164056
0.164335
0.165037
0.165037
0.159800
0.143031
0.160162
0.160249
0.159424
0.160350
0.161036
0.160267
0.160285
0.159035
0.106260
0.159035
0.160036
0.160036
0.161036
0.160060
0.161443
0.159497
0.161035
0.141032
0.173038
0.170508
0.168614
0.166037
0.164386
0.165036
0.164036
0.165036
0.165036
0.160116
0.159483
0.160277
0.160863
0.159264
0.159534
0.160506
0.162036
0.145614
0.164083
0.162036
0.163036
0.161309
0.164074
0.163036
0.164259
0.164037
0.161175
0.162293
0.163523
0.163036
0.163036
0.163166
0.163058
0.162615
0.164037
0.143032
0.171036
0.168447
0.165037
0.164224
0.165037
0.162247
0.162311
0.164036
0.164037
0.163121
0.163191
0.163380
0.163037
0.164036
0.163118
0.164037
0.164408
0.147032
0.162696
0.162036
0.163308
0.163036
0.163094
0.164203
0.163057
0.162035
0.162036
0.163301
0.162063
0.163036
0.162123
0.162187
0.163210
0.164036
0.162294
0.154033
0.163036
0.162036
0.162054
0.163036
0.165261
0.177039
0.178040
0.180040
0.179040
0.180343
0.178040
0.183972
0.184041
0.185041
0.177039
0.174038
0.179559
0.176039
0.180907
0.180040
0.179040
0.184041
0.183041
0.181040
0.183174
0.184041
0.179749
0.175039
0.176039
0.181325
0.184041
0.182644
0.182041
0.184041
0.184470
0.183040
0.177765
0.177038
0.179040
0.180040
0.179040
0.179040
0.180040
0.181110
0.183039
0.179303
0.183122
0.178039
0.180040
0.180040
0.180040
0.180040
0.181040
0.162595
0.165249
0.164037
0.162475
0.161036
0.166113
0.165037
0.164036
0.163174
0.162371
0.164037
0.162494
0.163187
0.162266
0.162036
0.161531
0.161035
0.162148
0.148033
0.164215
0.161652
0.163036
0.163265
0.164036
0.162036
0.163806
0.163363
0.162534
0.161036
0.159597
0.174039
0.181040
0.180040
0.168038
0.170036
0.167571
0.176039
0.174039
0.170791
0.165037
0.162169
0.160403
0.161036
0.158807
0.159035
0.160036
0.159036
0.161036
0.159507
0.160308
0.160036
0.157538
0.157034
0.132029
0.158569
0.158753
0.163904
0.164260
0.160036
0.160479
0.160056
0.159878
0.160035
0.158249
0.159194
0.160120
0.162036
0.166090
0.167038
0.166626
0.162037
0.145771
0.167037
0.164042
0.163036
0.162389
0.161283
0.162036
0.162036
0.160035
0.161134
0.162036
0.162036
0.162288
0.161035
0.163281
0.161488
0.160035
0.163036
0.157034
0.162085
0.161035
0.160036
0.161436
0.162035
0.163036
0.161093
0.162318
0.162036
0.161095
0.160035
0.161036
0.161036
0.161416
0.161732
0.162353
0.162077
0.137030
0.161378
0.161035
0.160363
0.129192
0.168375
0.162139
0.160035
0.162388
0.162036
0.161036
0.161035
0.162036
0.162035
0.161036
0.161335
0.161094
0.160035
0.150033
0.168094
0.159036
0.163037
0.161476
0.162036
0.163036
0.162036
0.162036
0.160556
0.160527
0.161645
0.161141
0.161036
0.162036
0.161237
0.161567
0.161036
0.156113
0.160779
0.161321
0.161474
0.161664
0.162036
0.161036
0.162036
0.161446
0.162248
0.161293
0.116050
0.162036
0.161527
0.160491
0.160423
0.162034
0.161062
0.159035
0.163141
0.164036
0.161170
0.161388
0.162356
0.161036
0.161116
0.162318
0.161035
0.162036
0.145112
0.181040
0.181041
0.181041
0.176039
0.177039
0.176552
0.177447
0.165037
0.165496
0.163933
0.162429
0.161254
0.170038
0.171038
0.169233
0.166418
0.164036
0.164115
0.163036
0.162035
0.161161
0.161036
0.162036
0.162075
0.162036
0.144306
0.162549
0.161556
0.161127
0.162036
0.163036
0.162605
0.163036
0.160035
0.162036
0.162036
0.162238
0.162036
0.161035
0.161702
0.163037
0.162386
0.162036
0.140030
0.162036
0.160656
0.162036
0.161035
0.163036
0.162441
0.162036
0.162083
0.162549
0.159035
0.162036
0.162036
0.161122
0.161036
0.161694
0.160309
0.161036
0.149033
0.162035
0.162416
0.162439
0.162294
0.163187
0.162036
0.162035
0.161036
0.162036
0.160422
0.163037
0.162290
0.161036
0.163036
0.162446
0.163037
0.106023
0.150033
0.166037
0.165100
0.162036
0.163096
0.162486
0.164036
0.162036
0.161726
0.163036
0.160931
0.162239
0.161036
0.162037
0.162517
0.162303
0.162036
0.163036
0.134755
0.161321
0.161433
0.162035
0.162036
0.131060
0.163037
0.162036
0.162036
0.162189
0.163195
0.161104
0.162399
0.162494
0.162139
0.163048
0.163036
0.162571
0.151714
0.171038
0.167037
0.164196
0.162036
0.162293
0.162406
0.162746
0.162069
0.163456
0.163437
0.163620
0.162036
0.162035
0.161036
0.162414
0.161513
0.161595
0.123028
0.175069
0.175039
0.173364
0.167456
0.160133
0.163036
0.166038
0.166037
0.161498
0.162036
0.161036
0.161265
0.162036
0.161036
0.160593
0.160036
0.162035
0.150033
0.160033
0.161036
0.162106
0.145301
0.162416
0.164110
0.163036
0.163370
0.162035
0.161447
0.163392
0.163036
0.163305
0.161520
0.162060
0.160554
0.163036
0.146032
0.160517
0.159035
0.161036
0.162037
0.163036
0.161339
0.160035
0.162118
0.161036
0.160035
0.162438
0.161465
0.162117
0.162344
0.167037
0.167423
0.166247
0.142113
0.161399
0.161376
0.162036
0.160035
0.174708
0.170038
0.168037
0.152157
0.160035
0.162242
0.163502
0.163036
0.162036
0.161364
0.161036
0.161134
0.162036
0.151513
0.161035
0.162225
0.161450
0.161036
0.165250
0.164103
0.163036
0.158312
0.162035
0.161036
0.161036
0.163036
0.162036
0.161558
0.162239
0.163036
0.164925
0.145332
0.166037
0.165036
0.166037
0.166701
0.167197
0.162036
0.167037
0.167037
0.164924
0.166036
0.163272
0.160084
0.162036
0.162127
0.164786
0.163037
0.163036
0.130682
0.124028
0.162239
0.161036
0.161345
0.164291
0.160355
0.161036
0.161035
0.162036
0.162507
0.161801
0.167037
0.165037
0.165036
0.164037
0.163036
0.162035
0.149110
0.161036
0.162095
0.162036
0.161036
0.163060
0.162976
0.163036
0.163845
0.163227
0.163288
0.163036
0.162036
0.163036
0.162412
0.162036
0.163037
0.163036
0.142118
0.161035
0.161036
0.162036
0.163035
0.164036
0.163036
0.164037
0.164495
0.162728
0.164037
0.163268
0.163035
0.163548
0.164275
0.163036
0.164113
0.163403
0.103023
0.162184
0.161036
0.162036
0.162036
0.133166
0.160590
0.161159
0.160035
0.162036
0.162036
0.162711
0.163037
0.161034
0.160417
0.154035
0.162366
0.164052
0.116279
0.170038
0.173038
0.176039
0.180851
0.155035
0.128259
0.161036
0.160035
0.162355
0.163036
0.164036
0.164036
0.163093
0.163307
0.163264
0.164171
0.163036
0.163036
0.121377
0.168037
0.176124
0.182040
0.168037
0.175596
0.176038
0.170036
0.171038
0.172592
0.171236
0.169248
0.177538
0.180177
0.184041
0.144035
0.145032
0.165280
0.164036
0.117027
0.172038
0.179364
0.148379
0.172038
0.171039
0.173039
0.105023
0.161036
0.162036
0.159033
0.170379
0.168367
0.164037
0.161036
0.160183
0.160035
0.161036
0.160556
0.103023
0.173039
0.140031
0.168037
0.176108
0.180040
0.179176
0.151034
0.125077
0.159035
0.160035
0.153034
0.162037
0.161036
0.160035
0.160035
0.161413
0.161198
0.160295
0.106024
0.122026
0.160035
0.161047
0.159527
0.160035
0.160034
0.161034
0.159422
0.160036
0.161613
0.161036
0.159035
0.162366
0.161036
0.160036
0.160486
0.161036
0.111025
0.168569
0.165528
0.160141
0.161035
0.159261
0.161036
0.161362
0.160036
0.162503
0.162525
0.161611
0.161036
0.161048
0.160035
0.161036
0.162036
0.162037
0.128028
0.162536
0.162035
0.161036
0.161036
0.163036
0.161036
0.160100
0.161036
0.160035
0.163036
0.161035
0.163077
0.163345
0.161036
0.162198
0.161036
0.160384
0.113024
0.162036
0.160036
0.161423
0.161393
0.162210
0.162036
0.161251
0.161265
0.161036
0.162036
0.162392
0.140393
0.161566
0.162036
0.162315
0.161312
0.160034
0.150163
0.162260
0.161480
0.161491
0.162007
0.160035
0.161036
0.160375
0.161036
0.161530
0.161253
0.162445
0.161035
0.160035
0.161036
0.161364
0.161340
0.161364
0.144032
0.162068
0.161192
0.161135
0.160687
0.162036
0.161035
0.162036
0.161036
0.161214
0.161033
0.162325
0.161319
0.161512
0.161288
0.161527
0.162066
0.161036
0.149092
0.161513
0.160405
0.161208
0.161077
0.160436
0.160070
0.160223
0.161035
0.164037
0.165132
0.163552
0.163036
0.163517
0.164037
0.165037
0.162288
0.164111
0.156098
0.162035
0.159035
0.162036
0.163126
0.164036
0.162123
0.164045
0.164068
0.167108
0.165036
0.165037
0.164037
0.160036
0.161133
0.160460
0.160126
0.159672
0.147839
0.170038
0.166037
0.165036
0.164037
0.163037
0.163132
0.161381
0.162025
0.162192
0.163036
0.162351
0.164037
0.163282
0.163058
0.163412
0.162209
0.162385
0.144400
0.163911
0.162289
0.164037
0.162104
0.163185
0.162966
0.163061
0.163036
0.166036
0.164319
0.164036
0.163036
0.164266
0.162299
0.161533
0.163036
0.162401
0.149401
0.165036
0.163122
0.160035
0.158389
0.159492
0.158035
0.163036
0.162036
0.162264
0.162035
0.162438
0.162036
0.161035
0.161035
0.162036
0.162036
0.160035
0.139030
0.163731
0.161035
0.162035
0.161036
0.161036
0.162036
0.163036
0.162036
0.163135
0.160035
0.162036
0.162035
0.161035
0.162036
0.162035
0.162036
0.162035
0.144032
0.164036
0.162036
0.162339
0.162036
0.162036
0.160035
0.162036
0.161062
0.163234
0.162163
0.162036
0.160035
0.161035
0.163036
0.162036
0.163112
0.162036
0.145032
0.163036
0.164161
0.163036
0.160556
0.162036
0.162937
0.162036
0.163036
0.161488
0.162179
0.163036
0.162165
0.163308
0.161034
0.163491
0.162035
0.163036
0.135027
0.163525
0.162036
0.162410
0.161423
0.163036
0.163172
0.162036
0.162036
0.163146
0.161109
0.163037
0.161054
0.162495
0.160036
0.162036
0.163180
0.162077
0.144131
0.164066
0.163037
0.163036
0.161247
0.163181
0.164037
0.164037
0.163507
0.162035
0.163186
0.162117
0.163036
0.163036
0.163036
0.162036
0.161035
0.163152
0.144032
0.164599
0.163036
0.163036
0.163036
0.164037
0.162535
0.163782
0.162035
0.163036
0.142139
0.169037
0.165193
0.164056
0.165037
0.164036
0.164037
0.163108
0.165176
0.162472
0.163036
0.162528
0.161188
0.164495
0.163035
0.163140
0.163035
0.162036
0.162296
0.163606
0.163273
0.164141
0.163036
0.163515
0.158341
0.170038
0.166038
0.171039
0.166423
0.165034
0.165701
0.165036
0.163010
0.167037
0.164549
0.164036
0.165037
0.163033
0.164456
0.163037
0.163100
0.163036
0.163036
0.163036
0.161036
0.163242
0.162035
0.163389
0.162179
0.161491
0.163129
0.164052
0.165037
0.160036
0.159459
0.159035
0.160036
0.159189
0.161168
0.160036
0.161361
0.164073
0.123383
0.165325
0.165112
0.164037
0.165037
0.161127
0.160035
0.160034
0.160035
0.161820
0.160798
0.160539
0.160036
0.160035
0.160035
0.160034
0.160036
0.158053
0.130745
0.161432
0.160036
0.160036
0.161036
0.161043
0.160035
0.161035
0.160542
0.162035
0.164036
0.148181
0.167037
0.163036
0.161036
0.160036
0.160035
0.160036
0.161036
0.161035
0.161036
0.160036
0.161036
0.161036
0.162036
0.162273
0.161375
0.162036
0.162357
0.162036
0.161269
0.162115
0.160198
0.161340
0.162083
0.160036
0.154033
0.163036
0.161035
0.161036
0.161036
0.162036
0.161609
0.162036
0.161036
0.158782
0.171038
0.168128
0.163401
0.163035
0.163093
0.163036
0.164115
0.163037
0.161036
0.162035
0.162036
0.162035
0.162036
0.161035
0.162036
0.160351
0.161145
0.161696
0.161049
0.160526
0.160531
0.162036
0.160036
0.160035
0.161036
0.161612
0.139031
0.162296
0.161608
0.161118
0.167037
0.164665
0.163387
0.162035
0.161060
0.162087
0.161036
0.161440
0.162036
0.161036
0.163118
0.161035
0.162299
0.177040
0.179039
0.168543
0.164366
0.162036
0.161036
0.160035
0.161457
0.163036
0.163135
0.162036
0.160343
0.160712
0.162036
0.161036
0.162491
0.142177
0.173038
0.168463
0.180040
0.171038
0.167037
0.164036
0.163302
0.163184
0.163217
0.162252
0.162150
0.162035
0.162036
0.161036
0.162036
0.162500
0.163620
0.162553
0.162091
0.144032
0.162042
0.163036
0.161329
0.162511
0.141198
0.162036
0.162035
0.161478
0.162266
0.161187
0.161411
0.162036
0.162466
0.162036
0.161140
0.162036
0.161036
0.147364
0.165037
0.163036
0.162036
0.162036
0.161567
0.160488
0.161733
0.161036
0.160305
0.162036
0.162036
0.162189
0.162036
0.161119
0.161036
0.162037
0.163036
0.120028
0.157035
0.159228
0.161309
0.160324
0.161214
0.161035
0.163036
0.161386
0.161036
0.163036
0.162067
0.162093
0.161035
0.160035
0.161036
0.159197
0.161036
0.138030
0.162092
0.162115
0.161644
0.162035
0.162248
0.162372
0.162036
0.162166
0.162035
0.160035
0.162036
0.162395
0.161134
0.161239
0.162069
0.159035
0.161057
0.138031
0.161848
0.152033
0.161036
0.162036
0.162035
0.162159
0.161177
0.160632
0.161556
0.161036
0.161036
0.162036
0.162036
0.161036
0.162062
0.161385
0.162036
0.152033
0.161036
0.162035
0.161036
0.161035
0.162359
0.161036
0.161036
0.163037
0.162130
0.162357
0.162330
0.142171
0.161036
0.163036
0.161036
0.161404
0.161036
0.131029
0.161035
0.161439
0.162035
0.161414
0.162035
0.162036
0.161036
0.160418
0.161036
0.162303
0.162036
0.161397
0.161036
0.162090
0.162036
0.162556
0.161036
0.155405
0.162156
0.165036
0.162101
0.162080
0.163036
0.163735
0.163058
0.162036
0.162036
0.162318
0.161502
0.161480
0.161036
0.162036
0.162036
0.162037
0.161109
0.140029
0.161036
0.161598
0.162274
0.162036
0.161730
0.161035
0.161036
0.161388
0.161035
0.162467
0.161109
0.162036
0.161960
0.162036
0.162868
0.162117
0.161390
0.139031
0.161180
0.163036
0.160035
0.161144
0.162036
0.162095
0.161409
0.162036
0.162035
0.162082
0.161428
0.161036
0.162036
0.162374
0.160774
0.161507
0.162056
0.139032
0.161036
0.163037
0.161129
0.162036
0.161035
0.161372
0.160035
0.162036
0.157035
0.161215
0.161036
0.162452
0.161407
0.161035
0.162036
0.165158
0.163036
0.156718
0.161368
0.166456
0.164488
0.164443
0.163036
0.163132
0.160373
0.162036
0.160332
0.161136
0.161035
0.161148
0.161245
0.161396
0.159897
0.160043
0.162036
0.156035
0.162035
0.164036
0.170894
0.168037
0.166036
0.164036
0.163631
0.163052
0.162092
0.162264
0.161035
0.162086
0.161300
0.160508
0.162036
0.163162
0.162035
0.147032
0.162167
0.162098
0.162036
0.162036
0.161036
0.161035
0.161656
0.161036
0.160497
0.161483
0.161075
0.161036
0.161036
0.161970
0.161042
0.161240
0.160522
0.138031
0.161629
0.162427
0.162412
0.161035
0.161130
0.163036
0.162037
0.162643
0.162036
0.162036
0.163065
0.162036
0.161327
0.160411
0.151033
0.160157
0.161538
0.131029
0.162037
0.162036
0.162646
0.160558
0.161033
0.162093
0.161035
0.161036
0.162036
0.160409
0.161036
0.161036
0.162036
0.162344
0.159394
0.161189
0.161457
0.145032
0.166128
0.162036
0.162230
0.162082
0.161376
0.161036
0.162036
0.161141
0.162221
0.160252
0.161035
0.161036
0.161036
0.161086
0.160036
0.162036
0.161613
0.141031
0.170038
0.163036
0.162502
0.161013
0.163035
0.162054
0.162035
0.160035
0.162173
0.161036
0.161082
0.160255
0.161679
0.160036
0.161036
0.162145
0.162331
0.133030
0.160347
0.162450
0.161048
0.162036
0.161791
0.146033
0.156672
0.164037
0.164037
0.162196
0.161120
0.163199
0.163037
0.161241
0.163036
0.161036
0.162036
0.156992
0.168052
0.163517
0.137503
0.166037
0.165245
0.164036
0.163520
0.161425
0.163037
0.162062
0.162036
0.162134
0.162036
0.162409
0.162036
0.161036
0.162107
0.156065
0.176445
0.164036
0.163037
0.164036
0.162035
0.161348
0.161466
0.162250
0.160035
0.161394
0.162046
0.161398
0.161035
0.160035
0.161757
0.159035
0.161036
0.142981
0.163036
0.162478
0.159035
0.161036
0.161442
0.161097
0.161036
0.161036
0.161036
0.162036
0.162160
0.162502
0.161035
0.161036
0.162576
0.161163
0.161271
0.159035
0.161228
0.161454
0.163037
0.161740
0.160263
0.161403
0.161350
0.161036
0.161291
0.161138
0.162037
0.162036
0.161753
0.159036
0.162036
0.162036
0.161222
0.143346
0.162267
0.163767
0.160035
0.161133
0.160342
0.160035
0.161036
0.160036
0.161036
0.161035
0.162089
0.160540
0.160036
0.161036
0.161036
0.161036
0.161036
0.137357
0.160036
0.162036
0.161036
0.162036
0.161035
0.161036
0.160035
0.161047
0.161035
0.160689
0.161035
0.161036
0.160034
0.161035
0.161036
0.161036
0.162036
0.132141
0.161438
0.163037
0.161036
0.161036
0.161036
0.160035
0.160035
0.159036
0.159759
0.159250
0.159332
0.160036
0.160036
0.160035
0.161036
0.158035
0.159035
0.120104
0.175202
0.169037
0.163036
0.162036
0.157390
0.160646
0.161036
0.161312
0.162036
0.160432
0.160036
0.161036
0.161036
0.160379
0.160122
0.160035
0.162035
0.131029
0.162035
0.162035
0.163035
0.162036
0.162120
0.161479
0.162036
0.162036
0.163287
0.162036
0.162036
0.160491
0.161426
0.163097
0.161330
0.161369
0.161483
0.132513
0.183041
0.170037
0.169128
0.166037
0.164328
0.162035
0.162036
0.162036
0.162194
0.164077
0.162036
0.164127
0.164428
0.162923
0.162036
0.161527
0.162036
0.147487
0.162035
0.162573
0.161036
0.159145
0.162380
0.163107
0.161035
0.162036
0.161419
0.162089
0.163037
0.141542
0.164180
0.162035
0.162474
0.162307
0.163036
0.144859
0.162326
0.163523
0.162406
0.163037
0.162036
0.160140
0.163036
0.160298
0.158035
0.153034
0.163037
0.164132
0.163036
0.162283
0.163036
0.162035
0.164037
0.131191
0.154916
0.159035
0.160035
0.158382
0.157034
0.159428
0.159077
0.159035
0.159513
0.146196
0.176039
0.177039
0.177039
0.178521
0.176039
0.181039
0.176553
0.335084
0.349083
0.356930
0.343075
0.342690
0.331528
0.358081
0.332536
0.189034
0.168460
0.166037
0.144101
0.158071
0.158413
0.160036
0.158447
0.159469
0.158484
0.159370
0.148033
0.159034
0.158460
0.158430
0.158035
0.159035
0.158455
0.160295
0.158489
0.158423
0.158471
0.158035
0.157404
0.158514
0.158233
0.159034
0.158035
0.158036
0.146032
0.161368
0.157558
0.157449
0.158501
0.158332
0.162458
0.159239
0.159243
0.159035
0.157035
0.159035
0.159512
0.159056
0.158035
0.158127
0.159036
0.159046
0.127004
0.119352
0.158035
0.158061
0.159423
0.135549
0.160035
0.160276
0.159035
0.157751
0.159035
0.158035
0.158035
0.158034
0.157035
0.156800
0.158034
0.158035
0.145033
0.166106
0.158035
0.177040
0.175042
0.175791
0.173038
0.174712
0.171038
0.162036
0.157084
0.168471
0.167368
0.167037
0.166037
0.161036
0.161035
0.160036
0.143032
0.160289
0.159035
0.158700
0.159034
0.159036
0.158035
0.158595
0.158035
0.160035
0.159035
0.160100
0.158272
0.161124
0.158684
0.158331
0.158164
0.159035
0.138031
0.162105
0.161036
0.156390
0.157538
0.158299
0.159045
0.158417
0.158486
0.158035
0.158034
0.159036
0.158291
0.159133
0.160036
0.157035
0.159210
0.158144
0.139626
0.160035
0.159127
0.159408
0.138230
0.159035
0.160352
0.160097
0.158035
0.157034
0.159179
0.159415
0.158035
0.159677
0.160248
0.158271
0.160036
0.159120
0.131029
0.159214
0.159074
0.158313
0.160035
0.159035
0.142166
0.160035
0.160036
0.159226
0.159366
0.159035
0.158035
0.158506
0.159036
0.159594
0.158035
0.161036
0.137030
0.160036
0.140420
0.168037
0.164036
0.162154
0.163577
0.166037
0.166071
0.162036
0.159035
0.162035
0.160352
0.150474
0.167415
0.163157
0.162035
0.161035
0.157574
0.160036
0.159035
0.161036
0.161116
0.160446
0.160106
0.160306
0.161035
0.161035
0.162036
0.161036
0.160036
0.161035
0.160036
0.160232
0.161036
0.160319
0.150293
0.160058
0.161079
0.160666
0.160251
0.162262
0.162036
0.162329
0.161036
0.161035
0.163177
0.162036
0.162036
0.161036
0.160035
0.160805
0.161036
0.161035
0.162221
0.161282
0.160157
0.161556
0.161036
0.160345
0.161446
0.161320
0.161036
0.160131
0.160408
0.161070
0.160075
0.161144
0.160035
0.161035
0.161119
0.160168
0.143032
0.160529
0.161365
0.160035
0.160407
0.161035
0.162036
0.161351
0.160588
0.157035
0.159035
0.161035
0.161036
0.161432
0.160185
0.159066
0.160036
0.161272
0.148462
0.161509
0.161036
0.161360
0.161261
0.160384
0.161502
0.160098
0.159347
0.161036
0.160036
0.161266
0.162036
0.161332
0.137125
0.162036
0.161721
0.161072
0.157935
0.161036
0.160035
0.160036
0.159326
0.160810
0.161206
0.161398
0.159525
0.161036
0.161036
0.160460
0.161036
0.161305
0.161035
0.161036
0.160036
0.162036
0.141750
0.162611
0.163036
0.161043
0.160035
0.160366
0.161333
0.162245
0.160035
0.161265
0.161036
0.161406
0.161035
0.160525
0.161035
0.161426
0.161036
0.161104
0.153033
0.163494
0.161036
0.161272
0.160535
0.158347
0.160036
0.160035
0.160035
0.160036
0.159933
0.159512
0.161035
0.160057
0.160241
0.161036
0.161036
0.159497
0.144032
0.162097
0.160035
0.161036
0.162369
0.160036
0.160035
0.159240
0.161077
0.161036
0.160036
0.160235
0.142043
0.162036
0.161035
0.161405
0.160601
0.160459
0.127680
0.162036
0.159296
0.146168
0.167463
0.162438
0.162036
0.161422
0.158035
0.159035
0.159246
0.158116
0.160296
0.163086
0.160035
0.161036
0.159034
0.160035
0.157179
0.170036
0.165965
0.164456
0.161252
0.161151
0.160159
0.162275
0.161036
0.160035
0.162035
0.162271
0.161036
0.160100
0.160199
0.160168
0.160074
0.161081
0.157035
0.161140
0.161101
0.141031
0.173796
0.172342
0.161157
0.180236
0.175038
0.175039
0.176039
0.172038
0.173039
0.173038
0.171100
0.168037
0.165186
0.164037
0.163037
0.164133
0.164229
0.163099
0.159528
0.159264
0.158035
0.159536
0.163036
0.163694
0.162036
0.163194
0.164202
0.163325
0.164448
0.164037
0.163036
0.163036
0.164472
0.132030
0.077221
0.077017
0.077016
0.075217
0.074017
0.073016
0.078932
0.078018
0.077017
0.078018
0.078017
0.077018
0.077171
0.078017
0.079136
0.077492
0.078017
0.077017
0.075043
0.078251
0.081019
0.077017
0.078018
0.077017
0.077017
0.074017
0.077583
0.075725
0.078019
0.072411
0.072017
0.071729
0.072471
0.072668
0.072225
0.071016
0.073015
0.072790
0.071015
0.074016
0.071893
0.071083
0.074017
0.073776
0.072659
0.076627
0.078910
0.085117
0.077527
0.071926
0.075053
0.088345
0.108724
0.078889
0.080433
0.088248
0.079819
0.077468
0.074302
0.074433
0.073366
0.071419
0.072441
0.076308
0.091431
0.074440
0.077105
0.072919
0.073558
0.072237
0.072016
0.072285
0.071176
0.071711
0.074144
0.072055
0.072248
0.077017
0.070659
0.077158
0.073601
0.073078
0.074157
0.071275
0.072854
0.072878
0.072995
0.074751
0.072951
0.074760
0.071016
0.077659
0.075366
0.089017
0.093021
0.094189
0.109305
0.165037
0.162035
0.143369
0.164036
0.156481
0.165036
0.137027
0.133118
0.165037
0.165480
0.144032
0.165079
0.165037
0.165035
0.165037
0.165037
0.138031
0.165035
0.167035
0.165915
0.166036
0.140741
0.166037
0.167126
0.132841
0.164500
0.166038
0.165035
0.139132
0.165035
0.166054
0.136030
0.165036
0.165035
0.165951
0.165328
0.136261
0.135030
0.166037
0.164475
0.166289
0.165037
0.165037
0.135453
0.167615
0.167513
0.143391
0.166455
0.166037
0.144032
0.168038
0.166035
0.134933
0.165250
0.166037
0.166406
0.166037
0.144457
0.132118
0.167036
0.166471
0.166037
0.167037
0.167691
0.141088
0.166037
0.170038
0.115153
0.138780
0.166116
0.167037
0.167242
0.166586
0.167378
0.166037
0.166037
0.168538
0.167122
0.167037
0.167037
0.169038
0.169090
0.165038
0.166335
0.169036
0.171388
0.166838
0.102022
0.167037
0.166036
0.167037
0.130029
0.162035
0.177186
0.173184
0.175038
0.172039
0.174110
0.173694
0.162236
0.175039
0.171398
0.171064
0.165966
0.167037
0.167037
0.167322
0.167035
0.167037
0.166036
0.166038
0.167037
0.168428
0.168038
0.169037
0.169434
0.170499
0.172038
0.172057
0.180041
0.180040
0.178089
0.173038
0.171104
0.170222
0.170104
0.170056
0.169249
0.170702
0.171038
0.171353
0.170038
0.167114
0.166036
0.142032
0.165035
0.147032
0.134029
0.166036
0.166581
0.165116
0.171386
0.146175
0.171329
0.170038
0.140690
0.166036
0.168037
0.166238
0.167037
0.147033
0.136031
0.166279
0.168037
0.131029
0.167037
0.167037
0.166470
0.167272
0.128028
0.139045
0.167316
0.168036
0.166036
0.166037
0.167112
0.167392
0.167037
0.167038
0.166036
0.167346
0.168308
0.153035
0.168089
0.168375
0.169076
0.169038
0.148129
0.166037
0.132030
0.167038
0.168036
0.166408
0.166321
0.166053
0.138914
0.167037
0.147042
0.142266
0.140213
0.142030
0.167037
0.168169
0.145032
0.167036
0.167037
0.168038
0.167181
0.165737
0.132067
0.167170
0.167037
0.167193
0.167084
0.167037
0.140031
0.167360
0.166471
0.149038
0.138428
0.168072
0.166037
0.166475
0.135595
0.167090
0.167540
0.167418
0.166981
0.140031
0.167233
0.108024
0.168386
0.168422
0.167510
0.168037
0.167169
0.168037
0.167524
0.169038
0.168037
0.168736
0.169038
0.169484
0.172384
0.153870
0.167036
0.168037
0.169037
0.167414
0.171039
0.171288
0.172039
0.173305
0.174039
0.175038
0.167149
0.167612
0.167037
0.168144
0.166566
0.166527
0.169038
0.168036
0.167511
0.166037
0.168459
0.170218
0.169985
0.171038
0.173241
0.174345
0.173038
0.176055
0.176040
0.170038
0.166037
0.168038
0.167036
0.168038
0.167037
0.168163
0.166036
0.165036
0.167464
0.167037
0.167461
0.168037
0.168237
0.169038
0.178394
0.169038
0.168037
0.167037
0.167037
0.166229
0.168212
0.167036
0.168038
0.169037
0.168037
0.169312
0.169037
0.171039
0.171185
0.173120
0.174039
0.177038
0.178534
0.176040
0.177039
0.170537
0.169082
0.168036
0.167740
0.167037
0.168037
0.166313
0.168509
0.169038
0.168037
0.175038
0.178039
0.182040
0.174125
0.173038
0.169038
0.168203
0.169054
0.170475
0.170036
0.170428
0.170228
0.171038
0.169052
0.170038
0.170371
0.171524
0.172038
0.172038
0.172255
0.171038
0.174039
0.175118
0.178040
0.169479
0.170038
0.149424
0.170037
0.170557
0.169907
0.169038
0.170038
0.169332
0.169519
0.169158
0.170039
0.169037
0.169095
0.172039
0.172038
0.173152
0.169038
0.177160
0.173056
0.169038
0.168923
0.170038
0.171038
0.167297
0.167103
0.166492
0.170037
0.167037
0.165749
0.165106
0.172362
0.177039
0.177125
0.176039
0.179040
0.172625
0.170525
0.167037
0.166037
0.166037
0.166068
0.166038
0.166037
0.166037
0.167037
0.167313
0.168308
0.167037
0.168036
0.169038
0.170632
0.170038
0.170083
0.173275
0.178039
0.184042
0.181040
0.178040
0.175039
0.168064
0.167703
0.168038
0.168076
0.169037
0.169038
0.170070
0.169095
0.168037
0.170023
0.170038
0.169619
0.178040
0.179040
0.178542
0.174038
0.172038
0.168221
0.169037
0.168036
0.167295
0.169069
0.168176
0.167037
0.168406
0.167158
0.170038
0.169037
0.167346
0.169037
0.173994
0.179040
0.179039
0.183041
0.180040
0.176039
0.169315
0.167331
0.169122
0.168037
0.167394
0.169038
0.169037
0.168038
0.168037
0.168483
0.169038
0.168038
0.183040
0.180040
0.175278
0.168423
0.165227
0.166037
0.167186
0.169038
0.168372
0.167037
0.169086
0.169038
0.170038
0.169038
0.171276
0.171038
0.170038
0.172038
0.182094
0.179343
0.174038
0.169037
0.168038
0.168037
0.167037
0.167037
0.167165
0.166037
0.168038
0.167947
0.168339
0.170038
0.169130
0.171097
0.172045
0.172038
0.175156
0.172621
0.174700
0.125540
0.169038
0.168038
0.169038
0.168160
0.167741
0.169038
0.169038
0.169038
0.170038
0.170038
0.169037
0.168037
0.171222
0.174044
0.184041
0.180158
0.176038
0.174088
0.165037
0.165529
0.168112
0.172038
0.171038
0.170136
0.171038
0.166334
0.165036
0.166036
0.166107
0.168037
0.167037
0.168147
0.170037
0.168037
0.170468
0.169492
0.170412
0.170038
0.171429
0.166316
0.165036
0.166485
0.169380
0.170038
0.170150
0.170384
0.172038
0.173353
0.174039
0.173039
0.178039
0.167037
0.167101
0.168037
0.168037
0.167037
0.174039
0.182748
0.179039
0.172186
0.170038
0.166036
0.166037
0.167472
0.168038
0.167402
0.166037
0.166036
0.170037
0.172039
0.172039
0.170038
0.170262
0.172035
0.172039
0.174522
0.172038
0.171313
0.172038
0.175039
0.176425
0.176039
0.173122
0.168583
0.169037
0.170038
0.172458
0.170038
0.168568
0.169038
0.169038
0.169037
0.169038
0.167037
0.170038
0.171039
0.172038
0.171081
0.149033
0.167037
0.168038
0.168037
0.142031
0.168037
0.172038
0.171158
0.172039
0.173039
0.172391
0.173038
0.173038
0.173490
0.172848
0.174042
0.177039
0.183041
0.179297
0.168037
0.168037
0.168037
0.168038
0.168124
0.169038
0.168038
0.169038
0.168037
0.169038
0.170038
0.170618
0.171039
0.172039
0.172041
0.173038
0.172338
0.173039
0.172338
0.175116
0.173038
0.173764
0.178040
0.169095
0.168038
0.168038
0.168354
0.168037
0.168037
0.169037
0.170038
0.171137
0.172039
0.174039
0.174044
0.175389
0.177540
0.175160
0.177039
0.174059
0.175039
0.170038
0.168074
0.167037
0.168036
0.168076
0.167037
0.168033
0.168038
0.170037
0.169038
0.169038
0.169038
0.168038
0.168038
0.151735
0.168037
0.168037
0.169037
0.173038
0.179727
0.176276
0.178061
0.174038
0.170792
0.155571
0.166082
0.165886
0.167038
0.165037
0.166500
0.171037
0.170110
0.168657
0.172039
0.170037
0.156847
0.171038
0.170038
0.169039
0.171295
0.175309
0.174037
0.183366
0.181041
0.182040
0.174333
0.167037
0.165036
0.165185
0.166038
0.166914
0.166037
0.166037
0.166202
0.168036
0.168038
0.171139
0.176514
0.175039
0.172209
0.171037
0.170038
0.178040
0.178040
0.183040
0.177038
0.174038
0.170038
0.168037
0.167037
0.166036
0.168294
0.167037
0.167037
0.166037
0.166434
0.167363
0.171039
0.170860
0.172039
0.176038
0.175444
0.173038
0.177040
0.175039
0.181041
0.176178
0.179040
0.174261
0.168919
0.167037
0.167037
0.166036
0.166037
0.167104
0.167037
0.166037
0.167037
0.168037
0.169038
0.169038
0.174038
0.158185
0.169037
0.168038
0.169247
0.168178
0.169037
0.172039
0.169038
0.168037
0.166037
0.168107
0.169038
0.169038
0.168038
0.168038
0.168037
0.167745
0.167037
0.168416
0.169666
0.169038
0.169038
0.170039
0.172117
0.182041
0.177039
0.176037
0.177039
0.173038
0.167037
0.168998
0.167282
0.169038
0.167037
0.168037
0.168037
0.169163
0.169038
0.169879
0.170038
0.171037
0.171038
0.176039
0.178040
0.174037
0.180042
0.174167
0.175353
0.173038
0.171500
0.168249
0.168037
0.168038
0.169786
0.170037
0.168086
0.169038
0.169037
0.169038
0.170038
0.168570
0.170037
0.169037
0.169038
0.170038
0.169038
0.168038
0.170491
0.174039
0.173065
0.174133
0.175241
0.169038
0.168037
0.172132
0.170712
0.170038
0.178039
0.177481
0.170038
0.167037
0.166038
0.167343
0.145032
0.168036
0.166805
0.167037
0.165632
0.169037
0.167261
0.170039
0.171329
0.170723
0.171259
0.176403
0.176039
0.171037
0.170376
0.169508
0.171038
0.170038
0.171039
0.169246
0.170985
0.170038
0.170038
0.170038
0.172035
0.167755
0.168038
0.169038
0.169110
0.169038
0.169038
0.172039
0.171038
0.175085
0.172038
0.177180
0.177040
0.175201
0.177039
0.177297
0.174039
0.166485
0.166037
0.164037
0.165319
0.165078
0.171249
0.172045
0.171038
0.170656
0.166419
0.166009
0.167523
0.168037
0.168037
0.168038
0.168261
0.170038
0.169191
0.171038
0.170038
0.172039
0.172280
0.171118
0.174039
0.175039
0.175039
0.179040
0.172038
0.170264
0.167037
0.169038
0.159382
0.170038
0.170038
0.170038
0.169037
0.169038
0.170494
0.169038
0.170086
0.166499
0.165034
0.165037
0.167037
0.166263
0.165146
0.167037
0.165037
0.166034
0.165037
0.165036
0.164037
0.171466
0.171272
0.171038
0.170038
0.172036
0.172038
0.172038
0.172038
0.175039
0.172038
0.171088
0.171038
0.170038
0.169037
0.170038
0.167093
0.164430
0.164202
0.166103
0.166037
0.166037
0.166037
0.166394
0.167037
0.168538
0.171035
0.171216
0.172113
0.182043
0.180040
0.168037
0.166203
0.167132
0.171038
0.171037
0.171037
0.166036
0.167038
0.167097
0.167037
0.166516
0.098325
0.167037
0.167070
0.166134
0.166037
0.166038
0.169371
0.169038
0.169480
0.168707
0.169292
0.168037
0.168454
0.170038
0.170037
0.169038
0.170608
0.169038
0.172038
0.169038
0.169038
0.172038
0.174279
0.177039
0.177040
0.175113
0.173039
0.170038
0.167334
0.168226
0.165195
0.166037
0.166037
0.167037
0.173039
0.176039
0.171038
0.168037
0.168038
0.169038
0.169101
0.178054
0.177123
0.173186
0.173038
0.167716
0.168440
0.167351
0.166118
0.168036
0.169037
0.168037
0.168037
0.169236
0.169037
0.166536
0.167471
0.167305
0.171275
0.182040
0.179476
0.177040
0.170038
0.164095
0.167037
0.167038
0.169038
0.169037
0.168037
0.168036
0.169099
0.168177
0.164175
0.168037
0.167037
0.169002
0.170038
0.175906
0.177039
0.183042
0.176040
0.176102
0.171038
0.168038
0.167035
0.169037
0.168100
0.167037
0.168037
0.167967
0.175039
0.174038
0.170038
0.167037
0.167347
0.168037
0.168165
0.169037
0.168037
0.168434
0.168037
0.169282
0.168037
0.170038
0.170038
0.170038
0.171038
0.171038
0.172039
0.173038
0.174377
0.158911
0.169037
0.171966
0.171038
0.171297
0.171038
0.172605
0.171038
0.170038
0.171038
0.171038
0.140255
0.167045
0.168037
0.168143
0.171038
0.168037
0.169038
0.170038
0.170038
0.171038
0.168037
0.167037
0.169038
0.170309
0.169127
0.169036
0.170037
0.169038
0.169037
0.169847
0.170193
0.169990
0.170038
0.173239
0.170038
0.168037
0.169344
0.179263
0.179367
0.182041
0.179040
0.175039
0.170068
0.166037
0.167082
0.169038
0.170038
0.168036
0.169061
0.170038
0.168037
0.168038
0.168108
0.168037
0.169037
0.181040
0.177293
0.173039
0.170038
0.169229
0.169037
0.170439
0.170038
0.170037
0.169514
0.170038
0.170038
0.170534
0.170223
0.170143
0.170302
0.179040
0.176039
0.181039
0.172269
0.178039
0.175037
0.175039
0.165035
0.166037
0.165037
0.167037
0.170037
0.168037
0.168037
0.171092
0.169212
0.168038
0.169434
0.170038
0.173038
0.176040
0.176039
0.174038
0.172491
0.169038
0.169038
0.170036
0.168479
0.170410
0.170038
0.169922
0.168167
0.170038
0.149257
0.170038
0.169326
0.168037
0.168324
0.178422
0.176040
0.174522
0.168201
0.165036
0.164037
0.168037
0.170038
0.170039
0.170038
0.169036
0.169428
0.168128
0.169038
0.165023
0.165037
0.169037
0.169683
0.172410
0.176430
0.175193
0.172038
0.166524
0.165036
0.166037
0.167036
0.166036
0.166123
0.167037
0.166303
0.166037
0.167037
0.168258
0.167036
0.168037
0.169120
0.170038
0.171532
0.172039
0.173244
0.170038
0.173038
0.173939
0.172039
0.174156
0.171432
0.176130
0.176039
0.177281
0.181041
0.179039
0.172537
0.173039
0.166622
0.166041
0.167035
0.167037
0.166037
0.166036
0.166036
0.168038
0.166378
0.166057
0.167517
0.168038
0.168506
0.149995
0.166053
0.166037
0.169038
0.173038
0.172039
0.169037
0.169038
0.170038
0.172037
0.173039
0.172277
0.177923
0.177035
0.176054
0.172350
0.173702
0.173087
0.171038
0.169091
0.170057
0.170038
0.169038
0.170037
0.171526
0.168037
0.169225
0.169037
0.171038
0.171164
0.171322
0.171038
0.172166
0.173448
0.172038
0.173038
0.173039
0.175039
0.176039
0.177040
0.176444
0.174133
0.182542
0.174551
0.171038
0.167037
0.165037
0.171038
0.170038
0.170038
0.168364
0.169037
0.170080
0.169338
0.167037
0.171037
0.170038
0.170038
0.170038
0.170486
0.178295
0.182041
0.175455
0.172198
0.165308
0.164175
0.167134
0.168158
0.168037
0.146531
0.168037
0.165161
0.168037
0.168037
0.168006
0.169038
0.168161
0.167515
0.178236
0.161367
0.169038
0.168180
0.170394
0.171038
0.172536
0.171038
0.172038
0.172038
0.173038
0.172038
0.173038
0.171038
0.172039
0.171038
0.174039
0.176039
0.178040
0.178050
0.180048
0.173781
0.168037
0.167281
0.167087
0.168037
0.167037
0.166492
0.168038
0.168250
0.166462
0.167264
0.168038
0.167037
0.175039
0.173149
0.177039
0.172038
0.173038
0.169038
0.169038
0.163037
0.169462
0.169037
0.170038
0.170038
0.171038
0.169080
0.171176
0.169038
0.168922
0.169639
0.170395
0.170464
0.156378
0.167037
0.166059
0.167037
0.168036
0.170445
0.173377
0.172889
0.170038
0.168046
0.168442
0.170038
0.172290
0.172482
0.174115
0.171517
0.171061
0.173494
0.178040
0.174038
0.172039
0.167532
0.164036
0.166085
0.167037
0.167197
0.166037
0.166037
0.167111
0.168037
0.167037
0.167037
0.166174
0.167532
0.168038
0.168037
0.176105
0.179040
0.172038
0.167037
0.169038
0.167385
0.168037
0.169037
0.169181
0.167037
0.167903
0.167282
0.168093
0.167525
0.168037
0.167623
0.170078
0.169405
0.169038
0.167135
0.167112
0.170038
0.167290
0.169038
0.168038
0.168535
0.169038
0.170122
0.167037
0.168038
0.167176
0.169037
0.170038
0.170038
0.171256
0.172039
0.173126
0.172287
0.176040
0.173095
0.175039
0.178439
0.176040
0.174039
0.179040
0.177127
0.174119
0.170036
0.172332
0.169038
0.168038
0.169038
0.168035
0.168683
0.169148
0.168037
0.168376
0.168122
0.170038
0.171038
0.169037
0.174042
0.176038
0.182041
0.175154
0.178294
0.173504
0.171038
0.169102
0.168036
0.168037
0.166037
0.169038
0.168351
0.167037
0.168038
0.168037
0.169055
0.168038
0.167037
0.170037
0.170038
0.169396
0.170038
0.172039
0.171824
0.172039
0.172377
0.170422
0.172038
0.182041
0.177500
0.173038
0.168038
0.166522
0.167037
0.168037
0.167592
0.168038
0.168037
0.167464
0.167506
0.167348
0.168037
0.167168
0.168037
0.168037
0.169036
0.171176
0.171038
0.170039
0.173224
0.171038
0.171039
0.171038
0.176039
0.176112
0.175476
0.177372
0.177039
0.179040
0.179039
0.176296
0.175410
0.173115
0.169038
0.170187
0.170038
0.168037
0.168036
0.168415
0.168489
0.168501
0.168037
0.169396
0.169037
0.169038
0.169037
0.169038
0.170306
0.169039
0.170038
0.169038
0.166480
0.173039
0.175039
0.175561
0.176037
0.167037
0.171039
0.172039
0.173039
0.173039
0.177040
0.178040
0.178219
0.174448
0.176039
0.177039
0.177174
0.175502
0.172038
0.171038
0.169496
0.171038
0.170183
0.172039
0.168037
0.166535
0.165133
0.166083
0.168175
0.167038
0.168038
0.169461
0.174039
0.174039
0.173038
0.173039
0.171038
0.176039
0.176044
0.177040
0.179078
0.175038
0.169150
0.166037
0.165036
0.165037
0.165037
0.165036
0.165509
0.166037
0.166037
0.166036
0.166037
0.166244
0.179040
0.167037
0.166279
0.166036
0.165944
0.165423
0.167037
0.170038
0.169038
0.170372
0.168295
0.167512
0.167037
0.167037
0.173038
0.173515
0.170038
0.171039
0.170245
0.174501
0.172248
0.172038
0.175039
0.174100
0.174151
0.170242
0.168038
0.169101
0.168037
0.168496
0.168350
0.168334
0.168103
0.169870
0.170038
0.167601
0.169038
0.172038
0.176039
0.176039
0.172186
0.171038
0.169480
0.168747
0.169037
0.168058
0.169037
0.169037
0.169038
0.169039
0.170100
0.168310
0.168037
0.168458
0.169514
0.183041
0.180351
0.169038
0.167193
0.167037
0.168037
0.169070
0.169035
0.168479
0.169038
0.169038
0.169037
0.170059
0.169036
0.168036
0.169117
0.170037
0.169136
0.172047
0.175124
0.177039
0.176039
0.175227
0.174038
0.174038
0.169037
0.170038
0.169038
0.168037
0.169037
0.169425
0.169135
0.169038
0.168519
0.174039
0.175039
0.165838
0.167036
0.167426
0.169037
0.168036
0.169038
0.169137
0.170038
0.170081
0.168348
0.169038
0.170038
0.167037
0.166762
0.167037
0.171033
0.172038
0.171038
0.181041
0.179040
0.174039
0.171037
0.173038
0.170035
0.170378
0.166286
0.150283
0.166331
0.165128
0.165147
0.165273
0.170057
0.169037
0.170038
0.171038
0.170038
0.170038
0.171038
0.170352
0.164037
0.168037
0.166037
0.166572
0.170525
0.172038
0.169038
0.169037
0.172039
0.174039
0.175039
0.178040
0.178040
0.173038
0.173038
0.167036
0.161178
0.165036
0.166037
0.168519
0.170038
0.170081
0.169037
0.167456
0.169038
0.170037
0.170259
0.170038
0.171410
0.170073
0.172039
0.172039
0.179040
0.180405
0.177425
0.174340
0.164501
0.168278
0.171038
0.170038
0.169037
0.170399
0.169037
0.170456
0.172039
0.171233
0.171038
0.172039
0.172690
0.175039
0.174039
0.181040
0.177610
0.172037
0.170038
0.168068
0.166036
0.167037
0.166037
0.165036
0.166568
0.165449
0.167037
0.166380
0.167156
0.153362
0.167228
0.168038
0.168037
0.173039
0.174612
0.173038
0.172314
0.168250
0.168326
0.168424
0.168291
0.168225
0.168038
0.149558
0.169038
0.170038
0.168198
0.169072
0.169037
0.167037
0.168037
0.170038
0.169534
0.170038
0.168037
0.170196
0.170038
0.169037
0.170038
0.171038
0.172303
0.170553
0.172039
0.170038
0.172040
0.177072
0.180212
0.176058
0.168201
0.170038
0.171140
0.168038
0.169262
0.170299
0.171038
0.169642
0.175247
0.174039
0.171038
0.173039
0.173039
0.173039
0.174038
0.174144
0.175039
0.175039
0.175039
0.168038
0.167037
0.169038
0.169038
0.170118
0.168529
0.168037
0.169038
0.168037
0.170038
0.168037
0.169177
0.169037
0.169038
0.171039
0.171038
0.171602
0.172037
0.176039
0.171038
0.176170
0.178479
0.175039
0.178454
0.169556
0.174369
0.171037
0.168017
0.170038
0.169038
0.170038
0.169038
0.169038
0.170038
0.168037
0.169038
0.171039
0.170037
0.170038
0.170038
0.171232
0.170038
0.168168
0.169120
0.172039
0.173039
0.172408
0.173378
0.172039
0.171038
0.172038
0.174097
0.178040
0.179443
0.177040
0.179040
0.172053
0.169038
0.170038
0.169037
0.170163
0.170087
0.168036
0.168494
0.171038
0.171038
0.173158
0.172038
0.173249
0.175083
0.173039
0.175039
0.171037
0.168037
0.170038
0.170532
0.170038
0.168382
0.169037
0.171111
0.169037
0.169037
0.169037
0.169038
0.170038
0.171037
0.170036
0.169038
0.171039
0.185042
0.174039
0.170037
0.170716
0.149466
0.170038
0.170695
0.170038
0.170166
0.169038
0.169037
0.170038
0.170037
0.168037
0.169186
0.170038
0.166089
0.167037
0.168038
0.172039
0.173039
0.172038
0.174037
0.172039
0.173039
0.181041
0.178039
0.173038
0.171038
0.166037
0.164318
0.166113
0.169036
0.171038
0.170134
0.170038
0.171038
0.170485
0.168037
0.166322
0.168037
0.172039
0.154229
0.166037
0.167037
0.168036
0.168038
0.168219
0.173039
0.172039
0.169038
0.174039
0.174038
0.175198
0.172288
0.172336
0.168036
0.167037
0.168038
0.167037
0.167037
0.168760
0.166251
0.168038
0.167537
0.169479
0.170035
0.176039
0.177039
0.179677
0.179276
0.174039
0.171675
0.169051
0.167229
0.166035
0.166038
0.167037
0.166037
0.167037
0.169037
0.169038
0.169706
0.170037
0.172038
0.172038
0.172039
0.173039
0.175039
0.177039
0.177040
0.175039
0.170036
0.167393
0.167037
0.167037
0.167037
0.167072
0.154444
0.167036
0.167037
0.166037
0.166037
0.168343
0.166035
0.168038
