1.928092
4.870314
0.159036
0.147253
0.148121
0.145211
0.150239
0.152669
0.158460
0.172444
0.161728
0.164478
0.164849
0.163089
0.164575
0.163159
0.165087
0.146242
0.151051
0.149137
0.149083
0.148888
0.149994
0.151534
0.150215
0.154912
0.160680
0.163590
0.167404
0.166889
0.169574
0.167713
0.173890
0.167109
0.158673
0.154198
0.140981
0.150830
0.150343
0.151644
0.151070
0.149044
0.156517
0.161350
0.162615
0.166284
0.167219
0.167096
0.169534
0.164815
0.157249
0.121022
0.149443
0.148006
0.152570
0.134651
0.159845
0.163742
0.164521
0.165418
0.172004
0.174650
0.163621
0.156793
0.150154
0.150725
0.150406
0.152151
0.150831
0.150168
0.158792
0.152675
0.156819
0.151930
0.133665
0.150661
0.150648
0.149128
0.156563
0.162538
0.163413
0.167699
0.167576
0.171104
0.172383
0.164379
0.158369
0.153410
0.149524
0.150529
0.152069
0.152541
0.152425
0.126171
0.156102
0.161763
0.166159
0.168460
0.167336
0.170909
0.173528
0.165132
0.158498
0.153971
0.150395
0.150455
0.153143
0.152828
0.152517
0.149564
0.150877
0.150353
0.143620
0.161665
0.166398
0.167682
0.168017
0.170739
0.171238
0.164349
0.158876
0.152599
0.149447
0.152755
0.149916
0.148418
0.151621
0.150508
0.149894
0.150438
0.154774
0.158945
0.169411
0.170993
0.163200
0.138401
0.150416
0.148924
0.149160
0.146615
0.155607
0.164169
0.163978
0.167997
0.162922
0.165143
0.165825
0.173160
0.172840
0.160051
0.155429
0.118892
0.149008
0.145510
0.167960
0.168091
0.170344
0.176026
0.165548
0.137159
0.149775
0.147674
0.148351
0.148805
0.149595
0.147123
0.147392
0.156419
0.162838
0.166183
0.165443
0.142846
0.148976
0.149726
0.150227
0.149948
0.149226
0.158789
0.165267
0.166146
0.164375
0.165837
0.165321
0.174319
0.174147
0.162556
0.158381
0.154324
0.151528
0.151840
0.120854
0.163037
0.167108
0.164316
0.169271
0.169679
0.172285
0.165186
0.165384
0.158108
0.154316
0.150913
0.152523
0.152000
0.153830
0.152615
0.151065
0.155583
0.163300
0.164343
0.171675
0.175406
0.164589
0.159958
0.155200
0.150575
0.151279
0.152406
0.152211
0.151658
0.151192
0.151760
0.158861
0.163850
0.165940
0.166703
0.169913
0.169874
0.172409
0.166130
0.160074
0.154756
0.153332
0.151750
0.152885
0.153707
0.152871
0.152241
0.153397
0.153038
0.154655
0.162700
0.165274
0.164642
0.166670
0.161226
0.159716
0.154070
0.143368
0.152476
0.153970
0.154247
0.152697
0.152663
0.159647
0.162232
0.166835
0.167258
0.169019
0.170312
0.171800
0.156051
0.154797
0.155190
0.154651
0.153922
0.154628
0.126312
0.161786
0.164443
0.154607
0.158961
0.165029
0.166403
0.166317
0.167406
0.169309
0.171037
0.170280
0.171764
0.169550
0.172685
0.167444
0.162374
0.160087
0.157302
0.136103
0.155021
0.157562
0.155167
0.154707
0.155395
0.156214
0.155884
0.156586
0.155395
0.162624
0.164886
0.164662
0.167482
0.167714
0.169275
0.172088
0.171332
0.170194
0.171502
0.169795
0.171113
0.165142
0.162045
0.160579
0.155900
0.155483
0.157336
0.156102
0.156106
0.157212
0.156788
0.156243
0.156560
0.157172
0.156137
0.162424
0.159296
0.169601
0.164138
0.161348
0.156504
0.157341
0.158200
0.155906
0.156091
0.155688
0.155774
0.156079
0.156981
0.157301
0.156526
0.159778
0.163224
0.164743
0.167686
0.160795
0.171221
0.170655
0.169193
0.172792
0.169548
0.163870
0.163054
0.162233
0.158619
0.153881
0.158620
0.158153
0.155969
0.156398
0.155961
0.156586
0.158152
0.160321
0.141094
0.156755
0.156360
0.157590
0.157110
0.163523
0.165684
0.166802
0.166993
0.168422
0.167316
0.168153
0.169336
0.173244
0.168139
0.169338
0.171214
0.163882
0.163173
0.170509
0.169028
0.170095
0.170859
0.170092
0.172953
0.173558
0.174337
0.175968
0.168533
0.161991
0.160599
0.156873
0.156051
0.158946
0.158499
0.157792
0.155022
0.145825
0.155836
0.157276
0.157321
0.156849
0.161767
0.164305
0.168116
0.168575
0.168598
0.168973
0.170789
0.168607
0.169017
0.172775
0.174186
0.168884
0.165404
0.168403
0.142109
0.157040
0.156847
0.156027
0.158587
0.156166
0.155423
0.156735
0.155860
0.155400
0.161909
0.165966
0.166841
0.168153
0.167527
0.164381
0.165993
0.167558
0.167872
0.169245
0.170338
0.171150
0.170920
0.175882
0.173715
0.172122
0.165264
0.161854
0.158346
0.156923
0.155947
0.157855
0.155388
0.156116
0.155239
0.157250
0.156064
0.131246
0.163544
0.166177
0.168128
0.167526
0.168261
0.167673
0.169446
0.171077
0.170944
0.171213
0.173039
0.170588
0.173181
0.167949
0.168641
0.167046
0.168253
0.167748
0.172853
0.171750
0.171932
0.174119
0.171652
0.174336
0.176027
0.175106
0.174509
0.173229
0.164291
0.162758
0.159279
0.163036
0.159156
0.158338
0.156177
0.158159
0.146090
0.157447
0.157758
0.157950
0.155486
0.158377
0.162046
0.164468
0.166164
0.168316
0.168725
0.168939
0.168530
0.156921
0.160886
0.165339
0.166949
0.166894
0.165534
0.169952
0.173399
0.173584
0.175595
0.173558
0.173377
0.174746
0.174575
0.176199
0.178048
0.170826
0.165302
0.168466
0.163240
0.157958
0.158192
0.157497
0.158539
0.150495
0.157935
0.156163
0.157351
0.158913
0.146893
0.168731
0.163162
0.177596
0.178779
0.170426
0.167906
0.166820
0.162344
0.159146
0.162252
0.160009
0.158709
0.158028
0.132602
0.157552
0.156679
0.158151
0.159179
0.161967
0.165976
0.165820
0.167486
0.168668
0.169051
0.157791
0.157454
0.156359
0.163797
0.167165
0.166465
0.170060
0.164697
0.176254
0.176513
0.166882
0.165127
0.162502
0.158597
0.154174
0.157418
0.157260
0.159794
0.161078
0.157965
0.157368
0.157336
0.157773
0.156939
0.158241
0.157264
0.147568
0.158597
0.159282
0.160478
0.165320
0.166544
0.166220
0.168329
0.167944
0.167848
0.157800
0.162372
0.166304
0.166554
0.168965
0.167915
0.168764
0.168234
0.167148
0.173824
0.177863
0.175769
0.172846
0.168201
0.163624
0.160508
0.159921
0.140404
0.159192
0.157567
0.157430
0.157707
0.157103
0.159145
0.159217
0.157132
0.158256
0.143212
0.166063
0.165926
0.165132
0.172213
0.175956
0.170865
0.174767
0.171159
0.174152
0.166109
0.163905
0.161241
0.158042
0.159299
0.157918
0.157849
0.159195
0.157296
0.124433
0.165234
0.167285
0.167310
0.168390
0.168973
0.169683
0.170524
0.167187
0.170359
0.171237
0.170372
0.171410
0.170889
0.171572
0.171107
0.172063
0.170950
0.165777
0.165745
0.165975
0.161944
0.157932
0.158867
0.157811
0.158740
0.163450
0.159081
0.158123
0.157505
0.157745
0.159582
0.158235
0.157601
0.157856
0.158380
0.156404
0.146993
0.168197
0.168408
0.168213
0.168141
0.170783
0.169529
0.162856
0.159264
0.159123
0.165214
0.167021
0.169037
0.166940
0.169396
0.170454
0.170238
0.171584
0.167910
0.164508
0.163404
0.161798
0.157447
0.159007
0.160409
0.155081
0.156993
0.158957
0.158014
0.157310
0.160321
0.157722
0.158038
0.158152
0.158511
0.158442
0.164566
0.157430
0.174783
0.174811
0.173384
0.176570
0.170062
0.171382
0.165387
0.162117
0.158161
0.158619
0.159947
0.158697
0.158129
0.157842
0.157740
0.158252
0.158558
0.159162
0.141962
0.172148
0.168374
0.163793
0.161170
0.162658
0.161060
0.158723
0.159329
0.157774
0.157241
0.157884
0.156213
0.159352
0.158412
0.157723
0.157519
0.158867
0.159484
0.159073
0.175908
0.170427
0.163758
0.166346
0.164824
0.161759
0.159466
0.159811
0.138490
0.157751
0.158458
0.157092
0.158504
0.158962
0.159932
0.162678
0.166712
0.168406
0.162571
0.172991
0.173567
0.174486
0.165253
0.162685
0.160158
0.156972
0.159116
0.157790
0.158389
0.158582
0.155282
0.157262
0.157384
0.157640
0.158797
0.157350
0.158017
0.160273
0.175243
0.169502
0.169815
0.169543
0.169308
0.171263
0.170287
0.172885
0.168832
0.169030
0.168830
0.167681
0.169518
0.170488
0.169900
0.171847
0.171141
0.166750
0.178016
0.172211
0.173635
0.174796
0.175781
0.171987
0.176879
0.174782
0.174536
0.168431
0.147002
0.156886
0.157523
0.158890
0.157984
0.157039
0.154978
0.156445
0.146963
0.159581
0.159034
0.162562
0.166869
0.166958
0.169168
0.160654
0.161331
0.165596
0.168011
0.168201
0.167635
0.168354
0.168568
0.169545
0.168960
0.167843
0.166314
0.172755
0.169996
0.166112
0.162965
0.160204
0.159916
0.140527
0.160253
0.159350
0.159524
0.159474
0.159266
0.159215
0.160193
0.158920
0.160084
0.163752
0.165295
0.150740
0.160506
0.165733
0.165571
0.166409
0.169672
0.168111
0.167265
0.169438
0.168878
0.170301
0.170468
0.170271
0.168287
0.170926
0.171053
0.171898
0.173280
0.163234
0.168969
0.168609
0.170799
0.170632
0.170461
0.168789
0.170080
0.170540
0.169347
0.172524
0.170403
0.170936
0.171650
0.171313
0.170368
0.171830
0.170233
0.153308
0.162193
0.165407
0.165843
0.166844
0.163500
0.171552
0.174814
0.174546
0.168783
0.165749
0.162674
0.160612
0.160036
0.158686
0.159079
0.159721
0.157805
0.167225
0.156236
0.159366
0.157478
0.158795
0.158358
0.158993
0.158241
0.158707
0.159502
0.157597
0.160359
0.158725
0.157697
0.159426
0.159090
0.165595
0.167633
0.159977
0.157370
0.170120
0.169316
0.170073
0.171542
0.170190
0.170244
0.172676
0.171381
0.172932
0.173255
0.172942
0.171357
0.174366
0.173355
0.176252
0.174175
0.159452
0.153167
0.175395
0.176496
0.176868
0.179745
0.176196
0.169415
0.165360
0.163927
0.142195
0.159970
0.159485
0.158616
0.158478
0.158742
0.158073
0.157897
0.160691
0.159853
0.146384
0.157756
0.159225
0.161201
0.165538
0.167110
0.167905
0.168291
0.167765
0.170031
0.168880
0.168193
0.169263
0.168545
0.168650
0.168197
0.159893
0.159267
0.154072
0.172896
0.174000
0.171799
0.172969
0.173769
0.171160
0.174649
0.174648
0.173831
0.173038
0.174679
0.174526
0.174564
0.173129
0.174423
0.163389
0.166915
0.164786
0.172882
0.172948
0.170341
0.171706
0.174124
0.174701
0.174823
0.172874
0.175650
0.171754
0.174514
0.176040
0.173143
0.175420
0.175428
0.172856
0.173001
0.169716
0.174213
0.140236
0.158439
0.159261
0.159283
0.159286
0.158066
0.170093
0.158983
0.158755
0.158601
0.158577
0.157375
0.158552
0.158203
0.161134
0.158382
0.158805
0.140210
0.167501
0.170083
0.169423
0.168725
0.167948
0.170861
0.170882
0.159659
0.165610
0.167884
0.169329
0.169406
0.165334
0.172766
0.161168
0.157353
0.157471
0.140145
0.156834
0.159766
0.161019
0.166632
0.167576
0.168482
0.168545
0.169303
0.168680
0.169480
0.158302
0.158114
0.158450
0.157023
0.159918
0.158506
0.158534
0.148541
0.158216
0.165205
0.166554
0.166941
0.168174
0.169364
0.169908
0.169761
0.173099
0.169272
0.175900
0.172635
0.164806
0.162610
0.166433
0.164936
0.160525
0.157863
0.149460
0.157893
0.157317
0.156210
0.157786
0.159680
0.158191
0.157000
0.164160
0.166938
0.167632
0.169885
0.168183
0.170150
0.165985
0.168853
0.166719
0.172810
0.169309
0.177497
0.179257
0.171663
0.165511
0.162181
0.160534
0.140552
0.155888
0.157918
0.157175
0.159881
0.156795
0.157827
0.160501
0.157079
0.158493
0.159136
0.159203
0.147860
0.167330
0.166561
0.166787
0.170447
0.169466
0.169405
0.169814
0.168891
0.169280
0.169323
0.170723
0.169711
0.158415
0.158389
0.164949
0.167379
0.168161
0.163592
0.177692
0.171915
0.165016
0.162123
0.159530
0.158995
0.159330
0.158286
0.157037
0.158236
0.156798
0.157780
0.158515
0.159389
0.158306
0.157477
0.157551
0.157245
0.160724
0.170512
0.169886
0.171934
0.170917
0.171264
0.170784
0.169769
0.173463
0.172046
0.174441
0.174496
0.161973
0.164608
0.167067
0.170300
0.171091
0.170543
0.164192
0.171536
0.171617
0.171108
0.170213
0.174945
0.174397
0.175971
0.177321
0.175275
0.173094
0.174435
0.172868
0.173225
0.174846
0.174587
0.172388
0.176564
0.173027
0.178688
0.175838
0.175177
0.165926
0.162537
0.158781
0.157914
0.158583
0.158859
0.158317
0.157813
0.160554
0.157044
0.159502
0.159495
0.159207
0.158570
0.157679
0.150686
0.158911
0.160791
0.158333
0.157800
0.160636
0.164985
0.169947
0.167713
0.168110
0.169255
0.158957
0.157768
0.167080
0.166258
0.168294
0.167576
0.168566
0.165844
0.173462
0.168758
0.165350
0.161684
0.157668
0.159809
0.157682
0.158832
0.158192
0.158689
0.137720
0.158855
0.158716
0.159690
0.163994
0.166745
0.169531
0.168494
0.167738
0.171798
0.176586
0.177689
0.172925
0.169363
0.166286
0.163932
0.159690
0.158727
0.161758
0.157184
0.158345
0.159219
0.156499
0.159594
0.158999
0.159396
0.157830
0.141975
0.159019
0.163982
0.167223
0.165186
0.177641
0.172453
0.174335
0.179788
0.177934
0.173368
0.169101
0.164810
0.160265
0.158589
0.157690
0.159138
0.158183
0.158373
0.143917
0.158480
0.157035
0.156993
0.163454
0.160864
0.160639
0.163883
0.159452
0.158475
0.158972
0.166241
0.166493
0.168488
0.169797
0.171447
0.172265
0.176384
0.172812
0.174014
0.175025
0.174992
0.175843
0.175287
0.174448
0.167187
0.169094
0.165796
0.163459
0.160742
0.159106
0.159719
0.158246
0.158514
0.156685
0.158321
0.158723
0.139899
0.155389
0.158074
0.155719
0.164114
0.166261
0.169488
0.158163
0.155597
0.169903
0.170859
0.170998
0.171185
0.172604
0.172314
0.169518
0.176369
0.176847
0.178637
0.165238
0.165201
0.161417
0.162393
0.161497
0.161263
0.162026
0.161697
0.158727
0.160682
0.159011
0.157367
0.157277
0.158096
0.159508
0.159348
0.158879
0.159432
0.159244
0.176645
0.177312
0.178426
0.177418
0.168969
0.166768
0.163079
0.161054
0.157754
0.159577
0.139946
0.156724
0.157115
0.157531
0.157894
0.160410
0.163069
0.166127
0.166560
0.170451
0.170934
0.170640
0.171133
0.158798
0.157989
0.161970
0.165396
0.167138
0.168399
0.167609
0.167501
0.169320
0.172917
0.174914
0.174277
0.170594
0.168371
0.176934
0.177477
0.174883
0.174406
0.157882
0.159647
0.157670
0.159185
0.158489
0.159779
0.159636
0.158009
0.158986
0.159330
0.155792
0.158319
0.155848
0.162958
0.164366
0.175797
0.178868
0.175786
0.171531
0.169197
0.164336
0.160373
0.156911
0.158710
0.158566
0.157959
0.156523
0.158643
0.159412
0.157824
0.159020
0.158306
0.159055
0.156767
0.168351
0.168901
0.158736
0.163455
0.168052
0.168559
0.168387
0.167969
0.173234
0.174358
0.176617
0.175108
0.172331
0.171360
0.172856
0.178735
0.180604
0.175845
0.147589
0.156974
0.161234
0.162464
0.161836
0.163798
0.160537
0.157221
0.156882
0.157573
0.158334
0.158021
0.164386
0.166840
0.168008
0.169272
0.169678
0.168770
0.167187
0.175265
0.168573
0.168832
0.171029
0.169043
0.171231
0.172510
0.170309
0.172118
0.173787
0.171898
0.171587
0.174869
0.173661
0.173643
0.174529
0.172610
0.175512
0.176214
0.171879
0.168122
0.163263
0.160037
0.157431
0.157670
0.157434
0.157423
0.159125
0.157838
0.158250
0.158000
0.157343
0.157740
0.159700
0.163856
0.166613
0.168069
0.160389
0.157018
0.163392
0.166135
0.168054
0.169864
0.171225
0.172384
0.172846
0.171835
0.166847
0.169732
0.171793
0.173962
0.175006
0.174121
0.170708
0.171357
0.169671
0.171922
0.172409
0.172007
0.174125
0.168839
0.170702
0.171894
0.172168
0.171793
0.168946
0.171977
0.172934
0.172515
0.170733
0.169281
0.178538
0.175081
0.150025
0.159675
0.158732
0.157857
0.158774
0.158576
0.159701
0.159239
0.159400
0.158052
0.159950
0.159871
0.165318
0.165271
0.167788
0.169818
0.169456
0.170995
0.152137
0.165609
0.164118
0.160371
0.159326
0.155993
0.159558
0.161127
0.160085
0.159782
0.160411
0.158285
0.159285
0.159997
0.159743
0.164022
0.169264
0.171289
0.158538
0.156574
0.173149
0.176931
0.175182
0.174677
0.173509
0.174887
0.176971
0.178042
0.177966
0.174999
0.173968
0.176054
0.178535
0.174849
0.167139
0.164652
0.164590
0.163525
0.136156
0.158623
0.158648
0.159083
0.158651
0.157536
0.158931
0.158185
0.163858
0.165020
0.168360
0.168590
0.172452
0.167270
0.169504
0.169240
0.159634
0.157989
0.158688
0.170515
0.169078
0.170772
0.173766
0.172226
0.172583
0.172959
0.172574
0.172667
0.177281
0.175083
0.171299
0.173621
0.176207
0.182560
0.175324
0.175403
0.174971
0.176057
0.183957
0.177565
0.170941
0.167449
0.165162
0.161536
0.161879
0.160145
0.162761
0.162945
0.160767
0.161239
0.161558
0.162689
0.164667
0.161033
0.159194
0.149527
0.172157
0.172760
0.171069
0.171249
0.171697
0.172015
0.172470
0.171150
0.171713
0.171629
0.175246
0.174474
0.176364
0.175386
0.160112
0.161422
0.164501
0.163518
0.181405
0.176829
0.179622
0.180746
0.179770
0.169264
0.167587
0.163955
0.161122
0.150242
0.158633
0.159038
0.159421
0.161077
0.162086
0.159993
0.159078
0.160288
0.138605
0.157801
0.173763
0.172612
0.173126
0.173306
0.174412
0.170534
0.174732
0.174447
0.173597
0.176208
0.175395
0.171264
0.160356
0.159204
0.175076
0.175680
0.173746
0.176396
0.173861
0.177361
0.175514
0.168202
0.164118
0.161432
0.158198
0.158305
0.160937
0.156708
0.157614
0.156679
0.139565
0.158201
0.157676
0.158639
0.159011
0.144322
0.168712
0.169187
0.169356
0.171530
0.174249
0.170118
0.179867
0.171566
0.165719
0.161392
0.159352
0.158964
0.160219
0.159232
0.158584
0.159776
0.159799
0.161111
0.132572
0.159206
0.157711
0.158862
0.158459
0.160468
0.159562
0.173127
0.173386
0.174731
0.169436
0.171407
0.176027
0.168620
0.167962
0.164583
0.160632
0.161622
0.160945
0.142307
0.162408
0.161644
0.163584
0.161463
0.161769
0.160413
0.158518
0.158315
0.160500
0.164434
0.169930
0.163873
0.160081
0.159980
0.166126
0.168122
0.167392
0.174222
0.172816
0.171716
0.167201
0.163527
0.161504
0.160584
0.159755
0.160210
0.161180
0.161555
0.160950
0.162299
0.161145
0.160246
0.161402
0.162386
0.160224
0.160805
0.145441
0.160789
0.162121
0.160515
0.165401
0.170176
0.171032
0.170935
0.172101
0.172000
0.163238
0.160694
0.160812
0.159830
0.161170
0.154519
0.171877
0.173457
0.171036
0.176621
0.179610
0.176051
0.172380
0.168286
0.162539
0.159407
0.157905
0.159319
0.160438
0.158305
0.158832
0.158040
0.158071
0.159325
0.158718
0.159140
0.157935
0.130959
0.178541
0.174570
0.168954
0.164826
0.162273
0.159951
0.161047
0.160710
0.161738
0.161085
0.159533
0.160654
0.159803
0.161428
0.159172
0.160028
0.160631
0.160267
0.146104
0.170416
0.175478
0.182050
0.179817
0.175142
0.166607
0.163842
0.168397
0.163967
0.160071
0.156493
0.157236
0.159136
0.157728
0.148834
0.157694
0.159915
0.156781
0.140687
0.162858
0.165754
0.164538
0.161771
0.163494
0.163444
0.159489
0.159550
0.158283
0.158062
0.158219
0.157268
0.158680
0.157724
0.156726
0.159238
0.159942
0.165331
0.165703
0.169708
0.168267
0.171631
0.170269
0.168895
0.159951
0.165157
0.166365
0.168359
0.166551
0.170094
0.169209
0.168810
0.170029
0.170290
0.168873
0.170715
0.165808
0.178881
0.175069
0.171669
0.176518
0.172827
0.163493
0.166797
0.166234
0.169277
0.171881
0.169209
0.170084
0.169638
0.168613
0.170976
0.171756
0.157713
0.144787
0.173115
0.174890
0.173626
0.173407
0.172192
0.163091
0.166200
0.167457
0.167948
0.169422
0.170445
0.170564
0.168794
0.170002
0.170081
0.170519
0.169678
0.169183
0.171705
0.171808
0.172385
0.169966
0.168977
0.161391
0.163099
0.165514
0.168645
0.168241
0.168057
0.168812
0.170324
0.170757
0.171597
0.169974
0.169794
0.166237
0.176558
0.173605
0.172594
0.176396
0.176946
0.169121
0.180882
0.183727
0.176105
0.163818
0.160971
0.159298
0.158368
0.158571
0.159318
0.158927
0.158759
0.158575
0.157183
0.164892
0.162627
0.157410
0.172717
0.160057
0.156137
0.160261
0.166080
0.166822
0.165925
0.169095
0.167809
0.169650
0.172974
0.166799
0.182917
0.173699
0.166572
0.140790
0.157573
0.161142
0.160859
0.163064
0.161759
0.160693
0.162855
0.162047
0.161859
0.161886
0.161030
0.160939
0.161824
0.160744
0.161056
0.159249
0.164024
0.168962
0.168020
0.170153
0.169613
0.163009
0.162705
0.161919
0.167626
0.171161
0.170523
0.172020
0.170185
0.174273
0.170005
0.169026
0.167552
0.168815
0.169142
0.170547
0.169490
0.169780
0.170794
0.157881
0.159971
0.164451
0.164438
0.169359
0.170293
0.170101
0.170146
0.171472
0.167426
0.167957
0.168669
0.170593
0.169941
0.169758
0.173115
0.173066
0.174101
0.170516
0.170517
0.171862
0.170116
0.171374
0.169531
0.172513
0.170950
0.170947
0.171343
0.169134
0.167954
0.169207
0.173524
0.169900
0.174347
0.175537
0.170470
0.169977
0.169756
0.171194
0.175010
0.173537
0.172274
0.171903
0.170414
0.173283
0.161320
0.168115
0.170912
0.168989
0.167628
0.164502
0.168972
0.167104
0.163544
0.163354
0.161260
0.161111
0.161449
0.160197
0.160187
0.160848
0.160892
0.156790
0.157923
0.159455
0.155206
0.174144
0.179227
0.178284
0.171614
0.163965
0.164403
0.167612
0.169803
0.164047
0.159241
0.157024
0.160358
0.157642
0.159490
0.158869
0.158338
0.157859
0.158240
0.156919
0.159292
0.158419
0.159528
0.151486
0.176506
0.172623
0.171340
0.174943
0.178525
0.179919
0.179214
0.178967
0.175155
0.173830
0.174335
0.173706
0.174876
0.173089
0.176277
0.174489
0.174590
0.174849
0.164304
0.165345
0.163391
0.160143
0.156065
0.157562
0.158319
0.160375
0.159678
0.159435
0.159056
0.160987
0.157061
0.160722
0.160549
0.161167
0.165216
0.166708
0.165332
0.162486
0.165840
0.167346
0.168726
0.169125
0.171364
0.171645
0.170507
0.169429
0.171025
0.172103
0.171661
0.171778
0.169672
0.170328
0.170228
0.171357
0.167412
0.173901
0.169248
0.167590
0.168716
0.162098
0.164181
0.160759
0.158386
0.159396
0.158794
0.157984
0.159652
0.160523
0.158798
0.156764
0.159930
0.157718
0.162404
0.151165
0.160060
0.160113
0.165779
0.168288
0.169009
0.168150
0.170063
0.169035
0.169799
0.170625
0.170156
0.169519
0.170621
0.171703
0.169855
0.172818
0.174476
0.157340
0.168989
0.169006
0.169262
0.170863
0.170119
0.169178
0.170244
0.172908
0.170153
0.171509
0.167337
0.180428
0.181197
0.176714
0.170285
0.164890
0.162007
0.162293
0.153617
0.159271
0.157869
0.159111
0.157745
0.158907
0.159376
0.157843
0.158780
0.157995
0.162535
0.164763
0.167562
0.168044
0.167290
0.170354
0.171985
0.158876
0.151879
0.167393
0.164714
0.175864
0.173812
0.175016
0.180833
0.178364
0.178609
0.168610
0.167243
0.161311
0.160850
0.142683
0.160057
0.159713
0.159331
0.161591
0.158058
0.156037
0.173909
0.174176
0.172160
0.172397
0.175094
0.176907
0.175023
0.175064
0.172681
0.171248
0.173228
0.172901
0.178420
0.177229
0.178849
0.157699
0.163122
0.163354
0.172343
0.173293
0.174695
0.176737
0.175286
0.176260
0.177243
0.175658
0.179972
0.177891
0.173814
0.168746
0.169234
0.168876
0.169038
0.157941
0.148177
0.166780
0.168926
0.174035
0.171539
0.166864
0.160518
0.159584
0.160303
0.160507
0.161086
0.159463
0.160303
0.159252
0.160460
0.161991
0.160077
0.161184
0.160091
0.165587
0.167254
0.172625
0.170139
0.169190
0.172025
0.173562
0.172310
0.172946
0.172389
0.169682
0.169675
0.171670
0.175345
0.174823
0.174172
0.158843
0.157693
0.162662
0.163093
0.172389
0.178039
0.176432
0.175129
0.180752
0.178536
0.182290
0.178087
0.181821
0.172067
0.166963
0.164229
0.160109
0.157520
0.160061
0.157952
0.157634
0.157147
0.149225
0.158280
0.158574
0.158690
0.158391
0.164639
0.164017
0.168400
0.170784
0.171665
0.164885
0.167958
0.170825
0.171078
0.159519
0.159261
0.165108
0.166092
0.168247
0.171992
0.172901
0.172514
0.172191
0.173204
0.172463
0.173077
0.174304
0.172481
0.171831
0.172804
0.172082
0.173044
0.159087
0.160415
0.163601
0.166304
0.167824
0.171994
0.172116
0.174916
0.175319
0.174253
0.173924
0.170712
0.173674
0.171114
0.172467
0.173448
0.171856
0.172848
0.161322
0.159483
0.159353
0.159059
0.156597
0.177448
0.174980
0.177835
0.176448
0.174562
0.180285
0.176770
0.178493
0.173912
0.176037
0.175606
0.177898
0.173556
0.304410
0.331350
0.341315
0.306257
0.317530
0.328253
0.305376
0.294510
0.334346
0.323160
0.304502
0.284796
0.294630
0.292365
0.323920
0.305883
0.161294
0.157489
0.158566
0.158120
0.158382
0.162093
0.157600
0.154036
0.168686
0.168768
0.170690
0.170069
0.169821
0.170906
0.171856
0.169536
0.171110
0.171771
0.173039
0.174069
0.165278
0.166187
0.168912
0.170233
0.168588
0.165135
0.172756
0.173213
0.174811
0.176297
0.179173
0.172210
0.165961
0.161546
0.158738
0.158536
0.159410
0.157773
0.162685
0.156563
0.157601
0.158772
0.157910
0.157767
0.123760
0.167610
0.167979
0.168878
0.167776
0.170081
0.170793
0.169611
0.168569
0.176664
0.174402
0.173914
0.171161
0.166627
0.163379
0.160078
0.157633
0.157428
0.157418
0.142909
0.157582
0.157253
0.158473
0.157967
0.159837
0.164845
0.167234
0.164966
0.175418
0.176018
0.169794
0.171914
0.166420
0.164244
0.159184
0.157130
0.158418
0.156866
0.131309
0.157934
0.157296
0.160897
0.166384
0.167331
0.168418
0.167678
0.168647
0.169712
0.160289
0.156922
0.162335
0.164944
0.169187
0.169081
0.169886
0.169405
0.168476
0.179594
0.174505
0.166720
0.162537
0.159236
0.157876
0.157198
0.156879
0.158539
0.157696
0.157357
0.158910
0.158848
0.159146
0.158031
0.157560
0.157242
0.156181
0.155453
0.171712
0.171689
0.175604
0.172000
0.178742
0.177346
0.179055
0.173093
0.175089
0.166895
0.163191
0.159144
0.157130
0.159730
0.158077
0.158917
0.157615
0.158709
0.143976
0.158126
0.159029
0.158477
0.157071
0.161072
0.164487
0.167848
0.163771
0.166641
0.166561
0.168777
0.168514
0.170545
0.168275
0.171438
0.170395
0.170110
0.168295
0.177763
0.175973
0.173125
0.165256
0.168421
0.162917
0.158233
0.159285
0.159375
0.159411
0.161613
0.160439
0.159440
0.159473
0.160041
0.158914
0.157956
0.160017
0.160932
0.174836
0.175535
0.176937
0.177058
0.178422
0.180525
0.172246
0.166842
0.163866
0.160757
0.158329
0.158479
0.159929
0.159318
0.158431
0.160300
0.159201
0.158348
0.149081
0.158135
0.165705
0.168863
0.170174
0.169201
0.159992
0.158043
0.166640
0.167837
0.169692
0.170084
0.168761
0.171499
0.173774
0.172550
0.172817
0.173172
0.172767
0.176143
0.179636
0.177111
0.174971
0.167743
0.171644
0.168220
0.162739
0.162301
0.157044
0.158665
0.159667
0.156776
0.157907
0.157483
0.166627
0.166369
0.160831
0.147681
0.168981
0.168619
0.169190
0.168351
0.159382
0.162765
0.165471
0.161955
0.176882
0.176246
0.169488
0.167305
0.163889
0.163747
0.162959
0.162950
0.161959
0.158443
0.139646
0.158665
0.158125
0.159746
0.158794
0.157969
0.160246
0.160337
0.164468
0.159500
0.156376
0.157323
0.158926
0.161760
0.164849
0.167519
0.168535
0.167795
0.167961
0.175704
0.175619
0.171225
0.164694
0.167224
0.167545
0.168848
0.169932
0.169411
0.169105
0.167665
0.160071
0.159234
0.165587
0.167596
0.170393
0.174054
0.171372
0.177620
0.182571
0.175795
0.176339
0.177109
0.178941
0.176915
0.170932
0.165115
0.163442
0.161679
0.163317
0.162996
0.165100
0.159512
0.160888
0.159321
0.159588
0.122874
