0.001000
0.159035
0.155222
0.157188
0.157042
0.142031
0.156838
0.156407
0.158123
0.159050
0.157117
0.131030
0.159470
0.157077
0.158303
0.158371
0.157263
0.156035
0.159252
0.157510
0.158421
0.157539
0.164213
0.158238
0.146738
0.168039
0.160427
0.158684
0.159238
0.151611
0.159553
0.158345
0.160037
0.159035
0.157499
0.157214
0.158035
0.162038
0.158303
0.148582
0.157092
0.159108
0.157442
0.158409
0.156035
0.159035
0.159055
0.147510
0.161258
0.159036
0.161458
0.160469
0.159035
0.157331
0.161174
0.159513
0.159035
0.159035
0.160036
0.156035
0.162036
0.160035
0.159867
0.159226
0.160094
0.144104
0.161530
0.150747
0.172532
0.160163
0.161785
0.159115
0.160036
0.159436
0.160037
0.160377
0.160035
0.158262
0.160938
0.159569
0.161490
0.167037
0.170099
0.166434
0.173039
0.170514
0.171038
0.172286
0.171039
0.163431
0.161102
0.159225
0.159240
0.165545
0.175188
0.171038
0.172039
0.170038
0.173039
0.172040
0.156687
0.163036
0.164571
0.164439
0.160218
0.158032
0.160518
0.157530
0.158483
0.159370
0.159396
0.159435
0.160036
0.167102
0.168038
0.171038
0.170038
0.170038
0.173102
0.172038
0.171125
0.178040
0.178042
0.170503
0.168038
0.164348
0.163220
0.163391
0.162422
0.164073
0.163038
0.161043
0.163085
0.164484
0.162102
0.158111
0.163036
0.158314
0.144976
0.159234
0.159537
0.158214
0.157912
0.159308
0.163158
0.165056
0.163477
0.161036
0.159121
0.161036
0.158711
0.160043
0.156563
0.158181
0.160352
0.160218
0.139031
0.161036
0.160035
0.159177
0.159445
0.162278
0.161036
0.162036
0.159316
0.160429
0.159115
0.159484
0.159503
0.159381
0.160098
0.159121
0.163508
0.169385
0.163150
0.164037
0.169275
0.169038
0.171077
0.171335
0.160883
0.159209
0.161255
0.160080
0.159219
0.160072
0.161549
0.160303
0.160068
0.159481
0.160036
0.160217
0.127536
0.162037
0.159356
0.138162
0.160443
0.158054
0.159193
0.159115
0.160037
0.160053
0.160035
0.158254
0.159342
0.159037
0.159035
0.164037
0.160244
0.159558
0.148201
0.160036
0.160401
0.159499
0.159454
0.160474
0.160511
0.160089
0.157374
0.160037
0.158980
0.160461
0.157453
0.162153
0.159037
0.158877
0.160508
0.159258
0.152239
0.160035
0.159463
0.160382
0.168037
0.169358
0.170475
0.171222
0.172040
0.160036
0.166037
0.170037
0.170437
0.171321
0.172038
0.171040
0.173038
0.173040
0.175039
0.171038
0.149845
0.158610
0.159373
0.159036
0.159757
0.159299
0.159278
0.159035
0.159035
0.159292
0.164036
0.169039
0.172219
0.171833
0.171150
0.175675
0.175040
0.172038
0.172057
0.168038
0.163402
0.160310
0.160036
0.158492
0.160344
0.159288
0.159326
0.159103
0.159219
0.159234
0.160493
0.159722
0.166410
0.169300
0.172258
0.166037
0.174039
0.156036
0.159220
0.159035
0.159035
0.158035
0.159229
0.160488
0.159060
0.159034
0.160035
0.165036
0.168290
0.170038
0.172323
0.171546
0.174274
0.175474
0.177501
0.177534
0.174057
0.170038
0.165037
0.162579
0.158159
0.158903
0.159265
0.141356
0.160766
0.157945
0.162499
0.168442
0.167742
0.176039
0.178390
0.181041
0.171040
0.168039
0.165083
0.153345
0.158285
0.161249
0.162483
0.161380
0.163821
0.161350
0.162036
0.162153
0.166381
0.171371
0.173525
0.174366
0.173289
0.174041
0.171196
0.174379
0.176799
0.177725
0.153619
0.162477
0.161485
0.165056
0.160159
0.161053
0.161358
0.162481
0.161205
0.161221
0.163000
0.161036
0.163036
0.163037
0.167581
0.173259
0.173423
0.175050
0.167036
0.175040
0.165354
0.163035
0.162420
0.161489
0.162204
0.162037
0.158378
0.160505
0.159490
0.158036
0.159200
0.159431
0.158412
0.174363
0.178456
0.176125
0.176039
0.173209
0.151487
0.164037
0.160392
0.159035
0.159176
0.160089
0.159036
0.160035
0.159434
0.159035
0.163255
0.168442
0.170308
0.170324
0.170037
0.169038
0.172630
0.172038
0.171118
0.174275
0.176039
0.183262
0.178040
0.172039
0.167537
0.163667
0.159701
0.160223
0.162080
0.162037
0.162037
0.143512
0.162450
0.161320
0.167269
0.170107
0.172039
0.168302
0.179412
0.179039
0.174891
0.167305
0.166036
0.164222
0.162036
0.161362
0.161036
0.162144
0.161037
0.162254
0.162318
0.161713
0.160378
0.161109
0.163125
0.170347
0.166036
0.177282
0.181040
0.177063
0.183042
0.176039
0.170300
0.166037
0.163038
0.163122
0.161036
0.162190
0.161774
0.162037
0.160277
0.163132
0.161140
0.161481
0.161447
0.157249
0.182040
0.176039
0.168037
0.163600
0.161038
0.161345
0.161542
0.121065
0.161278
0.161189
0.166494
0.171597
0.171069
0.172410
0.172348
0.172275
0.172182
0.172039
0.171505
0.182059
0.173467
0.169039
0.165036
0.161450
0.160035
0.161473
0.162111
0.160551
0.159036
0.161221
0.161701
0.160779
0.151609
0.172038
0.172130
0.173425
0.175041
0.173423
0.175661
0.175048
0.178231
0.161391
0.161036
0.161080
0.161522
0.161516
0.166354
0.169434
0.172039
0.171052
0.172405
0.173039
0.172038
0.170038
0.174617
0.172044
0.183041
0.178042
0.170224
0.167313
0.161246
0.156034
0.159554
0.163476
0.162481
0.164179
0.164037
0.163153
0.158491
0.158388
0.158073
0.164106
0.167273
0.169037
0.165374
0.159492
0.162502
0.162488
0.165140
0.162036
0.163475
0.144016
0.161858
0.159688
0.162035
0.168486
0.171275
0.171532
0.172488
0.172169
0.172223
0.174063
0.175136
0.174272
0.176041
0.149799
0.158099
0.137298
0.158450
0.159465
0.147223
0.173206
0.180750
0.175039
0.167506
0.164158
0.161035
0.159036
0.159331
0.160038
0.160728
0.159467
0.159333
0.134395
0.172039
0.172071
0.175112
0.173039
0.174263
0.173038
0.174040
0.177522
0.176039
0.175390
0.175039
0.177039
0.174425
0.172038
0.167371
0.163581
0.163037
0.162036
0.142031
0.163455
0.162189
0.161036
0.162244
0.165401
0.170370
0.169037
0.170197
0.171037
0.171158
0.175062
0.173268
0.162044
0.162035
0.167500
0.168037
0.162036
0.151033
0.174038
0.172158
0.174039
0.175430
0.176042
0.175039
0.174039
0.176492
0.173848
0.177039
0.177039
0.182040
0.177723
0.145816
0.159500
0.160282
0.161036
0.161266
0.146033
0.159035
0.163037
0.171038
0.168444
0.170523
0.171038
0.173123
0.173039
0.173038
0.176039
0.175040
0.174605
0.175039
0.176338
0.178116
0.176040
0.173775
0.176039
0.113081
0.160492
0.160036
0.160403
0.161699
0.164514
0.169038
0.170317
0.170533
0.171138
0.172213
0.175039
0.176039
0.177041
0.178042
0.176440
0.178040
0.173059
0.168037
0.135357
0.160269
0.161345
0.160036
0.160035
0.160365
0.162036
0.161258
0.168037
0.171164
0.171038
0.172038
0.174248
0.171174
0.171038
0.162037
0.160390
0.168165
0.166328
0.173039
0.179727
0.174276
0.171454
0.168457
0.165791
0.160035
0.163037
0.160930
0.160084
0.160210
0.159035
0.160700
0.163194
0.163036
0.162910
0.160517
0.164037
0.155691
0.164036
0.169483
0.164532
0.174295
0.176447
0.175039
0.183043
0.180515
0.175324
0.168419
0.164331
0.159410
0.158606
0.155419
0.160514
0.158913
0.159294
0.159035
0.139196
0.170038
0.170167
0.172629
0.179910
0.178039
0.174210
0.172038
0.173038
0.175038
0.178040
0.180040
0.172141
0.168531
0.167170
0.162418
0.161036
0.160046
0.159581
0.140211
0.160036
0.160035
0.160485
0.167434
0.169189
0.168168
0.172105
0.172273
0.178039
0.179445
0.177040
0.178039
0.176039
0.181040
0.177178
0.176039
0.168452
0.165420
0.130033
0.160218
0.160036
0.159274
0.160036
0.160103
0.161455
0.167037
0.169038
0.169307
0.170038
0.173294
0.177364
0.167534
0.164385
0.168340
0.170634
0.172434
0.166036
0.161069
0.162211
0.160036
0.165141
0.161369
0.160406
0.161036
0.161402
0.161149
0.160462
0.160439
0.160645
0.161454
0.169066
0.170170
0.172038
0.172037
0.172147
0.170115
0.182508
0.178040
0.173038
0.172038
0.167114
0.163508
0.161969
0.161534
0.127274
0.162397
0.162415
0.163245
0.166353
0.169443
0.169312
0.170878
0.173474
0.173039
0.170038
0.178101
0.179173
0.173037
0.181350
0.173167
0.170460
0.169133
0.168499
0.163191
0.162247
0.163036
0.163037
0.161766
0.162036
0.163100
0.162036
0.162036
0.162036
0.156034
0.169166
0.171038
0.172037
0.172039
0.171037
0.170038
0.169433
0.176041
0.177040
0.177065
0.176133
0.178241
0.172348
0.171038
0.175133
0.173712
0.173078
0.178156
0.168542
0.167037
0.144437
0.160035
0.159035
0.160080
0.162432
0.160804
0.162035
0.160237
0.162429
0.161747
0.145392
0.172458
0.173408
0.174057
0.170525
0.174039
0.172064
0.152428
0.164036
0.162864
0.159839
0.163306
0.164036
0.163383
0.163383
0.163531
0.163036
0.167037
0.170453
0.173047
0.169756
0.170188
0.171523
0.171039
0.171173
0.170489
0.173038
0.172039
0.176274
0.176039
0.180500
0.180087
0.176202
0.174038
0.169038
0.168037
0.163395
0.159472
0.159464
0.158367
0.160319
0.162364
0.165478
0.165040
0.160036
0.161131
0.160207
0.161008
0.168650
0.169502
0.169426
0.170517
0.171753
0.171037
0.172599
0.171038
0.172039
0.173503
0.173389
0.175039
0.176410
0.177294
0.175054
0.177040
0.167522
0.162912
0.160767
0.163036
0.163112
0.164354
0.163162
0.163036
0.163329
0.162236
0.163066
0.163329
0.163466
0.163260
0.159512
0.158035
0.160474
0.161250
0.151033
0.159288
0.158534
0.159035
0.158307
0.160272
0.160048
0.158035
0.160469
0.164307
0.162342
0.165305
0.166358
0.172474
0.173515
0.174147
0.171575
0.176149
0.173155
0.163087
0.165415
0.163037
0.163176
0.163320
0.161508
0.157264
0.159363
0.159545
0.159455
0.158219
0.159175
0.158481
0.159648
0.165337
0.170467
0.172436
0.173579
0.170039
0.182040
0.180040
0.156556
0.158527
0.161203
0.163038
0.163528
0.165037
0.163498
0.160060
0.158460
0.160366
0.160093
0.160514
0.166178
0.160102
0.160613
0.160459
0.152552
0.159219
0.163370
0.162307
0.162804
0.163037
0.163260
0.164036
0.167219
0.170037
0.170255
0.172165
0.173125
0.172365
0.173495
0.171217
0.170128
0.175039
0.175381
0.177039
0.178877
0.167569
0.168218
0.164423
0.163619
0.164151
0.157376
0.161195
0.160515
0.160386
0.140389
0.170038
0.170412
0.171329
0.169158
0.171038
0.173038
0.167100
0.178056
0.174497
0.166188
0.166465
0.162567
0.159931
0.162240
0.163445
0.162254
0.161389
0.159035
0.161123
0.141465
0.166037
0.170465
0.167078
0.168039
0.172000
0.168575
0.182460
0.178039
0.171473
0.164422
0.159101
0.159036
0.160523
0.161169
0.160402
0.161304
0.160036
0.161096
0.161177
0.163179
0.160554
0.163036
0.168037
0.170003
0.166509
0.175906
0.178039
0.183042
0.174041
0.171101
0.165431
0.163203
0.161036
0.160357
0.162393
0.162036
0.161036
0.160365
0.128574
0.173039
0.169369
0.165034
0.162304
0.161350
0.158037
0.161467
0.161037
0.161036
0.162036
0.161402
0.161500
0.163280
0.161036
0.164233
0.169261
0.171045
0.172038
0.172039
0.175178
0.177040
0.177377
0.165266
0.169516
0.176346
0.174340
0.174037
0.173540
0.177607
0.175393
0.174394
0.173039
0.177315
0.162036
0.161280
0.163037
0.164625
0.169057
0.170188
0.172138
0.172038
0.168305
0.163036
0.165037
0.160035
0.162212
0.161036
0.160396
0.164036
0.141544
0.163036
0.162274
0.167136
0.171476
0.173670
0.171666
0.172038
0.174239
0.171038
0.172038
0.170117
0.180263
0.181367
0.182040
0.178040
0.171333
0.165067
0.162035
0.160236
0.160055
0.161132
0.163036
0.161059
0.161248
0.162412
0.161036
0.163102
0.161973
0.162228
0.158000
0.181040
0.175040
0.165128
0.164374
0.164080
0.161331
0.162329
0.162458
0.144360
0.162267
0.163336
0.162429
0.167037
0.172536
0.173329
0.173038
0.169302
0.181040
0.177039
0.179040
0.171054
0.176317
0.171505
0.168073
0.161333
0.159233
0.160036
0.157533
0.162418
0.164083
0.162270
0.161466
0.162070
0.163038
0.162789
0.163377
0.164407
0.173329
0.177040
0.171038
0.170037
0.167367
0.163489
0.161419
0.162036
0.162547
0.163037
0.162408
0.162035
0.162490
0.160165
0.161036
0.162035
0.162036
0.162325
0.161303
0.165322
0.176039
0.171353
0.170235
0.165202
0.159271
0.158244
0.160323
0.162036
0.162036
0.164105
0.162037
0.163415
0.163428
0.164227
0.159607
0.158036
0.166037
0.171210
0.169545
0.172744
0.174039
0.170516
0.167561
0.163584
0.160430
0.159466
0.158322
0.160278
0.161035
0.160389
0.160260
0.160125
0.160035
0.160110
0.159220
0.160036
0.171193
0.172121
0.171038
0.173532
0.174540
0.176041
0.173331
0.173038
0.177941
0.174604
0.176740
0.173434
0.177559
0.177252
0.178217
0.180040
0.177042
0.167739
0.165037
0.161582
0.150463
0.160368
0.159136
0.161404
0.159339
0.161175
0.159493
0.160357
0.160265
0.162266
0.168517
0.169037
0.171040
0.161215
0.160052
0.165036
0.170081
0.176322
0.179040
0.171038
0.170354
0.171038
0.171400
0.174102
0.174278
0.179924
0.177360
0.177055
0.172038
0.167041
0.167750
0.164036
0.162576
0.163056
0.162482
0.162036
0.163257
0.154693
0.162878
0.162383
0.162503
0.167521
0.172083
0.173163
0.173828
0.174391
0.174478
0.174240
0.174038
0.175370
0.175367
0.176039
0.176387
0.178467
0.178138
0.175133
0.181208
0.169850
0.166046
0.162397
0.158409
0.143703
0.163036
0.162035
0.161383
0.162212
0.162078
0.162036
0.164320
0.168037
0.172397
0.172038
0.174039
0.174039
0.166478
0.179295
0.178040
0.169037
0.167202
0.160503
0.157250
0.158380
0.160132
0.162605
0.161528
0.163457
0.160294
0.159399
0.162209
0.161129
0.163493
0.162206
0.161403
0.149468
0.180449
0.171263
0.171323
0.172040
0.172704
0.173389
0.174537
0.175039
0.175039
0.174039
0.176039
0.175335
0.176083
0.173039
0.174038
0.174040
0.176039
0.176183
0.179261
0.177049
0.177050
0.169477
0.154067
0.159485
0.160229
0.160057
0.162037
0.160460
0.160088
0.160036
0.159568
0.160090
0.161551
0.166431
0.165698
0.176039
0.174363
0.174040
0.167075
0.167037
0.166472
0.163084
0.162080
0.163859
0.163141
0.161328
0.162036
0.163520
0.163341
0.162530
0.164038
0.164773
0.162332
0.163212
0.167039
0.167463
0.168037
0.167076
0.169360
0.169083
0.171398
0.173113
0.174518
0.174124
0.171038
0.172047
0.169374
0.172495
0.176291
0.176040
0.177377
0.173469
0.172219
0.170303
0.175039
0.170281
0.167345
0.162379
0.159036
0.160035
0.159209
0.160418
0.159840
0.160435
0.159585
0.160104
0.159444
0.160211
0.160420
0.164251
0.168940
0.170457
0.167038
0.178217
0.179152
0.161071
0.163488
0.162481
0.160303
0.161975
0.162196
0.161036
0.162257
0.161481
0.162457
0.163281
0.162572
0.161054
0.161035
0.167929
0.171039
0.166038
0.153054
0.161134
0.162268
0.162036
0.161531
0.163036
0.162255
0.162689
0.163267
0.162393
0.163501
0.162352
0.162298
0.163175
0.168482
0.172038
0.172038
0.172040
0.173038
0.176267
0.174040
0.178039
0.175901
0.177039
0.179418
0.177530
0.174147
0.179040
0.176040
0.169121
0.164462
0.169356
0.163292
0.161412
0.162390
0.160358
0.163303
0.147678
0.160037
0.162303
0.162324
0.166350
0.170038
0.171427
0.167558
0.175039
0.178322
0.183273
0.176155
0.176040
0.170242
0.166036
0.166150
0.162414
0.160357
0.161527
0.146262
0.162106
0.163556
0.161523
0.161380
0.162493
0.162064
0.166036
0.168037
0.171502
0.171534
0.171637
0.171037
0.174143
0.172824
0.175039
0.173735
0.173059
0.171038
0.183041
0.173137
0.169498
0.163036
0.161356
0.161810
0.159479
0.161363
0.161505
0.161035
0.161141
0.162463
0.161246
0.162700
0.161252
0.161237
0.163036
0.168715
0.169530
0.173235
0.173212
0.172128
0.175376
0.175157
0.173038
0.173149
0.179040
0.179511
0.178067
0.180373
0.179393
0.178100
0.180040
0.174041
0.170502
0.168486
0.165292
0.139518
0.163038
0.162040
0.162495
0.161409
0.163582
0.161817
0.163038
0.165507
0.170039
0.171038
0.172038
0.172413
0.171194
0.174308
0.173038
0.172092
0.170480
0.167037
0.176236
0.178039
0.178307
0.179415
0.174039
0.174039
0.173038
0.175398
0.177039
0.178176
0.180040
0.180219
0.175593
0.177339
0.178271
0.174175
0.168419
0.168450
0.146032
0.165179
0.163038
0.163035
0.163181
0.163469
0.161377
0.160408
0.160167
0.163570
0.168038
0.169038
0.170327
0.172463
0.177379
0.176337
0.176246
0.174532
0.170350
0.178162
0.178145
0.177040
0.177079
0.168367
0.165204
0.161080
0.160501
0.160036
0.160035
0.160036
0.160347
0.160672
0.159466
0.159043
0.159461
0.160411
0.150912
0.177040
0.142284
0.159198
0.160720
0.160210
0.158754
0.160037
0.162035
0.165210
0.163100
0.164131
0.161792
0.167569
0.168309
0.169485
0.175395
0.175040
0.172238
0.172482
0.173041
0.176913
0.175196
0.175039
0.175563
0.172039
0.170039
0.166233
0.162483
0.163232
0.161551
0.162153
0.163769
0.164038
0.162065
0.163235
0.162050
0.162947
0.162036
0.151588
0.170691
0.176039
0.171038
0.167037
0.166207
0.162050
0.162606
0.163179
0.163056
0.163035
0.161036
0.163531
0.162527
0.162165
0.163508
0.162303
0.163036
0.166458
0.163233
0.183043
0.176844
0.158027
0.164081
0.163154
0.163037
0.163035
0.163069
0.163036
0.163477
0.162235
0.163062
0.163057
0.163036
0.162036
0.164514
0.169412
0.170127
0.169553
0.173693
0.175124
0.179100
0.177039
0.173038
0.170039
0.168288
0.165043
0.163378
0.162456
0.163036
0.163036
0.163417
0.163871
0.163037
0.161036
0.139755
0.172039
0.170250
0.144445
0.159034
0.161272
0.164475
0.163060
0.162354
0.161136
0.161394
0.162036
0.163410
0.166346
0.170393
0.172039
0.170307
0.169762
0.170276
0.172039
0.175368
0.171038
0.180347
0.181041
0.173043
0.168217
0.165380
0.167523
0.164076
0.160380
0.158285
0.160300
0.159205
0.160375
0.159577
0.162056
0.164148
0.163441
0.163036
0.164037
0.157939
0.163096
0.170524
0.174558
0.166417
0.169439
0.168572
0.170239
0.173525
0.173039
0.169422
0.170037
0.173532
0.176039
0.177330
0.181040
0.180169
0.174262
0.174039
0.131028
0.160178
0.159035
0.158516
0.162137
0.164038
0.160245
0.163242
0.161410
0.166038
0.170294
0.172039
0.173690
0.173390
0.173479
0.173504
0.174039
0.169954
0.180040
0.178040
0.173274
0.167039
0.161842
0.159336
0.163749
0.163036
0.164440
0.164258
0.164809
0.164285
0.163488
0.149402
0.172327
0.173038
0.174250
0.175112
0.176355
0.173038
0.180040
0.174609
0.168140
0.162447
0.161388
0.159438
0.159035
0.158129
0.159176
0.159125
0.159422
0.159523
0.159525
0.159692
0.160037
0.157506
0.159226
0.165426
0.168299
0.171622
0.173613
0.168038
0.166255
0.164038
0.163249
0.160671
0.162035
0.160223
0.161122
0.162520
0.163037
0.160036
0.162036
0.161196
0.161408
0.163036
0.162067
0.162091
0.171303
0.171039
0.173038
0.171038
0.173263
0.172480
0.172038
0.173362
0.172039
0.174191
0.172591
0.175183
0.173039
0.170808
0.178039
0.176041
0.170230
0.165441
0.138032
0.116773
0.174140
0.169348
0.170041
0.172300
0.174387
0.172087
0.178041
0.182040
0.176039
0.175040
0.174200
0.174038
0.174039
0.177145
0.176233
0.176302
0.176039
0.157856
0.161456
0.161512
0.162333
0.160606
0.162043
0.161527
0.163036
0.161036
0.160341
0.161036
0.161108
0.165406
0.168486
0.171272
0.173039
0.173265
0.173300
0.173422
0.178227
0.173038
0.175643
0.177479
0.173143
0.171452
0.166440
0.170192
0.166039
0.162491
0.162119
0.161036
0.162040
0.159339
0.161524
0.162185
0.162391
0.160652
0.157379
0.168458
0.172038
0.173037
0.172039
0.172232
0.173466
0.171040
0.173334
0.175499
0.176431
0.176408
0.176042
0.175038
0.173039
0.175040
0.177187
0.179040
0.178623
0.174038
0.171307
0.168037
0.163039
0.140954
0.164112
0.161036
0.163162
0.162085
0.162529
0.159492
0.171038
0.171215
0.175158
0.174039
0.175249
0.174039
0.173038
0.175039
0.163037
0.164036
0.163036
0.161530
0.161036
0.162522
0.162352
0.162536
0.163036
0.163065
0.162036
0.162342
0.161398
0.168473
0.172038
0.173038
0.172380
0.169158
0.183041
0.163037
0.164256
0.161036
0.159356
0.163143
0.160692
0.160391
0.162164
0.159111
0.163036
0.161036
0.161036
0.163090
0.162036
0.168186
0.172335
0.168257
0.168509
0.168038
0.173205
0.176094
0.174498
0.177040
0.172482
0.173247
0.180041
0.175041
0.167130
0.164464
0.158381
0.157316
0.159035
0.159111
0.163036
0.164037
0.163132
0.163036
0.152745
0.167208
0.167378
0.169322
0.171500
0.174038
0.163037
0.162410
0.166216
0.169038
0.172039
0.171071
0.174040
0.175224
0.168037
0.175039
0.168041
0.169585
0.168037
0.161285
0.161037
0.160198
0.159260
0.161370
0.161036
0.160438
0.160283
0.159241
0.160359
0.167536
0.170480
0.168575
0.176512
0.179040
0.179677
0.177040
0.169037
0.166139
0.135042
0.159232
0.160492
0.160283
0.161036
0.160036
0.160434
0.162457
0.169038
0.170038
0.171156
0.171038
0.172039
0.174438
0.173039
0.174038
0.176038
0.178040
0.174038
0.170341
0.165562
0.163036
0.160037
0.161036
0.159083
0.160172
0.160156
0.161036
0.161036
0.160239
0.160356
0.161469
0.160440
0.160036
0.156607
0.077017
0.078017
0.077017
0.077017
0.077017
0.078244
0.075063
0.075516
0.079018
0.080018
0.080018
0.079017
0.079017
0.078015
0.081151
0.077017
0.077017
0.077020
0.077017
0.085524
0.081018
0.080018
0.080018
0.081017
0.090020
0.082049
0.079018
0.080079
0.080438
0.089530
0.094021
0.094023
0.179469
0.174999
0.180040
0.181042
0.179519
0.154034
0.165370
0.165503
0.166038
0.166874
0.166805
0.165038
0.165147
0.165086
0.166267
0.126029
0.153035
0.162036
0.164897
0.164344
0.166258
0.165125
0.165406
0.166102
0.165360
0.165324
0.165401
0.166215
0.165038
0.165092
0.166076
0.160036
0.176039
0.146036
0.130028
0.150733
0.164600
0.165037
0.165038
0.165906
0.164085
0.161467
0.167108
0.163898
0.165037
0.169039
0.166037
0.167037
0.168038
0.169038
0.167238
0.169038
0.170039
0.170539
0.171905
0.168180
0.168040
0.166081
0.181040
0.177069
0.181043
0.182335
0.177096
0.179189
0.178041
0.178218
0.176039
0.175040
0.143033
0.143595
0.159371
0.166605
0.165154
0.166278
0.166145
0.166520
0.165036
0.166307
0.165438
0.166188
0.166267
0.164505
0.167083
0.166084
0.165393
0.167523
0.166062
0.167168
0.165413
0.167037
0.167406
0.166181
0.165513
0.167382
0.167578
0.167704
0.165366
0.167039
0.166037
0.167362
0.167368
0.167275
0.168154
0.162277
0.181040
0.183041
0.181738
0.156295
0.131662
0.154624
0.162679
0.167829
0.166038
0.166197
0.166596
0.166096
0.166370
0.167038
0.166279
0.167375
0.166435
0.155604
0.173038
0.171175
0.163098
0.183125
0.113760
0.167006
0.165543
0.165377
0.167265
0.165248
0.167406
0.167912
0.143069
0.172457
0.170087
0.170038
0.170424
0.171040
0.171836
0.168481
0.168038
0.168285
0.166703
0.166328
0.167421
0.167597
0.166682
0.166495
0.166054
0.165349
0.165480
0.167059
0.166038
0.166219
0.166038
0.162262
0.174039
0.172041
0.175776
0.158035
0.166648
0.166265
0.164036
0.165443
0.165038
0.166158
0.166037
0.141032
0.164476
0.166036
0.166475
0.165278
0.166523
0.167416
0.166037
0.166210
0.166443
0.166671
0.166037
0.167359
0.166037
0.166440
0.165006
0.166055
0.166493
0.167037
0.166454
0.166715
0.166304
0.167299
0.166222
0.166228
0.166468
0.165159
0.167038
0.166425
0.168471
0.159661
0.179059
0.150035
0.132279
0.155782
0.162547
0.166038
0.167400
0.165037
0.167480
0.167350
0.167037
0.167451
0.167406
0.166453
0.155643
0.174039
0.161196
0.174040
0.181040
0.154034
0.164352
0.166037
0.166416
0.166098
0.166437
0.166123
0.165113
0.166172
0.166353
0.167679
0.167037
0.167138
0.166344
0.166088
0.165459
0.167297
0.167037
0.167546
0.146062
0.166036
0.166311
0.167037
0.166180
0.166107
0.168265
0.166037
0.166037
0.166590
0.166039
0.150243
0.166112
0.186099
0.176039
0.180061
0.174338
0.176041
0.175414
0.176039
0.176320
0.179149
0.179381
0.172500
0.170040
0.170248
0.172040
0.171605
0.181195
0.182401
0.182042
0.177039
0.180041
0.177531
0.176039
0.182044
0.178937
0.179053
0.183388
0.182041
0.180164
0.176039
0.177100
0.182042
0.182041
0.177040
0.178040
0.177039
0.168037
0.176040
0.145059
0.150026
0.162105
0.166039
0.166377
0.165019
0.165545
0.165908
0.165469
0.165381
0.166309
0.166038
0.165230
0.165183
0.165833
0.164911
0.166467
0.165316
0.166037
0.167635
0.164944
0.167106
0.166158
0.166038
0.165037
0.165036
0.165036
0.128028
0.165037
0.167198
0.167246
0.167538
0.167434
0.167423
0.168038
0.168473
0.168233
0.168864
0.169146
0.170443
0.170187
0.172231
0.168858
0.174352
0.171390
0.171122
0.171038
0.172960
0.171158
0.170038
0.168038
0.166199
0.168037
0.164738
0.156174
0.168140
0.170596
0.166248
0.165414
0.165445
0.134125
0.162412
0.166400
0.165185
0.164367
0.166415
0.165549
0.166085
0.167412
0.164483
0.165360
0.166263
0.166118
0.165826
0.164175
0.165036
0.165036
0.166123
0.167123
0.167439
0.167476
0.168098
0.168039
0.167001
0.174087
0.175348
0.173858
0.170546
0.173040
0.168618
0.177040
0.168037
0.168584
0.168142
0.168039
0.123032
0.154406
0.162312
0.166036
0.167541
0.154433
0.172495
0.171040
0.172366
0.170039
0.168529
0.168037
0.165443
0.177174
0.177039
0.126999
0.155063
0.161812
0.165094
0.165509
0.165187
0.167507
0.165354
0.166428
0.165596
0.150927
0.166233
0.158654
0.182041
0.179044
0.149033
0.129131
0.154035
0.162787
0.166253
0.166503
0.166864
0.165495
0.165240
0.163496
0.164462
0.167307
0.167533
0.167536
0.165039
0.173038
0.175196
0.181041
0.176041
0.174163
0.171038
0.170472
0.166988
0.167464
0.168037
0.166583
0.166038
0.167378
0.167538
0.166160
0.166455
0.165383
0.126523
0.163273
0.165038
0.166349
0.165389
0.164786
0.165556
0.165474
0.165140
0.167139
0.165406
0.166240
0.166039
0.165038
0.166505
0.163533
0.165037
0.165513
0.157955
0.177040
0.144031
0.132029
0.140343
0.171038
0.168335
0.169037
0.170038
0.166397
0.165866
0.166528
0.165038
0.166175
0.152347
0.179042
0.181040
0.152874
0.132031
0.153110
0.162038
0.165105
0.166039
0.165128
0.165304
0.165037
0.166038
0.166039
0.166380
0.166157
0.165466
0.165038
0.166038
0.165999
0.169296
0.169505
0.170973
0.169422
0.170364
0.163305
0.179742
0.181041
0.152287
0.131243
0.154034
0.163704
0.166037
0.166390
0.165037
0.165135
0.167037
0.165036
0.165013
0.167471
0.166424
0.165038
0.165394
0.166037
0.165091
0.164397
0.166038
0.165298
0.175312
0.175238
0.175801
0.170030
0.178169
0.177040
0.152035
0.164174
0.165179
0.165039
0.166037
0.165438
0.165688
0.166329
0.166039
0.165056
0.165313
0.166286
0.166038
0.166371
0.166283
0.166424
0.166040
0.136031
0.163566
0.165037
0.167037
0.165346
0.166112
0.164273
0.165252
0.168452
0.169040
0.163036
0.174039
0.172193
0.173039
0.173344
0.174135
0.169038
0.168089
0.168037
0.169038
0.164037
0.185042
0.144031
0.144034
0.155036
0.160858
0.165038
0.166039
0.165036
0.166508
0.164324
0.165378
0.165038
0.166290
0.165509
0.157926
0.181041
0.153035
0.129030
0.156035
0.162709
0.165037
0.165533
0.165086
0.165518
0.166175
0.165037
0.166039
0.166070
0.154341
0.179286
0.148035
0.130030
0.155247
0.163499
0.165280
0.165038
0.165036
0.165037
0.167039
0.166498
0.165112
0.165038
0.166189
0.165065
0.166038
0.147483
0.172090
0.177040
0.146236
0.151447
0.162609
0.166036
0.165185
0.164497
0.165514
0.166250
0.166484
0.165038
0.164970
0.165047
0.164036
0.167298
0.166460
0.165223
0.165038
0.166040
0.165037
0.166037
0.165430
0.166321
0.165038
0.165110
0.149349
0.172086
0.179093
0.172072
0.178040
0.176039
0.173455
0.170224
0.170455
0.170039
0.168573
0.169055
0.171296
0.169275
0.168038
0.173038
0.171078
0.172437
0.172197
0.171038
0.171339
0.169038
0.178134
0.148543
0.133145
0.155568
0.163632
0.165844
0.167037
0.166037
0.166037
0.166085
0.166075
0.167037
0.166858
0.167231
0.157648
0.175039
0.180182
0.185092
0.179535
0.142115
0.166314
0.167613
0.166477
0.166038
0.165799
0.166213
0.166037
0.166062
0.165304
0.166485
0.167328
0.167470
0.163788
0.166229
0.166468
0.167037
0.166469
0.166334
0.148014
0.167100
0.166039
0.166501
0.167380
0.167260
0.166290
0.149331
0.175472
0.175334
0.172727
0.174272
0.172038
0.171039
0.169038
0.169833
0.170159
0.170501
0.170323
0.166599
0.176135
0.178024
0.174040
0.177042
0.173276
0.170241
0.171039
0.182137
0.180042
0.176039
0.177040
0.182042
0.181531
0.179156
0.175161
0.168984
0.170410
0.167365
0.168487
0.115538
0.167524
0.169099
0.150359
0.174391
0.174434
0.173052
0.168253
0.167038
0.168464
0.171510
0.170774
0.169402
0.171144
0.170531
0.171118
0.170986
0.171047
0.171057
0.168087
0.166262
0.163035
0.174041
0.176039
0.142745
0.148782
0.164452
0.173040
0.169142
0.168037
0.160525
0.168591
0.168299
0.168439
0.168451
0.167169
0.168550
0.169039
0.168037
0.168208
0.169408
0.169115
0.169039
0.169039
0.168925
0.169045
0.149481
0.174450
0.173482
0.175040
0.175190
0.174041
0.175081
0.177496
0.169576
0.180041
0.175040
0.176039
0.176040
0.176543
0.140033
0.164357
0.165315
0.164824
0.164854
0.165502
0.164368
0.160109
0.167304
0.171882
0.171039
0.171330
0.165413
0.166381
0.166317
0.165196
0.164413
0.165038
0.165395
0.165388
0.165135
0.166747
0.165178
0.167069
0.166424
0.141523
0.165398
0.165710
0.167037
0.167608
0.167404
0.169401
0.169778
0.168039
0.168440
0.167351
0.168039
0.168457
0.169039
0.170528
0.167102
0.167038
0.168455
0.167075
0.168480
0.168377
0.168108
0.168057
0.167038
0.169039
0.171260
0.171198
0.163237
0.179042
0.176039
0.180040
0.180108
0.179817
0.176039
0.144032
0.169087
0.170901
0.165037
0.165218
0.152021
0.163299
0.166037
0.165470
0.165198
0.165287
0.165375
0.166162
0.164425
0.166299
0.166177
0.167533
0.167592
0.166037
0.167617
0.167769
0.167791
0.166994
0.167074
0.166379
0.166357
0.166623
0.167220
0.166523
0.167498
0.146034
0.177439
0.177040
0.182514
0.178039
0.185041
0.178126
0.178040
0.177040
0.178040
0.178040
0.177040
0.177040
0.178095
0.178040
0.177040
0.177040
0.181441
0.152384
0.165463
0.165141
0.165394
0.166157
0.166441
0.166279
0.165037
0.165241
0.166039
0.166038
0.122094
0.167504
0.166471
0.165326
0.166465
0.167051
0.166199
0.167463
0.167902
0.167039
0.165037
0.166487
0.167401
0.166037
0.167038
0.164334
0.167401
0.166150
0.166347
0.165037
0.144032
0.172221
0.171160
0.172038
0.171510
0.171192
0.171040
0.170759
0.170581
0.168785
0.168165
0.168151
0.165227
0.166254
0.168037
0.167039
0.168039
0.168758
0.168038
0.169503
0.163480
0.177529
0.175039
0.143033
0.151916
0.162037
0.166290
0.166529
0.166404
0.165691
0.165037
0.167234
0.165351
0.166981
0.166229
0.166066
0.166539
0.168195
0.165332
0.164519
0.165146
0.166266
0.164046
0.166037
0.148367
0.164096
0.158036
0.182041
0.186041
0.178090
0.181039
0.185564
0.182083
0.178039
0.181252
0.181040
0.178040
0.176063
0.177041
0.176110
0.145032
0.153038
0.162152
0.166412
0.166555
0.165399
0.166038
0.165581
0.165366
0.166794
0.164348
0.165340
0.167037
0.165789
0.165037
0.166301
0.166488
0.165518
0.165037
0.167391
0.165038
0.144054
0.170037
0.175550
0.158543
0.162035
0.165036
0.165426
0.165259
0.166388
0.166037
0.165037
0.165686
0.166354
0.165036
0.165037
0.165188
0.165038
0.166435
0.165919
0.166417
0.164534
0.164523
0.166189
0.166159
0.165506
0.165251
0.165560
0.166962
0.167514
0.120028
0.152873
0.166661
0.169234
0.170682
0.171061
0.170387
0.170090
0.171364
0.170498
0.170039
0.170039
0.172308
0.172039
0.171673
0.171037
0.171409
0.171453
0.170511
0.170123
0.165133
0.183041
0.179040
0.178543
0.179040
0.180041
0.182393
0.178040
0.180040
0.179040
0.150033
0.139688
0.154605
0.160035
0.165179
0.164194
0.172499
0.164038
0.168112
0.167215
0.163736
0.168037
0.167381
0.167449
0.168691
0.167318
0.167428
0.167179
0.156034
0.171039
0.171080
0.171040
0.170181
0.168274
0.168077
0.165143
0.165491
0.167401
0.166798
0.166039
0.167536
0.167059
0.165083
0.174278
0.172040
0.170409
0.147362
0.163940
0.167037
0.166214
0.168026
0.159036
0.162596
0.167521
0.166626
0.166442
0.168459
0.151033
0.162551
0.166108
0.166509
0.168038
0.166385
0.166394
0.166211
0.167259
0.153996
0.173386
0.170038
0.170286
0.169519
0.170039
0.169419
0.169198
0.169474
0.168557
0.170293
0.171854
0.168037
0.168510
0.169794
0.169039
0.169332
0.168265
0.168175
0.167097
0.170097
0.169039
0.170385
0.165037
0.178759
0.182040
0.175040
0.142057
0.146219
0.169512
0.169038
0.170038
0.169408
0.169037
0.169246
0.170038
0.170563
0.167049
0.166847
0.164326
0.165037
0.165055
0.164194
0.165498
0.166624
0.137031
0.169037
0.169038
0.170515
0.170312
0.170173
0.170038
0.171366
0.169039
0.169812
0.170534
0.168370
0.169106
0.170949
0.169412
0.163689
0.182041
0.182041
0.183073
0.183041
0.178041
0.178037
0.182041
0.178391
0.177039
0.183041
0.178406
0.182043
0.178041
0.182041
0.176039
0.180042
0.176041
0.177040
0.181041
0.182043
0.162561
0.170368
0.171195
0.169189
0.169039
0.168286
0.167591
0.168294
0.167308
0.165406
0.164284
0.168386
0.168207
0.167525
0.169512
0.168020
0.163441
0.168396
0.167087
0.168248
0.168683
0.167365
0.166799
0.168426
0.169435
0.173188
0.170511
0.167143
0.167411
0.166319
0.171159
0.170138
0.168224
0.167387
0.165260
0.165773
0.133544
0.154134
0.166165
0.166542
0.166417
0.166372
0.166654
0.164316
0.165671
0.166037
0.166346
0.166483
0.165473
0.164537
0.165533
0.166084
0.167139
0.165443
0.166221
0.166810
0.165253
0.165251
0.166188
0.167792
0.166111
0.164990
0.165036
0.166167
0.168299
0.168039
0.168244
0.169039
0.169037
0.156485
0.176039
0.176090
0.174560
0.175208
0.179413
0.181290
0.180042
0.177043
0.177499
0.175397
0.173040
0.173462
0.172531
0.167135
0.165470
0.165838
0.168333
0.168257
0.172277
0.167119
0.165038
0.165311
0.169039
0.169723
0.169039
0.167573
0.165446
0.165121
0.165281
0.165550
0.164038
0.165245
0.165036
0.168480
0.167037
0.169038
0.169038
0.168415
0.168797
0.170039
0.168525
0.168411
0.168228
0.166437
0.167038
0.168301
0.168037
0.167138
0.169038
0.168038
0.168037
0.169037
0.168037
0.167493
0.169038
0.168811
0.168038
0.168037
0.167304
0.167247
0.167071
0.168128
0.167765
0.167509
0.168039
0.168088
0.167039
0.165038
0.169257
0.168429
0.167237
0.168134
0.168108
0.167245
0.166723
0.168038
0.167599
0.168037
0.168326
0.166796
0.167203
0.168338
0.167960
0.168109
0.168039
0.169039
0.168039
0.167743
0.168448
0.168037
0.169038
0.167037
0.166050
0.168038
0.168061
0.168231
0.167375
0.167038
0.168180
0.167038
0.169215
0.169039
0.167484
0.167420
0.167379
0.163523
0.161036
0.166288
0.169039
0.170039
0.170318
0.169060
0.167037
0.166549
0.168472
0.168093
0.168037
0.167037
0.167261
0.166165
0.166964
0.168159
0.168049
0.168038
0.168039
0.167037
0.167037
0.168518
0.167190
0.169760
0.169038
0.170993
0.169215
0.169461
0.169389
0.167277
0.167037
0.168126
0.169393
0.169604
0.170392
0.171161
0.172218
0.168127
0.170039
0.168361
0.170118
0.170354
0.169276
0.170302
0.170785
0.167548
0.167037
0.167039
0.170317
0.169091
0.171156
0.167489
0.170056
0.169257
0.169787
0.168648
0.169490
0.168038
0.169643
0.169272
0.167038
0.167309
0.167440
0.168117
0.164987
0.173038
0.175041
0.174039
0.173407
0.173864
0.172922
0.171398
0.170198
0.170088
0.169348
0.168212
0.169198
0.170523
0.169383
0.169038
0.169150
0.170123
0.168766
0.168038
0.169819
0.169656
0.169024
0.169037
0.169108
0.170094
0.168417
0.169271
0.168615
0.168517
0.170452
0.169795
0.169039
0.168341
0.169038
0.170362
0.167093
0.168146
0.168326
0.168048
0.163891
0.172334
0.170379
0.170673
0.169489
0.173040
0.176083
0.174871
0.173173
0.169513
0.169037
0.169381
0.170486
0.165846
0.175207
0.175375
0.175194
0.171037
0.171038
0.170406
0.171279
0.172256
0.170171
0.170038
0.170038
0.166204
0.168039
0.168396
0.168038
0.168272
0.168202
0.169039
0.169039
0.169812
0.169480
0.169468
0.169472
0.169417
0.169265
0.171038
0.169063
0.169476
0.169038
0.170115
0.168689
0.169341
0.168039
0.169039
0.168277
0.169037
0.168358
0.168521
0.169275
0.168463
0.167219
0.168039
0.168040
0.166037
0.166358
0.166962
0.163742
0.166436
0.166317
0.164251
0.166611
0.166478
0.165038
0.166291
0.165518
0.164706
0.166436
0.165036
0.166201
0.167514
0.167038
0.168039
0.172040
0.175193
0.175148
0.170351
0.171667
0.169038
0.169482
0.169176
0.169577
0.168145
0.168526
0.170262
0.169154
0.170039
0.169038
0.169539
0.168524
0.170534
0.167069
0.177039
0.177195
0.172037
0.173039
0.170038
0.170039
0.171923
0.172040
0.167776
0.176350
0.178040
0.172423
0.173237
0.173191
0.176220
0.169320
0.167418
0.169041
0.169038
0.168436
0.168131
0.169465
0.168055
0.168307
0.171576
0.169038
0.168131
0.168359
0.169029
0.168465
0.168144
0.168037
0.169467
0.167226
0.169039
0.169047
0.168038
0.169037
0.169319
0.168496
0.169151
0.168038
0.168616
0.169038
0.169546
0.170039
0.169490
0.169119
0.170039
0.170470
0.170039
0.170073
0.169746
0.170507
0.167037
0.174265
0.175086
0.175736
0.173038
0.168039
0.167287
0.168404
0.169466
0.168443
0.170040
0.169153
0.169474
0.169038
0.170122
0.169459
0.169039
0.170716
0.170993
0.168039
0.169039
0.168626
0.168517
0.170039
0.169478
0.168933
0.169039
0.169319
0.168722
0.168062
0.169037
0.169105
0.171037
0.171344
0.169707
0.169038
0.169038
0.170500
0.168281
0.169596
0.170038
0.169039
0.169836
0.168217
0.168078
0.168410
0.168459
0.168236
0.168264
0.169039
0.164038
0.179358
0.180041
0.180297
0.176215
0.177041
0.173834
0.173192
0.173038
0.170040
0.170039
0.171255
0.167450
0.170461
0.170429
0.168329
0.167878
0.165267
0.166038
0.167367
0.166396
0.167038
0.167072
0.167340
0.167498
0.167883
0.166486
0.166381
0.167273
0.167149
0.166343
0.167516
0.167494
0.167123
0.167334
0.168748
0.166994
0.168037
0.168775
0.167546
0.166039
0.166159
0.166460
0.166376
0.167294
0.167460
0.170052
0.168595
0.168341
0.171732
0.169177
0.169126
0.170428
0.171040
0.169037
0.171326
0.168402
0.169197
0.167218
0.167489
0.167100
0.166392
0.166038
0.166484
0.166620
0.167859
0.167038
0.167642
0.165249
0.166122
0.167195
0.164880
0.167038
0.169276
0.169179
0.169682
0.169039
0.168506
0.169329
0.168037
0.168682
0.169039
0.169039
0.170039
0.171200
0.169548
0.170186
0.169037
0.172076
0.168037
0.170327
0.169039
0.167775
0.169010
0.168685
0.169499
0.168301
0.170038
0.168520
0.170038
0.169303
0.166037
0.167037
0.167679
0.168039
0.166036
0.166456
0.167439
0.166039
0.166396
0.167123
0.167479
0.165458
0.166037
0.165672
0.167389
0.165559
0.167503
0.165967
0.165037
0.166037
0.165038
0.166175
0.167215
0.167038
0.166057
0.167290
0.167467
0.166037
0.166455
0.167323
0.166525
0.167639
0.167441
0.166520
0.166613
0.167469
0.167481
0.167038
0.167237
0.166170
0.167182
0.167358
0.167392
0.166349
0.166779
0.167038
0.167521
0.166177
0.166159
0.166164
0.167625
0.167038
0.167469
0.167161
0.167434
0.166037
0.166264
0.167315
0.165393
0.166089
0.164037
0.166166
0.166037
0.166378
0.165153
0.166312
0.166259
0.166433
0.167037
0.167037
0.168038
0.166037
0.169038
0.167037
0.166729
0.166038
0.168037
0.169037
0.169037
0.169037
0.169038
0.168037
0.169067
0.168037
0.169215
0.167342
0.171037
0.169536
0.169332
0.169147
0.166786
0.169331
0.170237
0.169370
0.171830
0.168053
0.167295
0.168444
0.169611
0.168038
0.169482
0.169789
0.168476
0.169040
0.169343
0.168037
0.169092
0.169549
0.169039
0.170039
0.168767
0.167051
0.167730
0.169039
0.169721
0.168532
0.168504
0.170438
0.167398
0.168694
0.168502
0.170039
0.169475
0.171337
0.168038
0.169590
0.170115
0.168569
0.169409
0.169226
0.170388
0.170498
0.170440
0.170415
0.169209
0.170309
0.168722
0.170286
0.167506
0.169191
0.169640
0.170039
0.169443
0.168034
0.168308
0.169740
0.168198
0.169407
0.169064
0.167756
0.168038
0.169039
0.167293
0.168219
0.169228
0.167038
0.174508
0.173040
0.172040
0.172356
0.174356
0.172290
0.172068
0.171733
0.169876
0.169495
0.169436
0.169734
0.168039
0.169469
0.170303
0.170362
0.168038
0.169372
0.168521
0.168455
0.168209
0.169454
0.168714
0.169334
0.170204
0.169234
0.169468
0.169486
0.169053
0.169490
0.170038
0.168275
0.169529
0.169038
0.170039
0.169355
0.168516
0.170039
0.169038
0.170752
0.168373
0.168039
0.169392
0.167038
0.168247
0.169232
0.169039
0.169409
0.169149
0.167038
0.175401
0.168697
0.176039
0.182041
0.182043
0.177190
0.179767
0.180042
0.176202
0.175039
0.175040
0.176039
0.180209
0.181040
0.179167
0.183040
0.180040
0.180446
0.171039
0.180260
0.176507
0.173038
0.163558
0.166312
0.167831
0.166282
0.166736
0.168482
0.167573
0.167268
0.165121
0.167485
0.167038
0.168356
0.166706
0.166231
0.166461
0.166037
0.167058
0.167863
0.167187
0.166339
0.167750
0.167039
0.168531
0.168038
0.167513
0.167728
0.166206
0.167477
0.166338
0.168039
0.167146
0.168369
0.166173
0.168236
0.169912
0.170411
0.168483
0.169492
0.170575
0.170395
0.171512
0.171404
0.167113
0.166266
0.168356
0.172079
0.172537
0.167038
0.168049
0.167038
0.169214
0.172038
0.172453
0.168037
0.168231
0.169039
0.169038
0.167037
0.169039
0.168933
0.168038
0.167239
0.167331
0.166214
0.168048
0.166127
0.168731
0.168568
0.168507
0.169308
0.169093
0.167329
0.168185
0.165308
0.165405
0.165467
0.166472
0.166270
0.165037
0.165125
0.165036
0.164505
0.166450
0.165493
0.166135
0.165144
0.165356
0.165038
0.165102
0.167415
0.170354
0.169241
0.170672
0.170037
0.166037
0.165037
0.164036
0.164036
0.165090
0.165155
0.165472
0.164294
0.164480
0.165038
0.174040
0.172040
0.170379
0.167391
0.170170
0.164033
0.165038
0.166017
0.165435
0.165063
0.163200
0.165559
0.170117
0.171267
0.170082
0.165038
0.166037
0.167039
0.166909
0.167408
0.163036
0.167117
0.167037
0.166038
0.167235
0.167477
0.166389
0.167037
0.167037
0.169038
0.169817
0.169507
0.169423
0.170038
0.169469
0.169038
0.170374
0.168442
0.169038
0.170256
0.169037
0.167036
0.169051
0.168169
0.169496
0.168102
0.170534
0.169400
0.167493
0.167038
0.168219
0.167037
0.169039
0.167039
0.170530
0.169038
0.169200
0.169211
0.169469
0.169385
0.167164
0.170038
0.169234
0.170001
0.170038
0.169117
0.169383
0.170327
0.170471
0.169039
0.172039
0.168037
0.167022
0.168463
0.167692
0.169039
0.169039
0.169316
0.169145
0.166037
0.175039
0.175222
0.174101
0.174038
0.173396
0.176039
0.174523
0.173357
0.173163
0.172436
0.079465
0.079450
0.077994
0.074442
0.072016
0.080017
0.082019
0.077017
0.077017
0.078018
0.078017
0.079017
0.078017
0.079018
0.077017
0.079017
0.093029
0.082016
0.076017
0.076017
0.077017
0.077017
0.076017
0.075016
0.077017
0.077017
0.097022
0.091016
0.092777
0.152549
0.123027
0.155084
0.156518
0.154523
0.172041
0.135255
0.157508
0.159355
0.157156
0.157253
0.158035
0.158517
0.172755
0.139294
0.157508
0.117081
0.161036
0.142475
0.157323
0.156225
0.157034
0.157035
0.157094
0.154556
0.141031
0.169212
0.156035
0.158035
0.156035
0.159346
0.158299
0.158035
0.152305
0.175953
0.169038
0.164358
0.158266
0.157310
0.158463
0.157054
0.156987
0.157036
0.157539
0.158035
0.166131
0.170038
0.171187
0.173038
0.173038
0.176062
0.178370
0.159480
0.167903
0.171400
0.172509
0.173442
0.176453
0.175040
0.177609
0.181614
0.169040
0.166037
0.161036
0.156204
0.155621
0.158034
0.157034
0.158123
0.156312
0.157486
0.157052
0.158504
0.166143
0.168037
0.167978
0.173040
