540	366	151	53
543	360	143	65
530	359	155	67
514	359	164	68
510	374	163	63
510	370	163	70
506	370	172	71
503	369	179	74
506	347	174	77
503	366	169	66
503	363	170	71
499	364	177	69
503	364	170	69
500	362	175	75
511	353	154	62
493	351	167	65
507	338	140	62
483	334	167	70
479	333	175	73
477	317	181	67
475	327	168	65
470	324	162	70
466	326	172	67
467	324	172	72
469	327	170	66
469	319	170	71
466	321	177	69
466	319	178	74
470	307	173	66
483	309	165	63
484	307	164	68
485	309	164	66
492	311	168	65
495	319	162	66
502	319	166	69
500	319	172	67
500	319	173	67
503	318	167	72
502	318	169	73
501	320	170	70
502	320	168	73
501	320	171	74
500	323	172	70
501	322	170	73
500	325	172	70
501	326	170	69
500	325	174	72
501	328	173	67
501	329	174	68
502	330	175	68
502	330	176	68
505	331	169	69
504	331	174	70
507	332	170	69
508	334	167	68
506	335	172	67
505	333	172	72
503	334	179	70
502	331	180	75
499	330	187	77
501	331	183	75
498	331	189	74
496	334	182	71
499	332	176	76
495	335	186	72
499	345	177	73
496	343	183	76
496	345	182	74
498	361	179	69
508	359	179	74
508	375	178	68
508	372	177	74
510	378	177	76
518	387	180	73
517	387	184	76
519	398	181	74
517	397	187	78
518	396	186	81
520	398	164	70
525	395	173	72
523	393	179	74
530	388	186	77
526	382	193	80
522	384	200	77
524	380	199	83
521	382	207	81
535	380	208	78
538	380	205	80
538	393	205	77
541	389	203	84
548	391	210	82
549	406	211	82
560	421	212	82
560	430	213	81
562	440	212	79
557	436	221	87
546	441	223	79
547	440	221	83
542	454	218	78
530	449	222	87
519	452	231	84
523	451	224	87
516	452	225	87
499	452	239	88
495	453	233	86
488	452	235	89
489	451	232	90
489	452	233	91
481	451	248	91
485	443	242	94
480	445	251	91
478	437	257	95
479	438	260	93
477	438	264	92
510	435	251	98
503	425	267	105
516	427	270	99
520	418	264	103
513	415	281	110
513	419	283	101
538	413	272	100
542	412	266	103
535	407	282	98
535	408	284	96
532	400	295	98
535	395	290	106
532	390	299	104
539	389	284	105
534	391	294	102
520	384	296	99
522	383	292	102
521	383	294	102
520	386	296	99
506	383	276	87
504	372	280	97
497	374	295	94
497	364	268	79
497	359	271	91
502	359	262	90
501	310	262	309
664	210	228	509
640	236	202	457
586	238	244	407
638	258	211	422
582	246	240	400
544	279	248	339
530	261	233	350
530	297	191	328
486	266	251	335
525	276	172	318
469	279	235	313
477	301	217	272
452	263	195	326
448	302	202	253
437	276	227	303
407	277	264	302
425	268	167	324
450	296	199	267
381	297	154	265
287	272	182	271
285	393	190	33
299	308	107	202
279	292	87	237
252	307	86	232
217	310	94	227
184	305	98	235
155	310	90	229
136	309	96	231
108	304	88	240
53	283	97	260
28	307	80	214
36	310	65	105
41	259	55	41
65	274	96	32
2	272	149	37
0	272	227	37
91	269	46	46
54	222	27	27
31	227	18	18
29	229	21	15
4	240	36	18
0	242	48	12
22	207	50	101
95	240	48	35
41	242	55	33
19	235	43	29
30	240	21	17
3	247	11	31
0	257	49	46
8	225	32	28
0	236	86	30
37	238	103	25
74	234	30	34
127	286	26	26
87	293	106	35
41	262	246	49
10	239	221	48
17	237	208	51
0	228	104	41
36	233	32	32
84	253	33	26
46	248	29	23
8	207	107	17
51	205	22	22
78	219	22	17
90	234	40	13
70	241	18	15
45	234	69	11
4	239	113	18
49	237	23	23
14	216	93	46
45	224	33	33
53	187	16	16
34	172	10	10
22	161	10	10
11	152	10	10
13	144	10	10
2	127	10	20
3	135	10	10
6	138	10	10
8	141	10	10
11	143	10	10
13	136	10	10
16	119	10	20
0	108	10	10
2	111	10	10
5	114	10	10
7	117	10	10
10	119	10	10
0	110	10	10
2	113	10	10
5	116	10	10
7	118	10	10
10	121	10	10
0	111	10	10
2	114	10	10
5	117	10	10
7	120	10	10
10	122	10	10
0	113	10	10
2	116	10	10
5	119	10	10
7	121	10	10
10	124	10	10
0	114	10	10
2	117	10	10
5	120	10	10
7	123	10	10
10	125	10	10
0	116	10	10
2	118	10	10
5	121	10	10
7	124	10	10
10	127	10	10
0	117	10	10
2	120	10	10
5	122	10	10
7	125	10	10
10	128	10	10
0	118	10	10
2	121	10	10
5	124	10	10
7	126	10	10
10	129	10	10
0	119	10	10
2	122	10	10
5	125	10	10
7	128	10	10
10	130	10	10
0	121	10	10
2	123	10	10
5	126	10	10
7	129	10	10
10	131	10	10
0	122	10	10
2	124	10	10
5	127	10	10
7	130	10	10
10	132	10	10
0	123	10	10
2	126	10	10
5	128	10	10
7	131	10	10
10	134	10	10
0	126	10	10
2	129	10	10
5	132	10	10
7	134	10	10
10	137	10	10
0	129	10	10
2	133	10	10
5	135	10	10
7	138	10	10
10	141	10	10
0	133	10	10
2	136	10	10
5	139	10	10
7	142	10	10
10	144	10	10
12	147	10	10
15	142	10	20
16	148	10	10
19	151	10	10
22	154	10	10
24	158	10	10
27	161	10	10
29	164	10	10
32	167	10	10
34	170	10	10
37	173	10	10
40	176	10	10
42	179	10	10
45	182	10	10
47	185	10	10
50	188	10	10
52	191	10	10
55	194	10	10
58	197	10	10
60	201	10	10
63	204	10	10
65	207	10	10
68	210	10	10
70	213	10	10
73	216	10	10
76	219	10	10
78	222	10	10
81	225	10	10
83	228	10	10
86	231	10	10
88	234	10	10
91	237	10	10
94	240	10	10
96	244	10	10
99	247	10	10
101	250	10	10
104	253	10	10
106	256	10	10
109	259	10	10
112	262	10	10
114	265	10	10
117	268	10	10
119	271	10	10
122	274	10	10
124	277	10	10
127	280	10	10
130	283	10	10
132	286	10	10
135	290	10	10
137	293	10	10
140	296	10	10
142	299	10	10
145	302	10	10
147	305	10	10
150	308	10	10
153	311	10	10
155	314	10	10
158	317	10	10
160	320	10	10
163	323	10	10
165	326	10	10
168	329	10	10
171	333	10	10
173	336	10	10
176	339	10	10
178	342	10	10
181	345	10	10
183	348	10	10
186	351	10	10
189	354	10	10
191	357	10	10
194	360	10	10
196	363	10	10
199	366	10	10
201	369	10	10
204	372	10	10
207	376	10	10
209	379	10	10
212	382	10	10
214	385	10	10
217	388	10	10
219	391	10	10
222	394	10	10
225	397	10	10
227	400	10	10
230	403	10	10
232	406	10	10
235	409	10	10
237	412	10	10
240	415	10	10
243	418	10	10
245	422	10	10
248	425	10	10
250	428	10	10
253	431	10	10
255	434	10	10
258	437	10	10
261	440	10	10
263	443	10	10
266	446	10	10
268	449	10	10
271	452	10	10
273	455	10	10
276	458	10	10
279	461	10	10
281	465	10	10
284	468	10	10
286	471	10	10
289	474	10	10
291	477	10	10
294	480	10	10
297	483	10	10
299	486	10	10
302	489	10	10
304	492	10	10
307	495	10	10
309	498	10	10
312	501	10	10
315	504	10	10
317	507	10	10
320	511	10	10
322	514	10	10
325	517	10	10
327	520	10	10
330	523	10	10
332	526	10	10
335	529	10	10
338	532	10	10
340	535	10	10
343	538	10	10
345	541	10	10
348	544	10	10
350	547	10	10
353	550	10	10
356	554	10	10
358	557	10	10
361	560	10	10
363	563	10	10
366	566	10	10
368	569	10	10
371	572	10	10
374	575	10	10
376	578	10	10
379	581	10	10
381	584	10	10
384	587	10	10
386	590	10	10
389	593	10	10
392	597	10	10
394	600	10	10
397	603	10	10
399	606	10	10
402	609	10	10
404	612	10	10
407	615	10	10
410	618	10	10
412	621	10	10
415	624	10	10
417	627	10	10
420	630	10	10
422	633	10	10
425	636	10	10
428	639	10	10
430	643	10	10
433	646	10	10
435	649	10	10
438	652	10	10
440	655	10	10
443	658	10	10
446	661	10	10
448	664	10	10
451	667	10	10
453	670	10	10
456	673	10	10
458	676	10	10
461	679	10	10
464	682	10	10
466	686	10	10
469	689	10	10
471	692	10	10
474	695	10	10
476	698	10	10
479	701	10	10
482	704	10	10
484	707	10	10
487	710	10	10
489	710	10	10
492	710	10	10
494	710	10	10
497	710	10	10
499	710	10	10
502	710	10	10
505	710	10	10
507	710	10	10
510	710	10	10
512	710	10	10
515	710	10	10
517	710	10	10
520	710	10	10
523	710	10	10
525	710	10	10
528	710	10	10
530	710	10	10
533	710	10	10
535	710	10	10
538	710	10	10
541	710	10	10
543	710	10	10
546	710	10	10
548	710	10	10
551	710	10	10
553	710	10	10
556	710	10	10
559	710	10	10
561	710	10	10
564	710	10	10
566	710	10	10
569	710	10	10
571	710	10	10
574	710	10	10
577	710	10	10
579	710	10	10
582	710	10	10
584	710	10	10
587	710	10	10
589	710	10	10
592	710	10	10
595	710	10	10
597	710	10	10
600	710	10	10
602	710	10	10
605	710	10	10
607	710	10	10
610	710	10	10
613	710	10	10
615	710	10	10
618	710	10	10
620	710	10	10
623	710	10	10
625	710	10	10
628	710	10	10
631	710	10	10
633	710	10	10
636	710	10	10
638	710	10	10
641	710	10	10
643	710	10	10
646	710	10	10
649	710	10	10
651	710	10	10
654	710	10	10
656	710	10	10
659	710	10	10
661	710	10	10
664	710	10	10
667	710	10	10
669	710	10	10
672	710	10	10
674	710	10	10
677	710	10	10
679	710	10	10
682	710	10	10
684	710	10	10
687	710	10	10
690	710	10	10
692	710	10	10
695	710	10	10
697	710	10	10
700	710	10	10
702	710	10	10
705	710	10	10
708	710	10	10
710	710	10	10
713	710	10	10
715	710	10	10
718	710	10	10
720	710	10	10
723	710	10	10
726	710	10	10
728	710	10	10
731	710	10	10
733	710	10	10
736	710	10	10
738	710	10	10
741	710	10	10
744	710	10	10
746	710	10	10
749	710	10	10
751	710	10	10
754	710	10	10
756	710	10	10
759	710	10	10
762	710	10	10
764	710	10	10
767	710	10	10
769	710	10	10
772	710	10	10
774	710	10	10
777	710	10	10
780	710	10	10
782	710	10	10
785	710	10	10
787	710	10	10
790	710	10	10
792	710	10	10
795	710	10	10
798	710	10	10
800	710	10	10
803	710	10	10
805	710	10	10
808	710	10	10
810	710	10	10
813	710	10	10
816	710	10	10
818	710	10	10
821	710	10	10
823	710	10	10
826	710	10	10
828	710	10	10
831	710	10	10
834	710	10	10
836	710	10	10
839	710	10	10
841	710	10	10
844	710	10	10
846	710	10	10
849	710	10	10
852	710	10	10
854	710	10	10
857	710	10	10
859	710	10	10
862	710	10	10
864	710	10	10
867	710	10	10
869	710	10	10
872	710	10	10
875	710	10	10
877	710	10	10
880	710	10	10
882	710	10	10
885	710	10	10
887	710	10	10
890	710	10	10
893	710	10	10
895	710	10	10
898	710	10	10
900	710	10	10
903	710	10	10
905	710	10	10
908	710	10	10
911	710	10	10
913	710	10	10
916	710	10	10
918	710	10	10
921	710	10	10
923	710	10	10
926	710	10	10
929	710	10	10
931	710	10	10
934	710	10	10
936	710	10	10
939	710	10	10
941	710	10	10
944	710	10	10
947	710	10	10
949	710	10	10
952	710	10	10
954	710	10	10
957	710	10	10
959	710	10	10
962	710	10	10
965	710	10	10
967	710	10	10
970	710	10	10
972	710	10	10
975	710	10	10
977	710	10	10
980	710	10	10
983	710	10	10
985	710	10	10
988	710	10	10
990	710	10	10
993	710	10	10
995	710	10	10
998	710	10	10
1001	710	10	10
1003	710	10	10
1006	710	10	10
1008	710	10	10
1011	710	10	10
1013	710	10	10
1016	710	10	10
1019	710	10	10
1021	710	10	10
1024	710	10	10
1026	710	10	10
1029	710	10	10
1031	710	10	10
1034	710	10	10
1037	710	10	10
1039	710	10	10
1042	710	10	10
1044	710	10	10
1047	710	10	10
1049	710	10	10
1052	710	10	10
1054	710	10	10
1057	710	10	10
1060	710	10	10
1062	710	10	10
1065	710	10	10
1067	710	10	10
1070	710	10	10
1072	710	10	10
1075	710	10	10
1078	710	10	10
1080	710	10	10
1083	710	10	10
1085	710	10	10
1088	710	10	10
1090	710	10	10
1093	710	10	10
1096	710	10	10
1098	710	10	10
1101	710	10	10
1103	710	10	10
1106	710	10	10
1108	710	10	10
1111	710	10	10
1114	710	10	10
1116	710	10	10
1119	710	10	10
1121	710	10	10
1124	710	10	10
1126	710	10	10
1129	710	10	10
1132	710	10	10
1134	710	10	10
1137	710	10	10
1139	710	10	10
1142	710	10	10
1144	710	10	10
1147	710	10	10
1150	710	10	10
1152	710	10	10
1155	710	10	10
1157	710	10	10
1160	710	10	10
1162	710	10	10
1165	710	10	10
1168	710	10	10
1170	710	10	10
1173	710	10	10
1175	710	10	10
1178	710	10	10
1180	710	10	10
1183	710	10	10
1186	710	10	10
1188	710	10	10
1191	710	10	10
1193	710	10	10
1196	710	10	10
1198	710	10	10
1201	710	10	10
1204	710	10	10
1206	710	10	10
1209	710	10	10
1211	710	10	10
1214	710	10	10
1216	710	10	10
1219	710	10	10
1221	710	10	10
1224	710	10	10
1227	710	10	10
1229	710	10	10
1232	710	10	10
1234	710	10	10
1237	710	10	10
1239	710	10	10
1242	710	10	10
1245	710	10	10
1247	710	10	10
1250	710	10	10
1252	710	10	10
1255	710	10	10
1257	710	10	10
1260	710	10	10
1263	710	10	10
1265	710	10	10
1268	710	10	10
1270	710	10	10
1270	710	10	10
1270	710	10	10
1270	710	10	10
1270	710	10	10
1270	710	10	10
1270	710	10	10
1270	710	10	10
1270	710	10	10
1270	710	10	10
1270	710	10	10
1270	710	10	10
1270	710	10	10
1270	710	10	10
1270	710	10	10
1270	710	10	10
1270	710	10	10
1270	710	10	10
1270	710	10	10
1270	710	10	10
1270	710	10	10
1270	710	10	10
1270	710	10	10
1270	710	10	10
1270	710	10	10
1270	710	10	10
1270	710	10	10
1270	710	10	10
1270	710	10	10
1270	710	10	10
1270	710	10	10
1270	710	10	10
1270	710	10	10
1270	710	10	10
1270	710	10	10
1270	710	10	10
1270	710	10	10
1270	710	10	10
1270	710	10	10
1270	710	10	10
1270	710	10	10
1270	710	10	10
1270	710	10	10
1270	710	10	10
1270	710	10	10
1270	710	10	10
1270	710	10	10
1270	710	10	10
1270	710	10	10
1270	710	10	10
1270	710	10	10
1270	710	10	10
1270	710	10	10
1270	710	10	10
1270	710	10	10
1270	710	10	10
1270	710	10	10
1270	710	10	10
1270	710	10	10
1270	710	10	10
1270	710	10	10
1270	710	10	10
1270	710	10	10
1270	710	10	10
1270	710	10	10
1270	710	10	10
1270	710	10	10
1270	710	10	10
1270	710	10	10
1270	710	10	10
1270	710	10	10
1270	710	10	10
1270	710	10	10
1270	710	10	10
1270	710	10	10
1270	710	10	10
1270	710	10	10
1270	710	10	10
1270	710	10	10
1270	710	10	10
1270	710	10	10
1270	710	10	10
1270	710	10	10
1270	710	10	10
1270	710	10	10
1270	710	10	10
1270	710	10	10
1270	710	10	10
1270	710	10	10
1270	710	10	10
1270	710	10	10
1270	710	10	10
1270	710	10	10
1270	710	10	10
1270	710	10	10
1270	710	10	10
1270	710	10	10
1270	710	10	10
1270	710	10	10
1270	710	10	10
1270	710	10	10
1270	710	10	10
1270	710	10	10
1270	710	10	10
1270	710	10	10
1270	710	10	10
1270	710	10	10
1270	710	10	10
1270	710	10	10
1270	710	10	10
1270	710	10	10
1270	710	10	10
1270	710	10	10
1270	710	10	10
1270	710	10	10
1270	710	10	10
1270	710	10	10
1270	710	10	10
1270	710	10	10
1270	710	10	10
1270	710	10	10
1270	710	10	10
1270	710	10	10
1270	710	10	10
1270	710	10	10
1270	710	10	10
1270	710	10	10
1270	710	10	10
1270	710	10	10
1270	710	10	10
1270	710	10	10
1270	710	10	10
1270	710	10	10
1270	710	10	10
1270	710	10	10
1270	710	10	10
1270	710	10	10
1270	710	10	10
1270	710	10	10
1270	710	10	10
1270	710	10	10
1270	710	10	10
1270	710	10	10
1270	710	10	10
1270	710	10	10
1270	710	10	10
1270	710	10	10
1270	710	10	10
1270	710	10	10
1270	710	10	10
1270	710	10	10
1270	710	10	10
1270	710	10	10
1270	710	10	10
1270	710	10	10
1270	710	10	10
1270	710	10	10
1270	710	10	10
1270	710	10	10
1270	710	10	10
1270	710	10	10
1270	710	10	10
1270	710	10	10
1270	710	10	10
1270	710	10	10
1270	710	10	10
1270	710	10	10
1270	710	10	10
1270	710	10	10
1270	710	10	10
1270	710	10	10
1270	710	10	10
1270	710	10	10
1270	710	10	10
1270	710	10	10
1270	710	10	10
1270	710	10	10
1270	710	10	10
1270	710	10	10
1270	710	10	10
1270	710	10	10
1270	710	10	10
1270	710	10	10
1270	710	10	10
1270	710	10	10
1270	710	10	10
1270	710	10	10
1270	710	10	10
1270	710	10	10
1270	710	10	10
1270	710	10	10
1270	710	10	10
1270	710	10	10
1270	710	10	10
1270	710	10	10
1270	710	10	10
1270	710	10	10
1270	710	10	10
1270	710	10	10
1270	710	10	10
1270	710	10	10
1270	710	10	10
1270	710	10	10
1270	710	10	10
1270	710	10	10
1270	710	10	10
1270	710	10	10
1270	710	10	10
1270	710	10	10
1270	710	10	10
1270	710	10	10
1270	710	10	10
1270	710	10	10
1270	710	10	10
1270	710	10	10
1270	710	10	10
1270	710	10	10
1270	710	10	10
1270	710	10	10
1270	710	10	10
1270	710	10	10
1270	710	10	10
1270	710	10	10
1270	710	10	10
1270	710	10	10
1270	710	10	10
1270	710	10	10
1270	710	10	10
1270	710	10	10
1270	710	10	10
1270	710	10	10
1270	710	10	10
1270	710	10	10
1270	710	10	10
1270	710	10	10
1270	710	10	10
1270	710	10	10
1270	710	10	10
1270	710	10	10
1270	710	10	10
1270	710	10	10
1270	710	10	10
1270	710	10	10
1270	710	10	10
1270	710	10	10
1270	710	10	10
1270	710	10	10
1270	710	10	10
1270	710	10	10
1270	710	10	10
1270	710	10	10
1270	710	10	10
1270	710	10	10
1270	710	10	10
1270	710	10	10
1270	710	10	10
1270	710	10	10
1270	710	10	10
1270	710	10	10
1270	710	10	10
1270	710	10	10
1270	710	10	10
1270	710	10	10
1270	710	10	10
1270	710	10	10
1270	710	10	10
1270	710	10	10
1270	710	10	10
1270	710	10	10
1270	710	10	10
1270	710	10	10
1270	710	10	10
1270	710	10	10
1270	710	10	10
1270	710	10	10
1270	710	10	10
1270	710	10	10
1270	710	10	10
1270	710	10	10
1270	710	10	10
1270	710	10	10
1270	710	10	10
1270	710	10	10
1270	710	10	10
1270	710	10	10
1270	710	10	10
1270	710	10	10
1270	710	10	10
1270	710	10	10
1270	710	10	10
1270	710	10	10
1270	710	10	10
1270	710	10	10
1270	710	10	10
1270	710	10	10
1270	710	10	10
1270	710	10	10
1270	710	10	10
1270	710	10	10
1270	710	10	10
1270	710	10	10
1270	710	10	10
1270	710	10	10
1270	710	10	10
1270	710	10	10
1270	710	10	10
1270	710	10	10
1270	710	10	10
1270	710	10	10
1270	710	10	10
1270	710	10	10
1270	710	10	10
1270	710	10	10
1270	710	10	10
1270	710	10	10
1270	710	10	10
1270	710	10	10
1270	710	10	10
1270	710	10	10
1270	710	10	10
1270	710	10	10
1270	710	10	10
1270	710	10	10
1270	710	10	10
1270	710	10	10
1270	710	10	10
1270	710	10	10
1270	710	10	10
1270	710	10	10
1270	710	10	10
1270	710	10	10
1270	710	10	10
1270	710	10	10
1270	710	10	10
1270	710	10	10
1270	710	10	10
1270	710	10	10
1270	710	10	10
1270	710	10	10
1270	710	10	10
1270	710	10	10
1270	710	10	10
1270	710	10	10
1270	710	10	10
1270	710	10	10
1270	710	10	10
1270	710	10	10
1270	710	10	10
1270	710	10	10
1270	710	10	10
1270	710	10	10
1270	710	10	10
1270	710	10	10
1270	710	10	10
1270	710	10	10
1270	710	10	10
1270	710	10	10
1270	710	10	10
1270	710	10	10
1270	710	10	10
1270	710	10	10
1270	710	10	10
1270	710	10	10
1270	710	10	10
1270	710	10	10
1270	710	10	10
1270	710	10	10
1270	710	10	10
1270	710	10	10
1270	710	10	10
1270	710	10	10
1270	710	10	10
1270	710	10	10
1270	710	10	10
1270	710	10	10
1270	710	10	10
1270	710	10	10
1270	710	10	10
1270	710	10	10
1270	710	10	10
1270	710	10	10
1270	710	10	10
1270	710	10	10
1270	710	10	10
1270	710	10	10
1270	710	10	10
1270	710	10	10
1270	710	10	10
1270	710	10	10
1270	710	10	10
1270	710	10	10
1270	710	10	10
1270	710	10	10
1270	710	10	10
1270	710	10	10
1270	710	10	10
1270	710	10	10
1270	710	10	10
1270	710	10	10
1270	710	10	10
1270	710	10	10
1270	710	10	10
1270	710	10	10
1270	710	10	10
1270	710	10	10
1270	710	10	10
1270	710	10	10
1270	710	10	10
1270	710	10	10
1270	710	10	10
1270	710	10	10
1270	710	10	10
1270	710	10	10
1270	710	10	10
1270	710	10	10
1270	710	10	10
1270	710	10	10
1270	710	10	10
1270	710	10	10
1270	710	10	10
1270	710	10	10
1270	710	10	10
1270	710	10	10
1270	710	10	10
1270	710	10	10
1270	710	10	10
1270	710	10	10
1270	710	10	10
1270	710	10	10
1270	710	10	10
1270	710	10	10
1270	710	10	10
1270	710	10	10
1270	710	10	10
1270	710	10	10
1270	710	10	10
1270	710	10	10
1270	710	10	10
1270	710	10	10
1270	710	10	10
1270	710	10	10
1270	710	10	10
1270	710	10	10
1270	710	10	10
1270	710	10	10
1270	710	10	10
1270	710	10	10
1270	710	10	10
1270	710	10	10
1270	710	10	10
1270	710	10	10
1270	710	10	10
1270	710	10	10
1270	710	10	10
1270	710	10	10
1270	710	10	10
1270	710	10	10
1270	710	10	10
1270	710	10	10
1270	710	10	10
1270	710	10	10
1270	710	10	10
1270	710	10	10
1270	710	10	10
1270	710	10	10
1270	710	10	10
1270	710	10	10
1270	710	10	10
1270	710	10	10
1270	710	10	10
1270	710	10	10
1270	710	10	10
1270	710	10	10
1270	710	10	10
1270	710	10	10
1270	710	10	10
1270	710	10	10
1270	710	10	10
1270	710	10	10
1270	710	10	10
1270	710	10	10
1270	710	10	10
1270	710	10	10
1270	710	10	10
1270	710	10	10
1270	710	10	10
1270	710	10	10
1270	710	10	10
1270	710	10	10
1270	710	10	10
1270	710	10	10
1270	710	10	10
1270	710	10	10
1270	710	10	10
1270	710	10	10
1270	710	10	10
1270	710	10	10
1270	710	10	10
1270	710	10	10
1270	710	10	10
1270	710	10	10
1270	710	10	10
1270	710	10	10
1270	710	10	10
1270	710	10	10
1270	710	10	10
1270	710	10	10
1270	710	10	10
1270	710	10	10
1270	710	10	10
1270	710	10	10
1270	710	10	10
1270	710	10	10
1270	710	10	10
1270	710	10	10
1270	710	10	10
1270	710	10	10
1270	710	10	10
1270	710	10	10
1270	710	10	10
1270	710	10	10
1270	710	10	10
1270	710	10	10
1270	710	10	10
1270	710	10	10
1270	710	10	10
1270	710	10	10
1270	710	10	10
1270	710	10	10
1270	710	10	10
1270	710	10	10
1270	710	10	10
1270	710	10	10
1270	710	10	10
1270	710	10	10
1270	710	10	10
1270	710	10	10
1270	710	10	10
1270	710	10	10
1270	710	10	10
1270	710	10	10
1270	710	10	10
1270	710	10	10
1270	710	10	10
1270	710	10	10
1270	710	10	10
1270	710	10	10
1270	710	10	10
1270	710	10	10
1270	710	10	10
1270	710	10	10
1270	710	10	10
1270	710	10	10
1270	710	10	10
1270	710	10	10
1270	710	10	10
1270	710	10	10
1270	710	10	10
1270	710	10	10
1270	710	10	10
1270	710	10	10
1270	710	10	10
1270	710	10	10
1270	710	10	10
1270	710	10	10
1270	710	10	10
1270	710	10	10
1270	710	10	10
1270	710	10	10
1270	710	10	10
1270	710	10	10
1270	710	10	10
1270	710	10	10
1270	710	10	10
1270	710	10	10
1270	710	10	10
1270	710	10	10
1270	710	10	10
1270	710	10	10
1270	710	10	10
1270	710	10	10
1270	710	10	10
1270	710	10	10
1270	710	10	10
1270	710	10	10
1270	710	10	10
1270	710	10	10
1270	710	10	10
1270	710	10	10
1270	710	10	10
1270	710	10	10
1270	710	10	10
1270	710	10	10
1270	710	10	10
1270	710	10	10
1270	710	10	10
1270	710	10	10
1270	710	10	10
1270	710	10	10
1270	710	10	10
1270	710	10	10
1270	710	10	10
1270	710	10	10
1270	710	10	10
1270	710	10	10
1270	710	10	10
1270	710	10	10
1270	710	10	10
1270	710	10	10
1270	710	10	10
1270	710	10	10
1270	710	10	10
1270	710	10	10
1270	710	10	10
1270	710	10	10
1270	710	10	10
1270	710	10	10
1270	710	10	10
1270	710	10	10
1270	710	10	10
1270	710	10	10
1270	710	10	10
1270	710	10	10
1270	710	10	10
1270	710	10	10
1270	710	10	10
1270	710	10	10
1270	710	10	10
1270	710	10	10
1270	710	10	10
1270	710	10	10
1270	710	10	10
1270	710	10	10
1270	710	10	10
1270	710	10	10
1270	710	10	10
1270	710	10	10
1270	710	10	10
1270	710	10	10
1270	710	10	10
1270	710	10	10
1270	710	10	10
1270	710	10	10
1270	710	10	10
1270	710	10	10
1270	710	10	10
1270	710	10	10
1270	710	10	10
1270	710	10	10
1270	710	10	10
1270	710	10	10
1270	710	10	10
1270	710	10	10
1270	710	10	10
1270	710	10	10
1270	710	10	10
1270	710	10	10
1270	710	10	10
1270	710	10	10
1270	710	10	10
1270	710	10	10
1270	710	10	10
1270	710	10	10
1270	710	10	10
1270	710	10	10
1270	710	10	10
1270	710	10	10
1270	710	10	10
1270	710	10	10
1270	710	10	10
1270	710	10	10
1270	710	10	10
1270	710	10	10
1270	710	10	10
1270	710	10	10
1270	710	10	10
1270	710	10	10
1270	710	10	10
1270	710	10	10
1270	710	10	10
1270	710	10	10
1270	710	10	10
1270	710	10	10
1270	710	10	10
1270	710	10	10
1270	710	10	10
1270	710	10	10
1270	710	10	10
1270	710	10	10
1270	710	10	10
1270	710	10	10
1270	710	10	10
1270	710	10	10
1270	710	10	10
1270	710	10	10
1270	710	10	10
1270	710	10	10
1270	710	10	10
1270	710	10	10
1270	710	10	10
1270	710	10	10
1270	710	10	10
1270	710	10	10
1270	710	10	10
1270	710	10	10
1270	710	10	10
1270	710	10	10
1270	710	10	10
1270	710	10	10
1270	710	10	10
1270	710	10	10
1270	710	10	10
1270	710	10	10
1270	710	10	10
1270	710	10	10
1270	710	10	10
1270	710	10	10
1270	710	10	10
1270	710	10	10
1270	710	10	10
1270	710	10	10
1270	710	10	10
1270	710	10	10
1270	710	10	10
1270	710	10	10
1270	710	10	10
1270	710	10	10
1270	710	10	10
1270	710	10	10
1270	710	10	10
1270	710	10	10
1270	710	10	10
1270	710	10	10
1270	710	10	10
1270	710	10	10
1270	710	10	10
1270	710	10	10
1270	710	10	10
1270	710	10	10
1270	710	10	10
1270	710	10	10
1270	710	10	10
1270	710	10	10
1270	710	10	10
1270	710	10	10
1270	710	10	10
1270	710	10	10
1270	710	10	10
1270	710	10	10
1270	710	10	10
1270	710	10	10
1270	710	10	10
1270	710	10	10
1270	710	10	10
1270	710	10	10
1270	710	10	10
1270	710	10	10
1270	710	10	10
1270	710	10	10
1270	710	10	10
1270	710	10	10
1270	710	10	10
1270	710	10	10
1270	710	10	10
1270	710	10	10
1270	710	10	10
1270	710	10	10
1270	710	10	10
1270	710	10	10
1270	710	10	10
1270	710	10	10
1270	710	10	10
1270	710	10	10
1270	710	10	10
1270	710	10	10
1270	710	10	10
1270	710	10	10
1270	710	10	10
1270	710	10	10
1270	710	10	10
1253	701	26	18
1225	701	52	18
1210	700	20	19
1224	688	13	27
1224	692	12	19
1212	686	16	32
1211	683	18	30
1234	683	31	31
1226	684	21	25
1216	684	23	26
1218	683	20	28
1209	690	24	24
1205	692	24	24
1198	694	24	24
1192	697	20	20
1184	703	20	16
1185	702	18	17
1179	708	18	11
1178	709	14	10
1174	710	12	10
1168	710	16	10
1163	707	17	12
1163	707	17	12
1160	704	14	14
1155	703	16	16
1150	699	17	19
1141	695	20	24
1134	693	18	22
1132	691	20	27
1121	689	24	24
1111	680	24	32
1101	677	22	28
1090	662	25	34
1079	664	23	29
1080	658	21	26
1069	659	24	24
1056	667	19	24
1046	673	22	29
1034	682	25	25
1028	687	25	25
1028	687	26	26
1020	696	21	21
1015	700	17	18
1008	705	14	14
997	706	14	11
985	709	13	10
983	709	16	10
972	708	17	11
961	705	16	14
950	702	17	17
937	696	20	23
926	691	21	28
924	693	25	25
914	693	25	25
907	690	20	25
896	689	23	26
886	690	24	24
876	690	25	25
878	690	20	25
868	690	22	26
857	695	21	24
846	695	18	23
831	702	21	16
813	698	19	19
813	698	19	19
796	693	19	26
775	693	22	26
764	685	24	32
752	685	22	28
738	678	25	34
740	677	24	30
727	668	27	36
716	664	25	31
706	660	22	28
694	647	25	34
672	650	30	30
686	643	24	30
673	645	27	27
646	634	27	27
637	637	22	22
628	617	22	22
613	614	22	30
616	618	17	21
607	606	19	19
588	595	19	26
579	595	18	18
564	586	12	12
549	577	16	24
547	579	20	20
536	581	16	16
524	573	16	22
517	567	15	19
501	565	17	23
494	560	13	20
494	562	13	17
484	557	12	20
473	553	13	21
462	547	13	22
453	543	14	23
441	546	14	18
442	547	13	16
431	545	15	20
425	549	14	17
415	555	12	21
398	562	13	22
398	564	14	17
376	570	12	21
351	582	16	22
328	600	15	19
304	611	14	23
278	626	14	20
277	626	17	23
248	639	13	20
249	650	11	17
233	651	14	14
221	654	10	10
228	642	10	13
229	643	10	11
212	638	44	22
192	638	20	20
175	642	14	14
165	643	10	11
149	644	21	10
144	642	31	15
130	642	14	14
115	642	14	14
100	642	15	15
93	635	30	30
67	640	20	20
69	621	16	16
61	627	11	16
62	624	10	10
54	622	10	10
45	623	10	10
37	625	10	10
29	627	10	10
20	628	10	10
22	631	10	10
14	632	10	10
9	641	20	10
0	639	47	14
0	633	82	26
57	600	31	31
62	605	21	21
76	594	21	42
87	595	40	40
139	602	40	40
146	609	27	27
151	614	18	18
167	620	24	18
136	621	86	17
133	578	25	25
138	581	17	20
140	584	12	15
123	581	28	28
128	584	19	23
121	574	42	42
87	583	25	25
92	587	17	17
71	589	69	13
96	570	20	20
65	570	83	20
51	567	27	27
27	572	18	18
30	563	12	18
28	557	17	31
0	563	85	19
30	563	23	20
35	539	14	14
13	535	29	29
53	578	23	19
56	581	17	14
43	580	13	16
23	591	11	14
39	574	13	13
30	555	31	18
34	568	24	24
29	605	63	24
82	635	52	52
20	635	70	53
0	641	210	61
83	650	45	45
94	662	22	22
60	664	92	18
43	602	27	27
20	606	18	18
23	610	12	12
4	619	51	20
18	619	21	21
22	624	14	10
26	627	10	10
29	630	10	10
32	633	10	10
34	637	10	10
37	640	10	10
39	643	10	10
42	646	10	10
44	649	10	10
47	652	10	10
50	655	10	10
52	658	10	10
55	661	10	10
57	664	10	10
60	667	10	10
62	670	10	10
65	673	10	10
68	676	10	10
70	680	10	10
73	683	10	10
75	686	10	10
78	689	10	10
80	692	10	10
83	695	10	10
86	698	10	10
88	701	10	10
91	704	10	10
94	707	10	10
96	710	10	10
99	710	10	10
101	710	10	10
104	710	10	10
106	710	10	10
109	710	10	10
112	710	10	10
114	710	10	10
117	710	10	10
119	710	10	10
122	710	10	10
124	710	10	10
127	710	10	10
130	710	10	10
132	710	10	10
135	710	10	10
137	710	10	10
140	710	10	10
143	710	10	10
146	710	10	10
148	710	10	10
151	710	10	10
154	710	10	10
156	710	10	10
159	710	10	10
161	710	10	10
164	710	10	10
166	710	10	10
169	710	10	10
172	710	10	10
175	710	10	10
178	710	10	10
180	710	10	10
183	710	10	10
185	710	10	10
188	710	10	10
190	710	10	10
193	710	10	10
196	710	10	10
198	710	10	10
201	710	10	10
203	710	10	10
206	710	10	10
208	710	10	10
211	710	10	10
214	710	10	10
216	710	10	10
219	710	10	10
221	710	10	10
224	710	10	10
226	710	10	10
229	710	10	10
232	710	10	10
234	710	10	10
237	710	10	10
239	710	10	10
242	710	10	10
244	710	10	10
247	710	10	10
250	710	10	10
252	710	10	10
255	710	10	10
257	710	10	10
260	710	10	10
262	710	10	10
265	710	10	10
268	710	10	10
270	710	10	10
273	710	10	10
275	710	10	10
278	710	10	10
280	710	10	10
283	710	10	10
286	710	10	10
288	710	10	10
291	710	10	10
293	710	10	10
296	710	10	10
298	710	10	10
301	710	10	10
304	710	10	10
306	710	10	10
309	710	10	10
311	710	10	10
314	710	10	10
316	710	10	10
319	710	10	10
322	710	10	10
324	710	10	10
327	710	10	10
329	710	10	10
332	710	10	10
334	710	10	10
337	710	10	10
339	710	10	10
342	710	10	10
345	710	10	10
347	710	10	10
350	710	10	10
352	710	10	10
355	710	10	10
357	710	10	10
360	710	10	10
363	710	10	10
365	710	10	10
368	710	10	10
370	710	10	10
373	710	10	10
375	710	10	10
378	710	10	10
381	710	10	10
383	710	10	10
386	710	10	10
388	710	10	10
391	710	10	10
393	710	10	10
396	710	10	10
399	710	10	10
401	710	10	10
404	710	10	10
406	710	10	10
409	710	10	10
411	710	10	10
414	710	10	10
417	710	10	10
419	710	10	10
422	710	10	10
424	710	10	10
427	710	10	10
429	710	10	10
432	710	10	10
435	710	10	10
437	710	10	10
440	710	10	10
442	710	10	10
445	710	10	10
447	710	10	10
450	710	10	10
453	710	10	10
455	710	10	10
458	710	10	10
460	710	10	10
463	710	10	10
465	710	10	10
468	710	10	10
471	710	10	10
473	710	10	10
476	710	10	10
478	710	10	10
481	710	10	10
483	710	10	10
486	710	10	10
489	710	10	10
491	710	10	10
494	710	10	10
496	710	10	10
499	710	10	10
501	710	10	10
504	710	10	10
507	710	10	10
509	710	10	10
512	710	10	10
514	710	10	10
517	710	10	10
519	710	10	10
522	710	10	10
524	710	10	10
527	710	10	10
530	710	10	10
532	710	10	10
535	710	10	10
537	710	10	10
540	710	10	10
542	710	10	10
545	710	10	10
548	710	10	10
550	710	10	10
553	710	10	10
555	710	10	10
558	710	10	10
560	710	10	10
563	710	10	10
566	710	10	10
568	710	10	10
571	710	10	10
573	710	10	10
576	710	10	10
578	710	10	10
581	710	10	10
584	710	10	10
586	710	10	10
589	710	10	10
591	710	10	10
594	710	10	10
596	710	10	10
599	710	10	10
602	710	10	10
604	710	10	10
607	710	10	10
609	710	10	10
612	710	10	10
614	710	10	10
617	710	10	10
620	710	10	10
622	710	10	10
625	710	10	10
627	710	10	10
630	710	10	10
632	710	10	10
635	710	10	10
638	710	10	10
640	710	10	10
643	710	10	10
645	710	10	10
648	710	10	10
650	710	10	10
653	710	10	10
656	710	10	10
658	710	10	10
661	710	10	10
663	710	10	10
666	710	10	10
668	710	10	10
671	710	10	10
674	710	10	10
676	710	10	10
679	710	10	10
681	710	10	10
684	710	10	10
686	710	10	10
689	710	10	10
691	710	10	10
694	710	10	10
697	710	10	10
699	710	10	10
702	710	10	10
704	710	10	10
707	710	10	10
709	710	10	10
712	710	10	10
715	710	10	10
717	710	10	10
720	710	10	10
722	710	10	10
725	710	10	10
727	710	10	10
730	710	10	10
733	710	10	10
735	710	10	10
738	710	10	10
740	710	10	10
743	710	10	10
745	710	10	10
748	710	10	10
751	710	10	10
753	710	10	10
756	710	10	10
758	710	10	10
761	710	10	10
763	710	10	10
766	710	10	10
769	710	10	10
771	710	10	10
774	710	10	10
776	710	10	10
779	710	10	10
781	710	10	10
784	710	10	10
787	710	10	10
789	710	10	10
792	710	10	10
794	710	10	10
797	710	10	10
799	710	10	10
802	710	10	10
805	710	10	10
807	710	10	10
810	710	10	10
812	710	10	10
815	710	10	10
817	710	10	10
820	710	10	10
823	710	10	10
825	710	10	10
828	710	10	10
830	710	10	10
833	710	10	10
835	710	10	10
838	710	10	10
841	710	10	10
843	710	10	10
846	710	10	10
848	710	10	10
851	710	10	10
853	710	10	10
856	710	10	10
859	710	10	10
861	710	10	10
864	710	10	10
866	710	10	10
869	710	10	10
871	710	10	10
874	710	10	10
876	710	10	10
879	710	10	10
882	710	10	10
884	710	10	10
887	710	10	10
889	710	10	10
892	710	10	10
894	710	10	10
897	710	10	10
900	710	10	10
902	710	10	10
905	710	10	10
907	710	10	10
910	710	10	10
912	710	10	10
915	710	10	10
918	710	10	10
920	710	10	10
923	710	10	10
925	710	10	10
928	710	10	10
930	710	10	10
933	710	10	10
936	710	10	10
938	710	10	10
941	710	10	10
943	710	10	10
946	710	10	10
948	710	10	10
951	710	10	10
954	710	10	10
956	710	10	10
959	710	10	10
961	710	10	10
964	710	10	10
966	710	10	10
969	710	10	10
972	710	10	10
974	710	10	10
977	710	10	10
979	710	10	10
982	710	10	10
984	710	10	10
987	710	10	10
990	710	10	10
992	710	10	10
995	710	10	10
997	710	10	10
1000	710	10	10
1002	710	10	10
1005	710	10	10
1008	710	10	10
1010	710	10	10
1013	710	10	10
1015	710	10	10
1018	710	10	10
1020	710	10	10
1023	710	10	10
1026	710	10	10
1028	710	10	10
1031	710	10	10
1033	710	10	10
1036	710	10	10
1038	710	10	10
1041	710	10	10
1044	710	10	10
1046	710	10	10
1049	710	10	10
1051	710	10	10
1054	710	10	10
1056	710	10	10
1059	710	10	10
1061	710	10	10
1064	710	10	10
1067	710	10	10
1069	710	10	10
1072	710	10	10
1074	710	10	10
1077	710	10	10
1079	710	10	10
1082	710	10	10
1085	710	10	10
1087	710	10	10
1090	710	10	10
1092	710	10	10
1095	710	10	10
1097	710	10	10
1100	710	10	10
1103	710	10	10
1105	710	10	10
1108	710	10	10
1110	710	10	10
1113	710	10	10
1115	710	10	10
1118	710	10	10
1121	710	10	10
1123	710	10	10
1126	710	10	10
1128	710	10	10
1131	710	10	10
1133	710	10	10
1136	710	10	10
1139	710	10	10
1141	710	10	10
1144	710	10	10
1146	710	10	10
1149	710	10	10
1151	710	10	10
1154	710	10	10
1157	710	10	10
1159	710	10	10
1162	710	10	10
1164	710	10	10
1167	710	10	10
1169	710	10	10
1172	710	10	10
1175	710	10	10
1177	710	10	10
1180	710	10	10
1182	710	10	10
1185	710	10	10
1187	710	10	10
1190	710	10	10
1193	710	10	10
1195	710	10	10
1198	710	10	10
1200	710	10	10
1203	710	10	10
1205	710	10	10
1208	710	10	10
1211	710	10	10
1213	710	10	10
1216	710	10	10
1218	710	10	10
1221	710	10	10
1223	710	10	10
1226	710	10	10
1229	710	10	10
1231	710	10	10
1234	710	10	10
1236	710	10	10
1239	710	10	10
1241	710	10	10
1244	710	10	10
1246	710	10	10
1249	710	10	10
1252	710	10	10
1254	710	10	10
1257	710	10	10
1260	710	10	10
1262	710	10	10
1265	710	10	10
1267	710	10	10
1270	710	10	10
1270	710	10	10
1270	710	10	10
1270	710	10	10
1270	710	10	10
1270	710	10	10
1270	710	10	10
1270	710	10	10
1270	710	10	10
1270	710	10	10
1270	710	10	10
1270	710	10	10
1270	710	10	10
1270	710	10	10
1270	710	10	10
1270	710	10	10
1270	710	10	10
1270	710	10	10
1270	710	10	10
1270	710	10	10
1270	710	10	10
1270	710	10	10
1270	710	10	10
1270	710	10	10
1270	710	10	10
1270	710	10	10
1270	710	10	10
1270	710	10	10
1270	710	10	10
1270	710	10	10
1270	710	10	10
1270	710	10	10
1270	710	10	10
1270	710	10	10
1270	710	10	10
1270	710	10	10
1270	710	10	10
1270	710	10	10
1270	710	10	10
1270	710	10	10
1270	710	10	10
1270	710	10	10
1270	710	10	10
1270	710	10	10
1270	710	10	10
1270	710	10	10
1270	710	10	10
1270	710	10	10
1270	710	10	10
1270	710	10	10
1270	710	10	10
1270	710	10	10
1270	710	10	10
1270	710	10	10
1270	710	10	10
1270	710	10	10
1270	710	10	10
1270	710	10	10
1270	710	10	10
1270	710	10	10
1270	710	10	10
1270	710	10	10
1270	710	10	10
1270	710	10	10
1270	710	10	10
1270	710	10	10
1270	710	10	10
1270	710	10	10
1270	710	10	10
1270	710	10	10
1270	710	10	10
1270	710	10	10
1270	710	10	10
1270	710	10	10
1270	710	10	10
1270	710	10	10
1270	710	10	10
1270	710	10	10
1270	710	10	10
1270	710	10	10
1270	710	10	10
1270	710	10	10
1270	710	10	10
1270	710	10	10
1270	710	10	10
1270	710	10	10
1270	710	10	10
1270	710	10	10
1270	710	10	10
1270	710	10	10
1270	710	10	10
1270	710	10	10
1270	710	10	10
1270	710	10	10
1270	710	10	10
1270	710	10	10
1270	710	10	10
1270	710	10	10
1270	710	10	10
1270	710	10	10
1270	710	10	10
1270	710	10	10
1270	710	10	10
1270	710	10	10
1270	710	10	10
1270	710	10	10
1270	710	10	10
1270	710	10	10
1270	710	10	10
1270	710	10	10
1270	710	10	10
1270	710	10	10
1270	710	10	10
1270	710	10	10
1270	710	10	10
1270	710	10	10
1270	710	10	10
1270	710	10	10
1270	710	10	10
1270	710	10	10
1270	710	10	10
1270	710	10	10
1270	710	10	10
1270	710	10	10
1270	710	10	10
1270	710	10	10
1270	710	10	10
1270	710	10	10
1270	710	10	10
1270	710	10	10
1270	710	10	10
1270	710	10	10
1270	710	10	10
1270	710	10	10
1270	710	10	10
1270	710	10	10
1270	710	10	10
1270	710	10	10
1270	710	10	10
1270	710	10	10
1270	710	10	10
1270	710	10	10
1270	710	10	10
1270	710	10	10
1270	710	10	10
1270	710	10	10
1270	710	10	10
1270	710	10	10
1270	710	10	10
1270	710	10	10
1270	710	10	10
1270	710	10	10
1270	710	10	10
1270	710	10	10
1270	710	10	10
1270	710	10	10
1270	710	10	10
1270	710	10	10
1270	710	10	10
1270	710	10	10
1270	710	10	10
1270	710	10	10
1270	710	10	10
1270	710	10	10
1270	710	10	10
1270	710	10	10
1270	710	10	10
1270	710	10	10
1270	710	10	10
1270	710	10	10
1270	710	10	10
1270	710	10	10
1270	710	10	10
1270	710	10	10
1270	710	10	10
1270	710	10	10
1270	710	10	10
1270	710	10	10
1270	710	10	10
1270	710	10	10
1270	710	10	10
1270	710	10	10
1270	710	10	10
1270	710	10	10
1270	710	10	10
1270	710	10	10
1270	710	10	10
1270	710	10	10
1270	710	10	10
1270	710	10	10
1270	710	10	10
1270	710	10	10
1270	710	10	10
1270	710	10	10
1270	710	10	10
1270	710	10	10
1270	710	10	10
1270	710	10	10
1270	710	10	10
1270	710	10	10
1270	710	10	10
1270	710	10	10
1270	710	10	10
1270	710	10	10
1270	710	10	10
1270	710	10	10
1270	710	10	10
1270	710	10	10
1270	710	10	10
1270	710	10	10
1270	710	10	10
1270	710	10	10
1270	710	10	10
1270	710	10	10
1270	710	10	10
1270	710	10	10
1270	710	10	10
1270	710	10	10
1270	710	10	10
1270	710	10	10
1270	710	10	10
1270	710	10	10
1270	710	10	10
1270	710	10	10
1270	710	10	10
1270	710	10	10
1270	710	10	10
1270	710	10	10
1270	710	10	10
1270	710	10	10
1270	710	10	10
1270	710	10	10
1270	710	10	10
1270	710	10	10
1270	710	10	10
1270	710	10	10
1270	710	10	10
1270	710	10	10
1270	710	10	10
1270	710	10	10
1270	710	10	10
1270	710	10	10
1270	710	10	10
1270	710	10	10
1270	710	10	10
1270	710	10	10
1270	710	10	10
1270	710	10	10
1270	710	10	10
1270	710	10	10
1270	710	10	10
1270	710	10	10
1270	710	10	10
1270	710	10	10
1270	710	10	10
1270	710	10	10
1270	710	10	10
1270	710	10	10
1270	710	10	10
1270	710	10	10
1270	710	10	10
1270	710	10	10
1270	710	10	10
1270	710	10	10
1270	710	10	10
1270	710	10	10
1270	710	10	10
1270	710	10	10
1270	710	10	10
1270	710	10	10
1270	710	10	10
1270	710	10	10
1270	710	10	10
1270	710	10	10
1270	710	10	10
1270	710	10	10
1270	710	10	10
1270	710	10	10
1270	710	10	10
1270	710	10	10
1270	710	10	10
1270	710	10	10
1270	710	10	10
1270	710	10	10
1270	710	10	10
1270	710	10	10
1270	710	10	10
1270	710	10	10
1270	710	10	10
1270	710	10	10
1270	710	10	10
1270	710	10	10
1270	710	10	10
1270	710	10	10
1270	710	10	10
1270	710	10	10
1270	710	10	10
1270	710	10	10
1270	710	10	10
1270	710	10	10
1270	710	10	10
1270	710	10	10
1270	710	10	10
1270	710	10	10
1270	710	10	10
1270	710	10	10
1270	710	10	10
1270	710	10	10
1270	710	10	10
1270	710	10	10
1270	710	10	10
1270	710	10	10
1270	710	10	10
1270	710	10	10
1270	710	10	10
1270	710	10	10
1270	710	10	10
1270	710	10	10
1270	710	10	10
1270	710	10	10
1270	710	10	10
1270	710	10	10
1270	710	10	10
1270	710	10	10
1270	710	10	10
1270	710	10	10
1270	710	10	10
1270	710	10	10
1270	710	10	10
1270	710	10	10
1270	710	10	10
1270	710	10	10
1270	710	10	10
1270	710	10	10
1270	710	10	10
1270	710	10	10
1270	710	10	10
1270	710	10	10
1270	710	10	10
1270	710	10	10
1270	710	10	10
1270	710	10	10
1270	710	10	10
1270	710	10	10
1270	710	10	10
1270	710	10	10
1270	710	10	10
1270	710	10	10
1270	710	10	10
1270	710	10	10
1270	710	10	10
1270	710	10	10
1270	710	10	10
1270	710	10	10
1270	710	10	10
1270	710	10	10
1270	710	10	10
1270	710	10	10
1270	710	10	10
1270	710	10	10
1270	710	10	10
1270	710	10	10
1270	710	10	10
1270	710	10	10
1270	710	10	10
1270	710	10	10
1270	710	10	10
1270	710	10	10
1270	710	10	10
1270	710	10	10
1270	710	10	10
1270	710	10	10
1270	710	10	10
1270	710	10	10
1270	710	10	10
1270	710	10	10
1270	710	10	10
1270	710	10	10
1270	710	10	10
1270	710	10	10
1270	710	10	10
1270	710	10	10
1270	710	10	10
1270	710	10	10
1270	710	10	10
1270	710	10	10
1270	710	10	10
1270	710	10	10
1270	710	10	10
1270	710	10	10
1270	710	10	10
1270	710	10	10
1270	710	10	10
1270	710	10	10
1270	710	10	10
1270	710	10	10
1270	710	10	10
1270	710	10	10
1270	710	10	10
1270	710	10	10
1270	710	10	10
1270	710	10	10
1270	710	10	10
1270	710	10	10
1270	710	10	10
1270	710	10	10
1270	710	10	10
1270	710	10	10
1270	710	10	10
1270	710	10	10
1270	710	10	10
1270	710	10	10
1270	710	10	10
1270	710	10	10
1270	710	10	10
1270	710	10	10
1270	710	10	10
1270	710	10	10
1270	710	10	10
1270	710	10	10
1270	710	10	10
1270	710	10	10
1270	710	10	10
1270	710	10	10
1270	710	10	10
1270	710	10	10
1270	710	10	10
1270	710	10	10
1270	710	10	10
1270	710	10	10
1270	710	10	10
1270	710	10	10
1270	710	10	10
1270	710	10	10
1270	710	10	10
1270	710	10	10
1270	710	10	10
1270	710	10	10
1270	710	10	10
1270	710	10	10
1270	710	10	10
1270	710	10	10
1270	710	10	10
1270	710	10	10
1270	710	10	10
1270	710	10	10
1270	710	10	10
1270	710	10	10
1270	710	10	10
1270	710	10	10
1270	710	10	10
1270	710	10	10
1270	710	10	10
1270	710	10	10
1270	710	10	10
1270	710	10	10
1270	710	10	10
1270	710	10	10
1270	710	10	10
1270	710	10	10
1270	710	10	10
1270	710	10	10
1270	710	10	10
1270	710	10	10
1270	710	10	10
1270	710	10	10
1270	710	10	10
1270	710	10	10
1270	710	10	10
1270	710	10	10
1270	710	10	10
1270	710	10	10
1270	710	10	10
1270	710	10	10
1270	710	10	10
1270	710	10	10
1270	710	10	10
1270	710	10	10
1270	710	10	10
1270	710	10	10
1270	710	10	10
1270	710	10	10
1270	710	10	10
1270	710	10	10
1270	710	10	10
1270	710	10	10
1270	710	10	10
1270	710	10	10
1270	710	10	10
1270	710	10	10
1270	710	10	10
1270	710	10	10
1270	710	10	10
1270	710	10	10
1270	710	10	10
1270	710	10	10
1270	710	10	10
1270	710	10	10
1270	710	10	10
1270	710	10	10
1270	710	10	10
1270	710	10	10
1270	710	10	10
1270	710	10	10
1270	710	10	10
1270	710	10	10
1270	710	10	10
1270	710	10	10
1270	710	10	10
1270	710	10	10
1270	710	10	10
1270	710	10	10
1270	710	10	10
1270	710	10	10
1270	710	10	10
1270	710	10	10
1270	710	10	10
1270	710	10	10
1270	710	10	10
1270	710	10	10
1270	710	10	10
1270	710	10	10
1270	710	10	10
1270	710	10	10
1270	710	10	10
1270	710	10	10
1270	710	10	10
1270	710	10	10
1270	710	10	10
1270	710	10	10
1270	710	10	10
1270	710	10	10
1270	710	10	10
1270	710	10	10
1270	710	10	10
1270	710	10	10
1270	710	10	10
1270	710	10	10
1270	710	10	10
1270	710	10	10
1270	710	10	10
1270	710	10	10
1270	710	10	10
1270	710	10	10
1270	710	10	10
1270	710	10	10
1270	710	10	10
1270	710	10	10
1270	710	10	10
1270	710	10	10
1270	710	10	10
1270	710	10	10
1270	710	10	10
1270	710	10	10
1270	710	10	10
1270	710	10	10
1270	710	10	10
1270	710	10	10
1270	710	10	10
1270	710	10	10
1270	710	10	10
1270	710	10	10
1270	710	10	10
1270	710	10	10
1270	710	10	10
1270	710	10	10
1270	710	10	10
1270	710	10	10
1270	710	10	10
1270	710	10	10
1270	710	10	10
1270	710	10	10
1270	710	10	10
1270	710	10	10
1270	710	10	10
1270	710	10	10
1270	710	10	10
1270	710	10	10
1270	710	10	10
1270	710	10	10
1270	710	10	10
1270	710	10	10
1270	710	10	10
1270	710	10	10
1270	710	10	10
1270	710	10	10
1270	710	10	10
1270	710	10	10
1270	710	10	10
1270	710	10	10
1270	710	10	10
1270	710	10	10
1270	710	10	10
1270	710	10	10
1270	710	10	10
1270	710	10	10
1270	710	10	10
1270	710	10	10
1270	710	10	10
1270	710	10	10
1270	710	10	10
1270	710	10	10
1270	710	10	10
1270	710	10	10
1270	710	10	10
1270	710	10	10
1270	710	10	10
1270	710	10	10
1270	710	10	10
1270	710	10	10
1270	710	10	10
1270	710	10	10
1270	710	10	10
1270	710	10	10
1270	710	10	10
1270	710	10	10
1270	710	10	10
1270	710	10	10
1270	710	10	10
1270	710	10	10
1270	710	10	10
1270	710	10	10
1270	710	10	10
1270	710	10	10
1248	706	31	13
1222	706	41	13
1237	705	12	14
1242	705	27	13
1249	706	12	12
1252	703	10	10
1247	696	20	10
1231	684	14	22
1213	690	12	12
1195	688	49	24
1153	675	27	23
1158	678	17	17
1152	663	11	11
1161	655	18	29
1163	662	15	15
1166	648	10	10
1149	627	43	43
1102	660	34	34
1074	631	23	23
1057	615	15	15
1074	607	21	31
1049	610	26	26
1029	613	21	21
1040	583	28	21
1021	585	16	16
1021	568	16	16
1021	560	17	34
997	569	16	16
1000	560	10	13
1007	547	19	28
981	550	23	23
985	552	16	19
966	553	17	17
966	553	18	18
965	544	20	36
943	525	18	18
927	527	12	15
926	531	32	27
907	535	20	20
889	537	16	16
864	519	32	65
819	536	30	30
804	521	62	62
752	531	41	41
756	511	33	83
702	535	35	35
706	535	28	35
683	500	32	64
684	509	30	45
685	499	30	37
683	495	33	45
685	498	31	39
653	507	23	23
669	485	23	47
670	496	22	27
690	464	33	56
692	479	29	29
692	464	29	58
693	477	27	33
695	463	24	61
632	490	39	52
634	492	36	36
637	491	29	36
664	493	33	33
669	493	33	33
673	493	26	33
671	481	30	30
659	469	30	30
662	469	24	30
652	452	22	27
639	444	25	25
622	429	25	33
595	436	19	19
592	407	26	39
589	410	32	32
583	406	26	32
569	408	29	29
557	401	29	29
566	409	30	30
569	409	24	30
568	406	27	36
575	414	31	31
575	414	32	32
574	419	32	32
574	425	32	32
574	425	32	32
574	425	33	33
586	434	33	33
586	434	33	33
589	434	27	33
587	442	30	30
593	447	30	30
593	447	31	31
593	447	31	31
583	447	31	31
576	438	31	42
563	441	29	37
564	414	26	33
563	416	30	30
557	407	30	30
551	397	30	30
533	400	24	24
523	396	24	33
510	399	28	28
518	399	29	29
