0.002001
0.161030
0.130028
0.164188
0.174038
0.159035
0.160305
0.159035
0.160035
0.161138
0.160304
0.159641
0.160501
0.160600
0.165382
0.178224
0.168683
0.173038
0.160036
0.160035
0.159254
0.138532
0.161035
0.140634
0.160035
0.159035
0.160157
0.160035
0.161333
0.159625
0.158522
0.160163
0.158412
0.159630
0.161283
0.127758
0.160691
0.160053
0.159035
0.159286
0.160035
0.160035
0.161313
0.161036
0.161164
0.162384
0.162129
0.163554
0.162036
0.160207
0.162067
0.162363
0.161487
0.130045
0.159691
0.160034
0.159035
0.159035
0.161035
0.160093
0.160035
0.160035
0.160162
0.162056
0.163036
0.162838
0.163035
0.162153
0.163036
0.162174
0.161036
0.121027
0.161035
0.161155
0.160035
0.159950
0.160470
0.161061
0.161036
0.160498
0.160035
0.160418
0.162205
0.162116
0.163445
0.163036
0.162194
0.163371
0.162036
0.123137
0.161078
0.159034
0.159615
0.160035
0.162289
0.158940
0.162045
0.162036
0.161036
0.159035
0.161063
0.160369
0.160035
0.160168
0.139488
0.158075
0.158037
0.130417
0.160116
0.159535
0.159530
0.158035
0.159621
0.159541
0.156439
0.159502
0.159035
0.160051
0.158035
0.159035
0.159035
0.158035
0.158035
0.157268
0.160035
0.132029
0.160035
0.158268
0.160035
0.159035
0.159035
0.159318
0.159054
0.158034
0.157866
0.157192
0.161103
0.159034
0.159035
0.160035
0.146333
0.160500
0.158034
0.136199
0.160346
0.160035
0.162191
0.161636
0.161879
0.162518
0.160285
0.161035
0.161036
0.163036
0.142064
0.159035
0.160050
0.160486
0.160964
0.160035
0.161035
0.125028
0.160630
0.158035
0.159430
0.159897
0.160107
0.159051
0.160406
0.160317
0.159104
0.158382
0.158045
0.159035
0.159035
0.159035
0.159035
0.160035
0.158601
0.114025
0.158073
0.159140
0.160407
0.157958
0.159354
0.158346
0.118502
0.160037
0.159844
0.159317
0.161273
0.158396
0.159472
0.160070
0.159035
0.159085
0.159126
0.129786
0.159271
0.159764
0.160300
0.158703
0.158056
0.159838
0.160152
0.158374
0.160036
0.159035
0.159035
0.158196
0.160035
0.160035
0.159036
0.160035
0.159035
0.128614
0.160639
0.159329
0.161186
0.161027
0.160532
0.160253
0.159631
0.160216
0.160035
0.160120
0.161035
0.160035
0.161035
0.159059
0.160035
0.159330
0.160284
0.142382
0.159410
0.160358
0.162449
0.160266
0.162533
0.161067
0.160439
0.159492
0.161076
0.160268
0.160035
0.162036
0.160035
0.160035
0.160273
0.162035
0.161552
0.139030
0.163438
0.161035
0.162372
0.162035
0.162035
0.161176
0.160035
0.161036
0.161259
0.162301
0.162242
0.139030
0.161098
0.160035
0.160035
0.160035
0.160035
0.143052
0.162035
0.159035
0.159340
0.160035
0.159035
0.160209
0.161036
0.161036
0.161222
0.162035
0.160191
0.160939
0.162036
0.160207
0.161036
0.162035
0.161035
0.151174
0.165036
0.164036
0.163036
0.161071
0.161036
0.161035
0.161475
0.160604
0.159035
0.160576
0.159181
0.160167
0.160035
0.159035
0.159297
0.159522
0.159345
0.153033
0.168036
0.162852
0.163036
0.161514
0.160724
0.159473
0.160035
0.158905
0.158809
0.159055
0.159501
0.159531
0.159502
0.160489
0.160165
0.160318
0.159248
0.142031
0.160532
0.160035
0.160035
0.160035
0.165037
0.165236
0.163036
0.160663
0.160035
0.161826
0.160384
0.160430
0.159410
0.160343
0.160325
0.160037
0.160035
0.143518
0.162036
0.160710
0.159218
0.160439
0.161036
0.161036
0.160710
0.161114
0.160035
0.160360
0.160102
0.159035
0.160035
0.161036
0.136319
0.158879
0.160035
0.135029
0.161344
0.160550
0.162035
0.162035
0.161035
0.161445
0.160035
0.162501
0.160525
0.161213
0.160035
0.161277
0.162107
0.160952
0.161036
0.161696
0.161474
0.156035
0.169037
0.168268
0.162117
0.172486
0.169711
0.167036
0.164132
0.159945
0.161035
0.161035
0.160035
0.161479
0.161035
0.159035
0.161036
0.160122
0.161079
0.157883
0.160368
0.159740
0.161036
0.159415
0.160794
0.160830
0.160135
0.159102
0.161311
0.160267
0.160035
0.160438
0.159035
0.160035
0.160035
0.160036
0.161206
0.149686
0.162353
0.160617
0.162736
0.161618
0.160527
0.161166
0.161397
0.159344
0.162502
0.160382
0.161735
0.161502
0.160623
0.160295
0.161550
0.162314
0.161487
0.159695
0.161052
0.160035
0.159415
0.160035
0.160412
0.161064
0.145979
0.168037
0.165687
0.162857
0.162182
0.160035
0.160398
0.162035
0.161036
0.160035
0.162036
0.157143
0.168081
0.164036
0.160336
0.163036
0.162036
0.162035
0.162035
0.161828
0.161036
0.161035
0.161584
0.161622
0.161347
0.161035
0.160525
0.160094
0.161004
0.160605
0.161682
0.160346
0.159921
0.160047
0.160538
0.161389
0.161035
0.159902
0.160327
0.160258
0.160360
0.160253
0.161257
0.161035
0.160035
0.159484
0.160035
0.144132
0.170505
0.167037
0.165864
0.163141
0.163036
0.162036
0.161036
0.160035
0.160409
0.161420
0.161430
0.160514
0.161151
0.160595
0.160036
0.159132
0.160344
0.158035
0.160021
0.161036
0.159991
0.159749
0.161213
0.160035
0.160141
0.160035
0.160422
0.160623
0.161072
0.160554
0.160035
0.161683
0.161354
0.161036
0.160685
0.150903
0.168044
0.165568
0.164437
0.165037
0.160573
0.159035
0.161035
0.163036
0.161035
0.161036
0.160035
0.160035
0.161036
0.159730
0.159035
0.160035
0.161035
0.145032
0.143235
0.169037
0.163511
0.173038
0.170037
0.167037
0.164037
0.161036
0.160034
0.159384
0.160035
0.160066
0.158034
0.160036
0.159035
0.159449
0.161414
0.154086
0.166036
0.163302
0.164503
0.162174
0.160420
0.161035
0.161438
0.161036
0.161036
0.160114
0.161036
0.162490
0.161152
0.162036
0.161036
0.160035
0.161036
0.155973
0.170288
0.165036
0.162416
0.163036
0.162035
0.162036
0.162484
0.161393
0.161035
0.163136
0.162036
0.161036
0.163037
0.162035
0.160035
0.161036
0.162036
0.160456
0.161810
0.160422
0.159882
0.150033
0.162036
0.162628
0.161278
0.161529
0.160396
0.160694
0.160213
0.160493
0.160455
0.160391
0.161037
0.162183
0.161035
0.154818
0.163141
0.160740
0.161059
0.160340
0.160437
0.160527
0.161035
0.160035
0.161036
0.161205
0.160321
0.161036
0.160035
0.160035
0.162036
0.161035
0.160035
0.140031
0.161525
0.159245
0.160037
0.161035
0.161036
0.159801
0.160636
0.161035
0.160062
0.161035
0.160092
0.160403
0.140291
0.170037
0.166037
0.164765
0.163111
0.155315
0.167038
0.164249
0.162274
0.163202
0.163036
0.161036
0.160408
0.162037
0.162138
0.163066
0.161350
0.161112
0.161362
0.161036
0.161035
0.161035
0.161035
0.160471
0.160645
0.160035
0.160035
0.161035
0.161035
0.160035
0.161133
0.160119
0.160035
0.161035
0.160035
0.160884
0.160035
0.160036
0.161036
0.160300
0.161035
0.143492
0.171425
0.169037
0.165037
0.164036
0.164036
0.162035
0.161036
0.161534
0.161068
0.161035
0.161530
0.161036
0.160035
0.162036
0.161036
0.162098
0.161035
0.161035
0.161035
0.160183
0.161035
0.160035
0.160962
0.160035
0.160426
0.161268
0.160302
0.161051
0.161035
0.161035
0.161036
0.160054
0.161036
0.160035
0.148707
0.163208
0.161036
0.161036
0.161036
0.160036
0.162036
0.160035
0.162037
0.162159
0.161088
0.161035
0.162234
0.161036
0.161035
0.158736
0.171037
0.169588
0.167037
0.158100
0.178231
0.175040
0.173455
0.171052
0.165036
0.163036
0.162035
0.162092
0.161036
0.161191
0.161036
0.161035
0.161035
0.160035
0.160035
0.159089
0.161036
0.158385
0.161187
0.160563
0.161207
0.161034
0.161035
0.161036
0.162036
0.160614
0.159873
0.161336
0.160444
0.159313
0.161265
0.160035
0.160035
0.160052
0.161392
0.152095
0.170037
0.168505
0.164632
0.162436
0.162340
0.160046
0.161715
0.160847
0.160035
0.160035
0.156804
0.171038
0.168037
0.167037
0.165003
0.163036
0.161036
0.160350
0.160036
0.159149
0.161036
0.160521
0.159052
0.160955
0.161502
0.160035
0.161036
0.160138
0.159730
0.160074
0.161061
0.161088
0.161073
0.159050
0.158554
0.161563
0.158035
0.159779
0.161036
0.160036
0.161036
0.158035
0.160035
0.161382
0.160035
0.160215
0.151034
0.172112
0.170533
0.167037
0.165036
0.162095
0.160036
0.160036
0.162121
0.161517
0.161854
0.159235
0.161035
0.160648
0.161186
0.160952
0.161252
0.159679
0.160471
0.161324
0.162036
0.160035
0.161035
0.161439
0.160801
0.155025
0.161577
0.161043
0.160118
0.161265
0.159565
0.160035
0.162035
0.160035
0.160035
0.159105
0.161036
0.161035
0.162036
0.161035
0.159554
0.162036
0.160035
0.158118
0.163036
0.160035
0.161350
0.161036
0.160035
0.160670
0.161549
0.159035
0.161036
0.161036
0.161472
0.161138
0.161465
0.162036
0.161036
0.160236
0.161558
0.134029
0.161525
0.161035
0.161035
0.160439
0.160462
0.160846
0.160035
0.161036
0.161034
0.160035
0.160157
0.161036
0.161595
0.161035
0.161035
0.160035
0.161036
0.146072
0.161062
0.162037
0.160361
0.160053
0.160131
0.161035
0.161282
0.159035
0.162088
0.160035
0.160035
0.159035
0.159035
0.159035
0.160541
0.161036
0.148923
0.168036
0.167119
0.164075
0.163181
0.163104
0.161601
0.161036
0.161036
0.160035
0.161036
0.162036
0.160035
0.161147
0.161035
0.161036
0.161035
0.159035
0.163051
0.156150
0.173039
0.176141
0.173414
0.173038
0.172552
0.169037
0.165035
0.162036
0.163172
0.162033
0.161479
0.163294
0.161664
0.162303
0.162036
0.162328
0.163306
0.160916
0.163143
0.161035
0.163126
0.162514
0.161883
0.161118
0.162035
0.162089
0.162036
0.162498
0.162187
0.162036
0.162652
0.161035
0.162036
0.162036
0.162097
0.151033
0.165484
0.162908
0.162036
0.163122
0.161564
0.163116
0.163494
0.161772
0.163175
0.163379
0.162272
0.162340
0.162151
0.162420
0.161196
0.161428
0.161581
0.157497
0.162192
0.162334
0.162434
0.161415
0.162159
0.163035
0.161414
0.161464
0.161678
0.162595
0.162035
0.160482
0.162117
0.162616
0.162497
0.161530
0.161859
0.148033
0.162529
0.161036
0.162290
0.161921
0.162035
0.164036
0.162036
0.161035
0.163036
0.161036
0.152071
0.175637
0.172037
0.170038
0.166037
0.164036
0.165200
0.162035
0.161035
0.159457
0.158584
0.160037
0.160595
0.160955
0.161205
0.159268
0.159770
0.158207
0.159453
0.160384
0.160260
0.159035
0.159035
0.160036
0.160215
0.149823
0.160035
0.161035
0.160035
0.158035
0.159034
0.160459
0.161089
0.159035
0.163092
0.165219
0.164322
0.164902
0.162036
0.160293
0.160035
0.161263
0.161036
0.149202
0.161545
0.161392
0.161035
0.162035
0.160035
0.159899
0.152033
0.164362
0.162035
0.164036
0.163036
0.162889
0.161094
0.160322
0.159650
0.162256
0.161035
0.153452
0.162274
0.160185
0.162488
0.161087
0.162036
0.162133
0.161108
0.161036
0.161036
0.160783
0.160035
0.159985
0.161345
0.161127
0.162265
0.162569
0.162374
0.158679
0.161143
0.160497
0.161234
0.161918
0.161248
0.160156
0.161000
0.161783
0.160259
0.161282
0.160035
0.160512
0.162535
0.159849
0.160455
0.160257
0.161510
0.155516
0.170878
0.169604
0.165506
0.164036
0.163096
0.156158
0.176614
0.172539
0.175322
0.169037
0.169746
0.165581
0.163417
0.164036
0.163036
0.161035
0.163380
0.157578
0.172440
0.167583
0.166466
0.164447
0.164036
0.163464
0.161637
0.162180
0.162036
0.161263
0.163036
0.162122
0.161260
0.162427
0.162278
0.162070
0.162293
0.159035
0.166180
0.164564
0.162036
0.163244
0.162799
0.163419
0.162783
0.163036
0.163036
0.162035
0.163016
0.161741
0.161036
0.163036
0.162035
0.161036
0.163036
0.154034
0.163011
0.162036
0.162035
0.161035
0.161757
0.162539
0.161553
0.161036
0.163437
0.161237
0.160841
0.163558
0.161035
0.162418
0.161424
0.160547
0.162192
0.140408
0.165503
0.163186
0.164534
0.165612
0.163449
0.165134
0.163526
0.162485
0.162648
0.161036
0.175329
0.173863
0.172065
0.169507
0.168634
0.165036
0.164036
0.160035
0.174073
0.173256
0.169414
0.167152
0.160581
0.162503
0.161054
0.159035
0.158035
0.158437
0.157506
0.158535
0.160354
0.159035
0.160208
0.162034
0.159035
0.160036
0.164045
0.160372
0.159328
0.161703
0.161335
0.159035
0.161548
0.162183
0.163036
0.163036
0.156511
0.176039
0.177497
0.173505
0.176039
0.177364
0.173736
0.174343
0.175040
0.176038
0.176039
0.180123
0.178040
0.192071
0.176039
0.176039
0.176039
0.176039
0.180546
0.179201
0.176109
0.175883
0.181146
0.181040
0.180420
0.180039
0.176821
0.180377
0.179040
0.183661
0.178195
0.177363
0.180040
0.175446
0.175039
0.181361
0.157040
0.163036
0.159035
0.158051
0.157363
0.157461
0.158336
0.158713
0.157106
0.159601
0.159405
0.162563
0.163036
0.163036
0.161345
0.164268
0.165309
0.157564
0.157034
0.159035
0.159035
0.159035
0.158054
0.160289
0.159035
0.159053
0.152033
0.160372
0.160219
0.159533
0.161348
0.159628
0.159062
0.160598
0.159253
0.160035
0.160498
0.159035
0.160035
0.159035
0.160136
0.160361
0.165154
0.161306
0.150389
0.160860
0.162444
0.161130
0.160035
0.159035
0.161036
0.162092
0.162036
0.161411
0.160035
0.160035
0.160108
0.162087
0.161036
0.161035
0.161380
0.161035
0.150596
0.161036
0.161064
0.160310
0.161974
0.161036
0.161339
0.162179
0.161035
0.161433
0.160249
0.160035
0.161036
0.161036
0.160239
0.160035
0.160717
0.159035
0.140235
0.161035
0.160483
0.167037
0.166253
0.166036
0.135963
0.160034
0.161464
0.158173
0.160035
0.160354
0.161035
0.161204
0.160829
0.161236
0.162035
0.161699
0.153034
0.160501
0.161036
0.161036
0.160256
0.161568
0.162036
0.160260
0.161804
0.160755
0.168299
0.166052
0.165117
0.162608
0.162391
0.160294
0.160320
0.160074
0.155035
0.178290
0.175627
0.161423
0.163291
0.167190
0.182040
0.181040
0.170058
0.163304
0.159310
0.162035
0.161036
0.162290
0.161213
0.162036
0.132910
0.162035
0.164528
0.181255
0.179089
0.179039
0.175055
0.175039
0.176039
0.159207
0.158125
0.158880
0.159465
0.159429
0.160035
0.159432
0.158374
0.152219
0.159035
0.164036
0.167055
0.162500
0.158564
0.160035
0.160035
0.159201
0.132820
0.161035
0.160064
0.159452
0.159035
0.159420
0.160376
0.159192
0.159807
0.133973
0.163079
0.159501
0.176482
0.167037
0.165174
0.163036
0.163407
0.161707
0.160387
0.161034
0.161130
0.163036
0.162035
0.162036
0.162450
0.161035
0.159078
0.158035
0.149690
0.169037
0.167296
0.163527
0.161723
0.161036
0.162036
0.163036
0.162127
0.162036
0.163370
0.162036
0.163035
0.163036
0.162035
0.163035
0.132805
0.165036
0.163397
0.163036
0.171820
0.163000
0.163036
0.163036
0.153015
0.163339
0.162520
0.163036
0.163523
0.163452
0.162370
0.162141
0.163459
0.152301
0.159453
0.158144
0.159407
0.159049
0.164114
0.159035
0.159554
0.160035
0.159446
0.163216
0.164279
0.165050
0.164044
0.165036
0.163142
0.163268
0.161035
0.117740
0.160035
0.157886
0.160035
0.157626
0.162436
0.160034
0.159035
0.159554
0.161433
0.163368
0.163431
0.163085
0.163036
0.163036
0.164036
0.163036
0.160036
0.146032
0.159035
0.159612
0.158434
0.160035
0.162035
0.160036
0.160035
0.160054
0.160240
0.159513
0.161035
0.160035
0.159134
0.159034
0.160036
0.160036
0.160035
0.138703
0.159556
0.160277
0.160052
0.160035
0.162036
0.160035
0.160013
0.160035
0.160770
0.161036
0.160391
0.161107
0.161644
0.161035
0.160035
0.161036
0.161069
0.141031
0.161035
0.160035
0.161299
0.159035
0.161036
0.161035
0.160226
0.135030
0.162035
0.160035
0.161035
0.162036
0.161036
0.159552
0.161036
0.160035
0.161035
0.138031
0.169037
0.164444
0.163037
0.162101
0.161035
0.160035
0.160557
0.162051
0.160738
0.160058
0.160036
0.161036
0.160035
0.140752
0.160035
0.160035
0.161036
0.155408
0.174368
0.170226
0.172038
0.170496
0.163546
0.159035
0.161035
0.161035
0.161016
0.161036
0.161036
0.162035
0.161213
0.161501
0.162036
0.161464
0.160035
0.138029
0.161035
0.160035
0.160713
0.160035
0.162036
0.161035
0.161036
0.161527
0.160035
0.160876
0.161035
0.160035
0.161035
0.162138
0.162036
0.160567
0.160037
0.140031
0.161035
0.161036
0.161035
0.160893
0.162036
0.162035
0.161036
0.161036
0.161035
0.161391
0.161036
0.160372
0.162035
0.160035
0.159737
0.160035
0.161036
0.148224
0.161036
0.161032
0.161036
0.160469
0.161024
0.161036
0.161035
0.162187
0.161051
0.160496
0.162414
0.159938
0.161036
0.160035
0.162323
0.161035
0.161066
0.142031
0.161035
0.160035
0.161107
0.162034
0.162035
0.162035
0.145729
0.157436
0.162036
0.162036
0.162036
0.161035
0.161339
0.163036
0.161627
0.163035
0.161035
0.123027
0.163036
0.162036
0.162165
0.162035
0.163036
0.163248
0.161035
0.162036
0.162035
0.162079
0.162190
0.161192
0.162036
0.161474
0.161035
0.159035
0.161501
0.129047
0.163037
0.162240
0.161036
0.161035
0.162806
0.163035
0.163275
0.162036
0.163028
0.162035
0.162035
0.161035
0.162107
0.163109
0.163166
0.162055
0.162036
0.146639
0.162036
0.163036
0.162035
0.163036
0.162208
0.161035
0.161311
0.163036
0.161036
0.161505
0.161035
0.162035
0.163036
0.161479
0.162036
0.160419
0.162035
0.152033
0.163036
0.162035
0.141739
0.161035
0.162036
0.163036
0.162036
0.163036
0.162724
0.161037
0.163036
0.162036
0.161036
0.162035
0.161035
0.162035
0.162036
0.152033
0.162036
0.162036
0.162036
0.162036
0.163036
0.162036
0.160035
0.163121
0.163036
0.161403
0.162381
0.161036
0.161036
0.160035
0.162036
0.160035
0.161035
0.142064
0.167037
0.164036
0.164616
0.163036
0.162036
0.162204
0.145032
0.173038
0.170037
0.169038
0.165434
0.164088
0.162056
0.162088
0.165036
0.162809
0.161036
0.155150
0.174039
0.176039
0.171191
0.169256
0.162036
0.161036
0.161036
0.161388
0.161300
0.163035
0.162359
0.163036
0.163201
0.162035
0.162696
0.162036
0.162035
0.143031
0.163036
0.163035
0.163036
0.161035
0.164036
0.162035
0.162217
0.162036
0.161035
0.162313
0.163036
0.162036
0.162036
0.162036
0.164036
0.163036
0.163036
0.143032
0.162035
0.162036
0.161035
0.162035
0.162036
0.161407
0.162036
0.161035
0.161072
0.161036
0.161158
0.161865
0.161128
0.161035
0.140715
0.163036
0.162035
0.159132
0.171403
0.167037
0.164036
0.164037
0.163110
0.160716
0.161541
0.162592
0.162036
0.162035
0.162036
0.143678
0.162035
0.164036
0.163036
0.162076
0.162036
0.161036
0.171105
0.171038
0.169037
0.165265
0.161035
0.163094
0.162035
0.161326
0.162786
0.162035
0.162441
0.154034
0.170768
0.171037
0.165974
0.164819
0.163035
0.158725
0.172089
0.170556
0.170038
0.165827
0.162445
0.161036
0.161782
0.162036
0.162281
0.162136
0.161035
0.162103
0.161035
0.162456
0.162035
0.162325
0.162035
0.159839
0.165153
0.163036
0.164098
0.163036
0.161821
0.161035
0.162035
0.160244
0.161036
0.162036
0.163316
0.162035
0.162035
0.163036
0.161035
0.164205
0.162036
0.162035
0.170138
0.167037
0.166036
0.163036
0.161035
0.162035
0.162018
0.162035
0.161579
0.161035
0.162036
0.162035
0.162508
0.160525
0.162036
0.162514
0.157035
0.146184
0.170036
0.166036
0.165055
0.164036
0.161857
0.162036
0.162035
0.161035
0.161052
0.161444
0.162036
0.162036
0.163036
0.161470
0.162035
0.161575
0.162035
0.157412
0.162036
0.161035
0.161035
0.161223
0.162036
0.144092
0.177039
0.174038
0.170038
0.168185
0.165036
0.164036
0.163106
0.163081
0.162036
0.164036
0.162035
0.156034
0.178039
0.176039
0.173038
0.170393
0.162036
0.162035
0.162035
0.163035
0.160080
0.163474
0.162036
0.162134
0.162036
0.162035
0.160214
0.162035
0.162035
0.161036
0.172038
0.169037
0.166036
0.164419
0.162035
0.161035
0.161035
0.161035
0.160035
0.161103
0.162036
0.162036
0.163036
0.162057
0.162036
0.162036
0.160697
0.155035
0.170410
0.169037
0.163036
0.162036
0.159035
0.158035
0.159035
0.160580
0.157539
0.158035
0.160035
0.157495
0.159227
0.160178
0.160035
0.157034
0.158079
0.138030
0.171038
0.169037
0.167037
0.166037
0.161035
0.158309
0.161083
0.160036
0.159035
0.160078
0.160035
0.159034
0.158445
0.159035
0.160163
0.160035
0.160035
0.154034
0.163036
0.160085
0.161036
0.162154
0.162036
0.160035
0.160035
0.141031
0.163036
0.163036
0.161035
0.161035
0.161036
0.161035
0.160174
0.161053
0.162036
0.155035
0.176039
0.176039
0.172038
0.171277
0.161036
0.161035
0.160558
0.160035
0.161222
0.160035
0.161035
0.161093
0.161035
0.160037
0.160035
0.161194
0.162036
0.161036
0.171253
0.171305
0.167037
0.163036
0.162036
0.160035
0.161237
0.161036
0.161035
0.160462
0.159035
0.162035
0.161036
0.159035
0.161036
0.160054
0.161036
0.150033
0.161036
0.161035
0.159035
0.161061
0.161347
0.160222
0.160035
0.161036
0.160035
0.160170
0.161036
0.160035
0.161035
0.159035
0.160035
0.162036
0.161035
0.148173
0.160485
0.159172
0.160359
0.160705
0.161770
0.162142
0.159204
0.160432
0.160430
0.159528
0.159780
0.161311
0.159419
0.160085
0.161117
0.160104
0.158563
0.141818
0.160609
0.160304
0.161290
0.161072
0.164037
0.160907
0.161372
0.161082
0.160168
0.159035
0.160035
0.159771
0.160035
0.160667
0.160267
0.160035
0.160035
0.151407
0.130273
0.160165
0.161065
0.160035
0.162036
0.160034
0.161191
0.159054
0.160114
0.161036
0.165185
0.160945
0.159316
0.160095
0.159245
0.159896
0.161212
0.151649
0.159533
0.167470
0.164418
0.162251
0.163036
0.162450
0.163036
0.163036
0.164036
0.164036
0.162106
0.163395
0.161338
0.162799
0.163036
0.162327
0.162215
0.143451
0.164037
0.161035
0.164062
0.163384
0.163036
0.163036
0.163036
0.163036
0.162036
0.163087
0.162835
0.164052
0.162793
0.161487
0.164103
0.162136
0.163713
0.156117
0.164036
0.162080
0.164036
0.162563
0.163261
0.162144
0.163050
0.163074
0.163036
0.162036
0.162035
0.163036
0.162036
0.163036
0.163269
0.162136
0.162497
0.120445
0.163036
0.163103
0.163036
0.162035
0.163184
0.164037
0.163036
0.161035
0.163036
0.164036
0.162410
0.164056
0.161242
0.163036
0.161387
0.164036
0.163036
0.153033
0.162036
0.162287
0.162035
0.138031
0.165107
0.163104
0.163036
0.162205
0.158035
0.158832
0.160035
0.160035
0.160109
0.162035
0.160035
0.161036
0.159035
0.137193
0.161036
0.162335
0.161788
0.160485
0.160481
0.159035
0.167037
0.166037
0.164239
0.162036
0.161331
0.161522
0.162036
0.161036
0.162035
0.161476
0.161036
0.139451
0.170420
0.165036
0.164036
0.162035
0.162093
0.161036
0.162035
0.163036
0.161035
0.161089
0.161035
0.161237
0.161035
0.160734
0.161035
0.163036
0.161035
0.140052
0.161035
0.162036
0.162060
0.160530
0.162035
0.161268
0.162036
0.161049
0.161402
0.161050
0.161035
0.161173
0.161881
0.161313
0.162064
0.162019
0.162205
0.123688
0.162036
0.162389
0.162569
0.162312
0.161487
0.160888
0.159402
0.161493
0.162035
0.162035
0.160035
0.160598
0.162035
0.161537
0.160845
0.160514
0.161053
0.128134
0.173196
0.171038
0.169037
0.164036
0.162036
0.161497
0.161541
0.161697
0.160035
0.162036
0.162275
0.161055
0.162036
0.160471
0.149479
0.178039
0.173038
0.166037
0.177428
0.177039
0.181100
0.181040
0.173038
0.171380
0.166487
0.163744
0.163454
0.163067
0.162091
0.162291
0.160515
0.162036
0.162036
0.161434
0.161035
0.154222
0.169599
0.167550
0.167037
0.162036
0.162055
0.161035
0.161396
0.161036
0.162036
0.162094
0.161445
0.160188
0.161035
0.162186
0.159593
0.162036
0.162036
0.152164
0.161035
0.161036
0.161036
0.162035
0.161036
0.161036
0.162036
0.161108
0.161035
0.160530
0.161035
0.162036
0.162036
0.161343
0.161036
0.162088
0.161114
0.147277
0.163247
0.163383
0.161652
0.162503
0.160285
0.162076
0.160542
0.161295
0.161735
0.162425
0.161314
0.160439
0.160546
0.161792
0.161427
0.148033
0.181040
0.180039
0.186201
0.178151
0.175039
0.179039
0.179039
0.180038
0.179039
0.237060
0.358271
0.330965
0.335969
0.340786
0.324563
0.344257
0.353818
0.322609
0.173039
0.175259
0.175039
0.175039
0.174185
0.177039
0.177040
0.178039
0.173038
0.172038
0.168793
0.161519
0.179309
0.178315
0.178261
0.178040
0.177641
0.176039
0.179038
0.179264
0.170359
0.169816
0.166445
0.167453
0.166037
0.164035
0.164103
0.162035
0.162035
0.161036
0.161035
0.160035
0.160295
0.159486
0.160035
0.160035
0.159128
0.159035
0.124990
0.161054
0.160035
0.161035
0.161035
0.160211
0.159540
0.161035
0.159296
0.161036
0.161047
0.160648
0.161035
0.159714
0.160398
0.159035
0.162036
0.160036
0.143031
0.161036
0.159153
0.159035
0.162035
0.158035
0.160517
0.159035
0.160301
0.159035
0.159227
0.159362
0.161106
0.160496
0.160508
0.160561
0.160035
0.160035
0.153230
0.161035
0.159388
0.160035
0.159811
0.161035
0.159102
0.160035
0.161036
0.160110
0.158035
0.161036
0.160035
0.161036
0.161035
0.160036
0.160035
0.160281
0.152034
0.160035
0.158693
0.159482
0.159492
0.159497
0.161501
0.161034
0.160447
0.161035
0.158034
0.161035
0.162036
0.161036
0.159035
0.160084
0.161035
0.160808
0.149286
0.160035
0.160193
0.158850
0.161184
0.139116
0.160035
0.158745
0.160114
0.159297
0.159052
0.160526
0.159829
0.160277
0.159533
0.160036
0.159035
0.159034
0.138030
0.168084
0.167037
0.164036
0.160112
0.161035
0.159457
0.160064
0.161089
0.159492
0.159623
0.160497
0.160174
0.161186
0.160044
0.160035
0.159035
0.161257
0.157033
0.159599
0.160328
0.161088
0.160035
0.159035
0.161036
0.160035
0.159035
0.160035
0.160126
0.162051
0.164839
0.163543
0.163424
0.163367
0.164597
0.164144
0.155036
0.159905
0.160035
0.161035
0.161035
0.159035
0.159046
0.160179
0.162035
0.159750
0.160104
0.159318
0.159334
0.159309
0.159446
0.159439
0.160518
0.160307
0.143013
0.170101
0.170466
0.167037
0.176039
0.171055
0.168037
0.166037
0.164298
0.164916
0.163036
0.163131
0.162035
0.162036
0.162035
0.161060
0.161096
0.161035
0.162416
0.144705
0.162043
0.160035
0.162035
0.160035
0.159558
0.161471
0.161036
0.161455
0.162036
0.160515
0.161036
0.162035
0.161107
0.161036
0.162036
0.161035
0.131029
0.135030
0.163036
0.162036
0.162035
0.160035
0.161273
0.161441
0.160959
0.142245
0.161035
0.161036
0.161465
0.162081
0.161035
0.162204
0.164036
0.162036
0.160087
0.149033
0.152256
0.162565
0.165036
0.165036
0.162222
0.163087
0.161035
0.161436
0.160337
0.162642
0.160090
0.161310
0.159035
0.162036
0.162035
0.161929
0.161217
0.162036
0.134029
0.161036
0.163907
0.161035
0.161035
0.162036
0.161035
0.160216
0.157035
0.161396
0.160523
0.161546
0.162588
0.161035
0.161117
0.161427
0.160019
0.161142
0.146032
0.162036
0.163036
0.162036
0.162036
0.161027
0.161035
0.162191
0.162036
0.161036
0.161036
0.161122
0.161035
0.161037
0.160035
0.161116
0.162036
0.160968
0.145381
0.161601
0.166334
0.161382
0.160922
0.160594
0.162036
0.159399
0.161035
0.162036
0.161035
0.161371
0.159035
0.161726
0.161036
0.162054
0.161341
0.161035
0.147032
0.161035
0.161366
0.162036
0.160946
0.160035
0.162036
0.161080
0.161035
0.131253
0.162073
0.161525
0.160761
0.161516
0.162036
0.162035
0.162036
0.161175
0.137030
0.161892
0.161035
0.160036
0.162035
0.161035
0.161277
0.162036
0.161035
0.161036
0.162050
0.161035
0.161036
0.161035
0.161411
0.160680
0.161035
0.161035
0.145032
0.175157
0.162036
0.161034
0.162036
0.162036
0.161154
0.161034
0.162144
0.161079
0.160795
0.161287
0.161035
0.161509
0.161495
0.162143
0.163036
0.161035
0.154324
0.169037
0.161035
0.161327
0.162035
0.161036
0.162036
0.161514
0.161321
0.162036
0.161035
0.161036
0.160679
0.161035
0.160054
0.161036
0.161194
0.160035
0.160034
0.167037
0.161683
0.161089
0.162035
0.161249
0.161230
0.160035
0.162035
0.163036
0.161035
0.160035
0.162035
0.161035
0.162036
0.162036
0.160613
0.161530
0.152808
0.170038
0.161467
0.160504
0.161036
0.161324
0.161036
0.161036
0.161036
0.162036
0.161035
0.160036
0.161295
0.160113
0.161181
0.161137
0.161325
0.162042
0.155493
0.169037
0.160036
0.161036
0.160036
0.162036
0.161036
0.161036
0.160974
0.161182
0.161036
0.162036
0.152033
0.176039
0.175039
0.170038
0.167626
0.166053
0.157035
0.175095
0.171039
0.169036
0.168037
0.166036
0.164074
0.163542
0.163112
0.164036
0.164036
0.163493
0.163036
0.159035
0.160035
0.160035
0.159035
0.158035
0.155034
0.161036
0.160049
0.159413
0.160605
0.159053
0.162324
0.165139
0.164036
0.165369
0.165391
0.164316
0.165036
0.163036
0.160035
0.161092
0.161035
0.159737
0.145032
0.161035
0.161103
0.161036
0.160296
0.159801
0.159724
0.160329
0.161187
0.158683
0.160534
0.161036
0.159034
0.160053
0.160594
0.161035
0.160035
0.159463
0.132029
0.169234
0.160063
0.160035
0.161130
0.159035
0.161316
0.161036
0.160035
0.162035
0.167037
0.165036
0.163036
0.160035
0.161035
0.162537
0.161110
0.166036
0.127040
0.159035
0.163646
0.162693
0.163465
0.163527
0.163036
0.163183
0.162204
0.163167
0.162472
0.162374
0.161148
0.163182
0.163511
0.165036
0.163546
0.160035
0.150745
0.163202
0.163429
