0.001000
0.159201
0.158339
0.134325
0.160034
0.159034
0.161036
0.160477
0.161136
0.160035
0.159307
0.163432
0.165644
0.164115
0.166037
0.161083
0.161035
0.161285
0.159351
0.161001
0.162036
0.147721
0.163049
0.163268
0.175559
0.172038
0.175039
0.175042
0.175191
0.174039
0.176104
0.175053
0.172039
0.178040
0.172075
0.175039
0.172037
0.171038
0.174305
0.157036
0.164037
0.162036
0.162036
0.163036
0.162036
0.164496
0.161528
0.163884
0.161227
0.173394
0.169037
0.166037
0.165123
0.160036
0.159051
0.160035
0.159035
0.144279
0.159035
0.159035
0.160130
0.160037
0.160607
0.160037
0.160964
0.158142
0.158557
0.160409
0.158575
0.174038
0.172038
0.172146
0.176039
0.174082
0.176039
0.172038
0.173081
0.168037
0.165455
0.162200
0.160035
0.161035
0.101457
0.176039
0.176038
0.178054
0.178397
0.175189
0.178040
0.174455
0.171231
0.168037
0.164216
0.162176
0.162036
0.154034
0.160717
0.161036
0.160035
0.160036
0.159035
0.161388
0.160035
0.160035
0.159034
0.164422
0.168580
0.168062
0.170502
0.169594
0.172038
0.172038
0.173552
0.170436
0.169683
0.167037
0.164036
0.160088
0.160096
0.160335
0.159236
0.160265
0.160036
0.160035
0.160359
0.161036
0.160077
0.160035
0.159035
0.160036
0.164036
0.167036
0.167039
0.173065
0.172228
0.172361
0.172039
0.175038
0.172038
0.173038
0.172038
0.173039
0.174811
0.170379
0.173183
0.169688
0.167056
0.165516
0.163501
0.162408
0.162371
0.153620
0.162036
0.161578
0.162036
0.163036
0.163330
0.163036
0.162180
0.165037
0.169037
0.170039
0.173038
0.172038
0.168494
0.173647
0.175105
0.176038
0.173039
0.169573
0.148032
0.159035
0.132162
0.159035
0.159035
0.160110
0.160325
0.167367
0.172349
0.173040
0.171468
0.170038
0.171315
0.174041
0.179039
0.179039
0.175039
0.175041
0.173038
0.176039
0.167037
0.166857
0.165323
0.163036
0.162035
0.163036
0.142281
0.163036
0.163036
0.163362
0.163036
0.164036
0.165159
0.170038
0.169037
0.169037
0.170038
0.171038
0.178039
0.181039
0.181222
0.177240
0.176039
0.178040
0.178039
0.176039
0.172038
0.166037
0.164053
0.160036
0.159457
0.160035
0.161036
0.160094
0.159035
0.160081
0.128503
0.168037
0.169038
0.171269
0.174075
0.174039
0.176315
0.171037
0.172563
0.173038
0.173038
0.172039
0.172488
0.175039
0.174185
0.173406
0.176088
0.175562
0.174038
0.164036
0.163444
0.161035
0.159077
0.161036
0.162037
0.161035
0.162036
0.162036
0.161036
0.161075
0.160847
0.161037
0.161036
0.161035
0.163037
0.160244
0.161035
0.162133
0.165242
0.174782
0.169172
0.166036
0.162986
0.161086
0.162278
0.161035
0.162310
0.161036
0.161270
0.141669
0.161038
0.162036
0.167037
0.168504
0.172091
0.172038
0.166569
0.178188
0.177284
0.172038
0.167941
0.165188
0.162812
0.161036
0.161035
0.161035
0.161196
0.161138
0.160035
0.161320
0.162115
0.161703
0.161484
0.161036
0.162036
0.159593
0.174038
0.174038
0.175117
0.176553
0.175040
0.172040
0.179818
0.177039
0.183065
0.179039
0.176039
0.168456
0.167288
0.163035
0.159035
0.158215
0.157447
0.159578
0.148133
0.160035
0.160463
0.159778
0.168432
0.162402
0.167250
0.168271
0.167048
0.290379
0.307069
0.309067
0.287062
0.304584
0.303068
0.336205
0.178039
0.175039
0.166353
0.154221
0.159035
0.160067
0.159034
0.159035
0.160214
0.160036
0.158726
0.148841
0.159583
0.159035
0.165112
0.168037
0.168037
0.170038
0.166329
0.167186
0.164562
0.162707
0.125764
0.160035
0.161394
0.160035
0.160035
0.159035
0.159071
0.165089
0.167383
0.170727
0.168037
0.168190
0.169359
0.170367
0.170038
0.170038
0.173579
0.171038
0.168430
0.177336
0.173038
0.179039
0.171038
0.168427
0.165037
0.162168
0.160653
0.160639
0.158644
0.159035
0.159658
0.159265
0.159454
0.159034
0.159624
0.144590
0.168903
0.164562
0.177150
0.169037
0.163768
0.162948
0.159080
0.161036
0.159034
0.158035
0.159524
0.159510
0.159388
0.159140
0.160035
0.160036
0.161036
0.159035
0.163036
0.167550
0.163036
0.153154
0.158682
0.159034
0.157252
0.158035
0.160036
0.160036
0.158467
0.159883
0.159035
0.159208
0.160300
0.160035
0.166079
0.168039
0.168382
0.169132
0.169096
0.166036
0.174112
0.178040
0.180037
0.173204
0.169037
0.163403
0.161573
0.160035
0.164036
0.164036
0.164036
0.135030
0.165036
0.160035
0.159582
0.165043
0.169039
0.168037
0.164036
0.172038
0.168037
0.167037
0.164036
0.160581
0.160035
0.161036
0.158034
0.158964
0.159161
0.161035
0.159551
0.160035
0.159606
0.160274
0.158195
0.159374
0.165037
0.168037
0.173233
0.176710
0.172618
0.173032
0.172058
0.173040
0.175102
0.173132
0.173038
0.172109
0.171811
0.172107
0.173533
0.173155
0.171038
0.173038
0.173344
0.169565
0.181038
0.176039
0.169272
0.167423
0.163287
0.160035
0.158035
0.159293
0.159359
0.158035
0.160036
0.160036
0.159035
0.164036
0.165054
0.164037
0.164036
0.165068
0.164520
0.173391
0.173552
0.174041
0.176293
0.176083
0.177040
0.179064
0.173734
0.171038
0.173038
0.175721
0.176038
0.174093
0.176302
0.172056
0.173186
0.179041
0.180233
0.152052
0.158035
0.159112
0.164037
0.169037
0.165227
0.160054
0.160035
0.161041
0.160035
0.143248
0.178198
0.174038
0.175040
0.178039
0.177039
0.170038
0.164112
0.169123
0.125028
0.162036
0.160344
0.159034
0.159054
0.162036
0.165334
0.175445
0.177447
0.174039
0.173231
0.176006
0.174289
0.177159
0.177242
0.176039
0.175039
0.180039
0.174460
0.143444
0.159035
0.165036
0.161506
0.159035
0.160187
0.160451
0.161053
0.160508
0.161036
0.165427
0.171038
0.169732
0.171038
0.170038
0.171292
0.173039
0.173041
0.169158
0.166047
0.164037
0.162155
0.162308
0.163036
0.163037
0.163036
0.164037
0.163037
0.163037
0.163305
0.163036
0.162035
0.162035
0.161817
0.165593
0.168039
0.169242
0.169267
0.175165
0.175038
0.174039
0.172038
0.175271
0.175039
0.179039
0.179068
0.178759
0.173038
0.172072
0.178039
0.176063
0.168145
0.163036
0.161036
0.159479
0.161036
0.147033
0.159321
0.159471
0.160079
0.160161
0.158408
0.160208
0.157833
0.171039
0.167037
0.166037
0.163036
0.160356
0.160035
0.159085
0.159343
0.159035
0.159036
0.159073
0.131029
0.174040
0.173199
0.171989
0.173038
0.172038
0.175141
0.175205
0.173039
0.173971
0.179397
0.180040
0.179058
0.172038
0.147841
0.160035
0.160208
0.160036
0.160035
0.151034
0.159034
0.161036
0.158035
0.160035
0.166037
0.169037
0.171438
0.172113
0.171567
0.173038
0.172039
0.176691
0.175039
0.174370
0.173266
0.176039
0.175438
0.174038
0.174058
0.176039
0.175040
0.175039
0.177056
0.175124
0.178040
0.176039
0.174085
0.177038
0.180040
0.171038
0.167411
0.165036
0.162036
0.160035
0.159179
0.159037
0.154034
0.160035
0.160036
0.160397
0.161036
0.160963
0.161526
0.161036
0.166036
0.168037
0.170396
0.171536
0.172095
0.172039
0.175732
0.173038
0.172039
0.179039
0.168038
0.128815
0.161036
0.160037
0.160035
0.162036
0.160084
0.162037
0.161036
0.161036
0.159612
0.160036
0.161036
0.161318
0.162412
0.161133
0.165078
0.169038
0.169149
0.169839
0.171038
0.173039
0.174613
0.172688
0.173038
0.174128
0.170753
0.173537
0.173204
0.175188
0.177863
0.175484
0.176414
0.176389
0.174038
0.176039
0.180040
0.181040
0.167037
0.165402
0.162036
0.159517
0.160160
0.159035
0.162036
0.161036
0.159035
0.160036
0.161036
0.160035
0.160102
0.160413
0.167037
0.170038
0.169037
0.170037
0.168138
0.177075
0.178203
0.176039
0.181039
0.177039
0.169625
0.166037
0.163291
0.161036
0.159872
0.159035
0.159035
0.140306
0.160271
0.160035
0.161036
0.161035
0.167146
0.167038
0.173229
0.176039
0.174038
0.176039
0.174039
0.177139
0.175038
0.177375
0.174038
0.172038
0.168037
0.164064
0.161324
0.159246
0.161623
0.160037
0.161266
0.160175
0.139398
0.151168
0.173038
0.173426
0.175260
0.173039
0.175091
0.175593
0.172799
0.178039
0.175038
0.176796
0.178040
0.174206
0.178039
0.179038
0.173812
0.171608
0.167055
0.126464
0.163076
0.163095
0.162079
0.164037
0.163078
0.165598
0.170666
0.172739
0.172038
0.172103
0.170037
0.170038
0.171315
0.172038
0.171037
0.171038
0.173038
0.169606
0.175038
0.168037
0.166405
0.173038
0.169388
0.167120
0.163519
0.175038
0.171374
0.168036
0.165036
0.159036
0.158035
0.161036
0.159494
0.159037
0.160036
0.160035
0.147260
0.158949
0.162035
0.167037
0.168037
0.169089
0.170038
0.170038
0.170038
0.172039
0.174038
0.178100
0.178040
0.179096
0.173364
0.172038
0.173495
0.175041
0.176039
0.162036
0.165145
0.160056
0.159035
0.159399
0.159035
0.159035
0.160035
0.160315
0.160036
0.159106
0.161455
0.159367
0.161040
0.162294
0.167275
0.169071
0.169039
0.169111
0.177039
0.181041
0.182040
0.178039
0.178039
0.169422
0.137030
0.159035
0.162036
0.162035
0.162036
0.140179
0.167037
0.169038
0.171037
0.173038
0.171206
0.172335
0.170107
0.176345
0.180237
0.176039
0.175039
0.169037
0.166036
0.164037
0.166036
0.165094
0.163036
0.161036
0.161036
0.161036
0.161099
0.161036
0.160035
0.159034
0.161099
0.154044
0.171037
0.173039
0.173687
0.172272
0.174710
0.173038
0.173346
0.176009
0.174038
0.177039
0.176039
0.175039
0.175068
0.176180
0.170459
0.164399
0.161035
0.158035
0.145032
0.159445
0.160847
0.160036
0.159035
0.159765
0.161036
0.160155
0.162036
0.166278
0.169038
0.171038
0.169342
0.170522
0.171038
0.170893
0.170576
0.173038
0.170730
0.178040
0.179291
0.180060
0.179107
0.177039
0.170149
0.167484
0.164375
0.161036
0.160035
0.160035
0.161112
0.161035
0.161291
0.160154
0.160983
0.161318
0.161177
0.148158
0.175278
0.178040
0.177039
0.175668
0.177155
0.176039
0.173038
0.177222
0.173169
0.173550
0.177100
0.179039
0.183115
0.175126
0.169109
0.164239
0.160146
0.158406
0.126289
0.160036
0.160035
0.159035
0.160265
0.161036
0.174038
0.177476
0.178365
0.181040
0.179446
0.170037
0.168350
0.163947
0.160902
0.162775
0.161093
0.161080
0.160199
0.125727
0.172039
0.169113
0.168519
0.171332
0.174039
0.175910
0.174038
0.174038
0.173038
0.173310
0.174038
0.178039
0.175525
0.174091
0.175039
0.173076
0.171037
0.170132
0.163647
0.167265
0.167431
0.169838
0.169534
0.171513
0.174557
0.175199
0.174040
0.176939
0.172506
0.172426
0.173373
0.173123
0.174039
0.175039
0.175060
0.174460
0.179039
0.170898
0.167564
0.163392
0.165036
0.162729
0.163940
0.163500
0.164106
0.160035
0.160035
0.160036
0.159035
0.160035
0.158348
0.159035
0.164037
0.167619
0.165940
0.173046
0.176083
0.180281
0.176233
0.167037
0.164191
0.161080
0.160279
0.160011
0.158492
0.161036
0.158176
0.159222
0.160494
0.159599
0.158271
0.160124
0.161230
0.166497
0.169718
0.171154
0.172038
0.172250
0.171499
0.174201
0.177040
0.177059
0.178128
0.149033
0.162036
0.160096
0.161336
0.161036
0.161159
0.162087
0.161180
0.160805
0.145032
0.175039
0.172952
0.171058
0.178040
0.176564
0.172038
0.165083
0.163052
0.160278
0.161035
0.162170
0.161132
0.162242
0.160555
0.162036
0.160446
0.159951
0.161143
0.160115
0.168037
0.170219
0.171038
0.172038
0.173113
0.172039
0.172828
0.173391
0.173446
0.171193
0.173038
0.173268
0.173736
0.183041
0.183040
0.175105
0.168411
0.165424
0.140715
0.160096
0.159358
0.159204
0.162036
0.164079
0.165036
0.166367
0.164357
0.165091
0.167037
0.168060
0.170363
0.169613
0.171108
0.172136
0.173226
0.173013
0.169446
0.177040
0.175039
0.172104
0.168038
0.165036
0.166037
0.164036
0.162370
0.161612
0.159035
0.160298
0.157089
0.160036
0.160035
0.160099
0.158803
0.160140
0.161380
0.161036
0.176278
0.179037
0.175039
0.170618
0.164922
0.162036
0.159732
0.163622
0.163448
0.164037
0.163223
0.165037
0.162835
0.160599
0.158507
0.160269
0.159036
0.161235
0.165036
0.171038
0.168037
0.163037
0.163868
0.160291
0.159258
0.159219
0.162495
0.163036
0.164183
0.162490
0.162438
0.163197
0.164129
0.163652
0.163037
0.163036
0.166115
0.165054
0.184170
0.172038
0.166494
0.164335
0.160035
0.158247
0.160545
0.160269
0.158470
0.159251
0.160017
0.157932
0.160588
0.160038
0.160077
0.159497
0.164038
0.169829
0.169061
0.172040
0.176457
0.176082
0.175221
0.176040
0.176039
0.176039
0.175230
0.175041
0.177215
0.175038
0.176128
0.175833
0.173229
0.176124
0.173038
0.183040
0.175819
0.158036
0.160752
0.158037
0.163597
0.162335
0.163192
0.163036
0.163036
0.162095
0.163036
0.164037
0.149960
0.172368
0.172670
0.169091
0.169246
0.168037
0.173243
0.176241
0.179526
0.179239
0.173038
0.176087
0.174038
0.174222
0.180039
0.175039
0.176039
0.179112
0.176204
0.167037
0.166037
0.162912
0.159129
0.161036
0.159216
0.159385
0.112025
0.180041
0.180039
0.172038
0.168036
0.164036
0.161035
0.166037
0.165036
0.162036
0.161441
0.163414
0.161779
0.162537
0.162035
0.163053
0.163190
0.162286
0.164040
0.161196
0.179514
0.180587
0.183041
0.176039
0.168051
0.164400
0.162130
0.159871
0.159549
0.160188
0.160697
0.158383
0.159474
0.159452
0.160402
0.160573
0.160035
0.158774
0.153034
0.169038
0.170038
0.170038
0.170104
0.171938
0.172491
0.169584
0.174277
0.171303
0.172441
0.171410
0.175078
0.176039
0.174464
0.179040
0.178400
0.179693
0.179503
0.133039
0.161036
0.159034
0.160036
0.159034
0.158503
0.159034
0.160099
0.160035
0.167037
0.167037
0.170037
0.173038
0.171661
0.174038
0.174335
0.172039
0.169040
0.173820
0.182096
0.176545
0.172038
0.168568
0.166414
0.163851
0.161891
0.163000
0.159520
0.159442
0.159223
0.159458
0.158843
0.159035
0.160035
0.159037
0.153034
0.174040
0.170037
0.163117
0.162507
0.161494
0.165747
0.165083
0.162172
0.160170
0.160035
0.160035
0.161075
0.152034
0.159505
0.160829
0.165036
0.171038
0.169037
0.171449
0.169037
0.169037
0.175174
0.175040
0.172038
0.174293
0.174192
0.177274
0.175038
0.178040
0.177275
0.174970
0.175108
0.174038
0.178040
0.177039
0.180039
0.180196
0.181106
0.179141
0.180665
0.181040
0.180264
0.175039
0.171038
0.168037
0.164427
0.161036
0.160036
0.159035
0.159179
0.159035
0.160035
0.161036
0.160182
0.158112
0.160084
0.159549
0.153034
0.168659
0.169037
0.170192
0.170056
0.170112
0.170315
0.170039
0.172038
0.184561
0.163035
0.163417
0.167037
0.170166
0.171677
0.170037
0.168355
0.170482
0.166457
0.178520
0.172451
0.176111
0.179039
0.171038
0.165320
0.164229
0.161035
0.166037
0.168037
0.166344
0.161458
0.162036
0.161036
0.161404
0.163035
0.142031
0.170277
0.164648
0.181136
0.173233
0.167515
0.164038
0.164537
0.162302
0.163531
0.163798
0.163036
0.163036
0.163303
0.163036
0.162499
0.161035
0.162456
0.161284
0.160188
0.161036
0.159481
0.180480
0.179042
0.172037
0.176039
0.176056
0.177610
0.177039
0.177316
0.177041
0.175039
0.174058
0.178041
0.176040
0.175157
0.177413
0.174038
0.170204
0.165692
0.142308
0.159496
0.160280
0.160199
0.160239
0.160096
0.160035
0.159226
0.160098
0.161567
0.168037
0.171122
0.171038
0.172083
0.170732
0.171502
0.175038
0.175342
0.170552
0.179075
0.176039
0.167037
0.164569
0.162035
0.160110
0.159943
0.159548
0.161087
0.161035
0.160035
0.160343
0.160035
0.161036
0.161035
0.161036
0.165956
0.167846
0.167654
0.175156
0.174301
0.177508
0.175039
0.176039
0.177480
0.178039
0.177366
0.180040
0.181040
0.179509
0.172231
0.168144
0.163601
0.161035
0.164036
0.165037
0.163126
0.138980
0.162379
0.160472
0.160125
0.163301
0.166473
0.169140
0.169791
0.170096
0.165896
0.175077
0.170683
0.166036
0.162036
0.160041
0.160036
0.159498
0.159035
0.160174
0.136045
0.160035
0.159100
0.164036
0.166036
0.167322
0.171054
0.173136
0.174076
0.174423
0.175510
0.171641
0.173038
0.172038
0.173813
0.175323
0.175390
0.175159
0.173038
0.169037
0.166037
0.167318
0.164141
0.162132
0.160036
0.162305
0.163982
0.162993
0.160660
0.158441
0.159035
0.159037
0.158388
0.161866
0.167632
0.168535
0.169037
0.172740
0.175291
0.173517
0.173201
0.171110
0.173039
0.173038
0.172038
0.176517
0.176039
0.177039
0.177039
0.179531
0.173512
0.171038
0.167037
0.163238
0.161167
0.162036
0.141439
0.162036
0.163037
0.163036
0.163036
0.162036
0.163035
0.167228
0.170037
0.171101
0.171155
0.172038
0.172115
0.172473
0.174039
0.174105
0.175504
0.174649
0.170037
0.179039
0.174048
0.168494
0.167037
0.164036
0.161108
0.160556
0.159061
0.160036
0.159917
0.159036
0.159342
0.163676
0.139030
0.172040
0.168640
0.168531
0.174448
0.173040
0.173412
0.170334
0.168056
0.162035
0.159497
0.160035
0.159920
0.158742
0.161036
0.159388
0.158369
0.159035
0.159063
0.162036
0.162385
0.164521
0.167037
0.166036
0.165054
0.172428
0.175793
0.177039
0.169036
0.165245
0.163036
0.161035
0.161035
0.162271
0.160035
0.162035
0.162036
0.163230
0.163439
0.161035
0.163036
0.163035
0.162036
0.161211
0.177040
0.175321
0.179040
0.175841
0.168062
0.164037
0.161201
0.158066
0.160035
0.161036
0.160035
0.161061
0.158034
0.161036
0.166056
0.164036
0.160096
0.161036
0.158667
0.171037
0.175039
0.174038
0.171038
0.174098
0.174262
0.176039
0.176039
0.176039
0.173710
0.177068
0.178040
0.174178
0.179070
0.179039
0.177039
0.175425
0.168037
0.165036
0.162036
0.160073
0.162036
0.161036
0.162036
0.161035
0.160157
0.161036
0.161035
0.161035
0.148034
0.174038
0.175403
0.173039
0.174038
0.176039
0.174039
0.177653
0.166095
0.168057
0.165036
0.161035
0.162093
0.164036
0.162831
0.164036
0.163053
0.162805
0.162291
0.159412
0.159035
0.158035
0.162035
0.165036
0.169439
0.170037
0.165036
0.176039
0.180303
0.180039
0.175178
0.166037
0.164088
0.159192
0.159035
0.162036
0.162036
0.159688
0.159035
0.162036
0.161324
0.162035
0.162036
0.161036
0.163247
0.168038
0.173405
0.176039
0.179040
0.179040
0.180040
0.183040
0.176412
0.171037
0.166037
0.163036
0.161076
0.161294
0.160035
0.161036
0.161036
0.161036
0.161036
0.161035
0.149690
0.164036
0.169037
0.171124
0.170038
0.171148
0.172038
0.173039
0.171768
0.172038
0.175369
0.175039
0.178395
0.175082
0.176039
0.163410
0.164127
0.161036
0.165036
0.109046
0.166037
0.169037
0.168102
0.169438
0.170038
0.169860
0.170038
0.177458
0.176039
0.172039
0.173038
0.173038
0.173453
0.173651
0.179040
0.186903
0.182556
0.175099
0.149033
0.159247
0.159035
0.158035
0.161036
0.163375
0.162462
0.164036
0.163361
0.163946
0.162526
0.164682
0.170056
0.168037
0.168037
0.169251
0.171038
0.172039
0.169300
0.175105
0.172038
0.173039
0.173128
0.175039
0.174038
0.178038
0.179509
0.167372
0.164272
0.160035
0.158434
0.165037
0.165050
0.163036
0.164036
0.159158
0.161274
0.139761
0.164563
0.168574
0.168268
0.170437
0.171039
0.171636
0.172039
0.175443
0.173039
0.176440
0.173039
0.175481
0.179040
0.181097
0.180114
0.172038
0.166443
0.165036
0.154034
0.160671
0.160133
0.160119
0.160099
0.159241
0.160481
0.160036
0.160035
0.160035
0.161036
0.164172
0.168241
0.171038
0.169038
0.170108
0.170038
0.170038
0.168037
0.175103
0.170038
0.131029
0.160036
0.160036
0.160035
0.160036
0.160035
0.160663
0.159335
0.166036
0.168365
0.170038
0.170180
0.170242
0.172210
0.171338
0.171038
0.173435
0.178039
0.174038
0.180041
0.176039
0.175039
0.168403
0.165037
0.161036
0.160035
0.160036
0.159035
0.160115
0.160287
0.160036
0.160035
0.160035
0.159035
0.160034
0.158035
0.172039
0.173038
0.175039
0.177113
0.176057
0.177039
0.174039
0.179040
0.175271
0.180040
0.175040
0.170038
0.165037
0.165036
0.163036
0.163097
0.163125
0.163083
0.146033
0.164036
0.164161
0.165037
0.164036
0.166037
0.168058
0.168037
0.170037
0.169683
0.173057
0.174819
0.175094
0.173038
0.174072
0.177039
0.176415
0.177656
0.183039
0.166934
0.167579
0.164036
0.162287
0.163036
0.162400
0.162040
0.161036
0.163036
0.163036
0.163036
0.162035
0.162036
0.162458
0.164411
0.169556
0.170038
0.172038
0.168329
0.180040
0.178040
0.170038
0.168580
0.163574
0.162036
0.162032
0.160561
0.161784
0.162850
0.136915
0.162036
0.166056
0.170052
0.171038
0.171038
0.173038
0.174039
0.169350
0.159142
0.159035
0.160036
0.158035
0.159035
0.162055
0.159128
0.159035
0.159035
0.159035
0.159412
0.161036
0.161036
0.166186
0.166766
0.168670
0.170574
0.173239
0.170038
0.169583
0.165253
0.160335
0.159035
0.158154
0.158310
0.161116
0.158790
0.160036
0.159035
0.159035
0.158035
0.160036
0.162036
0.166037
0.169104
0.169037
0.169556
0.169476
0.178040
0.175039
0.175038
0.174039
0.180055
0.174424
0.168037
0.163036
0.160519
0.159382
0.159035
0.160453
0.160590
0.159069
0.160035
0.160253
0.164036
0.164037
0.153034
0.173168
0.173039
0.177039
0.170038
0.169327
0.171038
0.172038
0.172039
0.173038
0.172038
0.171718
0.175384
0.175117
0.172039
0.178039
0.176804
0.171043
0.170114
0.169037
0.163036
0.159547
0.158035
0.160036
0.159100
0.159036
0.160035
0.160139
0.159078
0.159554
0.159053
0.160035
0.158419
0.164037
0.162155
0.078412
0.076431
0.076134
0.076017
0.074473
0.083600
0.073934
0.082078
0.078017
0.078017
0.078017
0.078017
0.077016
0.078017
0.077017
0.078017
0.077980
0.081404
0.079946
0.078017
0.077017
0.076432
0.078236
0.078253
0.083245
0.082978
0.082298
0.082188
0.084018
0.100023
0.095706
0.170038
0.164109
0.177039
0.175038
0.143031
0.144032
0.159035
0.163036
0.166037
0.165134
0.163054
0.164037
0.164037
0.164138
0.167037
0.167453
0.167037
0.167037
0.167665
0.168331
0.167037
0.168037
0.168037
0.167037
0.168753
0.168037
0.195044
0.169037
0.166036
0.163036
0.163414
0.163036
0.162878
0.164195
0.164679
0.163290
0.164036
0.164037
0.169016
0.169419
0.133048
0.150727
0.159961
0.165037
0.165037
0.165310
0.166037
0.167286
0.166880
0.167036
0.168083
0.168063
0.167896
0.167037
0.169037
0.168089
0.168311
0.169037
0.168358
0.167037
0.168037
0.168037
0.161281
0.179981
0.177093
0.180039
0.176297
0.175039
0.141111
0.151033
0.163036
0.165036
0.165363
0.165501
0.165036
0.165036
0.165036
0.165036
0.126672
0.175743
0.179702
0.176227
0.178826
0.177192
0.180378
0.175859
0.179585
0.180792
0.180453
0.176159
0.180485
0.176049
0.179379
0.148983
0.125657
0.146711
0.164744
0.165169
0.164897
0.163547
0.164654
0.163660
0.172519
0.171010
0.168274
0.167088
0.171069
0.172298
0.169647
0.170022
0.170325
0.169273
0.168925
0.169424
0.168325
0.169642
0.167438
0.168770
0.167714
0.166895
0.168324
0.168537
0.166348
0.161103
0.181585
0.154008
0.132085
0.152323
0.163275
0.166143
0.165463
0.166442
0.164945
0.158796
0.156112
0.178522
0.178568
0.177560
0.178319
0.148997
0.164736
0.164288
0.165794
0.164824
0.164681
0.165427
0.165898
0.148663
0.161886
0.165439
0.164361
0.165958
0.165057
0.164428
0.165058
0.164483
0.156868
0.162725
0.166257
0.161964
0.166550
0.165503
0.165571
0.167820
0.168008
0.164031
0.176085
0.176028
0.174036
0.173178
0.167350
0.135245
0.151185
0.162731
0.165119
0.165002
0.165815
0.165936
0.165261
0.165547
0.165296
0.164874
0.166711
0.165195
0.166926
0.165587
0.165181
0.166423
0.166405
0.167478
0.166187
0.167917
0.147434
0.166557
0.171716
0.173242
0.172697
0.172092
0.169685
0.166220
0.174215
0.175984
0.176691
0.174080
0.173523
0.169248
0.180264
0.179269
0.179768
0.181421
0.172807
0.154947
0.164118
0.162815
0.165212
0.159549
0.148527
0.161298
0.164389
0.163684
0.164880
0.162562
0.164853
0.165894
0.163828
0.163481
0.163762
0.164311
0.165341
0.165558
0.164964
0.166909
0.165487
0.165554
0.166484
0.165930
0.166598
0.166016
0.166672
0.165347
0.165697
0.166463
0.162624
0.160884
0.170646
0.172064
0.170783
0.170298
0.169627
0.169035
0.172566
0.166213
0.167830
0.168436
0.168749
0.169092
0.169302
0.166363
0.174448
0.174294
0.174393
0.174900
0.169908
0.177666
0.178029
0.173336
0.171805
0.169950
0.168653
0.167916
0.167944
0.167202
0.165561
0.166136
0.165708
0.165327
0.166001
0.165232
0.145492
0.161375
0.165315
0.165605
0.165980
0.165035
0.166427
0.166724
0.165066
0.147218
0.162865
0.165878
0.166981
0.166233
0.164753
0.166485
0.167947
0.169091
0.169168
0.171459
0.166327
0.165343
0.165050
0.165814
0.166710
0.166502
0.165924
0.166376
0.165761
0.166241
0.165741
0.166319
0.165527
0.166851
0.167392
0.168156
0.166178
0.174130
0.176140
0.175408
0.174254
0.172441
0.172699
0.171638
0.170094
0.168807
0.169184
0.170502
0.168959
0.169509
0.168593
0.167396
0.173751
0.171102
0.171009
0.170935
0.169177
0.170390
0.165877
0.174371
0.171666
0.173943
0.171880
0.169951
0.172440
0.169512
0.170217
0.172772
0.170959
0.170415
0.167019
0.167497
0.167558
0.167060
0.165837
0.168545
0.167718
0.165930
0.167226
0.165175
0.170682
0.170090
0.171132
0.169522
0.167815
0.170051
0.170221
0.171311
0.170884
0.170682
0.169717
0.170531
0.171097
0.171410
0.171337
0.169340
0.171217
0.170174
0.171093
0.168074
0.166828
0.164802
0.164100
0.164240
0.163623
0.167361
0.163558
0.158062
0.154850
0.168911
0.170078
0.171357
0.166660
0.176348
0.174743
0.174810
0.178457
0.181251
0.175352
0.175372
0.173827
0.177755
0.176616
0.173991
0.176962
0.175198
0.176439
0.173813
0.174470
0.173249
0.171484
0.170613
0.169117
0.167484
0.167582
0.168187
0.168245
0.166624
0.168267
0.167385
0.168147
0.167929
0.166008
0.171605
0.170876
0.168808
0.169986
0.169535
0.172428
0.171829
0.168714
0.166804
0.166446
0.166847
0.168744
0.169361
0.168234
0.167687
0.163047
0.171156
0.171999
0.169441
0.169663
0.169066
0.167479
0.171953
0.169721
0.167045
0.165914
0.164668
0.163481
0.165206
0.165119
0.164296
0.164802
0.164621
0.164364
0.167856
0.165398
0.163508
0.146955
0.160492
0.163381
0.164627
0.163718
0.163548
0.163524
0.163530
0.163600
0.164660
0.151857
0.160513
0.164594
0.163815
0.164601
0.163895
0.164523
0.164312
0.165099
0.166032
0.165584
0.166687
0.167698
0.167641
0.168956
0.168465
0.168730
0.168348
0.167958
0.168586
0.168524
0.167986
0.169194
0.168585
0.170006
0.168394
0.169314
0.168902
0.166418
0.172080
0.170134
0.176688
0.181074
0.178508
0.180189
0.179466
0.183584
0.180302
0.174773
0.173350
0.170191
0.170083
0.167959
0.169620
0.168380
0.168387
0.165558
0.163836
0.163161
0.163345
0.126424
0.162036
0.165350
0.165581
0.164322
0.146910
0.161991
0.168506
0.172817
0.174106
0.170918
0.170398
0.169276
0.168389
0.169860
0.166428
0.172602
0.171836
0.176131
0.176615
0.176328
0.178431
0.178017
0.177481
0.174963
0.173475
0.171183
0.171765
0.170186
0.171874
0.174134
0.172076
0.171841
0.171431
0.171179
0.169480
0.168721
0.169051
0.166241
0.173695
0.174295
0.173614
0.173163
0.175702
0.175865
0.175467
0.175466
0.173007
0.170852
0.180983
0.177682
0.175470
0.173362
0.174246
0.173561
0.169878
0.158885
0.160705
0.165556
0.164454
0.165253
0.165406
0.165247
0.165293
0.165914
0.164001
0.165778
0.166083
0.165463
0.165714
0.156260
0.162088
0.164427
0.165280
0.165541
0.167148
0.165452
0.165744
0.164728
0.164247
0.165087
0.165851
0.164289
0.154739
0.162505
0.165161
0.165235
0.167448
0.169737
0.168331
0.169076
0.169458
0.169506
0.168268
0.167367
0.168004
0.168345
0.168931
0.168388
0.169432
0.169846
0.168917
0.169461
0.167540
0.173360
0.172845
0.172964
0.169915
0.171196
0.172129
0.170735
0.170972
0.171170
0.171518
0.170692
0.170897
0.170426
0.170774
0.170679
0.171685
0.171483
0.170433
0.170872
0.171449
0.170922
0.171253
0.165188
0.165171
0.165499
0.166082
0.164567
0.165814
0.164733
0.158735
0.173652
0.172970
0.171329
0.172220
0.170971
0.170445
0.168827
0.169932
0.167642
0.169260
0.172851
0.171976
0.170741
0.171431
0.168183
0.169361
0.169275
0.166416
0.174363
0.174670
0.173716
0.170923
0.171618
0.173146
0.175110
0.174652
0.173278
0.173341
0.171083
0.169102
0.168837
0.169810
0.167075
0.172883
0.174500
0.172726
0.171496
0.172940
0.171210
0.170754
0.170798
0.171038
0.170439
0.169960
0.170489
0.169681
0.167300
0.167549
0.167847
0.167797
0.168656
0.167717
0.169400
0.168936
0.167785
0.166742
0.169921
0.174103
0.171500
0.171358
0.172363
0.170119
0.168739
0.168652
0.168808
0.168300
0.166256
0.167477
0.169296
0.166560
0.171567
0.171962
0.172284
0.171382
0.171365
0.169884
0.169289
0.168278
0.168037
0.168330
0.167037
0.167851
0.166146
0.165100
0.166677
0.170707
0.169965
0.170625
0.171664
0.171124
0.169101
0.168144
0.168582
0.169140
0.166834
0.167233
0.167067
0.168080
0.167880
0.168553
0.169067
0.167188
0.166578
0.168918
0.166183
0.168054
0.166960
0.167884
0.166718
0.167913
0.165539
0.169715
0.170878
0.169934
0.168678
0.169280
0.169258
0.167630
0.170301
0.167279
0.170284
0.173751
0.171096
0.170961
0.170839
0.169508
0.169530
0.168873
0.169206
0.164581
0.172722
0.174835
0.177133
0.081006
0.169069
0.170078
0.168112
0.168968
0.169647
0.167950
0.169275
0.165403
0.171867
0.170619
0.171515
0.170990
0.169060
0.170199
0.168440
0.169550
0.170164
0.169978
0.168154
0.166883
0.168406
0.166038
0.165150
0.164972
0.165599
0.167118
0.165304
0.165613
0.166664
0.164808
0.164543
0.164999
0.165451
0.167228
0.165890
0.165387
0.165988
0.166299
0.140693
0.167728
0.174740
0.181709
0.175795
0.143733
0.151243
0.162032
0.167643
0.165016
0.165464
0.164737
0.165623
0.167673
0.146921
0.161308
0.165125
0.164942
0.165835
0.164684
0.166247
0.165790
0.156550
0.176817
0.177234
0.177368
0.178362
0.175242
0.143692
0.107171
0.158561
0.174982
0.153645
0.166526
0.165547
0.164662
0.166923
0.164578
0.164862
0.166217
0.164134
0.165250
0.165606
0.165087
0.175061
0.176558
0.173281
0.170505
0.169635
0.168905
0.167292
0.166152
0.171141
0.167170
0.164887
0.165057
0.133637
0.160775
0.164591
0.163361
0.165461
0.165256
0.164999
0.164875
0.165988
0.164784
0.165037
0.164206
0.171908
0.163656
0.163724
0.165477
0.165720
0.164923
0.166185
0.164671
0.164464
0.163717
0.164343
0.164213
0.151042
0.160618
0.164843
0.163770
0.165176
0.163974
0.164622
0.166045
0.166005
0.164537
0.164943
0.158424
0.169660
0.170409
0.167020
0.166824
0.166443
0.168272
0.169670
0.170466
0.166522
0.166427
0.164228
0.172195
0.174429
0.171740
0.168610
0.166297
0.166596
0.167694
0.167514
0.169116
0.166919
0.167448
0.164830
0.166709
0.175857
0.171499
0.170307
0.167327
0.172646
0.174252
0.173595
0.168174
0.169095
0.167344
0.166220
0.165334
0.166953
0.166898
0.166203
0.166427
0.165509
0.168036
0.166313
0.163060
0.171669
0.172755
0.172743
0.171162
0.171107
0.171690
0.169995
0.167777
0.168086
0.173639
0.172093
0.170040
0.171199
0.171165
0.170555
0.169363
0.168670
0.168147
0.168664
0.168341
0.168301
0.168647
0.168471
0.164054
0.171427
0.175090
0.171626
0.173167
0.167960
0.168039
0.147236
0.164469
0.164266
0.164498
0.156237
0.161062
0.165226
0.165287
0.164666
0.164517
0.166006
0.165457
0.164855
0.167722
0.165187
0.166025
0.164621
0.152166
0.161701
0.164901
0.164874
0.164338
0.164514
0.164599
0.166150
0.165489
0.165298
0.165810
0.151515
0.171009
0.168822
0.168756
0.168300
0.169096
0.168643
0.167660
0.168757
0.168268
0.167958
0.168563
0.169463
0.169020
0.166895
0.168319
0.172400
0.174355
0.173319
0.174005
0.173194
0.171118
0.170456
0.169913
0.169101
0.168062
0.168091
0.167708
0.167298
0.167180
0.167060
0.169209
0.163842
0.173281
0.174525
0.172037
0.172484
0.171316
0.170292
0.174207
0.172702
0.170439
0.170720
0.169340
0.168625
0.169244
0.169301
0.170280
0.168845
0.167986
0.167976
0.168095
0.168692
0.165243
0.168022
0.166507
0.169130
0.171860
0.168758
0.172984
0.171901
0.176780
0.177227
0.170281
0.170772
0.169577
0.172070
0.174148
0.173355
0.168994
0.168220
0.168683
0.168069
0.166554
0.166776
0.167282
0.162086
0.176661
0.175394
0.170012
0.171220
0.169679
0.168397
0.166929
0.162243
0.148723
0.161409
0.165625
0.165347
0.164262
0.164219
0.164957
0.164707
0.164875
0.164674
0.164680
0.165982
0.163768
0.164577
0.164381
0.163125
0.164875
0.163383
0.164760
0.165097
0.164237
0.164412
0.174263
0.171932
0.168449
0.167758
0.165380
0.165756
0.163808
0.166316
0.164897
0.154946
0.161043
0.164770
0.166415
0.166359
0.165270
0.165658
0.165717
0.164031
0.165311
0.166022
0.165114
0.165783
0.159864
0.178260
0.178142
0.178774
0.175318
0.177663
0.175578
0.172078
0.171723
0.173881
0.173239
0.176527
0.174155
0.169766
0.165245
0.174715
0.173957
0.171986
0.174378
0.173896
0.173287
0.173648
0.172859
0.171240
0.174553
0.174119
0.172096
0.171530
0.172159
0.171227
0.174506
0.175026
0.174386
0.172740
0.171577
0.171235
0.168127
0.168264
0.167799
0.168284
0.166169
0.166939
0.167451
0.164505
0.165937
0.166999
0.168944
0.165498
0.165784
0.167011
0.167861
0.166734
0.168059
0.167890
0.166098
0.167464
0.165690
0.166547
0.167011
0.166838
0.168319
0.167544
0.167650
0.167239
0.167246
0.167366
0.166898
0.168765
0.167969
0.167270
0.168257
0.174358
0.173223
0.169394
0.168033
0.168548
0.169182
0.168414
0.168623
0.169838
0.168316
0.168876
0.168645
0.169631
0.168630
0.168953
0.169400
0.166478
0.169567
0.167795
0.168036
0.170172
0.168381
0.167770
0.169363
0.168579
0.167506
0.168042
0.169049
0.170060
0.168320
0.169553
0.168994
0.168506
0.168271
0.166760
0.167022
0.167656
0.165155
0.167832
0.166229
0.166117
0.166114
0.166195
0.166108
0.165697
0.166898
0.165859
0.167647
0.165272
0.166814
0.166810
0.166093
0.166558
0.167979
0.168926
0.170262
0.168837
0.169818
0.167903
0.169272
0.169742
0.169957
0.169289
0.169484
0.169832
0.169731
0.170467
0.167557
0.166795
0.167424
0.165994
0.168194
0.168018
0.168936
0.166477
0.169766
0.166111
0.166773
0.166709
0.167901
0.167122
0.167077
0.167027
0.169727
0.167423
0.167431
0.166340
0.166425
0.171455
0.169189
0.168953
0.167827
0.168913
0.168705
0.169096
0.168283
0.169536
0.168585
0.169545
0.168242
0.170379
0.168905
0.167046
0.168895
0.166722
0.175710
0.175842
0.174242
0.170977
0.170067
0.168298
0.170836
0.170753
0.167891
0.166965
0.170655
0.172926
0.171660
0.169266
0.168878
0.169030
0.167877
0.170099
0.167729
0.168446
0.171522
0.173345
0.174111
0.174109
0.174612
0.170089
0.181328
0.180098
0.176947
0.178033
0.181611
0.181785
0.181324
0.177519
0.181456
0.180746
0.179379
0.178322
0.172521
0.171406
0.172995
0.170292
0.169800
0.166900
0.166215
0.166979
0.165264
0.166514
0.163343
0.164362
0.163376
0.164415
0.164608
0.163954
0.164397
0.163715
0.163583
0.164574
0.164249
0.165713
0.164796
0.164357
0.164257
0.145074
0.164683
0.164866
0.162805
0.163397
0.165038
0.165411
0.163389
0.164458
0.166886
0.164179
0.164870
0.165555
0.164917
0.165413
0.165799
0.168393
0.169303
0.170033
0.168262
0.164907
0.164809
0.164518
0.164106
0.165770
0.165630
0.165579
0.164750
0.165388
0.165241
0.165242
0.160552
0.165475
0.163729
0.165802
0.163685
0.164998
0.164855
0.164034
0.165172
0.164366
0.165333
0.165484
0.165401
0.164783
0.164525
0.163171
0.165355
0.164950
0.164165
0.165023
0.163503
0.165062
0.164476
0.164338
0.165612
0.164531
0.165596
0.163911
0.165050
0.163740
0.164237
0.163783
0.168736
0.168596
0.169500
0.170009
0.169770
0.169312
0.168867
0.165730
0.165690
0.165261
0.165512
0.165939
0.164179
0.164457
0.164965
0.166174
0.164109
0.164719
0.165109
0.164640
0.165405
0.165221
0.166661
0.166657
0.166382
0.169178
0.168445
0.169752
0.169908
0.170780
0.168222
0.169698
0.168797
0.170311
0.169464
0.169472
0.170099
0.168823
0.169594
0.168753
0.169639
0.168267
0.168299
0.168907
0.168587
0.168143
0.168121
0.168274
0.169009
0.169179
0.167392
0.168339
0.168337
0.169721
0.169092
0.170676
0.169446
0.169667
0.169762
0.169248
0.171315
0.170838
0.170515
0.167783
0.168272
0.167932
0.166814
0.166869
0.166665
0.166144
0.167571
0.166701
0.166133
0.167379
0.165856
0.154947
0.172318
0.172416
0.170573
0.169523
0.168918
0.170020
0.169389
0.169834
0.171025
0.164122
0.175510
0.177346
0.176295
0.171381
0.171764
0.169327
0.170189
0.169497
0.170570
0.171207
0.168672
0.167789
0.167126
0.167820
0.168069
0.165767
0.165412
0.163847
0.164872
0.165800
0.164994
0.164654
0.164829
0.163713
0.165216
0.164347
0.164914
0.165402
0.163950
0.165447
0.164552
0.160827
0.164772
0.165542
0.165699
0.165611
0.163401
0.163867
0.165121
0.165926
0.166146
0.164811
0.165350
0.165289
0.165286
0.164364
0.165592
0.167233
0.166909
0.168586
0.168513
0.168798
0.168163
0.167991
0.170837
0.168107
0.169457
0.170256
0.169533
0.169258
0.167947
0.169806
0.169849
0.169213
0.168336
0.168824
0.169365
0.169523
0.169259
0.170539
0.167946
0.171245
0.169530
0.167778
0.167643
0.166932
0.166195
0.166938
0.167736
0.166967
0.167680
0.167479
0.167047
0.166488
0.168040
0.167873
0.167053
0.167430
0.166512
0.168016
0.167496
0.168204
0.166934
0.167503
0.167068
0.167390
0.166604
0.167002
0.168310
0.166350
0.167536
0.166566
0.167472
0.168250
0.169037
0.166752
0.166513
0.167233
0.167074
0.167849
0.167180
0.167263
0.167064
0.166869
0.167830
0.165756
0.167825
0.167250
0.167421
0.166467
0.169123
0.169512
0.168649
0.168990
0.168081
0.168904
0.169209
0.168820
0.166510
0.164950
0.165502
0.165182
0.167178
0.168248
0.167301
0.167462
0.165965
0.167334
0.169468
0.166826
0.168537
0.167646
0.167330
0.166161
0.167657
0.167516
0.167676
0.166675
0.167013
0.166767
0.167761
0.166944
0.167188
0.167480
0.166680
0.167223
0.169309
0.166888
0.166128
0.166842
0.166322
0.166621
0.167163
0.167471
0.167656
0.166565
0.166399
0.166980
0.168142
0.167051
0.166934
0.167763
0.166959
0.167022
0.166984
0.167954
0.167205
0.168894
0.167549
0.166318
0.168516
0.168831
0.167241
0.167858
0.167769
0.169726
0.166489
0.166386
0.167177
0.166615
0.167457
0.167545
0.166828
0.166920
0.169689
0.170561
0.170865
0.169481
0.168435
0.169211
0.167431
0.167201
0.167956
0.168604
0.171440
0.171524
0.171764
0.167941
0.168415
0.168234
0.168199
0.166681
0.168880
0.168285
0.169128
0.167359
0.168158
0.168179
0.168561
0.169371
0.168974
0.167693
0.167381
0.168277
0.168963
0.167304
0.167823
0.167730
0.165310
0.166990
0.166693
0.169238
0.164745
0.165454
0.164667
0.164693
0.165565
0.164364
0.160515
0.164545
0.165349
0.165771
0.165364
0.165235
0.165572
0.165691
0.164679
0.167172
0.166670
0.166970
0.165313
0.165502
0.166426
0.166737
0.167881
0.168182
0.168290
0.167515
0.168574
0.168436
0.167834
0.168598
0.168627
0.167869
0.167288
0.168054
0.168531
0.168702
0.168123
0.167573
0.168862
0.167677
0.168963
0.169740
0.168255
0.167919
0.167721
0.167924
0.167923
0.168539
0.168171
0.168003
0.168580
0.168047
0.168632
0.167554
0.167692
0.169074
0.168737
0.169025
0.168858
0.170528
0.165045
0.175835
0.171508
0.178576
0.173036
0.172168
0.172337
0.170525
0.169990
0.171664
0.171796
0.171244
0.170727
0.169297
0.169572
0.169034
0.167898
0.168686
0.167726
0.168868
0.168175
0.169227
0.168352
0.170029
0.167444
0.167820
0.167140
0.167466
0.166896
0.168062
0.165371
0.164901
0.165436
0.166414
0.165622
0.165847
0.165534
0.164226
0.165803
0.165930
0.165825
0.166574
0.165084
0.165866
0.165503
0.165747
0.165373
0.166072
0.168696
0.166209
0.165284
0.165632
0.165880
0.164590
0.165826
0.166358
0.164350
0.165047
0.164893
0.164213
0.165491
0.166068
0.166361
0.165360
0.164964
0.165411
0.165870
0.166262
0.165977
0.166010
0.166079
0.166230
0.165479
0.165441
0.164526
0.165391
0.164723
0.165094
0.166460
0.146705
0.165457
0.165365
0.165741
0.165470
0.165692
0.165722
0.166594
0.167311
0.166403
0.168147
0.167469
0.167751
0.166616
0.167720
0.167434
0.167732
0.167477
0.168453
0.167544
0.167272
0.167806
0.168246
0.168213
0.169235
0.168446
0.168160
0.167945
0.170205
0.167740
0.168206
0.167551
0.167212
0.168975
0.166944
0.166571
0.168563
0.168005
0.168670
0.167340
0.167211
0.167036
0.167355
0.166709
0.167157
0.168269
0.169051
0.167463
0.167407
0.169084
0.166727
0.167284
0.168306
0.167966
0.166785
0.169037
0.167145
0.168161
0.168223
0.166402
0.165404
0.166502
0.165129
0.166031
0.164677
0.165822
0.164635
0.166152
0.164513
0.165895
0.165736
0.165522
0.165897
0.166518
0.164993
0.164061
0.165508
0.164809
0.166468
0.165097
0.166268
0.166455
0.166953
0.166981
0.168111
0.168124
0.167957
0.168620
0.167011
0.168313
0.168250
0.168288
0.167386
0.168384
0.166934
0.168039
0.169020
0.168865
0.168670
0.168329
0.168711
0.167212
0.167854
0.169323
0.168716
0.168862
0.169711
0.167794
0.169632
0.167276
0.167389
0.167300
0.167666
0.168859
0.167882
0.168654
0.168095
0.169033
0.168833
0.168332
0.169564
0.168683
0.168586
0.167788
0.166829
0.167379
0.168016
0.168148
0.167711
0.166902
0.167653
0.167999
0.168325
0.167403
0.167540
0.168056
0.167053
0.167132
0.169162
0.168945
0.169142
0.166716
0.167519
0.167367
0.168230
0.168150
0.168780
0.168596
0.168960
0.168129
0.167049
0.168678
0.167025
0.168726
0.168458
0.167114
0.167511
0.169393
0.168636
0.167679
0.168954
0.168701
0.168309
0.168095
0.167771
0.167807
0.168874
0.167460
0.169159
0.168369
0.168949
0.167427
0.167218
0.168799
0.168161
0.168239
0.169874
0.168492
0.168720
0.168334
0.168373
0.168694
0.168781
0.168447
0.169324
0.167996
0.167452
0.168067
0.167420
0.167880
0.166972
0.168305
0.167411
0.167640
0.166965
0.167767
0.166050
0.166085
0.167922
0.166743
0.168824
0.167769
0.167196
0.166988
0.167035
0.167969
0.167603
0.169428
0.168395
0.167656
0.169450
0.168608
0.168193
0.168789
0.168731
0.166843
0.168123
0.168133
0.167363
0.169725
0.168372
0.167118
0.168226
0.167713
0.168184
0.170179
0.169023
0.169693
0.168278
0.167020
0.169406
0.168178
0.169710
0.169275
0.169008
0.169151
0.168479
0.167670
0.169171
0.168209
0.167169
0.166810
0.168503
0.168393
0.167876
0.168471
0.169138
0.168356
0.167961
0.168724
0.169003
0.168370
0.170006
0.168569
0.168725
0.168456
0.167717
0.169090
0.168845
0.169084
0.168028
0.169167
0.168956
0.167912
0.168608
0.169406
0.168895
0.169310
0.168182
0.169046
0.169522
0.167829
0.168512
0.169164
0.168544
0.169814
0.167233
0.168885
0.168735
0.169456
0.168404
0.167764
0.168049
0.167449
0.168017
0.168210
0.169773
0.168871
0.170051
0.167249
0.168893
0.163646
0.076272
0.077514
0.076882
0.075596
0.094555
0.093629
0.075959
0.078266
0.076409
0.075818
0.076777
0.076059
0.076255
0.077436
0.077090
0.077791
0.097965
0.080606
0.075495
0.075605
0.077102
0.077511
0.075967
0.076852
0.080513
0.077930
0.091492
0.091436
0.094339
0.172253
0.171855
0.109517
0.155424
0.156371
0.123955
0.162936
0.177153
0.171246
0.135026
0.157074
0.136915
0.157465
0.154360
0.175248
0.137252
0.156790
0.157632
0.159776
0.159558
0.159707
0.160236
0.156665
0.177366
0.146407
0.134089
0.160312
0.160097
0.152357
0.173823
0.136648
0.154856
0.155130
0.192692
0.131247
0.155437
0.154078
0.164037
0.171147
0.165247
0.161877
0.157052
0.154291
0.158303
0.156389
0.156971
0.157195
0.155749
0.157327
0.165047
0.172387
0.174410
0.171045
0.171266
0.173249
0.170982
0.176293
0.174338
0.179679
0.171068
0.164594
0.160516
0.155755
0.158944
0.158872
0.158720
0.159577
