214	192	86	74
194	180	107	80
195	173	106	93
198	170	100	100
197	169	100	100
197	175	101	89
193	181	109	76
195	174	105	92
198	165	98	98
191	171	113	88
197	183	100	80
196	178	103	90
199	185	97	77
197	175	99	87
195	172	93	93
195	178	94	83
198	175	89	89
198	175	89	89
198	184	90	72
196	180	92	81
199	177	87	87
199	172	87	87
199	173	88	88
198	180	88	88
198	180	89	89
193	180	89	89
193	179	90	90
192	179	90	90
192	179	91	91
192	178	91	91
191	178	92	92
191	178	92	92
191	178	93	93
191	177	93	93
190	177	94	94
190	177	94	94
190	176	95	95
189	176	95	95
199	176	76	96
195	181	86	86
194	176	86	86
203	175	69	87
200	175	78	89
205	177	67	84
201	176	75	86
198	179	81	81
198	173	82	93
204	175	70	88
199	174	79	90
196	177	84	84
196	177	85	85
196	176	85	85
204	177	68	86
206	176	77	88
204	179	83	83
203	179	83	83
203	178	84	84
203	178	84	84
203	171	85	85
203	172	85	85
202	171	86	86
202	172	86	86
202	172	87	87
202	173	87	87
201	173	88	88
201	178	88	78
203	176	84	84
203	177	84	84
203	177	85	85
202	177	85	85
202	177	86	86
202	176	86	86
202	176	87	87
201	176	87	87
201	175	88	88
201	175	88	88
200	176	89	89
200	175	89	89
200	175	90	90
200	175	90	90
208	175	72	91
204	180	81	81
204	181	82	82
203	181	82	82
203	181	83	83
203	177	83	83
202	177	84	84
202	177	84	84
202	177	85	85
201	176	85	85
201	176	86	86
201	176	86	86
201	175	87	87
200	175	87	87
200	175	88	88
200	174	88	88
195	168	89	89
194	175	89	89
194	175	90	90
194	174	90	90
194	164	91	91
193	172	91	91
193	172	92	92
193	171	92	92
194	171	93	93
194	171	93	93
193	170	94	94
194	170	94	94
194	170	95	95
194	170	95	95
194	169	96	96
194	179	96	77
200	175	87	87
200	174	87	87
200	174	88	88
192	174	88	88
192	173	89	89
192	173	89	89
193	173	90	90
193	173	90	90
194	172	91	91
193	172	91	91
194	167	92	92
194	167	92	92
195	168	93	93
195	168	93	93
196	169	94	94
182	168	94	94
182	163	95	95
191	163	76	95
187	169	85	85
186	176	86	86
186	176	86	86
186	171	87	87
185	171	87	87
185	171	88	88
185	171	88	88
185	172	89	89
184	172	89	89
184	172	90	90
184	172	90	90
183	171	91	91
183	171	91	91
183	171	92	92
183	171	92	92
182	170	93	93
182	170	93	93
182	170	94	94
181	169	94	94
181	170	95	95
182	169	95	95
182	161	96	96
182	169	96	96
182	169	97	97
192	170	78	97
187	175	87	87
187	175	88	88
186	176	88	88
186	176	89	89
186	176	89	89
185	175	90	90
185	175	90	90
185	175	91	91
184	175	91	91
184	174	92	92
184	174	92	92
184	174	93	93
183	173	93	93
183	173	94	94
183	173	94	94
182	172	95	95
182	172	95	95
182	172	96	96
181	172	96	96
191	171	77	97
186	177	87	87
186	176	88	88
185	176	88	88
185	176	89	89
185	176	89	89
185	175	90	90
184	175	90	90
184	175	91	91
184	174	91	91
183	174	92	92
183	174	92	92
183	174	93	93
182	174	93	93
192	174	75	94
187	179	84	84
187	179	85	85
186	179	85	85
186	178	86	86
186	173	86	86
185	173	87	87
185	173	87	87
185	173	88	88
185	172	88	88
184	173	89	89
184	173	89	89
184	173	90	90
192	173	72	90
188	185	81	81
195	185	81	81
194	178	82	82
194	178	82	82
194	178	83	83
194	178	83	83
193	178	84	84
193	177	84	84
193	177	85	85
192	177	85	85
192	176	86	86
192	176	86	86
192	176	87	87
191	176	87	87
191	175	88	88
191	175	88	88
190	175	89	89
190	174	89	89
190	174	90	90
189	174	90	90
190	173	91	91
190	173	91	91
189	173	92	92
189	173	92	92
189	172	93	93
188	172	93	93
188	172	94	94
189	172	94	94
198	173	76	95
194	187	85	85
210	187	68	86
206	186	77	88
203	188	83	83
203	188	83	83
202	188	84	84
202	187	84	84
202	187	85	85
202	187	85	85
217	187	68	86
213	185	77	88
210	189	83	83
210	189	83	83
210	189	84	84
210	188	84	84
210	184	85	85
209	183	85	85
210	183	86	86
209	183	86	86
209	182	87	87
209	182	87	87
209	182	88	88
208	182	88	88
208	181	89	89
217	181	71	89
219	186	80	80
219	186	81	81
219	186	81	81
218	186	82	82
218	186	82	82
218	186	83	83
217	186	83	83
217	185	84	84
217	185	84	84
217	185	85	85
232	185	68	85
228	185	76	87
225	187	82	82
225	188	83	83
224	188	83	83
224	188	84	84
224	188	84	84
224	188	85	85
223	188	85	85
223	188	86	86
223	188	86	86
222	187	87	87
231	188	69	87
227	187	78	90
224	190	84	84
224	190	85	85
224	190	85	85
223	189	86	86
223	189	86	86
223	189	87	87
222	189	87	87
222	188	88	88
222	188	88	88
222	188	89	89
230	189	71	89
226	194	80	80
225	194	81	81
225	193	81	81
225	193	82	82
225	193	82	82
224	193	83	83
224	192	83	83
224	193	84	84
223	192	84	84
223	192	85	85
223	192	85	85
223	192	86	86
231	193	69	86
227	204	77	77
226	203	78	78
226	197	78	90
223	200	84	84
223	200	85	85
222	200	85	85
222	200	86	86
222	200	86	86
222	195	87	87
221	195	87	87
221	195	88	88
221	195	88	88
220	194	89	89
220	194	89	89
220	194	90	90
220	193	90	90
219	193	91	91
219	193	91	91
228	192	73	92
223	198	82	82
223	197	83	83
223	197	83	83
222	197	84	84
222	197	84	84
222	197	85	85
221	197	85	85
221	196	86	86
221	196	86	86
221	196	87	87
220	195	87	87
220	195	88	88
220	195	88	88
219	195	89	89
219	194	89	89
219	195	90	90
219	194	90	90
218	194	91	91
218	194	91	91
218	194	92	92
217	193	92	92
217	193	93	93
217	193	93	93
226	192	75	94
221	198	84	84
221	197	85	85
221	197	85	85
220	197	86	86
220	197	86	86
220	196	87	87
219	196	87	87
219	196	88	88
219	195	88	88
219	195	89	89
218	195	89	89
218	194	90	90
218	194	90	90
217	194	91	91
217	194	91	91
217	188	92	92
216	188	92	92
216	188	93	93
216	188	93	93
216	187	94	94
215	187	94	94
225	187	76	95
220	192	85	85
220	193	86	86
219	192	86	86
219	192	87	87
219	192	87	87
218	191	88	88
218	191	88	88
227	191	71	89
222	195	80	80
222	189	80	92
228	192	69	86
223	191	77	88
220	194	83	83
220	194	84	84
220	194	84	84
219	194	85	85
219	194	85	85
219	194	86	86
219	194	86	86
227	193	69	87
223	192	78	89
220	195	84	84
220	194	84	84
220	194	85	85
219	194	85	85
228	194	68	86
224	192	77	88
221	195	83	83
221	195	83	83
221	194	84	84
220	194	84	84
220	194	85	85
220	193	85	85
219	193	86	86
219	193	86	86
219	193	87	87
219	192	87	87
218	192	88	88
218	192	88	88
218	191	89	89
217	191	89	89
217	191	90	90
217	191	90	90
216	190	91	91
216	190	91	91
216	190	92	92
216	189	92	92
215	189	93	93
215	189	93	93
215	188	94	94
214	188	94	94
214	188	95	95
214	188	95	95
223	187	76	96
218	193	86	86
218	192	86	86
218	192	87	87
217	193	87	87
217	193	88	88
217	193	88	88
217	192	89	89
216	193	89	89
216	193	90	90
216	192	90	90
215	192	91	91
215	192	91	91
215	191	92	92
214	191	92	92
214	191	93	93
223	190	75	93
219	196	84	84
218	196	84	84
218	197	85	85
218	196	85	85
218	196	86	86
218	196	86	86
218	195	87	87
217	195	87	87
217	195	88	88
217	195	88	88
216	194	89	89
216	194	89	89
216	194	90	90
215	193	90	90
215	193	91	91
215	193	91	91
215	193	92	92
224	192	74	92
219	197	83	83
219	197	83	83
218	196	84	84
218	196	84	84
218	196	85	85
218	195	85	85
217	195	86	86
217	195	86	86
217	195	87	87
216	194	87	87
216	194	88	88
216	194	88	88
215	194	89	89
224	195	71	89
220	200	80	80
219	200	81	81
219	200	81	81
219	200	82	82
218	200	82	82
218	199	83	83
218	200	83	83
218	200	84	84
217	200	84	84
217	200	85	85
217	200	85	85
216	200	86	86
216	199	86	86
216	199	87	87
216	200	87	87
215	199	88	88
215	199	88	88
215	199	89	89
214	198	89	89
214	198	90	90
214	199	90	90
223	198	73	91
218	203	82	82
218	203	82	82
218	202	83	83
217	202	83	83
217	202	84	84
217	201	84	84
216	201	85	85
216	201	85	85
216	200	86	86
215	200	86	86
215	200	87	87
216	200	87	87
216	199	88	88
225	199	70	88
221	198	79	90
228	194	68	97
221	196	82	94
228	199	70	88
224	204	79	79
232	211	63	79
228	203	71	95
231	209	66	83
227	201	74	99
230	202	69	86
226	202	78	89
224	205	83	83
225	205	84	84
225	205	84	84
225	204	85	85
234	204	68	85
223	195	76	102
227	202	71	89
223	207	80	80
223	206	80	80
224	206	81	81
224	206	81	81
224	205	82	82
213	205	82	82
212	205	83	83
212	205	83	83
212	205	84	84
220	205	67	84
216	204	76	87
221	207	65	82
217	198	73	98
219	200	68	85
215	192	76	102
218	198	71	89
214	197	80	91
219	200	68	86
222	191	77	103
224	198	71	89
220	203	80	80
220	204	81	81
219	203	81	81
220	203	65	82
216	195	73	98
219	202	68	85
204	201	76	87
210	204	65	82
203	196	59	99
207	202	51	88
214	186	53	107
211	188	61	102
210	209	63	79
206	201	71	95
200	208	83	83
191	208	93	83
187	206	101	88
187	203	101	95
174	206	113	87
173	210	114	80
173	208	114	85
172	206	117	88
172	209	117	81
172	208	117	84
174	208	113	85
175	206	113	87
182	206	100	88
193	203	94	94
199	202	84	95
206	205	72	90
223	219	64	81
219	210	72	97
214	217	84	84
215	216	85	85
199	216	85	85
215	216	68	86
211	221	77	88
194	213	83	83
215	213	66	83
211	205	74	100
193	212	87	87
193	205	87	100
199	201	75	107
200	210	72	90
190	190	92	129
206	188	110	110
190	189	110	110
202	198	88	111
197	197	99	114
194	200	107	107
204	201	86	107
194	214	96	96
193	200	97	111
194	203	119	104
190	193	128	112
195	190	120	120
202	207	107	107
202	219	96	108
210	205	81	136
209	219	84	127
209	213	83	139
216	221	72	123
214	221	76	126
224	219	78	131
231	217	81	136
239	214	84	141
238	234	88	125
249	231	89	128
257	234	107	123
263	237	115	115
268	237	126	116
264	251	135	108
277	245	139	114
285	246	145	112
299	252	159	102
304	247	171	112
310	259	159	100
306	259	169	100
327	258	152	101
341	258	125	100
349	252	128	107
355	259	117	94
343	254	136	105
342	258	137	96
346	249	132	110
351	243	121	116
343	235	136	119
342	232	137	127
339	229	140	130
339	241	140	108
341	234	138	124
328	230	151	129
325	225	154	134
299	212	166	145
285	222	156	124
294	214	140	140
272	215	140	140
281	230	125	112
263	237	119	119
248	237	120	120
260	248	96	111
267	251	83	104
272	267	75	92
276	272	66	83
280	277	60	75
284	280	54	67
287	274	48	81
291	189	42	63
257	165	41	69
257	173	43	53
240	176	38	48
242	166	34	69
240	177	39	49
237	172	44	59
239	176	41	51
242	171	37	62
242	179	38	48
259	190	58	69
263	193	51	64
260	191	57	76
250	185	53	89
253	191	69	92
256	197	64	80
244	189	57	96
261	200	74	100
256	207	87	87
245	206	87	87
244	206	88	88
244	200	88	101
242	204	95	95
228	204	95	95
233	198	85	96
231	196	91	91
218	196	91	91
218	197	92	92
227	196	74	92
222	195	83	95
219	198	89	89
219	198	90	90
209	197	90	90
218	185	72	91
221	189	81	81
221	189	82	82
221	189	82	82
221	190	83	83
222	180	83	83
221	168	84	84
210	183	84	84
217	175	85	85
217	175	85	85
205	176	86	86
204	175	86	86
204	175	87	87
204	175	87	87
201	174	70	88
205	186	63	79
202	175	71	71
209	182	57	71
213	175	51	85
206	174	66	88
214	194	51	61
217	157	45	91
207	185	43	64
208	177	42	70
207	176	44	73
207	175	45	76
207	174	47	79
206	183	49	61
213	183	36	63
212	182	38	64
204	174	40	67
203	162	42	70
212	166	43	62
213	172	42	60
214	168	40	67
213	167	42	70
207	165	54	72
210	170	50	63
202	173	45	56
193	168	51	68
189	177	59	59
189	177	59	59
189	177	59	59
190	177	60	60
185	177	48	60
182	180	54	54
173	180	54	54
178	173	43	54
179	176	49	49
179	165	49	56
178	172	53	53
178	171	53	53
178	172	53	53
178	172	54	54
179	172	54	54
179	172	54	54
179	172	54	54
180	172	55	55
180	172	55	55
180	165	55	55
180	165	55	55
180	170	56	44
200	160	54	50
214	148	52	52
223	148	53	53
229	149	53	53
229	140	64	53
239	143	59	47
232	152	66	42
225	151	70	53
219	158	70	49
216	160	67	47
214	161	70	45
203	152	76	57
196	154	76	53
189	154	79	63
190	158	78	57
191	166	76	53
192	167	74	51
198	168	62	49
198	165	63	55
190	169	80	48
188	154	62	62
188	161	71	50
184	161	80	60
184	164	80	55
188	171	83	53
191	170	76	53
195	182	80	51
195	183	80	51
197	189	76	51
198	195	74	50
190	189	82	61
192	192	76	57
193	186	76	53
187	186	76	54
180	188	77	52
174	189	79	51
174	189	79	51
167	187	79	56
159	189	80	53
155	190	76	53
147	184	73	63
150	182	68	68
139	189	68	55
133	186	70	61
136	185	66	66
118	202	76	53
124	209	64	51
117	197	57	57
113	203	66	57
116	202	62	62
107	202	62	62
107	202	62	62
113	202	50	62
110	206	56	56
110	206	56	56
102	205	57	57
102	205	57	57
102	205	57	57
103	205	57	57
95	205	58	58
94	196	58	58
100	197	46	58
97	204	52	52
97	200	52	60
101	203	45	56
98	197	51	68
94	194	59	59
94	201	59	59
94	201	59	59
84	211	60	60
90	211	48	60
66	196	54	72
85	201	50	63
82	199	56	75
85	204	52	66
69	198	59	79
71	203	55	68
68	202	61	70
73	210	53	66
70	204	59	79
56	209	69	69
56	209	69	69
41	198	69	93
23	204	81	81
31	217	65	81
19	205	58	83
25	223	70	70
15	218	70	80
4	221	75	75
4	230	76	76
0	224	76	87
0	227	79	82
0	228	69	81
0	244	54	75
0	250	59	64
0	251	61	62
0	251	53	62
3	254	46	58
6	248	41	69
5	210	43	72
9	265	37	56
0	229	28	92
6	190	51	102
0	251	33	72
0	198	66	79
10	215	48	58
0	209	49	71
1	215	47	59
0	209	52	71
1	215	49	61
4	206	44	55
2	196	49	74
3	214	49	61
0	196	55	73
7	218	42	63
2	203	52	52
0	222	21	52
0	194	45	80
0	215	46	60
0	198	50	71
5	203	40	60
5	218	39	49
7	209	35	66
9	218	32	49
9	216	32	53
9	215	33	55
9	208	34	69
10	218	33	49
0	202	27	81
0	193	37	63
0	214	38	49
1	209	35	58
0	216	42	45
6	217	29	44
3	202	36	73
27	184	52	69
29	188	48	60
4	233	27	109
0	286	36	73
15	250	41	103
34	305	32	52
53	282	33	77
78	292	29	67
95	272	26	87
112	277	24	77
129	272	29	86
154	302	25	50
171	267	28	90
192	305	25	51
214	269	36	90
236	288	38	71
267	289	35	70
294	291	33	66
318	286	37	73
334	273	42	84
356	276	40	80
363	278	57	76
388	260	53	88
387	270	55	68
412	239	49	82
405	260	64	64
416	260	42	64
416	266	42	52
414	250	47	47
430	239	47	47
430	229	48	48
430	229	48	48
387	221	92	64
371	245	108	104
372	244	106	106
391	243	88	107
412	232	67	127
408	234	71	124
407	250	72	94
415	216	55	133
440	191	39	115
437	180	42	136
433	185	46	153
432	179	47	136
432	189	46	81
431	197	48	134
423	199	56	130
418	195	61	137
399	202	74	123
397	210	77	110
390	204	89	123
378	214	84	105
360	189	94	126
353	181	109	125
350	186	117	117
334	186	118	118
340	185	105	118
336	182	112	112
321	182	112	112
310	182	113	113
304	177	113	113
299	176	114	114
293	171	114	114
282	171	120	115
278	169	118	118
271	175	122	105
266	166	121	113
257	159	122	118
257	165	120	107
257	161	122	114
243	167	122	105
244	162	122	114
245	170	118	101
243	165	122	109
245	169	120	103
246	165	119	112
246	169	120	103
239	165	124	112
233	169	118	105
232	166	120	112
227	171	120	103
222	166	120	112
218	177	116	93
218	172	120	105
213	186	112	96
212	177	114	104
212	180	113	97
205	183	111	94
206	178	110	103
207	182	107	95
200	185	112	90
202	186	108	90
202	187	108	88
194	189	109	87
195	183	106	98
193	187	102	91
191	184	106	97
193	182	102	102
193	181	102	102
193	181	103	103
184	181	103	103
184	191	104	83
185	187	93	93
180	200	94	83
179	197	97	89
181	193	93	82
170	191	100	88
167	195	98	81
163	197	99	79
159	197	99	79
148	197	102	79
143	188	103	90
142	190	97	86
140	193	100	82
135	189	97	91
141	192	84	84
137	192	85	85
136	188	85	85
131	187	86	86
127	187	86	86
135	188	69	87
138	192	62	78
142	191	56	80
149	192	53	77
154	194	43	74
153	193	45	75
152	192	47	78
151	191	49	81
150	190	50	84
153	199	66	66
150	199	72	66
146	192	79	69
144	194	85	66
140	193	94	67
149	195	94	64
145	192	104	69
156	193	97	68
158	194	94	65
169	195	86	63
181	190	74	74
182	181	74	74
188	181	74	74
195	172	59	74
210	178	53	77
211	184	51	64
220	178	46	77
213	186	60	60
227	182	60	69
214	184	87	65
228	172	75	75
215	172	101	76
216	175	101	70
211	168	113	85
218	171	98	78
225	175	101	70
226	169	97	85
224	166	104	91
227	173	98	78
226	168	100	88
230	175	94	75
229	171	97	85
231	167	91	91
231	177	91	73
230	173	94	82
227	171	101	88
230	178	95	76
232	178	93	76
233	179	92	75
231	175	95	83
234	176	89	79
233	182	92	67
234	176	91	79
230	173	98	85
233	179	92	73
232	179	94	73
231	179	95	74
231	178	96	75
230	179	98	73
230	174	97	75
229	178	92	68
228	172	94	80
225	178	99	69
227	180	95	66
229	178	92	71
223	177	96	72
223	176	95	74
223	177	96	72
223	176	96	74
223	175	97	75
222	179	98	68
220	181	102	66
212	178	110	73
216	179	103	72
215	188	104	69
210	188	114	68
216	187	101	71
201	181	114	76
205	181	106	74
207	183	102	71
206	185	103	68
201	181	113	75
205	182	106	74
202	184	102	71
204	185	98	68
198	183	110	73
197	184	103	72
199	186	99	69
201	179	95	83
197	186	102	71
199	179	98	86
202	185	92	73
206	181	83	83
200	190	95	66
202	192	91	64
204	186	88	76
206	183	82	82
206	188	83	74
205	186	86	79
206	193	83	66
205	189	85	74
203	186	80	80
203	186	80	80
203	186	81	81
202	186	81	81
202	186	82	82
202	185	82	82
202	185	83	83
201	185	83	83
201	185	84	84
201	184	84	84
200	184	85	85
200	184	85	85
200	184	86	86
200	184	86	86
199	184	87	87
208	183	69	87
203	188	78	78
203	188	79	79
211	188	63	79
207	186	71	82
212	189	61	76
208	188	69	79
219	185	59	85
220	192	57	71
217	184	64	85
219	190	59	74
215	183	66	89
218	188	62	77
221	192	55	69
217	186	62	83
212	192	72	72
219	191	58	73
216	191	65	75
220	193	56	70
217	187	63	84
220	192	58	73
216	176	66	88
211	181	76	76
219	181	61	76
215	173	69	92
219	179	64	80
215	171	72	96
218	178	66	83
215	169	75	100
218	176	69	87
214	167	78	104
218	174	72	91
214	178	81	81
214	178	82	82
215	178	82	82
215	178	83	83
216	178	83	83
216	178	84	84
216	177	84	84
217	177	85	85
217	177	85	85
217	177	86	86
218	177	86	86
202	166	87	87
202	165	87	87
211	173	88	88
221	173	70	88
217	178	79	91
215	181	85	85
215	181	86	86
215	181	86	86
216	181	87	87
216	181	87	87
217	173	88	88
226	173	70	88
211	165	79	106
213	172	74	92
217	177	66	83
227	169	59	99
218	175	77	88
223	179	66	83
219	170	74	99
214	177	86	86
214	177	87	87
215	177	87	87
215	177	88	88
216	176	88	88
216	176	89	89
216	176	89	89
217	177	90	90
217	177	90	90
218	177	91	91
227	177	73	91
223	182	82	82
224	182	83	83
224	181	83	83
221	181	67	84
217	180	75	86
214	183	81	81
214	182	81	81
222	183	65	82
219	182	73	84
205	178	79	79
213	177	63	79
216	169	57	95
215	167	59	99
214	173	61	88
215	168	59	99
214	173	61	88
208	168	73	98
211	174	68	85
215	166	61	102
215	172	63	91
209	175	76	88
207	177	82	82
207	177	83	83
207	177	83	83
208	177	84	84
196	177	84	84
204	176	68	85
208	175	61	87
209	170	58	98
201	168	76	102
196	175	88	88
204	174	71	89
200	173	80	91
207	176	68	86
203	180	77	77
203	180	78	78
204	180	78	78
204	180	79	79
204	179	79	79
190	179	80	80
190	180	80	80
191	179	81	81
199	179	65	81
203	178	58	83
204	173	56	94
202	171	58	97
201	176	60	86
196	178	72	83
201	175	62	89
203	176	60	86
204	179	57	82
206	180	55	79
208	176	53	89
207	181	55	79
208	176	53	88
207	181	55	79
202	177	66	88
183	183	77	77
199	183	62	77
196	183	69	80
194	185	75	75
194	186	75	75
195	179	75	75
194	173	75	86
200	177	65	81
197	169	73	98
200	175	68	85
204	166	61	102
204	172	63	91
205	167	61	102
182	172	79	91
188	175	68	85
206	179	76	76
193	174	77	88
190	176	83	83
189	176	83	83
189	176	84	84
197	175	67	84
194	174	75	86
191	177	81	81
200	184	65	82
196	188	73	73
197	189	74	74
197	189	74	74
198	190	74	74
198	183	74	74
198	183	75	75
199	183	75	75
199	183	75	75
200	183	75	75
200	183	76	76
201	183	76	76
201	183	76	76
202	183	76	76
202	184	77	77
202	184	77	77
203	184	78	78
203	185	78	78
203	185	79	79
204	174	79	79
197	174	64	80
201	172	57	96
192	182	74	74
192	182	75	75
192	182	75	75
192	182	75	75
191	177	75	86
188	172	81	81
197	166	65	94
198	168	63	90
200	170	60	86
201	164	58	97
200	176	60	86
194	178	72	83
191	181	78	78
192	181	78	78
192	181	79	79
192	171	79	79
201	178	64	80
204	176	57	82
198	178	69	79
204	180	59	74
195	173	53	89
188	171	69	93
191	164	64	92
193	175	62	88
176	176	74	85
181	179	64	80
184	171	57	96
176	176	74	85
173	173	80	92
170	171	86	86
178	171	69	87
189	182	62	78
185	181	70	80
182	184	75	75
182	184	75	75
182	183	75	75
183	183	76	76
176	183	76	76
176	183	76	76
183	183	61	76
192	182	55	79
194	178	53	88
192	176	55	92
191	181	57	81
207	182	45	78
206	187	48	80
199	185	62	83
201	181	58	83
202	183	55	80
203	178	53	89
202	183	55	79
208	178	44	89
209	181	42	84
210	183	40	80
211	185	38	76
212	179	36	86
214	178	32	89
212	180	35	86
216	181	27	83
222	180	32	86
221	181	35	85
221	171	36	88
216	170	45	91
213	172	52	86
212	170	54	90
204	171	70	80
202	174	75	75
214	174	75	75
211	174	83	75
210	172	85	79
208	176	88	73
207	177	92	72
207	177	94	73
209	178	91	74
215	178	94	73
214	178	95	74
213	178	96	75
215	179	93	72
217	179	88	73
215	175	92	81
216	177	93	77
217	178	91	76
218	174	91	83
220	176	87	78
219	174	90	83
229	177	87	77
227	170	90	82
230	169	86	86
230	169	87	87
230	169	87	87
236	174	78	78
242	175	79	79
242	175	79	79
242	175	80	80
241	174	80	80
241	175	81	81
241	175	81	81
240	176	82	82
240	175	82	82
242	175	79	83
240	176	81	81
240	176	82	82
240	176	82	82
240	177	83	83
239	182	83	74
238	180	88	79
243	177	91	84
244	181	92	78
243	183	95	76
243	183	95	76
257	174	97	85
257	176	97	81
254	177	102	79
253	176	104	80
254	178	102	78
254	178	103	80
255	180	101	78
257	180	99	79
256	180	102	79
257	182	101	77
265	182	101	79
264	181	103	80
264	177	104	81
271	176	106	82
266	176	107	83
266	171	108	84
266	173	110	82
266	174	109	81
266	173	108	84
266	174	110	82
262	173	109	84
254	172	110	86
253	177	112	78
246	175	111	83
239	175	111	82
240	178	110	77
235	176	105	82
234	175	107	83
224	171	112	84
225	172	111	83
218	170	111	82
211	170	110	82
211	166	109	81
212	166	108	84
207	168	109	82
207	169	108	81
208	167	108	84
208	171	109	76
211	168	105	81
211	168	106	82
211	172	108	75
211	175	108	80
212	174	107	83
211	178	108	76
212	175	107	81
205	176	107	80
205	175	106	83
200	175	108	84
199	175	109	85
191	174	111	86
190	173	112	84
191	174	111	83
187	176	111	82
187	184	110	82
188	189	109	84
187	184	110	86
182	185	112	83
182	181	111	83
178	188	110	82
180	186	109	85
174	187	111	82
175	184	110	85
174	188	111	78
176	185	107	83
175	186	108	81
176	185	107	83
175	185	109	84
174	180	110	86
174	179	112	83
174	179	111	83
174	179	110	85
174	181	111	83
174	180	111	86
169	182	112	84
169	183	111	83
170	182	110	86
169	184	112	83
169	185	111	83
170	186	110	82
172	185	109	85
172	184	111	77
180	182	110	82
180	185	109	76
183	179	105	82
183	174	106	83
182	176	108	81
183	175	107	83
175	170	114	84
176	171	113	84
176	175	112	78
176	168	111	83
176	167	111	86
176	166	112	87
176	161	113	88
175	163	115	86
171	173	114	80
173	170	109	85
172	171	111	83
173	170	110	85
174	173	111	78
176	171	107	83
176	171	108	84
175	170	110	85
174	170	111	86
174	173	113	79
176	176	108	76
176	181	109	78
176	176	111	79
176	178	111	75
178	179	108	73
180	175	107	79
187	176	109	79
188	179	106	74
188	176	107	79
195	179	109	74
196	176	108	80
195	179	110	75
204	172	109	81
204	175	108	76
205	173	107	81
216	172	107	83
216	171	108	84
216	175	110	77
219	172	106	82
229	173	102	83
223	175	106	79
223	159	105	92
227	176	99	74
228	176	98	76
238	170	93	87
239	178	91	72
245	173	81	81
251	173	82	82
251	181	82	66
255	177	74	74
256	177	74	74
276	177	59	74
273	169	67	67
273	180	67	67
274	180	67	67
259	180	68	68
365	168	68	91
272	182	63	63
273	172	63	85
268	178	74	74
276	167	59	74
273	171	66	66
273	160	67	89
276	167	62	78
273	171	70	70
273	161	70	70
263	161	70	70
263	160	70	70
264	161	71	71
264	161	71	71
255	162	71	71
255	162	71	71
249	161	72	72
249	161	72	72
250	161	72	72
257	168	58	58
266	173	58	58
266	173	58	58
259	183	59	59
259	176	59	59
259	177	59	59
258	177	59	59
264	177	48	60
261	185	54	54
261	173	54	62
259	175	58	58
262	180	52	58
261	181	55	55
253	181	55	55
253	181	56	56
254	181	56	56
246	181	56	56
246	187	56	45
234	185	58	51
236	188	54	43
221	186	65	49
213	182	65	57
205	173	70	61
195	170	75	66
186	176	81	56
186	184	74	54
185	187	70	51
186	183	68	60
178	187	74	51
179	186	73	55
185	188	76	51
182	189	83	50
185	188	78	52
184	183	80	64
188	186	72	57
187	189	74	51
193	190	62	49
186	187	74	56
187	189	74	52
181	190	62	50
185	187	56	56
175	187	56	56
175	186	56	56
166	186	76	57
156	182	76	66
159	187	71	57
158	190	73	51
164	184	61	61
160	184	70	61
154	189	72	53
151	184	71	62
151	189	71	53
150	190	73	62
148	194	78	54
144	187	74	58
146	190	70	53
147	190	70	54
140	186	74	62
130	190	78	54
130	192	71	52
124	182	70	61
118	187	76	53
122	193	68	56
117	190	68	62
118	195	65	52
122	188	59	59
109	193	67	59
107	188	63	63
103	188	64	64
100	188	64	64
100	188	64	64
86	188	74	64
89	192	69	55
92	189	62	62
93	188	62	62
84	189	63	63
81	194	63	63
81	194	63	63
81	187	63	63
75	187	64	64
75	198	64	64
76	198	64	64
76	194	64	64
69	194	65	65
62	194	65	65
61	194	65	65
61	194	65	65
58	194	72	66
60	198	69	69
60	198	69	69
57	198	69	69
49	192	78	70
51	190	74	74
47	195	81	66
47	195	80	65
64	191	73	73
63	191	73	73
64	198	73	58
83	195	66	66
90	189	66	66
90	189	66	66
98	188	66	66
98	188	67	67
98	188	67	67
105	188	54	67
102	182	60	81
105	188	56	70
102	171	63	84
109	189	49	73
104	167	60	96
104	189	61	76
107	193	55	68
104	186	61	82
71	191	71	71
103	179	57	96
102	191	59	74
105	184	53	90
105	183	55	93
104	170	58	97
104	168	60	100
92	166	62	104
96	165	54	108
97	180	51	102
94	183	58	97
93	171	60	121
94	175	57	114
90	187	65	108
90	185	67	112
94	182	58	117
97	175	66	133
99	179	63	126
102	183	71	119
100	181	92	123
104	188	86	129
94	182	105	141
116	191	104	122
108	187	121	129
120	180	125	125
109	180	149	126
106	168	157	137
107	165	158	131
116	166	165	128
116	159	167	130
128	166	169	118
140	162	170	126
138	153	175	131
152	159	174	121
153	167	174	130
171	158	173	134
168	151	181	136
186	152	172	134
186	151	174	135
204	158	165	123
206	157	164	127
217	142	166	145
221	146	161	138
241	150	154	133
240	154	157	128
242	154	156	126
246	137	150	141
249	155	146	130
269	148	138	132
268	154	140	120
274	153	130	125
276	151	128	128
279	141	123	129
291	143	121	127
293	144	120	125
295	145	118	123
301	146	107	121
298	144	114	125
303	147	106	120
307	150	101	113
303	145	107	123
311	148	92	115
294	163	104	104
304	140	83	119
306	151	80	115
307	160	77	96
312	140	69	115
298	146	71	102
300	130	69	115
306	116	59	119
301	119	67	113
308	132	70	88
312	130	79	90
309	134	85	85
317	133	85	85
316	134	86	86
316	134	86	86
317	117	99	87
292	97	75	107
310	145	71	71
298	135	96	72
285	129	55	83
303	137	91	68
281	132	106	79
289	135	92	74
302	139	66	66
287	116	44	89
284	130	50	84
262	128	65	87
257	134	76	76
258	134	76	76
247	134	76	76
247	135	77	77
229	134	88	77
217	131	95	83
210	134	95	79
200	131	103	87
189	132	109	85
187	134	106	82
182	136	107	80
178	135	106	82
173	137	108	80
174	136	107	83
166	135	108	84
161	134	110	85
155	134	111	86
152	133	107	79
146	131	106	82
145	136	107	75
141	134	103	80
142	134	100	81
134	129	103	90
137	132	97	86
133	135	95	82
130	132	92	89
125	144	91	81
123	141	86	86
123	141	87	87
118	141	87	87
126	141	70	88
123	146	79	79
111	146	79	79
119	153	63	80
116	145	71	96
112	151	55	83
113	154	54	78
115	150	52	87
119	154	45	91
105	157	51	86
104	155	53	89
103	154	55	93
92	153	57	96
91	140	60	100
90	144	62	104
88	150	64	92
90	152	62	88
84	147	74	99
87	154	69	86
89	146	78	104
83	142	90	90
82	144	91	104
80	147	97	97
88	146	98	98
88	146	98	98
90	146	113	99
102	142	106	106
94	142	122	107
94	150	125	92
107	149	123	96
101	142	136	109
102	148	136	98
114	160	132	92
111	143	140	111
120	149	143	100
123	152	137	96
134	164	136	99
136	161	133	103
136	161	135	105
145	162	137	102
147	166	136	95
147	157	137	101
163	156	126	105
164	157	126	103
174	158	125	102
180	158	113	101
178	155	117	107
180	152	112	112
181	152	113	113
181	152	113	113
191	152	114	114
191	153	114	114
190	142	115	115
190	142	115	115
209	153	116	93
215	148	104	104
214	148	105	105
214	148	105	105
214	158	106	84
219	154	95	95
212	153	109	95
215	150	102	102
215	150	103	103
232	141	103	103
232	151	104	83
222	147	125	93
230	150	108	87
235	144	97	97
228	144	112	98
231	141	105	105
231	140	106	106
231	151	106	85
229	145	109	95
232	142	102	102
232	142	103	103
232	142	103	103
231	142	104	104
231	152	104	83
237	147	94	94
238	146	94	94
227	146	95	95
227	146	95	95
227	145	96	96
226	145	96	96
226	145	97	97
226	145	97	97
225	144	98	98
235	144	78	98
230	143	88	101
236	146	76	95
239	136	85	114
242	144	79	99
246	149	71	89
241	140	80	107
244	148	74	93
240	139	83	111
243	146	77	96
246	136	69	116
253	149	72	90
249	140	81	108
251	147	75	94
247	146	84	96
253	149	72	90
248	149	81	93
254	145	69	100
247	139	84	112
250	146	78	97
254	145	69	100
255	147	67	96
256	141	64	107
255	147	66	95
256	148	64	107
255	160	66	83
269	153	74	100
272	160	69	87
268	165	78	78
268	159	78	90
273	157	67	96
275	159	64	92
269	145	78	104
272	152	72	90
283	151	64	92
284	146	62	104
283	151	64	92
284	162	62	88
278	149	74	99
281	149	69	99
282	149	66	99
282	145	65	109
281	151	67	97
282	153	65	93
284	148	62	104
282	147	65	108
281	160	67	96
282	162	64	92
284	164	62	89
277	159	74	100
280	165	69	87
284	156	62	104
282	162	64	92
290	156	62	104
289	163	64	92
290	157	62	103
289	155	64	107
295	168	66	95
296	171	64	92
290	165	77	103
293	172	71	89
277	178	80	92
283	181	69	86
287	180	62	88
288	175	59	99
287	173	61	103
273	161	64	92
284	173	61	103
263	192	80	80
263	175	80	92
269	178	69	86
272	165	62	89
273	168	59	100
272	167	62	103
271	185	64	92
272	200	61	103
271	215	64	92
272	186	61	103
263	167	80	107
266	149	74	106
288	158	59	89
266	165	73	97
276	177	67	113
275	183	70	100
251	192	67	113
250	218	70	100
264	209	67	96
265	203	64	108
265	176	67	96
266	152	64	108
256	165	84	84
257	165	84	84
265	166	67	85
268	165	61	87
263	160	73	98
257	166	85	85
256	167	85	85
250	175	98	98
250	175	99	99
250	196	99	99
250	197	100	100
249	197	100	100
249	204	101	89
252	195	95	95
246	196	96	96
246	207	96	96
246	207	97	97
245	207	97	97
245	207	98	98
245	206	98	98
244	207	99	99
245	207	99	99
242	207	105	100
243	211	103	92
241	214	109	87
248	215	112	87
245	215	108	88
245	216	109	87
244	217	112	87
243	222	113	79
241	230	109	84
239	224	115	96
241	230	113	85
241	224	112	87
236	218	114	99
231	226	114	85
232	237	113	79
234	219	108	95
230	210	117	91
232	205	115	92
233	206	115	92
234	207	113	92
232	208	117	91
231	221	118	83
231	214	117	88
231	212	117	91
223	213	118	92
222	226	120	84
222	236	120	80
219	233	118	87
213	241	120	91
213	253	120	84
215	253	115	101
211	260	124	86
209	253	119	92
212	252	115	93
210	233	119	104
212	240	116	89
216	251	109	91
217	265	107	80
221	258	115	93
223	253	113	104
226	262	109	87
224	265	112	94
225	266	110	92
219	268	112	90
220	262	112	97
230	264	112	93
235	261	102	91
232	263	111	86
231	258	112	98
231	274	112	84
232	272	112	87
232	272	113	87
242	271	111	88
236	265	114	94
238	271	110	83
238	266	110	93
242	256	102	90
242	251	103	86
233	253	108	84
236	248	102	96
239	252	99	88
238	250	100	94
239	254	97	86
242	241	92	92
238	240	93	93
237	240	93	93
232	259	90	90
232	252	90	90
231	239	91	91
227	239	91	91
227	239	92	92
217	243	92	82
219	241	87	87
219	240	88	88
219	240	88	88
222	248	85	89
221	239	87	87
221	239	88	88
224	238	84	88
223	239	87	87
224	239	87	87
229	238	78	88
231	241	74	83
228	244	79	79
232	244	70	79
234	241	67	86
234	241	68	87
237	246	61	77
253	223	55	93
269	229	48	82
267	219	50	84
257	217	52	88
256	228	54	78
265	220	52	75
266	208	50	84
264	207	52	87
263	206	54	91
263	216	56	70
266	196	50	84
265	205	52	88
258	204	68	91
253	211	79	79
253	198	80	80
252	199	80	80
260	199	64	81
267	197	72	97
261	204	84	84
270	203	68	85
265	202	76	87
276	205	82	82
276	212	83	83
276	207	83	83
285	208	84	84
285	183	84	96
282	187	90	90
281	187	91	91
282	187	91	91
282	187	92	92
282	187	92	92
290	187	93	93
289	196	93	75
301	199	84	84
301	198	84	84
301	198	85	85
308	198	85	85
308	193	86	86
324	200	69	86
320	204	78	78
326	198	78	78
326	198	79	79
326	189	79	79
332	189	80	80
333	189	80	80
340	188	81	81
339	195	81	81
339	195	82	82
335	188	90	82
337	182	86	86
336	183	87	87
336	190	87	87
332	195	88	78
324	192	95	83
323	194	95	79
323	195	97	78
321	191	100	78
314	190	101	79
315	190	98	80
313	191	102	79
306	181	103	90
306	176	103	86
307	172	101	84
300	166	106	82
298	159	103	84
299	159	99	83
294	156	101	81
296	156	97	81
294	157	102	79
295	157	99	80
296	152	97	89
293	151	102	83
295	151	99	82
294	152	101	81
293	152	104	81
289	152	102	82
288	146	105	92
291	153	99	79
286	153	102	79
285	152	103	80
284	152	104	81
274	153	111	82
274	156	110	77
268	158	115	74
256	166	123	74
256	165	110	77
259	167	105	74
243	159	101	89
247	166	95	76
249	161	68	85
231	165	76	76
239	165	61	77
242	169	55	69
238	162	62	83
249	162	41	82
246	164	47	78
241	163	40	81
242	165	38	77
240	155	43	87
237	157	49	83
