0.002000
0.186538
0.163036
0.158035
0.157241
0.158078
0.163037
0.147033
0.158035
0.159035
0.159648
0.158166
0.159035
0.160383
0.159432
0.158719
0.159035
0.158499
0.159035
0.169038
0.175521
0.176039
0.180040
0.179469
0.167037
0.157677
0.182061
0.121026
0.159034
0.149033
0.158035
0.159035
0.160036
0.160388
0.159034
0.159036
0.159139
0.169509
0.164205
0.158467
0.159035
0.163036
0.166038
0.164037
0.162127
0.160152
0.160035
0.177039
0.180040
0.180040
0.180040
0.174085
0.159035
0.161150
0.158034
0.160035
0.159486
0.161036
0.160013
0.160035
0.161414
0.176040
0.175039
0.160832
0.158405
0.157035
0.157144
0.162347
0.120872
0.158321
0.156034
0.159097
0.159035
0.159035
0.161133
0.160136
0.158778
0.167038
0.164037
0.169038
0.167037
0.165037
0.165129
0.163036
0.164036
0.167038
0.164462
0.165075
0.163040
0.163315
0.163037
0.160587
0.161180
0.163383
0.164037
0.167203
0.165210
0.165328
0.082018
0.167201
0.162036
0.161400
0.160035
0.161036
0.162300
0.162323
0.162619
0.161036
0.162249
0.162328
0.160465
0.159035
0.159156
0.159391
0.159518
0.167990
0.178040
0.167037
0.159035
0.160035
0.160036
0.158579
0.159543
0.159036
0.159061
0.158393
0.160035
0.159035
0.160251
0.159036
0.160624
0.157348
0.180907
0.175039
0.159451
0.159564
0.158499
0.159492
0.160035
0.161115
0.158035
0.160324
0.160035
0.161035
0.158302
0.159148
0.160047
0.180040
0.176039
0.175300
0.181039
0.157034
0.159035
0.157459
0.159464
0.158076
0.158035
0.158035
0.159569
0.159233
0.157347
0.158636
0.160035
0.159035
0.159035
0.159159
0.159275
0.158831
0.174039
0.179494
0.181040
0.176039
0.179186
0.175040
0.171038
0.170038
0.162308
0.162324
0.162036
0.163076
0.159035
0.158035
0.157444
0.158494
0.159035
0.161103
0.158054
0.160035
0.159036
0.161035
0.158343
0.163036
0.167037
0.162639
0.161531
0.159035
0.163245
0.164036
0.162035
0.162036
0.162037
0.160100
0.158035
0.158035
0.159035
0.160035
0.163368
0.162036
0.162036
0.161657
0.166037
0.167238
0.166037
0.163036
0.163504
0.164060
0.163533
0.162704
0.165036
0.167038
0.165170
0.164036
0.167037
0.166037
0.164037
0.165266
0.167038
0.167037
0.164692
0.161369
0.165707
0.167037
0.165037
0.164037
0.164417
0.162398
0.161532
0.162055
0.161312
0.162119
0.162036
0.164037
0.164036
0.160150
0.161291
0.165037
0.166483
0.163036
0.162036
0.163036
0.162035
0.162036
0.160092
0.159035
0.159486
0.160255
0.159066
0.159356
0.161262
0.159035
0.160146
0.160035
0.162317
0.161695
0.160486
0.161420
0.161346
0.161450
0.161036
0.161113
0.166038
0.165037
0.161774
0.165037
0.163336
0.162036
0.163440
0.161035
0.162133
0.161036
0.161036
0.159035
0.167165
0.164066
0.166037
0.166208
0.164145
0.165036
0.164130
0.160916
0.161036
0.158035
0.159264
0.159109
0.164340
0.165037
0.161200
0.159035
0.165036
0.165037
0.164445
0.161342
0.159035
0.159561
0.160506
0.161125
0.160036
0.162344
0.164037
0.163305
0.160036
0.159036
0.160186
0.164037
0.165037
0.168038
0.168038
0.165037
0.163430
0.161354
0.161035
0.167118
0.166331
0.167038
0.164301
0.163037
0.163036
0.163036
0.144256
0.158494
0.159285
0.159706
0.159035
0.157035
0.164708
0.163106
0.162039
0.159363
0.159359
0.164037
0.164036
0.161365
0.160036
0.161378
0.161036
0.164370
0.164036
0.163036
0.162325
0.161390
0.166037
0.180040
0.146032
0.162034
0.158035
0.160461
0.163397
0.163415
0.164485
0.160172
0.158420
0.159035
0.160343
0.160035
0.157035
0.159256
0.159035
0.159035
0.180670
0.177039
0.177039
0.165695
0.161036
0.160236
0.158512
0.158126
0.158035
0.158035
0.158035
0.159035
0.159035
0.158134
0.157035
0.161034
0.160124
0.172038
0.178040
0.175039
0.176137
0.180040
0.165670
0.158191
0.157035
0.155967
0.159035
0.160035
0.157905
0.157035
0.156034
0.157789
0.158589
0.159213
0.158035
0.161036
0.158035
0.157556
0.157502
0.157211
0.158035
0.158706
0.157447
0.159036
0.159035
0.158035
0.157400
0.166037
0.162264
0.161035
0.159238
0.163035
0.167258
0.165036
0.159282
0.163161
0.163095
0.159401
0.158087
0.157034
0.157135
0.157035
0.157076
0.157035
0.156121
0.160035
0.161036
0.158035
0.158034
0.164037
0.162036
0.161035
0.159103
0.159233
0.166163
0.166037
0.165037
0.162035
0.165162
0.163141
0.144297
0.159035
0.156855
0.159036
0.160488
0.158442
0.158035
0.159035
0.159035
0.165146
0.165036
0.162036
0.160321
0.160260
0.158035
0.159511
0.160036
0.160169
0.139724
0.159522
0.158035
0.163181
0.161461
0.159286
0.160036
0.160255
0.158035
0.159036
0.159035
0.158177
0.164744
0.166037
0.162347
0.161035
0.159035
0.158035
0.158035
0.160096
0.159201
0.159238
0.159371
0.159456
0.160035
0.160528
0.165037
0.165037
0.163036
0.161036
0.163353
0.162534
0.162045
0.162542
0.163037
0.162123
0.163036
0.161036
0.143574
0.161134
0.161036
0.163035
0.162395
0.161035
0.160272
0.161036
0.159330
0.159731
0.159604
0.160036
0.164036
0.163036
0.160450
0.165037
0.162107
0.161036
0.158035
0.158034
0.158273
0.159035
0.158036
0.159035
0.158232
0.162036
0.163608
0.160036
0.158809
0.159035
0.159471
0.159035
0.159035
0.158034
0.162079
0.164036
0.163157
0.163036
0.162419
0.156585
0.156338
0.156035
0.158055
0.159035
0.159035
0.169194
0.165036
0.164037
0.160127
0.159035
0.157107
0.158524
0.153384
0.163162
0.161035
0.080018
0.076017
0.074016
0.090923
0.071366
0.077215
0.071849
0.071443
0.082209
0.075822
0.071883
0.074330
0.071827
0.072337
0.071172
0.072531
0.072302
0.071099
0.078054
0.070845
0.073333
0.072039
0.072552
0.071016
0.072445
0.072564
0.072016
0.071857
0.073295
0.072243
0.072360
0.073827
0.076786
0.091714
0.073613
0.073016
0.073503
0.072315
0.072016
0.070571
0.071582
0.073187
0.073594
0.071504
0.073688
0.078373
0.071926
0.090379
0.070712
0.071314
0.072563
0.072118
0.071634
0.076806
0.078266
0.078887
0.072016
0.073101
0.092527
0.070580
0.085113
0.087756
0.070722
0.088019
0.073016
0.073015
0.072017
0.074767
0.078017
0.074283
0.072360
0.072602
0.072312
0.071665
0.071977
0.073575
0.072569
0.076747
0.077248
0.072019
0.073277
0.073191
0.083340
0.077798
0.072109
0.071015
0.072491
0.077279
0.089117
0.073012
0.071633
0.075206
0.073095
0.070825
0.073220
0.073306
0.073606
0.088345
0.075016
0.071741
0.073406
0.071874
0.073016
0.072468
0.072100
0.077075
0.077495
0.077044
0.073310
0.073072
0.073571
0.071015
0.072016
0.073117
0.072125
0.072709
0.072263
0.072155
0.071043
0.074016
0.072406
0.072272
0.071862
0.072619
0.073748
0.071778
0.087735
0.071016
0.088196
0.092104
0.072243
0.074040
0.082219
0.070857
0.072572
0.078017
0.071701
0.071016
0.071717
0.071015
0.071862
0.088894
0.071015
0.073382
0.073818
0.072413
0.087091
0.091638
0.071709
0.070917
0.071219
0.072154
0.077833
0.072016
0.073669
0.071122
0.077004
0.071477
0.072449
0.084550
0.071253
0.071655
0.071933
0.072137
0.071124
0.078017
0.072333
0.090084
0.072988
0.075023
0.074995
0.072687
0.079670
0.086698
0.076190
0.074601
0.077043
0.074433
0.074916
0.090181
0.073476
0.070953
0.071749
0.072213
0.073016
0.071587
0.090483
0.072148
0.071683
0.072016
0.071866
0.071525
0.073256
0.088243
0.071980
0.071515
0.077581
0.073121
0.072016
0.071186
0.071015
0.073806
0.073759
0.089791
0.070509
0.073328
0.071706
0.072284
0.071193
0.071667
0.076705
0.070763
0.072669
0.078017
0.071616
0.071247
0.072760
0.072784
0.072227
0.071961
0.070796
0.071045
0.072016
0.072102
0.074129
0.071016
0.072016
0.072640
0.071636
0.071989
0.073863
0.074016
0.075059
0.073799
0.071524
0.071248
0.073363
0.072051
0.077345
0.071382
0.072044
0.072501
0.074230
0.076870
0.071015
0.071398
0.071864
0.078017
0.072307
0.072122
0.071316
0.073016
0.073587
0.072213
0.071285
0.077425
0.072070
0.073016
0.071671
0.072797
0.072175
0.072670
0.071856
0.071360
0.071850
0.071134
0.075066
0.070761
0.072036
0.070158
0.071137
0.072575
0.074795
0.070379
0.071324
0.070980
0.073244
0.070862
0.072583
0.073961
0.079000
0.073073
0.073577
0.074101
0.072795
0.071423
0.072738
0.070453
0.072183
0.072117
0.088463
0.071155
0.072545
0.071340
0.071821
0.070675
0.072724
0.071996
0.072321
0.071795
0.071002
0.072702
0.073666
0.071592
0.071474
0.071424
0.071836
0.072561
0.071597
0.076039
0.072574
0.070631
0.073016
0.072512
0.072597
0.077484
0.070701
0.071340
0.070975
0.072104
0.072722
0.071227
0.073620
0.090877
0.071318
0.073379
0.070856
0.071635
0.071093
0.071903
0.072820
0.073444
0.072016
0.072808
0.072320
0.072315
0.071634
0.070882
0.072365
0.071016
0.072346
0.070851
0.072516
0.077043
0.088020
0.071600
0.071162
0.071233
0.073329
0.072185
0.073267
0.072526
0.071188
0.075023
0.076498
0.070570
0.071795
0.076557
0.070018
0.077537
0.071461
0.072233
0.071183
0.071551
0.071443
0.070462
0.072396
0.072016
0.072064
0.078391
0.071828
0.073016
0.074911
0.071006
0.071067
0.073335
0.071698
0.071372
0.072016
0.071016
0.072575
0.081021
0.090020
0.070387
0.072818
0.069706
0.071409
0.072040
0.071739
0.091020
0.071163
0.071608
0.071754
0.072873
0.071697
0.071548
0.071330
0.074986
0.071016
0.070942
0.077314
0.070793
0.073258
0.071834
0.072987
0.071113
0.072610
0.091249
0.073017
0.078632
0.072078
0.089019
0.088649
0.070707
0.071246
0.071265
0.076652
0.071142
0.072973
0.071797
0.070616
0.072640
0.072246
0.076600
0.071542
0.073481
0.070987
0.078114
0.071017
0.071408
0.071956
0.076078
0.071976
0.071033
0.070653
0.071331
0.073356
0.074629
0.074391
0.073028
0.074252
0.076191
0.088020
0.071053
0.073057
0.073411
0.073645
0.073005
0.071735
0.071015
0.073886
0.072214
0.073024
0.072081
0.075104
0.073221
0.078177
0.088020
0.077059
0.076345
0.083915
0.089118
0.071015
0.071915
0.075292
0.075419
0.071867
0.071338
0.076499
0.070486
0.072016
0.071147
0.082242
0.074744
0.072614
0.072650
0.071707
0.071924
0.071816
0.071395
0.071712
0.072016
0.084573
0.091375
0.070420
0.072746
0.073050
0.072016
0.071709
0.070349
0.073141
0.071054
0.075214
0.073772
0.071656
0.070547
0.071667
0.072652
0.091341
0.073018
0.073096
0.070530
0.072508
0.070649
0.071229
0.071499
0.072122
0.072200
0.072884
0.071879
0.071873
0.070578
0.070856
0.072015
0.070861
0.070346
0.072138
0.076293
0.072338
0.071238
0.072378
0.071466
0.074308
0.076782
0.073016
0.076275
0.073731
0.072243
0.073800
0.090020
0.072837
0.070526
0.073686
0.071680
0.071240
0.078541
0.075495
0.071700
0.070006
0.088857
0.073753
0.070712
0.074922
0.071552
0.072639
0.071169
0.076257
0.071373
0.071264
0.076503
0.073406
0.071804
0.077852
0.071551
0.071134
0.071711
0.072016
0.072016
0.072900
0.073099
0.072292
0.072098
0.072259
0.071016
0.071071
0.072165
0.074044
0.070369
0.071409
0.071525
0.071368
0.089020
0.071244
0.071369
0.072017
0.072406
0.070926
0.071043
0.077044
0.071822
0.073012
0.085176
0.072514
0.073349
0.071854
0.069582
0.071469
0.071355
0.090120
0.070472
0.072440
0.072127
0.072670
0.071415
0.070883
0.070441
0.072327
0.085124
0.071142
0.072415
0.071131
0.074278
0.071230
0.071472
0.073590
0.073240
0.072292
0.071087
0.074340
0.070589
0.071419
0.070788
0.075370
0.072748
0.070688
0.077709
0.072866
0.072016
0.072056
0.071914
0.072962
0.072793
0.078915
0.071898
0.072016
0.077018
0.071275
0.073126
0.072620
0.071171
0.071025
0.071141
0.071465
0.073000
0.071195
0.081057
0.070563
0.071813
0.072946
0.071225
0.071180
0.071580
0.072503
0.072814
0.074995
0.071449
0.073349
0.088019
0.072963
0.069786
0.072638
0.077176
0.069750
0.078246
0.071562
0.072016
0.071611
0.071690
0.071673
0.070159
0.075713
0.072814
0.076442
0.090020
0.070603
0.074198
0.077625
0.070832
0.071989
0.072175
0.073173
0.072401
0.071142
0.071859
0.072486
0.077579
0.071888
0.071092
0.071378
0.070243
0.071259
0.089020
0.073980
0.072018
0.070507
0.073096
0.071350
0.089019
0.070017
0.071241
0.073804
0.070935
0.071715
0.070771
0.072857
0.077500
0.069868
0.071429
0.071473
0.076903
0.074075
0.070280
0.091020
0.071005
0.072300
0.071837
0.073457
0.074692
0.071015
0.071397
0.071445
0.090020
0.087703
0.071543
0.072160
0.070914
0.071072
0.071475
0.072936
0.078157
0.072870
0.070369
0.077496
0.072420
0.073108
0.073697
0.072921
0.075259
0.074156
0.071752
0.076872
0.088441
0.088489
0.071269
0.071640
0.090587
0.072145
0.070015
0.084947
0.071385
0.072098
0.071487
0.075672
0.070769
0.090020
0.071114
0.071156
0.071015
0.073286
0.076521
0.072208
0.076889
0.071887
0.070579
0.071134
0.078842
0.071713
0.071252
0.071398
0.075874
0.088019
0.070568
0.087546
0.081507
0.071470
0.071314
0.072600
0.071091
0.073170
0.071142
0.090020
0.071015
0.071991
0.070253
0.071671
0.071334
0.072744
0.072301
0.071089
0.077640
0.071675
0.070840
0.081760
0.070106
0.071015
0.076779
0.070896
0.071901
0.071998
0.072647
0.070851
0.089804
0.072379
0.084527
0.071480
0.072552
