0.002001
0.177041
0.171038
0.177039
0.179040
0.165037
0.166037
0.165036
0.165036
0.167037
0.165154
0.165036
0.165036
0.165037
0.169139
0.168453
0.148755
0.169038
0.169699
0.167794
0.168036
0.170038
0.169038
0.167037
0.169038
0.166751
0.168037
0.134029
0.170038
0.169037
0.166037
0.163415
0.165036
0.165878
0.166195
0.165679
0.165291
0.166036
0.168037
0.170370
0.171057
0.168038
0.166103
0.166552
0.166036
0.166311
0.165036
0.167197
0.166865
0.167550
0.167037
0.167610
0.166896
0.168037
0.168037
0.168037
0.167330
0.167037
0.168236
0.166158
0.167037
0.169038
0.166871
0.180981
0.176093
0.180039
0.177297
0.175039
0.167037
0.165036
0.166037
0.166362
0.165036
0.166501
0.166037
0.167037
0.166036
0.167681
0.175743
0.179702
0.175227
0.178826
0.177192
0.179378
0.174859
0.179585
0.180792
0.179453
0.175159
0.180485
0.176049
0.179379
0.165264
0.166476
0.167180
0.167104
0.165232
0.164517
0.163816
0.166743
0.171407
0.170621
0.168109
0.167604
0.168860
0.168388
0.169088
0.168312
0.168036
0.170052
0.168144
0.168441
0.168229
0.167709
0.166857
0.167369
0.167866
0.168053
0.167637
0.167105
0.166180
0.167045
0.182585
0.167586
0.169229
0.168026
0.167550
0.165928
0.166852
0.167311
0.166340
0.167136
0.176468
0.176567
0.176491
0.177318
0.168649
0.166205
0.167738
0.166722
0.167090
0.167179
0.166710
0.166805
0.166533
0.167310
0.166951
0.167604
0.166867
0.166955
0.168214
0.168060
0.164654
0.166061
0.165420
0.167093
0.166100
0.167343
0.166408
0.167491
0.166254
0.167844
0.173509
0.173451
0.170086
0.170958
0.169878
0.167707
0.167718
0.166240
0.166425
0.166665
0.167091
0.166509
0.167970
0.166276
0.167083
0.168324
0.167190
0.166604
0.166188
0.166078
0.165787
0.166083
0.167430
0.166838
0.165749
0.164939
0.169235
0.169713
0.171204
0.170498
0.168525
0.167371
0.167825
0.172446
0.176243
0.174633
0.172925
0.172565
0.171664
0.180264
0.179269
0.178768
0.181421
0.175893
0.165877
0.165269
0.165603
0.167566
0.166846
0.166362
0.164609
0.165427
0.166422
0.167180
0.166026
0.166257
0.165995
0.163880
0.165499
0.166308
0.166686
0.165583
0.165005
0.166863
0.166795
0.166879
0.168179
0.167342
0.167411
0.167859
0.167584
0.166528
0.167834
0.166839
0.167879
0.168408
0.169447
0.168937
0.169189
0.168852
0.169598
0.169569
0.168822
0.167547
0.169187
0.168053
0.168290
0.168839
0.169647
0.169132
0.173043
0.172858
0.172535
0.171436
0.170699
0.176666
0.178029
0.179058
0.174650
0.174104
0.173191
0.170823
0.168818
0.167108
0.167165
0.167794
0.166394
0.166225
0.167095
0.166969
0.167062
0.168181
0.167723
0.166501
0.167229
0.169489
0.168349
0.166387
0.165967
0.169996
0.167741
0.168752
0.167726
0.167205
0.166978
0.168688
0.168937
0.168519
0.170847
0.152118
0.165343
0.167586
0.166336
0.167232
0.167440
0.166842
0.167633
0.166038
0.167052
0.166916
0.167072
0.166557
0.167516
0.167777
0.168621
0.167518
0.172024
0.173147
0.173211
0.171251
0.171514
0.168992
0.168242
0.168187
0.169195
0.168345
0.169534
0.167757
0.168529
0.167907
0.169364
0.170507
0.169659
0.167885
0.169172
0.167031
0.167633
0.167138
0.173363
0.169718
0.169592
0.169869
0.168401
0.169548
0.167342
0.167579
0.171431
0.170338
0.171563
0.167449
0.167226
0.167343
0.167039
0.165520
0.167732
0.166098
0.165763
0.166861
0.166201
0.168494
0.170203
0.168802
0.169024
0.169346
0.167914
0.170599
0.169312
0.168553
0.167504
0.167757
0.169595
0.170069
0.169983
0.169448
0.169463
0.169197
0.169313
0.170019
0.167488
0.167248
0.145015
0.165250
0.165067
0.164190
0.165848
0.165124
0.164579
0.164920
0.167911
0.169663
0.168001
0.167157
0.173264
0.171623
0.175929
0.175797
0.180251
0.175352
0.174124
0.173897
0.176652
0.176464
0.173940
0.176382
0.172684
0.172678
0.171813
0.171558
0.170095
0.169232
0.167773
0.165963
0.166822
0.166075
0.167352
0.167825
0.167574
0.166713
0.167256
0.167130
0.168464
0.168492
0.170433
0.167876
0.167087
0.167541
0.169549
0.170627
0.170826
0.168424
0.166090
0.166309
0.165857
0.166186
0.168510
0.167845
0.167635
0.167014
0.175457
0.174744
0.172549
0.171556
0.173450
0.171757
0.173022
0.170197
0.171332
0.165484
0.166128
0.166161
0.166423
0.166181
0.165281
0.166795
0.166860
0.150437
0.170172
0.166687
0.166241
0.166061
0.166440
0.167292
0.166573
0.165925
0.166185
0.166520
0.166044
0.165299
0.166255
0.167641
0.165876
0.165635
0.165402
0.165342
0.165179
0.165612
0.167072
0.167177
0.165657
0.166593
0.168291
0.167393
0.167701
0.168311
0.166889
0.167094
0.167243
0.167546
0.168233
0.167784
0.168235
0.167134
0.170578
0.167567
0.167700
0.166638
0.167182
0.169628
0.170584
0.176689
0.182074
0.179508
0.180189
0.179466
0.183584
0.181303
0.178774
0.176130
0.171870
0.173083
0.172960
0.174008
0.169835
0.168989
0.164731
0.163714
0.164766
0.164389
0.166716
0.167445
0.165487
0.165322
0.166037
0.165538
0.167389
0.172776
0.173624
0.169400
0.169521
0.168172
0.167762
0.168214
0.168696
0.171360
0.173179
0.175481
0.174426
0.175431
0.176342
0.175426
0.174048
0.172918
0.171391
0.170661
0.169858
0.169661
0.169822
0.171355
0.171226
0.169775
0.169201
0.168232
0.168642
0.168381
0.168830
0.168980
0.171228
0.171924
0.172993
0.172291
0.174613
0.174343
0.174145
0.172989
0.171855
0.172390
0.181983
0.178682
0.176028
0.176363
0.175246
0.176798
0.175435
0.166114
0.166550
0.167027
0.166870
0.166840
0.166707
0.167877
0.166535
0.167449
0.166458
0.166527
0.165989
0.166605
0.166875
0.166578
0.167477
0.166592
0.167336
0.167496
0.168867
0.166957
0.166781
0.167139
0.166832
0.166333
0.165549
0.166621
0.166941
0.167415
0.165738
0.167692
0.169364
0.168600
0.167691
0.168649
0.167803
0.166849
0.167192
0.168162
0.168279
0.168293
0.168315
0.168926
0.168586
0.168636
0.168626
0.168647
0.170347
0.170237
0.170599
0.169221
0.171309
0.171289
0.170160
0.170115
0.171280
0.170118
0.169563
0.170446
0.169383
0.170424
0.170562
0.170022
0.170165
0.169893
0.170243
0.170640
0.168852
0.169642
0.150407
0.166599
0.166719
0.166668
0.167180
0.166241
0.166953
0.165332
0.171761
0.171825
0.168983
0.170312
0.167794
0.169458
0.167875
0.167844
0.169642
0.169015
0.171621
0.170193
0.169506
0.169750
0.168264
0.167678
0.168780
0.168476
0.172679
0.173319
0.169137
0.169442
0.170113
0.171620
0.172904
0.172710
0.171270
0.169947
0.167414
0.167439
0.167968
0.168413
0.167416
0.171322
0.171804
0.170536
0.171328
0.171551
0.169808
0.169496
0.168975
0.169254
0.168438
0.169429
0.169129
0.167998
0.166802
0.168371
0.168458
0.167838
0.167161
0.168238
0.168396
0.167875
0.168685
0.166688
0.170136
0.170810
0.170462
0.170755
0.168503
0.168170
0.167595
0.169118
0.168694
0.168789
0.165765
0.166878
0.168551
0.168486
0.169513
0.170389
0.171008
0.169419
0.167300
0.168842
0.167393
0.167278
0.168038
0.167243
0.167125
0.166851
0.166147
0.166101
0.167237
0.170151
0.169689
0.167284
0.168562
0.168124
0.168188
0.168143
0.167037
0.167684
0.167032
0.166675
0.168290
0.167670
0.167591
0.169155
0.168465
0.166188
0.166869
0.167048
0.165798
0.167425
0.167868
0.167319
0.167177
0.167290
0.167172
0.168464
0.168329
0.168821
0.169197
0.169256
0.169152
0.167837
0.168483
0.167953
0.168572
0.171572
0.171277
0.169350
0.168428
0.167551
0.168808
0.168815
0.166021
0.168544
0.170628
0.171398
0.177389
0.170142
0.168285
0.167699
0.167695
0.168647
0.167034
0.167793
0.166273
0.166908
0.170028
0.169906
0.167343
0.167993
0.168264
0.168683
0.167588
0.171996
0.167696
0.165842
0.167892
0.167564
0.146883
0.166150
0.166660
0.165912
0.165893
0.164880
0.166070
0.165855
0.166160
0.166486
0.167845
0.167107
0.149077
0.165157
0.167469
0.166230
0.167673
0.166406
0.173102
0.173433
0.181709
0.176795
0.167363
0.167404
0.166584
0.166943
0.166803
0.167135
0.167768
0.168006
0.166022
0.168565
0.167267
0.166500
0.167697
0.166796
0.165103
0.165836
0.167177
0.175817
0.176234
0.176367
0.175884
0.176243
0.165314
0.169169
0.174983
0.165174
0.167472
0.166076
0.167160
0.167085
0.167447
0.166407
0.165513
0.165208
0.166658
0.165653
0.150776
0.178061
0.179559
0.176317
0.173470
0.172636
0.172942
0.169937
0.169606
0.170974
0.167934
0.165043
0.166160
0.167460
0.164924
0.166415
0.166489
0.165223
0.165455
0.165372
0.165147
0.166569
0.166110
0.165206
0.165308
0.152252
0.165257
0.166641
0.165969
0.165298
0.165581
0.166318
0.164827
0.165748
0.165321
0.165603
0.165727
0.165640
0.164721
0.164470
0.166592
0.166671
0.164696
0.164920
0.164545
0.165643
0.164712
0.164791
0.170107
0.171654
0.167303
0.166929
0.165622
0.165637
0.170366
0.170575
0.166310
0.165297
0.165592
0.170222
0.170451
0.170644
0.165971
0.166123
0.166423
0.167003
0.167188
0.167955
0.165980
0.166267
0.164151
0.166507
0.174198
0.171860
0.169660
0.169453
0.171384
0.171127
0.170505
0.167381
0.166674
0.166764
0.166831
0.165214
0.165993
0.167548
0.166927
0.165776
0.165950
0.165928
0.165220
0.166717
0.169669
0.171199
0.169908
0.170029
0.168612
0.168998
0.167520
0.168028
0.167604
0.170681
0.170816
0.168392
0.169273
0.169148
0.167475
0.168111
0.168533
0.166721
0.167238
0.167734
0.167910
0.167768
0.166715
0.166361
0.172186
0.175719
0.175625
0.174960
0.172461
0.172164
0.167839
0.166422
0.166395
0.166656
0.168108
0.167012
0.167094
0.167030
0.166854
0.166308
0.166968
0.166892
0.145952
0.166862
0.167040
0.166908
0.166162
0.166759
0.167049
0.167448
0.166722
0.167887
0.166559
0.166584
0.165890
0.166607
0.164740
0.166688
0.169339
0.167452
0.168494
0.168382
0.168095
0.167529
0.167226
0.169085
0.167698
0.167840
0.167706
0.167771
0.168871
0.167862
0.167674
0.171764
0.172332
0.172116
0.170484
0.171194
0.168410
0.168456
0.168722
0.167404
0.167243
0.167613
0.166953
0.167586
0.167496
0.167769
0.167323
0.167142
0.170542
0.170524
0.171898
0.169623
0.170143
0.168620
0.170402
0.170177
0.166989
0.168399
0.168160
0.168869
0.168192
0.168342
0.168360
0.167937
0.167190
0.167431
0.167516
0.166789
0.166137
0.166980
0.168169
0.168616
0.169204
0.168478
0.171464
0.171000
0.175534
0.174541
0.168281
0.169564
0.168744
0.167732
0.173212
0.170799
0.167613
0.166808
0.167729
0.167779
0.166627
0.166919
0.165780
0.166981
0.175887
0.174376
0.172513
0.173633
0.172924
0.170256
0.170288
0.165967
0.166541
0.165122
0.164709
0.166333
0.165936
0.165931
0.165629
0.165554
0.166298
0.165509
0.164006
0.166304
0.165083
0.165021
0.165388
0.165822
0.165407
0.166380
0.166226
0.165955
0.165291
0.168650
0.174610
0.169714
0.169368
0.166350
0.165854
0.165778
0.165458
0.165227
0.166965
0.166037
0.165704
0.164590
0.166471
0.165467
0.165856
0.166355
0.165870
0.166143
0.165882
0.165786
0.166101
0.165955
0.176602
0.178212
0.178233
0.173472
0.176317
0.171774
0.171591
0.171362
0.170761
0.169984
0.173220
0.171089
0.167717
0.166959
0.172870
0.171847
0.170755
0.173437
0.172963
0.170184
0.171294
0.170440
0.170110
0.172518
0.173535
0.169983
0.169814
0.169152
0.170219
0.172253
0.173117
0.171534
0.170961
0.169904
0.168234
0.166668
0.166722
0.166959
0.166774
0.166482
0.166278
0.166263
0.165788
0.166536
0.166506
0.167257
0.166805
0.166090
0.166207
0.167738
0.166608
0.166707
0.166888
0.165578
0.166463
0.166539
0.167242
0.166679
0.167010
0.167862
0.166988
0.167253
0.166894
0.166353
0.167080
0.166240
0.167247
0.166268
0.166960
0.168848
0.173346
0.173085
0.169888
0.168327
0.168258
0.168352
0.168190
0.168389
0.167622
0.168514
0.168057
0.167953
0.167804
0.169060
0.167907
0.168814
0.168181
0.167893
0.168393
0.167598
0.168284
0.168359
0.167051
0.167921
0.167934
0.168146
0.167531
0.169194
0.168981
0.168317
0.169343
0.167226
0.167669
0.167505
0.148148
0.166841
0.167043
0.166933
0.167119
0.166529
0.168041
0.167571
0.167763
0.167476
0.168214
0.167887
0.167700
0.167417
0.167969
0.168141
0.166925
0.167134
0.167437
0.169134
0.168894
0.168080
0.168487
0.168235
0.169086
0.169611
0.169988
0.170334
0.169041
0.168025
0.168523
0.169396
0.169818
0.166455
0.165667
0.166716
0.166281
0.167480
0.168018
0.167863
0.166549
0.166716
0.165668
0.167016
0.166495
0.166680
0.166607
0.167480
0.167031
0.167768
0.166514
0.166340
0.164933
0.165188
0.172249
0.169354
0.168214
0.167984
0.168361
0.167854
0.168417
0.167840
0.169893
0.168625
0.169135
0.168414
0.168189
0.168012
0.167391
0.168174
0.169120
0.173857
0.172931
0.170958
0.170006
0.167493
0.167591
0.167936
0.168165
0.166178
0.168339
0.168229
0.172369
0.172362
0.168787
0.168089
0.168128
0.167852
0.168608
0.168336
0.177617
0.171942
0.171963
0.171587
0.173695
0.172927
0.171573
0.180514
0.181098
0.176947
0.177033
0.180611
0.180785
0.180323
0.177519
0.181456
0.180746
0.179379
0.179320
0.175198
0.174898
0.174647
0.174138
0.171124
0.168042
0.170179
0.167601
0.166732
0.166393
0.165416
0.165214
0.165441
0.166193
0.165967
0.166282
0.165568
0.165580
0.166389
0.166271
0.165648
0.165813
0.165568
0.164812
0.165664
0.166954
0.165725
0.166432
0.165380
0.165833
0.165579
0.165347
0.165672
0.145988
0.163887
0.164211
0.166324
0.166923
0.165947
0.165257
0.165484
0.170812
0.171123
0.169394
0.166680
0.164840
0.166893
0.165898
0.167164
0.165402
0.165010
0.166471
0.166024
0.166336
0.166351
0.165569
0.166029
0.165156
0.165185
0.165671
0.166612
0.165874
0.165540
0.164017
0.165496
0.165544
0.165041
0.164665
0.164631
0.166071
0.166192
0.166510
0.166181
0.164351
0.165837
0.165549
0.165238
0.164973
0.165265
0.164868
0.165128
0.166527
0.166284
0.165470
0.165204
0.164341
0.165397
0.171100
0.170335
0.169938
0.170211
0.168234
0.168496
0.169568
0.167053
0.165916
0.164324
0.164191
0.164074
0.165258
0.165568
0.166283
0.166048
0.166283
0.165510
0.165563
0.164980
0.165391
0.165752
0.165837
0.165947
0.167289
0.166496
0.168531
0.169598
0.169027
0.168842
0.167838
0.170049
0.169975
0.168923
0.169011
0.169351
0.168772
0.168028
0.168289
0.168187
0.168978
0.168299
0.167220
0.168365
0.168088
0.167898
0.167886
0.167989
0.169030
0.168611
0.167392
0.168290
0.168903
0.169722
0.168586
0.169338
0.169709
0.169637
0.169438
0.168428
0.171580
0.169296
0.168002
0.168761
0.167582
0.147781
0.166549
0.167375
0.168318
0.168248
0.167865
0.167147
0.167895
0.168261
0.168605
0.166291
0.169682
0.169734
0.170011
0.168745
0.169637
0.169157
0.168539
0.169508
0.169379
0.167809
0.174379
0.175818
0.172805
0.169314
0.169412
0.168711
0.170371
0.168497
0.170381
0.168506
0.167659
0.167268
0.166731
0.166936
0.167328
0.148214
0.166352
0.165151
0.164783
0.167438
0.166198
0.165818
0.160824
0.164988
0.165707
0.165999
0.165804
0.165266
0.166118
0.166397
0.164177
0.165358
0.165200
0.164172
0.165849
0.164860
0.164148
0.164380
0.165607
0.166519
0.164553
0.165308
0.165242
0.166758
0.165264
0.165331
0.165371
0.166378
0.167420
0.168507
0.168114
0.168766
0.167831
0.169188
0.168926
0.167660
0.169358
0.169115
0.168371
0.168900
0.168418
0.169070
0.169571
0.167862
0.167976
0.168633
0.169674
0.168401
0.169011
0.167882
0.168708
0.169991
0.168139
0.167392
0.148332
0.168076
0.168121
0.167652
0.168043
0.168563
0.167134
0.167968
0.168382
0.167782
0.168487
0.167380
0.168240
0.166777
0.167331
0.168366
0.167587
0.167596
0.168574
0.167772
0.167114
0.168745
0.168019
0.167745
0.167793
0.167702
0.168532
0.167040
0.166764
0.168117
0.168107
0.167817
0.166943
0.167211
0.167377
0.166854
0.167275
0.167144
0.167825
0.167953
0.168115
0.167145
0.167455
0.167927
0.168745
0.167233
0.169104
0.168024
0.168396
0.167533
0.168894
0.167897
0.168467
0.168728
0.166018
0.165073
0.164973
0.165292
0.165872
0.168934
0.166019
0.166519
0.166621
0.166763
0.167571
0.167065
0.166768
0.166550
0.166636
0.165453
0.167197
0.165891
0.167278
0.166812
0.167032
0.166090
0.166086
0.166687
0.166315
0.166352
0.166157
0.167488
0.167479
0.165975
0.166098
0.166522
0.165645
0.166441
0.167017
0.167365
0.166465
0.165931
0.166266
0.167157
0.166677
0.165932
0.166749
0.167487
0.165936
0.167173
0.166728
0.167280
0.166850
0.167477
0.165837
0.166054
0.167036
0.167859
0.166981
0.167165
0.168188
0.166369
0.166248
0.166530
0.166099
0.166745
0.167389
0.166341
0.167097
0.168105
0.171455
0.168216
0.167331
0.167965
0.167369
0.168837
0.168500
0.167673
0.168489
0.167591
0.171809
0.170450
0.170504
0.168330
0.166692
0.167201
0.167713
0.166502
0.167979
0.167299
0.167369
0.167319
0.167797
0.168320
0.167627
0.168565
0.167544
0.169142
0.167777
0.168116
0.166744
0.167800
0.168404
0.165869
0.166925
0.167977
0.166696
0.168005
0.147748
0.165728
0.167296
0.167862
0.167283
0.167479
0.166152
0.166678
0.165104
0.167099
0.165600
0.167644
0.166302
0.165711
0.166562
0.165804
0.165375
0.166016
0.165982
0.165038
0.166975
0.167147
0.166643
0.167123
0.167068
0.166933
0.168258
0.169233
0.167469
0.167742
0.167922
0.166704
0.167200
0.168159
0.168664
0.168476
0.168549
0.168021
0.168518
0.167803
0.168185
0.168369
0.167696
0.167549
0.168151
0.167576
0.167902
0.166729
0.167274
0.168204
0.168592
0.167629
0.168368
0.167554
0.168082
0.168498
0.167769
0.168988
0.168032
0.168571
0.167183
0.173897
0.172038
0.173587
0.170170
0.169672
0.171656
0.170769
0.170032
0.170075
0.170756
0.167712
0.168058
0.167986
0.168400
0.168573
0.167751
0.167497
0.167542
0.167841
0.169479
0.167892
0.167849
0.167338
0.166165
0.166770
0.168240
0.166960
0.166397
0.168292
0.147499
0.166651
0.147188
0.166137
0.166041
0.145613
0.166521
0.166604
0.167275
0.166263
0.167798
0.166992
0.166227
0.166123
0.166252
0.164946
0.165738
0.166388
0.166791
0.163557
0.167130
0.166497
0.166938
0.166339
0.165759
0.166852
0.167259
0.166689
0.166681
0.165456
0.165622
0.166839
0.166780
0.165931
0.166474
0.166168
0.165713
0.167165
0.167569
0.166296
0.167202
0.167104
0.166142
0.166490
0.166611
0.166351
0.166410
0.166001
0.166919
0.166502
0.168434
0.166995
0.166864
0.166518
0.165901
0.166210
0.167638
0.167016
0.166683
0.167335
0.166889
0.167511
0.166242
0.167278
0.166843
0.167583
0.167510
0.166930
0.166940
0.167871
0.168207
0.167787
0.167754
0.168606
0.168356
0.168333
0.166639
0.168245
0.167648
0.166533
0.167778
0.167539
0.167669
0.167336
0.167688
0.167561
0.168569
0.166025
0.166683
0.166119
0.167151
0.166083
0.166289
0.166943
0.167255
0.168605
0.167880
0.168092
0.168084
0.167819
0.167113
0.167207
0.168049
0.167292
0.167472
0.166713
0.167155
0.166883
0.149637
0.166646
0.166873
0.166130
0.166063
0.165911
0.167853
0.165740
0.166992
0.166402
0.167728
0.166251
0.166119
0.165458
0.166009
0.166122
0.166308
0.166247
0.166390
0.166125
0.166343
0.166312
0.167016
0.168365
0.168128
0.167991
0.167266
0.167439
0.168468
0.167877
0.167339
0.167997
0.166277
0.167796
0.167068
0.168283
0.168990
0.168777
0.167701
0.167358
0.166900
0.166566
0.168418
0.168092
0.169130
0.168610
0.168355
0.168206
0.167091
0.167347
0.166640
0.168075
0.167198
0.167465
0.167497
0.168245
0.167976
0.168550
0.168256
0.167999
0.168123
0.168555
0.167866
0.168397
0.166636
0.167648
0.166778
0.168133
0.167148
0.167296
0.166523
0.167419
0.166799
0.167146
0.167205
0.167521
0.167628
0.167433
0.167846
0.169455
0.168776
0.167308
0.166426
0.167109
0.167511
0.169089
0.168542
0.168988
0.167763
0.168905
0.167727
0.167400
0.167155
0.168137
0.167340
0.166822
0.168244
0.168205
0.167789
0.168306
0.167346
0.168149
0.167424
0.167014
0.166976
0.166965
0.167662
0.168195
0.168642
0.168545
0.167039
0.167458
0.167709
0.167510
0.168151
0.167905
0.167809
0.168871
0.168196
0.168074
0.167080
0.169188
0.167526
0.167464
0.168121
0.167980
0.168621
0.165612
0.168062
0.166261
0.167298
0.166750
0.167721
0.166298
0.167193
0.166274
0.166443
0.166445
0.166293
0.167446
0.167279
0.168177
0.166505
0.167084
0.166541
0.166259
0.167255
0.168952
0.168892
0.167974
0.166885
0.169277
0.167860
0.167151
0.167169
0.167914
0.167185
0.168645
0.166781
0.166881
0.168360
0.167688
0.166962
0.168334
0.168411
0.168773
0.167980
0.168332
0.168446
0.167009
0.167677
0.168573
0.167845
0.167793
0.167920
0.169290
0.168282
0.168144
0.168013
0.168276
0.167086
0.166871
0.167727
0.167720
0.168105
0.167619
0.168180
0.167616
0.167375
0.168456
0.169409
0.169060
0.167578
0.168199
0.168716
0.167866
0.167128
0.168202
0.168705
0.167809
0.168792
0.167923
0.168100
0.168135
0.167583
0.167847
0.169620
0.168311
0.167551
0.168051
0.169002
0.167975
0.167807
0.168139
0.167765
0.168374
0.168162
0.168000
0.168332
0.167773
0.168118
0.167215
0.168202
0.168045
0.168295
0.167127
0.167814
0.168536
0.168468
0.168571
0.168096
0.168500
0.168239
