540	366	151	53
541	359	152	57
540	353	160	60
505	354	168	63
504	357	177	62
505	360	179	63
511	364	173	61
512	358	177	62
506	354	180	61
509	356	179	63
511	359	182	61
512	360	181	61
513	354	180	63
512	348	183	64
482	349	177	65
485	316	175	67
484	321	185	62
487	325	184	62
486	326	175	62
492	293	170	62
489	321	176	60
457	321	176	62
487	321	170	63
489	291	168	60
488	318	172	58
489	316	172	64
489	283	172	63
487	312	178	60
494	312	170	62
498	280	168	62
497	314	175	48
509	311	157	59
508	313	164	60
508	316	169	59
513	318	164	62
511	320	173	63
516	321	170	63
519	322	169	62
517	323	175	62
521	323	170	62
512	324	176	62
518	326	170	60
523	328	166	61
520	329	173	65
521	332	173	66
521	336	174	64
530	339	159	63
535	341	151	65
530	342	162	64
535	344	152	65
531	346	163	64
538	347	154	63
544	349	148	61
537	349	163	61
538	351	164	60
535	351	170	62
533	352	176	59
505	319	167	62
515	322	152	63
510	325	168	61
514	327	166	63
513	331	175	61
514	334	177	60
517	336	177	62
517	340	180	61
518	341	179	63
521	343	173	66
522	347	175	64
519	349	181	66
519	352	187	66
521	381	190	64
520	382	181	69
530	376	167	69
529	383	176	62
534	383	171	67
535	387	175	67
537	389	177	67
539	394	178	63
541	396	181	66
545	396	179	72
545	398	186	73
541	398	200	75
544	400	200	74
541	403	208	70
557	364	182	73
553	370	197	67
557	372	196	69
558	375	199	70
561	379	200	68
564	381	200	70
567	410	201	74
579	401	183	78
572	436	205	72
574	426	208	78
585	432	192	74
582	435	204	74
580	440	210	71
582	441	210	76
539	445	216	76
541	446	220	80
546	452	216	77
537	456	221	75
532	458	220	77
539	459	213	78
494	457	221	83
507	459	204	87
503	455	218	83
515	454	202	86
507	455	226	87
503	457	241	85
505	414	244	83
511	418	241	82
515	422	241	82
519	426	240	81
529	428	228	84
534	431	226	86
546	433	210	90
537	427	235	88
541	429	235	93
536	432	253	95
599	436	208	90
579	409	234	88
583	410	234	92
578	415	251	91
578	418	259	88
580	387	259	88
581	388	258	94
585	389	254	100
526	396	273	96
528	394	277	100
535	345	272	97
537	347	277	101
537	353	286	97
539	355	285	96
558	356	249	96
502	361	265	90
507	362	264	89
511	362	263	92
514	308	267	209
650	297	249	354
642	326	269	313
555	338	263	306
646	331	228	335
637	272	251	291
555	329	245	316
583	283	205	293
576	272	223	329
526	301	154	285
562	292	190	315
568	328	181	258
501	301	189	289
550	329	212	246
420	315	241	279
487	320	245	273
475	290	273	346
475	363	247	356
441	354	268	345
540	350	276	369
638	357	249	362
729	335	221	283
741	316	201	335
733	337	192	307
720	335	220	325
610	364	242	282
680	359	237	306
678	339	244	361
826	397	231	322
716	383	247	336
800	366	231	353
742	359	229	360
750	372	231	347
595	364	256	355
594	366	274	353
670	370	282	349
476	382	284	330
503	377	246	342
497	356	263	363
389	360	248	359
386	342	271	377
461	346	290	372
354	362	310	346
346	365	345	345
346	309	364	410
233	300	350	419
265	331	307	362
270	298	315	421
149	307	330	412
150	308	348	411
171	256	507	279
405	333	444	147
522	331	343	126
451	348	355	102
514	354	326	94
504	355	356	101
432	302	382	89
472	352	313	87
467	352	332	96
487	363	301	84
462	360	359	92
493	355	308	105
469	299	366	104
457	300	393	113
480	313	358	99
505	311	319	113
465	318	322	110
471	323	319	109
478	329	316	108
527	335	313	107
533	340	310	106
526	346	307	105
504	351	361	104
526	363	329	91
560	363	348	100
538	364	317	108
587	370	314	107
502	372	369	106
571	380	336	93
562	378	356	106
581	377	329	113
588	378	326	112
530	319	323	111
578	367	324	114
566	369	329	111
572	320	327	90
592	360	291	99
585	362	288	99
577	363	288	98
583	363	284	101
582	364	290	102
526	321	294	81
545	357	264	89
550	360	263	92
500	353	267	90
547	366	254	73
508	367	230	79
513	371	228	78
485	373	228	77
489	374	227	77
525	347	224	77
460	346	222	84
458	353	234	79
462	354	233	64
479	354	207	71
462	353	246	78
415	353	261	80
426	306	245	84
407	344	292	83
476	298	234	77
389	333	273	78
420	339	219	68
428	339	210	71
422	340	229	71
431	335	218	82
430	338	226	77
448	332	199	77
445	338	212	72
462	342	185	71
459	347	197	67
425	349	194	69
407	353	235	67
421	361	215	59
434	361	190	65
457	370	149	52
468	372	133	53
465	369	144	52
438	369	147	56
457	372	156	55
410	374	157	57
455	370	116	55
448	374	135	51
467	375	141	54
507	400	106	50
531	366	98	44
538	369	88	42
542	372	82	39
547	375	76	37
547	390	80	34
549	389	79	38
553	392	74	35
557	395	69	33
556	397	72	31
553	407	81	37
559	409	73	35
558	420	76	39
561	423	74	35
573	435	77	40
570	435	83	43
573	439	81	39
577	439	75	40
575	454	83	40
593	453	77	45
589	453	88	47
586	456	97	46
592	459	90	43
596	458	84	49
597	459	86	50
598	460	88	51
599	464	90	48
600	464	88	51
600	465	91	52
599	467	93	50
602	465	91	54
602	467	95	55
603	463	97	56
602	463	99	59
602	465	103	60
602	467	105	61
603	462	108	62
602	463	110	66
583	464	114	68
603	464	118	69
584	465	121	72
584	460	126	73
585	454	128	77
585	447	133	80
595	450	120	80
575	452	120	76
581	433	112	77
586	437	108	72
588	439	108	71
584	421	117	70
591	422	106	73
593	426	102	70
568	423	99	77
595	427	92	70
568	421	98	85
572	427	96	73
544	404	98	67
568	407	95	65
544	406	92	71
545	412	94	65
535	408	83	74
536	408	83	74
536	410	83	71
513	395	81	70
529	402	87	60
508	400	84	68
530	406	80	61
507	405	82	66
528	411	78	59
528	406	79	72
504	410	80	68
525	417	78	59
530	416	72	64
521	414	83	72
523	421	81	62
519	415	83	67
524	410	78	70
524	406	78	78
524	392	83	74
526	396	83	71
529	396	81	72
532	397	81	72
534	373	81	72
536	380	81	61
553	380	82	67
528	376	87	78
549	383	87	66
553	380	80	72
549	381	89	72
552	380	84	75
555	380	84	75
557	382	84	72
560	382	82	74
562	383	82	74
564	379	82	82
564	384	87	74
567	384	85	76
570	386	85	73
573	386	83	74
575	382	83	83
570	367	97	78
580	374	82	70
596	371	89	80
592	373	98	80
592	374	103	84
597	376	98	84
601	384	96	73
622	385	98	76
600	385	91	81
617	393	101	69
585	391	102	79
612	397	95	72
580	390	96	87
578	397	107	73
582	380	103	71
582	384	104	69
583	380	103	68
586	383	98	67
589	374	94	76
582	381	99	68
584	384	100	66
593	387	86	65
593	387	91	68
592	392	96	63
568	389	95	74
581	395	113	65
566	396	91	69
585	401	92	63
556	422	103	61
575	426	107	57
585	425	91	63
556	419	102	80
577	427	105	65
550	396	111	75
576	407	107	59
556	407	97	63
573	382	105	63
580	383	95	65
577	356	106	71
600	359	106	56
603	353	103	62
602	354	107	62
608	353	100	65
629	355	99	63
628	356	106	63
652	356	100	64
654	359	97	62
656	361	95	62
652	364	104	62
632	365	85	64
626	369	99	59
612	366	81	69
610	374	87	58
608	376	96	57
585	372	99	67
585	374	100	64
556	350	107	62
557	353	109	60
560	354	109	63
568	356	97	65
571	359	92	62
570	365	88	54
569	383	93	55
586	387	97	52
589	403	95	57
589	405	99	57
607	411	101	48
613	426	94	54
614	428	96	56
614	429	98	57
633	433	101	54
610	433	99	57
629	457	101	48
635	455	94	56
635	459	98	53
638	461	96	53
638	463	96	53
639	463	96	55
638	458	98	58
644	458	88	61
622	459	85	59
636	440	95	55
637	440	98	57
637	442	100	54
657	425	98	57
661	425	91	58
660	426	98	57
678	430	101	54
664	430	99	57
682	433	101	56
665	433	79	60
676	440	93	50
651	434	92	55
652	435	95	55
623	430	97	66
639	438	107	51
615	410	100	59
615	412	103	60
596	415	83	57
609	417	92	53
586	416	94	56
610	418	85	53
586	418	90	54
603	418	93	56
602	417	88	58
600	422	96	51
603	423	94	55
604	424	96	56
605	428	99	53
608	427	97	58
612	429	91	58
616	432	85	57
602	434	85	56
600	437	93	54
605	437	86	55
603	438	92	55
578	422	96	57
603	429	87	48
605	428	86	51
605	425	90	52
606	428	92	49
624	429	90	52
625	430	92	53
626	431	94	55
627	432	96	46
632	431	90	52
633	448	92	53
634	451	94	50
637	451	92	55
635	452	96	56
619	454	98	57
620	459	101	48
625	456	94	54
626	440	96	46
632	440	89	48
649	436	87	51
627	437	90	52
644	438	92	44
649	439	85	46
666	439	84	49
667	440	86	50
661	456	98	51
664	461	95	46
647	460	88	51
625	461	91	52
625	466	93	44
596	463	86	51
594	443	90	52
595	449	92	44
575	448	85	46
577	447	84	50
555	425	87	52
571	432	91	43
575	429	84	50
574	414	87	52
574	419	91	43
579	419	84	45
591	417	93	50
593	398	92	44
598	402	85	41
602	405	79	38
602	390	82	44
598	389	91	47
579	388	87	51
595	368	90	48
577	371	88	47
579	373	87	47
571	376	96	41
573	372	94	50
552	371	93	54
569	353	95	45
573	352	88	51
573	355	90	48
575	360	88	42
594	359	82	48
595	360	84	49
596	376	86	50
596	380	88	47
599	384	87	42
594	398	91	47
591	402	98	42
573	415	97	50
569	419	104	45
555	433	92	53
556	434	94	45
561	437	87	42
561	438	81	43
564	438	80	46
560	438	92	47
563	424	88	47
565	426	87	47
577	430	96	41
585	428	84	45
582	407	93	48
601	412	90	43
596	409	102	49
585	412	95	45
590	390	88	47
593	391	86	46
568	371	95	49
572	374	92	44
556	352	86	51
556	358	89	43
549	355	106	49
526	331	97	52
528	336	96	46
507	333	89	52
508	338	91	43
508	336	95	49
510	334	92	53
483	334	94	54
484	316	96	46
488	315	89	52
487	321	91	43
491	322	84	45
474	322	93	48
477	324	90	48
479	326	89	48
482	341	87	51
498	347	90	43
480	346	101	48
502	350	94	45
507	349	87	51
523	355	89	43
522	352	93	48
525	353	90	48
528	352	88	51
544	335	91	43
549	334	84	49
550	334	86	50
545	318	99	42
553	319	87	42
553	317	91	47
571	306	87	42
566	305	91	44
566	307	95	41
583	308	94	40
591	310	82	39
591	306	86	41
590	305	89	46
609	325	86	41
608	328	90	38
624	344	89	38
627	343	87	42
627	344	91	43
646	362	84	40
665	365	78	38
661	377	89	42
680	380	82	39
694	396	86	37
692	397	85	36
711	399	75	36
706	398	89	40
707	414	90	38
723	416	89	38
705	417	99	37
711	417	92	39
713	417	90	38
716	415	89	38
695	417	95	37
713	418	89	38
691	415	96	38
709	417	90	38
694	417	96	38
699	404	91	39
706	406	80	38
706	409	83	35
683	411	93	35
702	412	86	37
681	414	92	36
690	415	78	37
683	417	93	35
666	418	93	36
666	419	88	37
668	421	86	37
646	423	96	36
651	424	89	38
646	426	99	37
627	426	92	39
624	429	98	37
625	431	91	37
610	433	96	35
616	435	87	36
619	432	85	36
618	434	91	36
622	430	86	37
623	432	85	36
618	433	95	36
597	414	100	37
622	414	82	39
615	417	98	37
615	418	98	38
614	421	100	37
602	422	100	37
608	424	91	37
611	426	88	35
611	427	91	34
609	410	96	34
608	410	98	37
590	411	98	39
600	413	83	36
597	402	89	35
597	404	92	34
595	405	95	36
577	405	95	37
600	407	80	36
596	408	92	34
601	407	85	36
603	409	84	36
601	410	90	35
619	411	85	36
617	412	91	36
635	414	86	37
637	428	85	36
657	430	75	36
652	433	85	33
651	434	91	34
650	435	96	36
655	435	89	38
657	437	87	37
660	435	86	37
662	437	85	36
656	419	91	36
660	416	86	37
656	400	96	36
662	380	89	38
664	369	88	37
671	370	77	37
666	356	90	34
667	344	91	36
665	344	98	37
670	324	91	39
673	326	89	38
670	328	95	37
670	329	98	38
660	330	92	39
681	332	81	39
655	331	92	36
659	332	86	37
661	334	85	36
644	335	96	36
645	336	96	38
645	351	99	39
625	353	101	40
630	354	96	41
632	356	94	40
629	358	101	40
604	359	104	41
609	375	98	42
615	378	86	40
588	381	96	38
597	377	81	39
590	380	96	36
568	380	96	38
572	380	91	39
575	361	89	38
552	363	99	38
571	364	92	39
572	366	91	39
554	368	102	38
580	364	83	40
557	363	95	37
575	364	89	38
557	366	88	38
573	363	86	37
546	365	97	36
552	366	90	38
529	368	101	38
529	370	101	37
530	371	100	38
507	372	101	40
511	374	95	38
488	376	104	39
494	377	95	39
496	380	92	37
495	383	88	35
499	384	84	36
501	385	83	34
498	368	91	34
521	365	75	35
521	367	77	32
521	368	81	32
531	351	87	33
536	352	80	34
547	337	86	31
552	337	78	33
551	338	84	33
567	322	79	33
564	323	87	33
586	325	72	32
578	327	83	31
583	327	76	33
585	329	75	32
583	331	81	32
587	332	76	32
584	333	85	32
583	346	90	33
588	347	83	35
590	347	82	35
585	348	92	34
586	347	92	36
573	349	94	35
578	331	86	34
578	333	89	34
579	334	90	34
584	335	83	36
583	337	89	35
583	338	92	36
601	339	87	37
602	354	85	35
605	357	83	33
608	358	79	34
604	360	90	32
606	374	88	33
605	376	93	33
595	390	91	33
613	392	83	32
594	394	88	31
601	396	79	30
601	397	80	28
602	382	81	28
602	383	81	29
587	384	82	29
587	385	84	29
590	387	81	29
590	385	83	29
590	386	84	28
590	388	84	28
591	388	84	29
590	390	86	29
580	392	86	29
582	393	86	29
583	394	86	29
585	395	85	30
585	393	87	29
587	393	86	31
587	395	89	30
588	395	89	30
586	395	89	30
586	396	89	31
575	397	90	32
575	399	92	32
576	400	93	31
578	415	93	31
575	416	93	31
577	430	92	32
576	432	89	32
576	434	91	31
578	435	91	32
577	436	88	32
582	437	80	31
581	422	84	29
583	423	84	29
584	423	86	32
585	408	86	30
585	409	88	31
604	410	78	30
602	395	83	29
602	396	84	29
602	397	86	30
602	395	87	30
602	395	88	30
585	396	88	30
587	380	88	30
589	381	84	30
591	382	82	30
575	384	85	30
558	386	87	29
547	386	87	30
531	388	88	30
515	401	88	30
534	398	77	31
512	399	83	31
495	401	87	31
492	402	89	31
495	416	86	30
495	418	88	30
499	419	84	31
500	421	83	30
514	433	82	31
530	435	76	30
528	436	83	31
544	437	76	29
542	438	81	28
532	424	83	28
538	422	73	28
537	413	77	26
537	414	77	26
508	399	91	27
517	400	75	29
500	398	79	28
501	399	81	28
504	400	78	27
493	400	80	28
510	385	71	27
508	387	76	26
510	388	74	27
522	388	73	29
531	389	79	29
547	391	73	28
561	393	68	26
561	381	72	25
573	381	70	26
584	373	71	25
589	374	64	25
597	375	69	24
597	375	70	24
583	362	70	25
584	363	72	25
571	364	73	26
571	362	74	25
558	362	74	25
564	360	65	26
562	361	71	24
560	361	71	25
561	348	72	24
562	349	72	25
564	350	70	25
564	352	72	24
577	352	68	26
578	353	69	25
592	355	63	25
601	356	65	25
600	356	70	26
604	358	64	25
617	360	61	24
615	361	66	22
617	349	65	22
618	349	66	23
617	350	67	23
617	348	68	24
604	349	70	24
608	350	62	25
620	352	59	23
619	362	64	23
619	363	66	23
619	364	67	23
620	365	67	23
621	366	69	24
623	367	67	23
632	367	68	24
634	368	66	23
635	368	68	23
647	368	65	24
657	368	64	23
657	355	66	25
657	356	70	26
660	356	65	28
659	358	70	27
662	359	66	27
665	361	64	25
663	363	69	25
649	349	71	27
656	348	59	25
651	349	66	25
634	350	70	26
638	351	64	25
620	352	70	26
621	353	70	27
619	364	75	28
619	365	75	28
622	367	70	27
625	379	65	26
625	380	62	25
624	382	65	24
623	383	67	24
622	384	70	24
611	385	67	25
615	383	62	24
613	384	67	24
599	371	68	24
600	372	70	24
601	373	62	25
587	373	67	24
577	373	70	25
565	373	69	26
572	375	57	26
553	376	65	25
557	377	61	25
561	378	52	25
543	380	62	23
549	389	51	24
545	391	61	23
536	392	64	24
540	392	59	25
537	393	66	25
540	394	61	26
541	395	60	26
527	396	65	25
530	407	61	26
534	405	54	25
532	407	60	23
533	408	61	24
542	408	63	25
542	409	65	25
545	411	61	24
548	412	58	25
556	413	62	24
567	414	59	24
569	424	57	24
580	426	56	21
579	426	60	21
579	426	62	21
580	415	60	21
582	415	59	23
594	415	55	23
604	414	55	22
614	413	53	22
612	414	59	22
613	402	59	22
616	411	54	23
622	413	61	21
624	414	59	21
624	414	61	21
625	415	61	21
627	414	60	21
627	415	60	21
628	416	62	21
629	416	59	22
626	426	62	22
626	427	63	21
628	428	63	22
628	429	64	22
616	429	65	23
616	429	67	24
616	417	68	24
616	417	70	26
614	418	73	25
615	420	74	25
618	420	71	25
618	407	72	24
619	408	72	24
621	406	72	24
621	406	72	25
605	392	73	26
605	393	75	26
605	395	76	25
591	395	76	25
607	395	67	25
590	396	70	25
592	397	68	24
591	397	69	24
569	383	83	26
556	383	81	28
576	381	64	27
557	383	72	25
559	370	70	25
559	370	72	26
559	371	74	28
563	372	68	26
562	372	73	25
548	364	74	25
554	364	65	27
551	365	72	27
552	366	72	27
553	367	73	29
552	368	79	29
556	369	73	30
558	371	71	27
562	373	66	27
571	384	70	27
574	385	66	25
575	386	67	24
588	386	61	23
587	379	65	22
597	379	65	24
598	380	65	23
599	368	67	22
600	369	67	23
600	370	68	24
605	368	61	23
604	369	64	23
592	369	65	24
591	370	67	23
591	371	69	24
579	372	69	24
584	373	62	25
573	375	67	23
574	376	65	24
561	377	68	23
562	378	68	23
568	370	60	23
566	371	64	22
568	359	62	23
567	368	65	24
571	369	60	24
574	370	57	23
584	371	55	23
582	372	61	23
583	359	62	24
581	360	67	25
584	361	61	26
584	363	61	24
584	363	63	24
569	351	67	25
583	351	61	26
567	343	69	26
571	343	64	26
568	330	70	26
572	328	65	27
572	329	69	27
569	329	74	28
553	314	78	29
568	314	72	31
551	316	77	30
566	328	73	31
564	330	71	30
565	331	70	30
545	333	75	29
549	344	71	30
551	357	70	30
532	358	78	29
547	359	73	31
533	372	71	30
535	384	70	30
537	396	69	29
538	398	68	29
520	399	76	28
524	400	70	30
526	402	69	29
509	403	74	29
512	415	70	30
525	416	69	29
512	414	68	29
517	416	59	28
513	418	71	26
497	418	75	28
501	430	69	29
503	442	68	29
505	453	67	28
507	454	65	28
505	455	70	27
490	467	72	28
507	467	61	29
489	479	72	27
493	480	67	27
496	480	64	27
492	467	72	26
479	467	72	28
485	468	60	27
473	456	69	26
474	456	70	27
474	456	72	28
457	441	77	29
461	442	71	30
447	443	70	30
449	441	69	29
433	439	68	29
445	441	67	28
424	442	75	28
429	443	69	28
411	445	76	28
419	445	62	30
416	447	71	28
419	448	67	28
421	450	66	28
420	451	70	28
423	452	67	28
422	453	71	28
425	465	67	29
437	466	66	28
434	468	74	28
439	479	68	29
440	481	67	29
442	492	66	28
444	494	65	28
446	495	64	27
443	506	72	27
447	507	67	28
444	519	75	28
448	519	69	29
445	531	77	29
446	532	71	30
448	534	70	30
450	535	69	29
451	537	68	29
453	538	67	28
465	550	65	28
464	550	70	27
467	551	66	28
479	552	65	28
476	554	73	27
491	555	67	28
490	556	71	28
491	557	73	28
494	558	69	29
496	559	68	29
482	562	76	26
484	563	68	27
468	565	73	26
483	565	65	28
463	566	73	27
447	568	77	27
449	565	75	27
426	550	74	28
408	551	75	29
412	553	71	28
392	539	77	29
380	525	71	27
378	527	76	26
359	527	68	27
357	513	73	27
362	514	68	28
364	515	65	27
362	502	72	26
362	503	75	28
366	500	69	28
368	499	67	27
366	500	73	27
384	500	60	27
391	489	69	24
390	486	70	26
394	473	65	25
397	473	61	25
395	474	67	25
395	461	71	25
412	459	57	26
409	460	66	25
405	461	70	25
405	463	72	25
405	463	74	26
392	464	72	27
406	475	67	28
408	477	65	28
405	488	73	27
409	489	68	27
409	491	70	26
408	492	73	26
393	493	75	26
398	494	67	27
397	506	73	26
398	517	72	27
402	515	67	26
406	517	62	26
403	527	69	26
407	528	64	26
409	529	62	26
411	540	61	26
419	541	65	25
422	542	61	24
434	542	58	25
440	530	65	24
444	530	60	25
451	518	67	25
451	520	70	24
451	520	71	26
456	521	65	25
455	518	69	26
453	520	72	25
439	520	74	27
454	522	67	27
438	532	73	27
452	534	67	26
437	536	72	25
442	537	64	25
445	538	61	24
443	540	66	24
443	540	68	25
441	541	68	27
444	542	65	26
444	544	67	24
449	545	60	23
449	546	61	22
436	533	63	24
440	534	59	23
438	522	63	24
424	510	67	24
431	511	54	23
429	511	61	23
428	499	64	23
412	500	67	25
416	509	61	26
418	511	61	26
415	521	68	25
416	523	68	25
420	523	62	26
417	525	69	26
402	535	72	26
417	536	66	27
409	538	64	25
412	539	61	25
423	540	59	25
424	542	58	25
435	543	57	24
434	531	61	24
446	532	58	25
447	533	57	24
455	521	61	23
467	522	57	24
477	522	56	24
487	512	55	22
498	512	53	22
495	514	59	22
498	514	55	22
511	504	46	21
512	505	47	20
523	505	41	19
521	497	47	18
523	498	44	19
522	499	47	18
524	489	44	18
524	490	47	18
529	490	39	18
529	491	40	17
536	491	40	17
535	484	45	17
540	475	47	18
542	474	44	19
541	466	49	18
546	466	40	19
543	458	48	18
543	458	48	19
553	449	46	18
551	448	49	18
563	448	41	19
551	447	48	18
563	447	39	19
577	448	41	17
582	440	46	17
591	440	43	18
599	432	43	18
606	432	42	18
614	433	42	18
623	434	37	18
622	442	42	16
624	448	40	17
623	455	43	17
625	456	40	17
612	462	45	19
601	468	48	23
603	477	45	21
589	485	42	22
578	487	46	20
581	488	41	19
567	489	49	20
558	490	47	20
549	490	47	20
540	481	46	19
532	482	45	19
533	483	44	19
524	483	44	19
522	474	49	18
512	474	45	19
514	475	44	19
515	483	44	19
514	484	43	18
515	485	43	18
516	484	42	18
517	485	42	18
518	485	41	18
509	486	47	17
514	487	39	18
516	488	36	17
516	493	38	19
521	495	41	17
522	495	41	17
523	496	40	17
522	490	43	17
527	491	37	17
523	490	44	18
517	491	38	18
517	492	40	17
517	483	40	17
515	484	45	17
503	484	41	18
503	485	41	17
493	476	41	17
479	477	40	17
480	478	40	17
479	479	43	17
463	478	41	19
458	479	38	18
450	479	40	19
442	479	37	20
443	479	37	18
443	479	39	19
435	479	37	20
436	471	36	17
436	472	38	18
436	465	40	21
435	467	43	18
438	468	38	18
438	467	40	20
439	468	38	18
439	468	40	21
440	475	39	21
441	477	38	18
443	479	35	17
443	478	37	20
444	478	36	21
451	480	37	18
452	479	35	21
452	471	36	21
453	471	37	21
453	472	38	20
461	472	37	22
468	463	39	22
468	453	40	24
480	454	33	24
477	445	38	23
486	445	36	24
485	427	39	23
495	427	36	24
494	409	40	24
498	408	32	25
499	403	33	23
500	404	32	22
505	394	36	21
505	394	37	22
505	392	39	23
517	393	32	23
517	395	32	22
518	396	33	21
526	397	31	21
531	398	35	21
531	404	36	21
540	405	32	22
539	406	36	22
543	406	30	22
549	408	31	21
550	414	30	20
541	415	33	20
541	416	35	21
543	416	31	21
543	417	32	21
543	418	30	21
538	419	29	20
540	420	26	19
540	420	26	20
541	421	25	19
537	421	25	20
538	428	24	18
543	433	25	20
549	440	23	18
551	438	22	22
551	440	23	21
551	446	23	20
554	447	19	19
559	452	18	18
569	455	19	21
576	457	16	19
575	457	19	21
579	463	21	19
581	456	19	21
587	456	18	21
592	451	18	21
592	450	18	23
594	451	17	22
594	456	18	22
589	456	19	24
589	457	17	23
581	456	18	27
573	462	18	26
574	464	17	23
560	463	19	27
552	463	18	26
543	462	21	29
535	465	20	26
529	456	18	31
535	459	19	25
527	451	18	27
526	444	20	29
526	446	19	26
519	437	20	27
520	438	19	25
522	439	17	23
520	431	21	24
521	431	20	24
516	421	21	26
517	421	21	28
517	413	22	29
518	415	20	27
509	408	22	25
517	409	19	25
510	403	19	23
517	404	17	22
509	397	18	23
509	398	19	22
502	399	19	22
503	393	19	22
498	389	16	21
497	389	20	22
499	383	17	20
499	384	17	19
497	375	19	25
491	376	18	23
490	372	21	21
491	372	20	23
492	373	19	23
493	373	20	22
492	368	22	25
485	369	19	22
484	361	22	24
477	362	21	24
477	355	21	24
478	356	21	24
473	350	18	21
471	351	21	21
471	349	22	25
470	350	25	25
471	351	24	24
472	357	22	25
478	364	22	22
482	376	27	24
490	390	24	24
496	403	26	26
497	406	24	21
500	417	30	23
509	431	25	21
516	437	25	22
522	450	25	22
530	458	22	19
535	458	21	18
540	457	23	21
547	459	21	18
551	464	24	19
556	464	25	20
563	471	24	18
569	471	22	19
575	475	22	22
580	478	23	17
586	478	21	18
592	473	21	16
597	469	19	16
598	469	19	17
600	459	24	19
603	454	20	17
601	440	25	20
593	428	24	20
583	418	30	18
587	418	24	18
574	405	29	17
568	394	23	20
556	385	29	17
546	376	27	18
536	368	30	18
541	369	21	16
527	364	25	15
516	356	26	15
512	349	21	16
508	342	30	15
505	333	25	16
512	334	21	16
504	329	25	15
502	329	20	15
505	325	24	13
507	325	20	14
506	325	23	14
506	319	24	14
508	319	22	14
513	320	22	14
515	324	27	16
526	335	28	17
537	356	30	18
548	357	21	16
554	368	28	15
566	373	28	16
577	379	29	17
585	385	26	16
596	385	25	16
602	385	25	18
610	386	20	17
613	391	23	18
618	397	25	16
628	402	27	16
633	409	29	15
641	409	25	15
645	414	26	15
638	415	27	16
641	415	22	17
635	409	22	15
634	406	25	15
634	406	26	16
627	400	27	16
627	399	29	17
623	392	23	18
623	392	24	19
621	394	29	17
625	394	23	18
623	400	28	16
623	401	29	17
623	407	30	16
629	413	30	14
636	413	28	16
636	413	29	17
641	414	30	16
642	414	30	18
645	413	25	21
643	415	31	18
645	407	28	19
644	408	31	18
636	400	32	19
636	399	34	20
629	391	30	21
630	393	31	20
619	394	37	18
627	393	35	19
622	385	35	21
622	386	36	19
616	377	32	21
615	377	35	21
606	377	37	22
606	378	38	21
606	378	38	21
597	379	38	18
600	379	36	21
590	379	37	22
597	382	38	18
599	380	36	24
598	388	39	23
595	398	45	19
599	395	40	27
598	406	44	21
598	406	41	22
599	406	40	24
599	414	42	24
604	416	48	23
607	425	45	22
614	422	47	24
615	425	46	22
618	426	43	20
625	425	45	24
626	427	44	21
633	425	46	24
635	415	45	24
636	417	45	21
635	417	47	23
638	418	44	21
638	408	46	24
638	398	45	21
624	399	54	20
630	399	44	21
632	398	41	25
630	398	48	25
631	400	47	22
629	407	53	25
629	426	55	23
633	433	48	28
634	434	50	29
625	443	51	29
635	454	52	28
636	467	52	24
639	465	47	28
632	477	63	23
633	478	63	23
636	477	58	25
635	478	62	24
635	478	64	25
641	466	54	24
635	467	61	23
642	468	51	24
638	469	61	23
637	468	64	27
649	469	63	27
648	471	67	26
660	471	64	27
643	473	72	27
658	474	67	27
657	475	70	27
660	486	66	28
662	488	65	28
659	489	73	27
658	490	77	29
656	490	81	29
655	491	83	28
662	476	73	28
661	476	78	29
665	477	71	27
666	477	73	28
679	479	69	26
678	465	73	26
683	466	67	26
693	468	69	26
693	469	70	25
695	469	68	25
697	469	68	25
704	461	55	24
689	461	63	27
690	460	62	24
691	461	63	25
694	459	59	25
692	460	64	24
686	459	53	25
686	449	55	23
675	449	55	23
677	438	54	23
678	439	53	23
679	438	52	22
681	438	52	22
682	428	51	22
691	416	50	24
693	414	47	25
689	414	57	27
692	403	53	25
695	403	49	27
701	393	55	23
706	391	48	29
711	394	56	24
710	393	61	27
723	394	55	25
727	393	50	27
733	394	56	29
731	396	61	26
732	397	60	26
717	405	59	32
719	418	58	28
706	426	61	32
703	440	67	28
694	449	59	34
691	453	67	29
682	462	59	34
665	466	68	29
652	474	59	35
630	475	69	36
615	478	67	32
623	480	76	30
601	479	72	35
597	482	83	32
600	483	78	33
590	485	77	33
592	487	76	31
594	484	73	31
604	486	78	31
607	486	74	32
609	486	73	31
599	473	72	31
605	473	63	30
605	475	66	28
592	475	65	28
593	463	64	27
572	460	63	34
570	462	70	30
553	463	68	29
555	464	67	27
548	464	64	27
539	451	63	27
527	453	62	27
528	454	62	26
533	452	54	26
532	452	57	28
522	455	60	25
524	456	59	25
525	457	58	25
530	458	51	24
538	467	53	25
538	469	56	24
548	470	55	23
549	471	54	23
559	469	53	23
563	469	47	25
561	471	52	22
562	471	51	22
559	472	58	21
546	460	58	23
549	461	55	23
547	461	59	22
536	450	54	23
533	451	61	22
537	451	55	23
535	441	59	22
527	441	54	23
526	442	58	23
515	439	60	27
515	441	61	24
501	439	66	24
484	439	69	26
494	440	72	27
493	441	76	26
494	442	77	29
493	444	81	27
496	444	77	29
497	444	78	31
495	445	85	32
496	448	85	30
497	447	87	33
498	446	88	34
496	447	95	33
497	448	96	34
498	444	97	34
499	445	98	36
500	448	100	34
502	449	100	35
503	451	101	34
494	450	119	39
492	452	116	39
495	454	115	39
485	455	136	40
492	456	125	43
493	458	125	42
458	460	149	42
467	461	134	46
458	463	158	45
453	464	171	49
464	464	156	53
467	467	155	53
470	468	153	52
459	469	181	52
467	435	166	58
462	439	167	57
463	442	165	56
450	444	197	56
462	443	178	61
466	422	176	60
478	417	208	60
489	415	191	64
493	416	190	64
497	417	187	64
509	383	220	63
572	344	158	68
589	346	178	60
592	478	178	60
596	397	176	60
599	398	176	59
613	401	154	59
620	404	144	57
638	408	156	55
625	411	124	53
639	416	140	49
668	418	124	50
668	419	129	51
672	421	121	52
648	424	119	51
651	429	118	45
663	432	98	42
665	435	97	40
668	438	94	39
672	438	91	39
669	439	89	38
672	422	88	35
671	423	91	36
674	424	86	37
656	427	85	34
673	430	81	32
676	431	77	33
678	431	76	32
696	435	67	29
697	436	66	28
699	437	65	28
701	439	64	27
702	440	63	27
707	442	56	27
710	444	52	25
710	445	54	23
714	445	47	23
714	438	49	23
713	440	52	22
706	439	45	24
708	439	45	21
707	436	47	24
701	436	45	22
703	437	42	20
703	436	44	21
705	437	41	19
704	437	43	20
707	438	40	19
707	428	42	22
705	430	46	19
709	431	40	19
711	432	37	18
711	432	39	18
713	432	36	20
720	434	36	17
722	433	34	20
722	434	35	20
728	434	36	21
728	434	37	22
735	437	38	18
735	436	40	21
736	436	39	23
737	439	40	19
743	445	42	22
752	446	41	22
760	453	40	24
768	461	42	24
768	464	43	20
768	470	45	23
775	472	49	21
782	479	52	25
782	489	54	23
786	490	48	23
789	490	44	26
786	492	51	22
776	492	50	24
778	494	47	23
770	492	44	26
759	495	46	22
769	489	43	20
746	488	51	24
749	490	47	22
739	489	43	26
738	492	45	21
728	491	42	24
728	492	43	25
728	495	44	21
730	495	41	22
719	495	40	24
719	496	42	24
719	496	43	25
719	498	44	23
721	498	43	25
729	499	44	21
721	497	41	24
728	490	42	25
726	491	44	25
729	492	39	25
731	486	38	25
740	486	36	25
736	471	40	24
738	472	38	24
739	473	37	24
739	467	40	24
741	467	38	25
743	468	36	25
751	469	35	24
749	470	39	23
751	471	37	24
750	472	40	24
753	470	36	25
754	464	37	24
757	463	31	24
749	456	37	25
747	457	41	24
750	457	37	25
751	448	36	25
744	449	31	24
744	451	32	22
743	443	36	21
743	449	37	22
731	443	39	23
743	441	32	24
731	436	34	22
741	437	29	22
732	437	31	23
741	438	28	21
738	428	33	22
741	429	29	22
741	422	31	20
748	422	29	20
747	412	33	23
745	413	37	22
745	413	34	23
750	414	26	22
755	406	29	23
756	408	27	21
758	408	25	21
759	408	25	22
765	409	25	21
765	408	27	24
771	409	27	24
772	409	27	24
773	410	27	24
773	410	27	24
782	410	24	24
787	400	25	25
793	402	27	24
806	395	30	23
814	394	28	25
813	393	31	28
819	382	34	31
820	383	34	31
829	373	34	31
830	374	34	29
837	375	37	30
836	373	39	35
825	374	39	35
826	378	39	30
826	376	40	36
827	377	40	36
829	385	40	40
831	384	38	42
830	387	42	38
833	388	38	38
830	390	40	36
831	389	40	40
833	389	38	42
834	389	38	42
833	378	42	42
836	374	38	45
837	375	39	44
836	362	44	44
839	361	40	47
843	362	35	46
841	343	42	42
829	343	40	44
840	345	40	40
826	329	42	42
838	331	40	40
825	327	42	46
838	331	40	40
827	321	38	42
826	326	42	36
827	326	42	37
828	325	42	42
830	324	39	44
832	327	39	39
841	329	42	37
828	327	42	42
840	330	39	38
841	332	41	37
842	342	41	37
843	343	41	37
853	344	41	37
841	343	41	41
853	345	39	39
848	331	45	41
849	333	45	39
850	320	44	40
848	321	44	40
849	322	44	40
836	311	44	44
846	313	47	36
833	310	43	43
833	295	46	41
833	295	46	41
831	293	46	46
818	282	53	41
834	284	45	38
817	262	48	39
827	266	51	35
829	264	49	38
830	264	51	39
833	266	47	36
842	256	50	39
845	259	47	36
855	261	48	33
863	263	53	32
851	264	50	33
866	265	43	33
872	276	51	30
881	277	53	30
882	277	54	32
882	275	56	32
882	276	57	33
883	275	59	35
886	275	53	36
869	262	54	35
871	263	51	35
852	262	57	34
852	263	59	34
838	263	60	35
841	264	56	37
815	264	61	36
816	264	63	38
800	264	57	39
798	264	64	34
806	264	49	36
789	266	52	34
790	268	51	34
775	269	56	33
775	270	58	34
775	271	59	32
777	270	58	35
776	256	61	36
776	258	63	34
777	257	62	36
778	243	63	34
784	243	54	36
781	244	60	35
778	244	61	35
778	229	62	36
760	232	64	34
764	235	57	30
765	235	56	33
748	236	58	34
748	238	59	32
732	238	58	34
732	240	60	33
718	239	59	34
730	241	61	32
713	226	60	35
714	230	61	29
717	226	57	33
718	224	58	32
719	227	58	28
719	228	60	29
722	228	56	31
733	231	56	27
736	231	52	30
743	231	59	31
741	242	64	31
744	241	61	29
747	240	56	33
744	244	65	28
749	244	57	31
747	247	63	27
749	256	62	30
752	258	58	28
765	260	54	26
748	259	64	30
752	261	59	28
751	261	61	29
755	263	57	27
755	261	59	31
753	261	64	31
752	247	67	32
739	249	62	30
753	251	58	28
739	251	61	31
751	254	59	28
738	254	61	29
741	255	57	31
738	256	63	30
723	257	65	31
737	259	61	29
734	260	69	30
735	261	69	29
737	272	68	32
740	274	63	30
754	287	59	28
754	289	62	26
756	290	61	26
770	290	54	29
777	291	59	28
777	291	62	30
791	278	58	28
786	279	69	29
792	280	60	28
801	281	62	27
803	282	62	26
814	282	61	26
813	283	65	26
811	283	70	26
805	282	65	28
807	283	64	27
796	270	69	27
802	271	58	28
784	272	68	26
798	272	64	27
768	271	72	30
770	257	70	30
753	257	69	29
754	248	68	29
733	250	76	28
741	250	62	30
738	253	65	28
722	251	70	27
726	248	66	28
727	249	65	28
729	249	64	27
725	236	72	27
729	236	67	28
731	237	65	28
733	237	64	27
731	224	69	27
730	225	75	28
733	225	69	29
720	227	68	29
718	228	72	28
722	229	68	29
701	231	77	29
702	231	77	30
686	232	73	31
688	245	71	30
674	243	70	30
690	244	62	29
668	246	73	27
671	243	68	29
649	242	67	28
655	243	58	28
637	244	70	26
641	244	64	27
639	235	69	27
627	233	65	28
639	234	64	27
622	226	72	27
640	226	59	28
634	228	71	26
634	213	71	28
638	214	67	29
643	215	59	28
652	218	62	26
649	219	70	26
634	219	73	27
652	219	60	29
649	221	63	27
650	223	62	26
649	234	67	26
652	244	63	27
653	245	62	26
652	256	67	26
655	267	63	27
651	268	67	26
653	279	64	27
638	299	69	27
654	300	58	27
634	312	68	25
637	322	62	27
626	333	62	26
609	344	70	26
613	355	64	27
611	356	63	27
599	367	62	27
600	368	62	26
585	370	61	26
586	380	60	26
571	382	59	25
582	383	59	25
565	384	63	25
568	385	59	25
569	383	59	25
554	384	66	25
553	384	70	26
557	384	64	27
555	371	69	27
539	371	74	28
553	369	68	29
533	369	76	29
537	366	70	30
536	368	75	29
536	369	77	30
534	370	83	31
516	382	87	33
538	383	72	34
529	395	86	36
536	397	75	36
532	412	85	33
543	413	91	34
556	427	96	36
569	427	101	38
589	428	93	40
606	430	92	39
604	432	98	38
628	433	82	39
622	436	98	37
623	436	98	39
628	436	93	40
626	437	99	39
631	436	94	40
606	437	105	39
607	433	105	41
608	434	108	42
582	436	116	44
611	438	96	43
585	441	109	41
590	442	101	42
590	445	106	40
595	446	98	41
614	448	95	41
608	449	107	40
607	449	112	41
610	428	111	41
633	429	101	43
635	431	100	42
649	433	107	42
649	434	109	40
665	434	114	41
683	413	112	41
683	413	117	44
689	416	108	43
690	418	111	42
696	419	103	44
675	421	116	43
682	422	107	46
683	420	106	42
658	422	113	43
664	423	105	45
667	425	103	44
663	422	116	43
669	422	107	44
665	409	118	41
665	408	120	45
640	386	126	44
641	387	128	45
650	390	114	44
647	390	122	46
625	389	122	48
624	389	125	49
595	385	134	49
604	388	122	49
602	385	126	46
578	387	129	46
577	390	132	44
553	410	131	44
582	412	115	44
580	415	122	43
581	416	125	44
582	417	127	46
608	420	115	46
605	422	125	42
615	422	109	43
615	423	113	43
630	424	119	43
654	426	108	43
655	429	111	42
672	430	112	43
671	432	119	43
671	433	122	46
670	435	129	43
642	410	128	45
617	413	131	44
623	414	124	44
606	414	127	44
610	415	123	43
606	416	124	42
572	416	147	44
585	389	121	46
542	393	151	43
554	394	132	47
555	396	135	45
557	397	134	45
559	398	134	45
562	373	134	45
563	394	133	45
565	394	133	45
565	396	126	45
565	399	129	43
568	401	128	43
571	403	127	43
573	423	125	43
575	423	126	46
575	426	130	44
577	427	130	44
580	428	129	44
583	404	127	43
583	401	128	43
550	400	150	45
557	375	140	47
533	377	138	49
561	379	124	48
535	382	130	44
537	382	130	44
540	383	128	44
537	384	127	43
540	386	126	43
543	387	125	46
542	390	130	44
545	409	129	44
564	410	129	47
564	412	133	47
592	415	119	46
590	418	126	44
592	419	127	46
595	416	126	44
595	418	128	43
598	420	128	45
599	422	130	44
601	419	130	44
603	421	129	44
605	421	127	43
583	406	126	43
586	409	125	43
587	405	125	42
588	406	124	44
552	403	149	43
561	398	137	46
561	398	136	46
538	382	134	46
540	385	134	45
542	387	134	45
545	389	132	45
546	391	131	45
548	393	130	46
523	396	131	45
525	398	131	44
535	399	115	46
549	403	124	42
552	404	122	42
554	382	122	41
557	382	121	44
573	384	125	42
575	384	124	42
566	362	146	42
574	362	133	45
576	365	133	45
577	361	133	45
554	363	131	45
556	365	131	44
558	368	131	44
561	370	129	44
564	366	127	43
565	362	126	45
565	365	127	43
566	366	126	45
566	363	127	43
569	366	126	43
570	366	125	43
572	367	125	42
574	352	125	42
577	354	123	42
579	356	124	42
581	358	123	42
583	360	123	41
585	379	122	41
588	381	122	41
590	378	120	41
592	380	121	41
594	382	120	41
597	384	120	40
599	386	119	40
601	388	118	40
593	390	139	40
600	390	128	43
602	392	126	43
563	393	149	43
571	387	137	46
546	390	137	46
571	392	130	46
546	393	131	45
548	390	131	44
547	392	125	44
546	389	128	43
531	391	127	43
541	393	111	43
540	396	117	40
543	397	116	40
547	398	111	39
550	399	108	38
541	396	130	37
549	396	118	42
550	398	121	41
552	400	120	41
554	402	120	40
556	404	119	40
558	406	118	40
554	408	118	40
556	410	118	40
561	412	112	40
564	415	109	39
581	415	110	42
587	402	102	39
585	405	109	37
587	406	108	36
604	386	107	36
606	387	106	37
608	368	107	36
608	369	106	38
605	371	108	37
596	373	127	36
587	373	116	39
589	375	116	39
591	377	114	40
576	378	117	39
585	378	102	39
591	380	95	37
590	363	100	34
592	363	100	36
592	365	103	35
594	346	102	35
596	347	102	36
597	348	103	36
604	349	92	35
603	333	97	33
604	334	96	33
595	335	115	34
580	336	106	36
582	333	106	36
583	334	104	35
553	334	103	35
557	335	99	35
540	336	96	34
543	337	94	33
544	334	95	32
533	336	94	32
535	350	93	33
536	352	95	32
537	353	95	32
539	355	94	32
541	356	93	33
555	357	94	33
556	358	95	34
570	360	98	33
572	362	98	33
573	364	97	33
588	361	97	33
590	358	96	32
592	360	96	32
594	362	96	32
595	363	95	32
597	361	95	32
599	362	94	32
601	360	94	32
603	361	92	31
605	359	92	31
605	360	91	31
606	362	90	31
599	362	106	30
585	343	97	34
586	345	99	33
603	346	94	33
604	348	96	32
606	350	96	32
608	351	94	32
609	333	94	33
609	335	96	32
610	336	96	32
610	338	95	32
611	340	95	32
611	341	94	32
615	343	89	32
616	345	91	31
618	346	91	31
619	347	90	30
621	347	90	30
623	348	90	30
624	345	90	30
638	342	90	30
639	343	90	30
646	332	79	31
644	334	85	29
645	332	85	29
646	333	85	29
632	334	84	29
633	334	84	28
631	334	84	28
608	335	99	29
614	336	89	31
598	338	89	30
599	351	90	31
599	353	91	31
588	350	90	30
589	352	90	30
572	353	90	30
574	355	90	30
577	356	85	30
580	358	83	29
581	360	81	29
570	361	83	28
572	372	83	31
571	375	87	29
586	376	83	29
589	378	81	29
589	379	83	28
590	380	83	29
605	381	81	29
616	383	84	29
628	384	85	30
631	385	83	29
633	385	81	28
647	376	78	28
648	377	79	28
649	378	80	28
649	376	82	29
649	377	83	29
649	378	84	29
633	379	85	30
633	381	87	29
618	382	86	29
633	383	82	29
614	380	84	29
626	382	85	29
626	383	85	30
610	384	85	30
611	386	87	29
617	375	76	29
616	377	81	28
617	378	83	29
619	379	80	28
603	364	82	27
603	366	82	27
585	363	82	27
586	365	82	27
586	365	82	29
572	367	73	28
571	369	78	27
557	370	78	26
555	372	78	26
553	372	78	27
553	374	80	27
554	375	80	27
568	376	76	27
569	363	78	26
583	363	74	26
594	350	75	25
599	350	66	26
608	351	72	27
618	352	76	28
628	352	80	30
649	353	84	31
661	366	88	32
679	367	80	31
695	369	75	30
706	370	77	30
709	382	73	31
720	384	78	31
718	396	84	31
717	399	88	30
719	400	88	30
724	402	77	30
722	403	82	29
722	405	84	28
729	405	73	28
728	391	78	28
727	392	81	29
727	390	83	29
727	390	84	28
729	375	84	28
730	375	84	28
732	376	84	28
734	361	83	28
735	347	84	28
736	347	84	28
739	337	80	29
720	338	82	29
720	339	84	29
721	341	85	29
719	342	85	30
703	343	87	29
704	344	87	30
688	346	87	30
692	348	83	29
692	348	85	30
665	333	101	30
675	314	83	33
656	317	90	30
658	318	90	30
659	316	90	30
639	317	90	31
640	318	91	31
625	319	90	30
632	319	79	30
619	304	83	29
620	306	84	29
621	307	84	30
600	307	87	31
602	296	86	30
582	297	88	30
583	297	88	30
585	297	88	31
569	287	89	30
570	288	89	30
551	289	88	31
552	290	90	31
553	292	91	32
543	294	89	31
545	295	86	30
546	296	88	33
528	297	93	34
530	311	92	34
535	313	83	33
533	315	90	32
533	328	92	34
519	330	96	34
526	331	86	34
526	346	89	34
531	348	83	33
530	349	85	33
528	362	92	34
529	365	92	33
532	366	90	33
545	368	93	33
551	369	83	33
551	371	86	32
563	372	90	32
581	373	81	32
571	358	104	31
576	358	97	34
596	359	87	33
582	360	93	32
596	342	94	33
595	344	96	34
595	345	98	34
597	345	87	35
595	329	95	32
596	330	94	34
598	331	93	34
604	332	85	34
602	316	92	32
602	316	93	35
600	318	94	34
605	320	85	34
604	333	92	35
603	335	97	34
606	336	94	34
605	350	98	37
607	351	98	38
607	353	100	38
609	353	101	38
610	350	102	37
612	352	101	37
613	355	100	35
615	355	98	38
618	358	92	35
615	372	99	37
600	373	104	39
599	389	109	41
605	391	100	40
610	407	95	41
612	410	94	37
609	425	102	38
606	427	107	39
581	427	110	41
587	445	102	42
590	448	98	39
589	450	102	39
587	451	107	40
591	453	99	40
574	455	107	40
580	455	99	42
583	457	98	42
585	460	96	41
584	462	103	40
603	463	97	42
600	465	104	41
610	466	88	39
608	467	96	38
612	467	91	39
610	468	97	38
606	465	104	39
587	461	96	41
589	463	94	40
580	465	106	40
561	464	106	42
561	466	100	40
533	466	109	41
539	466	100	41
516	467	97	40
534	468	94	39
499	469	104	39
501	468	104	41
475	468	107	42
480	469	101	43
477	473	108	40
477	475	107	39
458	470	106	42
462	472	100	41
481	474	97	41
457	476	104	41
482	478	87	42
474	481	99	39
474	482	102	40
479	483	96	41
481	480	95	40
480	482	101	40
484	470	85	38
482	472	94	37
479	469	101	38
464	469	93	40
481	451	91	36
459	452	99	37
479	453	91	39
457	455	98	38
481	443	82	37
457	446	94	35
476	427	87	36
454	429	96	36
473	429	89	38
455	431	87	37
476	433	76	37
453	436	90	34
455	437	91	36
452	438	98	37
426	438	103	38
432	441	95	38
436	443	90	37
414	444	99	37
416	445	100	39
415	447	102	39
419	463	95	39
421	465	92	39
423	468	90	36
419	469	98	37
420	470	98	38
424	472	92	38
427	473	89	37
430	473	86	37
446	457	85	34
462	458	81	35
464	443	80	34
478	426	79	34
492	427	78	33
485	428	87	33
484	411	92	34
502	393	85	35
500	394	89	35
504	395	85	36
505	397	83	36
506	399	82	35
508	401	81	35
507	402	87	34
511	385	82	35
513	387	81	35
519	388	71	34
516	387	81	32
531	388	76	33
533	389	75	32
547	389	74	32
560	380	73	31
562	381	72	31
564	383	71	30
577	384	70	30
575	384	74	33
577	397	74	32
579	399	73	31
592	411	72	31
589	410	81	35
591	412	80	34
593	413	79	34
595	425	78	37
594	441	81	35
601	442	71	34
601	445	74	32
603	458	73	31
616	459	72	31
617	461	71	30
619	462	70	30
632	464	69	29
627	463	74	33
644	465	66	32
643	468	69	29
645	469	68	29
644	467	73	28
639	467	78	29
640	467	79	31
624	451	74	32
609	452	73	31
605	454	82	31
587	454	68	32
568	441	77	30
572	442	73	31
555	442	78	30
555	428	80	31
546	428	75	32
548	413	74	32
554	398	65	31
551	401	74	29
555	402	70	30
567	387	68	29
569	389	67	29
581	390	66	28
580	377	71	28
583	378	67	28
585	379	66	28
596	380	65	28
598	380	64	27
600	365	63	31
603	368	59	28
603	370	62	26
600	371	70	26
614	371	65	28
613	357	70	31
618	358	62	30
631	357	58	28
613	357	69	31
628	355	62	30
632	341	58	31
633	343	57	30
632	343	62	32
623	327	60	35
624	339	62	36
614	325	63	35
604	325	63	36
589	337	64	37
589	338	66	38
576	353	53	36
575	358	59	28
577	366	55	33
562	377	57	34
562	378	60	35
576	379	55	35
578	380	52	36
576	382	52	34
575	383	57	34
585	384	59	34
586	385	61	35
600	385	56	37
601	387	56	37
604	387	53	36
609	372	46	40
593	373	45	39
595	377	44	34
576	374	52	41
575	374	56	37
582	375	43	37
566	370	47	42
566	372	47	40
550	373	46	41
545	385	58	39
536	388	45	37
546	391	48	33
550	390	42	38
550	391	42	38
551	390	42	42
551	392	45	40
553	393	45	38
554	393	44	39
555	395	44	38
557	396	43	37
556	396	47	38
571	397	40	38
570	396	41	41
569	398	43	39
567	396	43	43
570	401	39	35
582	402	35	35
582	400	37	42
583	410	37	42
585	410	36	42
584	412	41	41
570	412	37	43
572	426	36	36
562	419	33	34
561	427	36	36
552	426	32	38
552	427	33	37
540	418	32	33
541	428	29	31
526	427	29	32
527	430	29	29
528	430	27	30
529	432	26	27
530	440	25	25
536	446	27	27
546	450	21	21
540	449	20	23
544	455	23	23
550	456	24	21
559	457	30	20
569	449	23	19
575	451	22	17
575	443	23	21
568	437	23	20
574	444	22	17
572	436	26	18
556	428	30	20
556	429	29	20
552	430	28	19
541	421	31	18
529	412	25	19
521	406	29	17
521	406	31	18
512	406	32	19
516	407	26	19
515	408	30	17
515	408	31	18
514	414	32	19
516	416	29	18
514	416	35	18
518	418	29	16
523	419	29	16
520	419	37	17
528	420	34	16
534	421	35	15
538	412	39	15
537	412	42	15
537	405	44	16
546	396	40	15
542	387	50	16
544	377	48	18
539	371	40	19
541	372	37	18
534	365	52	16
535	364	50	19
530	364	46	20
539	364	46	19
535	355	51	19
534	356	54	20
533	356	57	21
531	356	47	21
535	347	54	20
544	347	54	21
546	348	51	22
548	346	50	21
555	347	54	21
565	348	51	22
574	357	50	21
603	365	57	24
610	375	63	23
622	373	58	23
633	374	56	22
644	383	53	23
654	384	52	21
648	374	67	21
638	362	57	24
646	364	61	22
630	349	56	24
615	336	63	23
603	323	63	25
593	312	53	24
571	313	72	23
582	313	70	24
564	313	55	26
559	302	66	23
545	302	64	25
553	303	69	25
554	313	71	27
568	315	66	26
569	316	63	27
568	317	67	26
567	318	73	27
581	318	67	29
583	330	66	28
585	329	65	32
595	332	69	29
593	330	74	35
592	333	77	33
594	334	76	32
593	334	81	36
594	333	82	40
593	338	86	34
597	339	82	33
587	324	70	29
589	326	68	29
585	310	77	28
585	308	79	34
570	294	78	31
573	279	74	30
557	280	77	30
544	277	73	32
546	277	73	35
545	280	76	32
