1.889203
5.657060
0.087761
0.144243
0.110025
0.145780
0.152034
0.157035
0.162606
0.164772
0.161443
0.161028
0.150722
0.149431
0.148451
0.127028
0.149127
0.148673
0.125587
0.148532
0.147706
0.113102
0.149288
0.135424
0.158349
0.163581
0.165892
0.170038
0.169860
0.173349
0.163036
0.173239
0.161424
0.156425
0.148033
0.147033
0.149033
0.149139
0.149131
0.148152
0.140335
0.172039
0.163114
0.154535
0.148695
0.146939
0.150188
0.149276
0.150054
0.139880
0.170058
0.173576
0.164658
0.157224
0.159729
0.153369
0.150539
0.149724
0.148138
0.150040
0.130108
0.166781
0.167570
0.171624
0.174842
0.162893
0.156564
0.150355
0.149781
0.150451
0.149797
0.149996
0.151556
0.148199
0.148124
0.150517
0.149719
0.160676
0.164468
0.162853
0.172241
0.159171
0.156624
0.151223
0.151302
0.149942
0.150815
0.152101
0.150637
0.150328
0.150551
0.150921
0.157608
0.162876
0.165583
0.166883
0.167264
0.168509
0.172454
0.145916
0.150867
0.149601
0.151324
0.151587
0.150916
0.148979
0.156779
0.161656
0.159049
0.166623
0.166421
0.168663
0.173837
0.175696
0.165370
0.157630
0.149777
0.146892
0.125891
0.150917
0.160223
0.164703
0.166329
0.168335
0.171555
0.172849
0.167118
0.154400
0.148543
0.148292
0.149754
0.149699
0.149374
0.152179
0.160770
0.165622
0.165375
0.167603
0.177326
0.171279
0.157444
0.131881
0.146900
0.148844
0.150147
0.146608
0.153253
0.163196
0.165928
0.168037
0.170083
0.155449
0.149910
0.147604
0.148325
0.148798
0.148653
0.149367
0.168148
0.175984
0.166172
0.155663
0.157205
0.151870
0.148127
0.146335
0.146071
0.146821
0.155881
0.163845
0.167346
0.171618
0.171283
0.157389
0.149546
0.146744
0.148235
0.130173
0.159550
0.164596
0.164508
0.167216
0.167556
0.172705
0.172014
0.156824
0.151179
0.149053
0.149780
0.150203
0.148907
0.149621
0.156139
0.164339
0.167073
0.166258
0.165555
0.155186
0.160222
0.152791
0.152524
0.152015
0.151460
0.150649
0.150550
0.152862
0.162471
0.166366
0.163302
0.171569
0.162744
0.156611
0.150575
0.152421
0.151653
0.152372
0.140040
0.150787
0.151978
0.152118
0.161012
0.166398
0.167557
0.169049
0.169909
0.169100
0.172707
0.167403
0.158309
0.152489
0.152370
0.134810
0.152085
0.152189
0.152324
0.141776
0.164740
0.168431
0.169381
0.166713
0.169301
0.175865
0.170288
0.162932
0.158062
0.152938
0.152544
0.152297
0.152672
0.151236
0.152359
0.153824
0.152781
0.153762
0.156052
0.162292
0.166928
0.167096
0.169206
0.171563
0.171893
0.172049
0.176081
0.170939
0.163388
0.158743
0.152190
0.153391
0.155207
0.154239
0.157940
0.152945
0.153231
0.138747
0.154727
0.153817
0.154695
0.159617
0.164489
0.166140
0.167080
0.168720
0.170397
0.171744
0.172138
0.175354
0.170288
0.165349
0.164677
0.166289
0.167288
0.171333
0.175002
0.165209
0.158549
0.152456
0.152740
0.153193
0.153935
0.151904
0.153030
0.154047
0.154396
0.163420
0.166959
0.166354
0.154752
0.152972
0.153566
0.155446
0.160339
0.169197
0.170738
0.172951
0.172754
0.171820
0.173218
0.176779
0.172011
0.164480
0.159754
0.154686
0.154933
0.156029
0.157399
0.157035
0.154375
0.155195
0.154965
0.134171
0.155843
0.160824
0.165092
0.166491
0.167510
0.165808
0.166475
0.169349
0.168364
0.166123
0.167013
0.169221
0.156560
0.163178
0.164735
0.167340
0.167238
0.160571
0.167025
0.164712
0.159094
0.157183
0.155615
0.155271
0.156160
0.156683
0.126029
0.169003
0.166339
0.167959
0.156159
0.155194
0.156762
0.152361
0.170324
0.170233
0.168932
0.161692
0.161980
0.158129
0.156684
0.156232
0.154026
0.156145
0.155267
0.156553
0.156032
0.155218
0.158827
0.156729
0.155652
0.156908
0.156761
0.155066
0.156862
0.148321
0.166135
0.168432
0.166192
0.168843
0.170656
0.169649
0.168723
0.170356
0.170783
0.170380
0.145653
0.166515
0.167687
0.167587
0.167405
0.169519
0.170971
0.169475
0.170967
0.169558
0.172206
0.173430
0.175910
0.176571
0.166277
0.162015
0.157473
0.153384
0.158642
0.157400
0.157367
0.157682
0.157160
0.155470
0.158280
0.157233
0.144766
0.159584
0.163812
0.165952
0.166278
0.168282
0.168740
0.167817
0.170742
0.167413
0.169589
0.170515
0.169693
0.171389
0.172558
0.171290
0.173468
0.172462
0.177845
0.151528
0.156784
0.152867
0.157726
0.158272
0.157523
0.157454
0.155885
0.156100
0.158644
0.156908
0.156638
0.154352
0.157873
0.155989
0.157470
0.162238
0.166574
0.162903
0.173747
0.178332
0.175253
0.167562
0.160956
0.157719
0.155288
0.157893
0.157950
0.157080
0.156690
0.155333
0.156609
0.157616
0.158772
0.159448
0.156391
0.156893
0.158514
0.168238
0.157495
0.158803
0.163660
0.164952
0.167955
0.167190
0.157713
0.158391
0.163702
0.164476
0.167103
0.168482
0.168898
0.167388
0.169147
0.169011
0.165025
0.177346
0.178874
0.173510
0.166226
0.161947
0.159638
0.155963
0.160303
0.158172
0.156378
0.157180
0.157694
0.157082
0.157957
0.158985
0.157541
0.155693
0.156457
0.153152
0.169751
0.170307
0.171314
0.168089
0.172631
0.171233
0.170160
0.170114
0.169206
0.169590
0.170532
0.171314
0.171522
0.172528
0.170280
0.171955
0.174544
0.171435
0.170210
0.168067
0.164625
0.161709
0.157676
0.158085
0.160369
0.156784
0.156800
0.159741
0.156937
0.157232
0.157948
0.156992
0.157667
0.157625
0.157744
0.157799
0.152148
0.158559
0.157269
0.160881
0.165969
0.166661
0.157650
0.159770
0.164652
0.166684
0.166408
0.166866
0.169348
0.171117
0.169333
0.171355
0.171706
0.170525
0.170884
0.155723
0.157904
0.139036
0.156794
0.156366
0.157280
0.158179
0.156326
0.156884
0.149694
0.168337
0.169926
0.171429
0.170799
0.170092
0.168944
0.171442
0.162003
0.160704
0.146839
0.158525
0.159177
0.158277
0.156538
0.155950
0.156836
0.157438
0.157125
0.157044
0.157796
0.159755
0.164122
0.166027
0.168759
0.169493
0.169498
0.169894
0.166053
0.171222
0.174800
0.173994
0.171776
0.165736
0.161914
0.158280
0.156260
0.157773
0.158427
0.157788
0.158255
0.156642
0.156426
0.156320
0.156936
0.156092
0.158325
0.159337
0.168262
0.172141
0.163129
0.161371
0.171860
0.173084
0.176280
0.174440
0.164931
0.163377
0.158777
0.157859
0.157486
0.156642
0.156823
0.155923
0.157146
0.157345
0.141397
0.166865
0.154617
0.163411
0.167722
0.166053
0.167820
0.170114
0.170936
0.170246
0.171033
0.171625
0.169919
0.170932
0.172761
0.172745
0.174914
0.169218
0.172304
0.160769
0.162272
0.159832
0.156979
0.157228
0.158130
0.158465
0.158284
0.155939
0.156727
0.158401
0.157371
0.157349
0.156576
0.159265
0.163334
0.166343
0.168187
0.165403
0.171239
0.169707
0.169589
0.171333
0.170566
0.170063
0.170276
0.169075
0.172750
0.170774
0.174528
0.171447
0.173283
0.175585
0.172542
0.170823
0.174031
0.176960
0.161857
0.162807
0.158451
0.158177
0.157624
0.157677
0.157119
0.157810
0.159202
0.155654
0.157357
0.157540
0.159343
0.159063
0.158068
0.160331
0.164367
0.167105
0.156042
0.170583
0.170849
0.171531
0.170451
0.171434
0.171210
0.171228
0.171048
0.169925
0.170941
0.170936
0.172935
0.174102
0.170239
0.174870
0.170635
0.165124
0.173530
0.164836
0.162869
0.160664
0.156834
0.157865
0.157645
0.157003
0.158660
0.157479
0.156295
0.157066
0.156548
0.157434
0.157990
0.157923
0.163663
0.164586
0.160146
0.163456
0.169259
0.166937
0.168446
0.169616
0.168416
0.170724
0.169548
0.169759
0.169888
0.172361
0.170972
0.170921
0.170908
0.173368
0.174933
0.174003
0.163252
0.163302
0.171533
0.170300
0.173963
0.171618
0.173345
0.175454
0.173770
0.175720
0.174146
0.174906
0.177197
0.171253
0.165470
0.162097
0.157667
0.157730
0.168687
0.149069
0.139488
0.156992
0.155858
0.158781
0.157773
0.160333
0.157278
0.157263
0.157986
0.157357
0.159983
0.165628
0.166434
0.166190
0.169129
0.167023
0.162066
0.166181
0.165586
0.172987
0.171653
0.172140
0.171583
0.170487
0.165129
0.160833
0.157863
0.156590
0.157565
0.158955
0.157429
0.156537
0.157790
0.155811
0.155998
0.158514
0.159035
0.148730
0.168028
0.167742
0.168481
0.168711
0.170038
0.168037
0.169191
0.170510
0.171224
0.172038
0.168037
0.172327
0.173146
0.172038
0.157550
0.156982
0.158595
0.162574
0.173059
0.168153
0.158680
0.158417
0.156834
0.157338
0.157523
0.157735
0.156859
0.156343
0.158137
0.157588
0.156958
0.157331
0.158313
0.156640
0.157201
0.158792
0.163472
0.168283
0.167938
0.170282
0.170032
0.169903
0.172157
0.170964
0.168277
0.172039
0.168598
0.164339
0.161108
0.157308
0.163720
0.159122
0.157725
0.158149
0.157333
0.150345
0.156394
0.158030
0.158923
0.159270
0.157020
0.154060
0.169354
0.178296
0.177971
0.170205
0.167243
0.162022
0.161828
0.158960
0.158707
0.158847
0.155308
0.158109
0.154153
0.156717
0.160071
0.158209
0.157279
0.155244
0.162538
0.165861
0.168053
0.167121
0.168745
0.167650
0.162304
0.165427
0.164649
0.174467
0.175690
0.177699
0.172600
0.148066
0.157933
0.157618
0.158611
0.158371
0.156818
0.157308
0.158381
0.157947
0.156869
0.158725
0.158297
0.156673
0.158014
0.156766
0.162409
0.162608
0.174411
0.173750
0.174364
0.174602
0.173605
0.164918
0.162422
0.159126
0.157626
0.158000
0.158039
0.157578
0.162329
0.158605
0.157743
0.157782
0.158753
0.138013
0.157341
0.157609
0.151801
0.170084
0.173644
0.174531
0.174181
0.172675
0.172143
0.178997
0.170544
0.166205
0.162343
0.160353
0.157530
0.158462
0.157449
0.157262
0.157483
0.157356
0.157676
0.146714
0.158576
0.158602
0.164596
0.167146
0.164638
0.171473
0.177830
0.178660
0.171487
0.165366
0.161970
0.159970
0.156888
0.159104
0.158240
0.157967
0.154938
0.158599
0.147114
0.158571
0.157804
0.163459
0.165521
0.166909
0.169348
0.166913
0.162996
0.165981
0.168779
0.168663
0.169556
0.171213
0.171418
0.172078
0.173871
0.170757
0.170999
0.173572
0.163830
0.161891
0.157594
0.157534
0.157758
0.155713
0.158959
0.156552
0.158280
0.157048
0.157258
0.156250
0.157891
0.156161
0.156086
0.158441
0.158988
0.161818
0.158201
0.157278
0.156439
0.156602
0.156552
0.157869
0.159348
0.156576
0.158994
0.164699
0.166307
0.168345
0.169379
0.170377
0.167894
0.169918
0.167707
0.153301
0.163531
0.167439
0.168972
0.168859
0.168200
0.168780
0.162359
0.163434
0.166431
0.169571
0.171128
0.170652
0.172167
0.169073
0.171824
0.174526
0.173309
0.173489
0.174283
0.164498
0.162233
0.159331
0.157315
0.159230
0.160923
0.157327
0.157020
0.156039
0.156280
0.158727
0.158050
0.157586
0.156669
0.156554
0.158400
0.158998
0.161708
0.173366
0.176200
0.171896
0.175204
0.178896
0.176517
0.172952
0.165504
0.162410
0.157608
0.156971
0.158462
0.157228
0.155640
0.157770
0.155625
0.154645
0.156502
0.154057
0.164806
0.166262
0.168727
0.169591
0.157059
0.169506
0.172880
0.166447
0.162249
0.158327
0.155740
0.158681
0.157337
0.159114
0.156708
0.157777
0.157313
0.158076
0.151934
0.168128
0.169604
0.164101
0.158490
0.161142
0.164340
0.166944
0.167329
0.170736
0.169083
0.166644
0.170052
0.170702
0.168260
0.169804
0.169575
0.170650
0.171082
0.177373
0.175043
0.175816
0.166605
0.164181
0.160316
0.156488
0.159423
0.157473
0.157361
0.157080
0.156740
0.158112
0.159180
0.156580
0.157871
0.157517
0.162493
0.161355
0.173944
0.175237
0.162240
0.164780
0.167972
0.167187
0.168972
0.169104
0.175828
0.171045
0.174598
0.178593
0.175670
0.168290
0.163333
0.160958
0.157593
0.156937
0.127658
0.157817
0.157222
0.157975
0.155740
0.158897
0.159671
0.165976
0.166942
0.168605
0.166600
0.168722
0.170613
0.168334
0.170238
0.169071
0.172582
0.172067
0.172789
0.171811
0.170059
0.170202
0.168993
0.171272
0.170417
0.169367
0.171738
0.170176
0.172992
0.172023
0.175117
0.173196
0.174888
0.175527
0.173913
0.179171
0.173824
0.144236
0.167114
0.163313
0.158226
0.156890
0.156702
0.156723
0.157615
0.155556
0.157474
0.156476
0.158507
0.157983
0.152173
0.171036
0.172154
0.171155
0.171170
0.170103
0.169623
0.170756
0.169672
0.172371
0.172104
0.170456
0.169813
0.172831
0.170459
0.174708
0.170016
0.172873
0.172930
0.175816
0.175490
0.165260
0.162325
0.157975
0.149348
0.158036
0.159678
0.157373
0.153436
0.157016
0.157914
0.158036
0.160233
0.157462
0.157579
0.157982
0.163573
0.164827
0.166941
0.167750
0.169848
0.167687
0.132993
0.165609
0.168633
0.167958
0.169243
0.170091
0.169947
0.170147
0.171268
0.173247
0.171062
0.170278
0.173194
0.172994
0.171038
0.172305
0.171612
0.171760
0.149433
0.157118
0.157298
0.157652
0.161104
0.166568
0.165369
0.168148
0.168352
0.168504
0.171177
0.168443
0.168242
0.171677
0.167116
0.163627
0.164143
0.165923
0.155327
0.159449
0.164041
0.169545
0.169857
0.166700
0.170576
0.169604
0.169355
0.169270
0.169316
0.168791
0.169571
0.170037
0.171251
0.171796
0.170261
0.172792
0.163385
0.171976
0.177255
0.173850
0.164354
0.160292
0.156008
0.157148
0.156478
0.156537
0.157035
0.157121
0.157302
0.156347
0.158341
0.158736
0.162114
0.165043
0.167316
0.164719
0.170012
0.173211
0.169908
0.169266
0.170728
0.173550
0.173826
0.173601
0.174020
0.175453
0.174659
0.171534
0.175956
0.174912
0.175205
0.173397
0.170331
0.167463
0.179226
0.172694
0.167105
0.163368
0.156916
0.156980
0.158679
0.158298
0.159336
0.141023
0.143423
0.174285
0.175021
0.176263
0.177768
0.177622
0.173722
0.171598
0.168223
0.177039
0.154831
0.157877
0.156717
0.157123
0.157476
0.158069
0.156245
0.155027
0.157862
0.155510
0.159163
0.163881
0.167521
0.167101
0.159511
0.164551
0.166196
0.167926
0.170224
0.172947
0.171406
0.177187
0.171368
0.177820
0.176666
0.170333
0.163876
0.162009
0.160086
0.159591
0.159858
0.158309
0.159559
0.159138
0.157048
0.159788
0.118403
0.161957
0.165816
0.167111
0.168868
0.169152
0.169719
0.168109
0.170191
0.172346
0.169447
0.172038
0.172429
0.172365
0.172286
0.170316
0.171966
0.171345
0.169106
0.173038
0.174345
0.173856
0.172208
0.174211
0.175732
0.174580
0.173374
0.174539
0.172720
0.173082
0.174073
0.175641
0.159511
0.164948
0.167102
0.168904
0.165895
0.174717
0.177752
0.180380
0.171508
0.167721
0.169141
0.163036
0.159035
0.158688
0.158202
0.157108
0.157058
0.157380
0.158604
0.160284
0.159539
0.158788
0.159547
0.156683
0.159476
0.159275
0.159722
0.158448
0.163954
0.167193
0.166974
0.168321
0.168985
0.167636
0.168341
0.168711
0.168308
0.167148
0.167969
0.168451
0.169753
0.168096
0.171315
0.170987
0.170722
0.173808
0.168233
0.170828
0.170047
0.172046
0.171640
0.171438
0.170491
0.171957
0.160639
0.157651
0.158689
0.159378
0.157540
0.161503
0.171144
0.172473
0.170401
0.171097
0.170215
0.171593
0.170945
0.171674
0.169926
0.171528
0.169819
0.171406
0.160260
0.158214
0.158970
0.158292
0.159235
0.146804
0.158488
0.165372
0.165992
0.168052
0.166506
0.172699
0.171066
0.170610
0.169808
0.172130
0.169899
0.170805
0.158697
0.162237
0.167609
0.166835
0.166358
0.167804
0.174506
0.174284
0.172555
0.175642
0.175124
0.174757
0.175383
0.175293
0.175881
0.173042
0.174053
0.173504
0.171493
0.159976
0.162602
0.165039
0.169248
0.167640
0.173542
0.170842
0.171972
0.171957
0.174575
0.173420
0.171858
0.172686
0.173921
0.174917
0.171430
0.175378
0.159851
0.165084
0.167163
0.167706
0.170379
0.163970
0.176379
0.174851
0.169059
0.163280
0.162155
0.159789
0.160433
0.159848
0.158464
0.158460
0.157570
0.158220
0.163565
0.160138
0.158148
0.159369
0.160038
0.159149
0.146627
0.157596
0.158377
0.159155
0.156963
0.163158
0.167911
0.168265
0.167264
0.167832
0.168960
0.169201
0.159720
0.158874
0.160496
0.163951
0.168459
0.168880
0.169062
0.171501
0.173882
0.171738
0.173760
0.172500
0.175380
0.173331
0.174740
0.171556
0.175133
0.175995
0.167711
0.167735
0.168344
0.169752
0.172352
0.172464
0.171540
0.173191
0.173286
0.176245
0.175265
0.172605
0.172432
0.173658
0.173403
0.172927
0.171351
0.171900
0.161100
0.158119
0.160370
0.158922
0.160832
0.166151
0.162103
0.176652
0.174785
0.174536
0.175726
0.174839
0.166957
0.163622
0.159639
0.157580
0.159880
0.160287
0.160417
0.159161
0.159937
0.158415
0.159109
0.159449
0.159589
0.141929
0.168056
0.169492
0.167943
0.170144
0.168948
0.169728
0.168836
0.168411
0.170078
0.169294
0.160154
0.159499
0.164925
0.167425
0.169042
0.169313
0.167292
0.169736
0.172147
0.172390
0.171373
0.172070
0.171235
0.169557
0.168735
0.168773
0.169571
0.171283
0.159341
0.158303
0.160602
0.173154
0.174662
0.172507
0.171938
0.172736
0.173418
0.171520
0.171053
0.175305
0.174900
0.172779
0.175405
0.173493
0.174336
0.173301
0.168183
0.166962
0.168632
0.169295
0.170918
0.168572
0.168271
0.167901
0.169886
0.172647
0.171206
0.171950
0.170115
0.172794
0.172082
0.171324
0.168805
0.171466
0.200568
0.160137
0.157506
0.158186
0.159172
0.159900
0.159110
0.151094
0.175034
0.176417
0.173017
0.176556
0.177057
0.173397
0.171514
0.177483
0.171704
0.177094
0.166226
0.166462
0.166307
0.171179
0.174165
0.176315
0.173181
0.173056
0.178660
0.176787
0.171963
0.166834
0.164969
0.157891
0.158780
0.158835
0.159667
0.160337
0.159357
0.158033
0.158464
0.159678
0.159650
0.160348
0.160208
0.157959
0.153407
0.159210
0.160831
0.165985
0.167491
0.167145
0.170766
0.166325
0.167734
0.170194
0.160971
0.159250
0.163254
0.164427
0.167632
0.168067
0.167863
0.168717
0.166754
0.172078
0.172334
0.175751
0.173591
0.174449
0.172985
0.171478
0.174642
0.176366
0.172038
0.170968
0.168975
0.169270
0.170453
0.159634
0.159056
0.162865
0.161769
0.173784
0.172014
0.174225
0.175069
0.174381
0.176737
0.175348
0.175932
0.175100
0.160095
0.159054
0.158754
0.159666
0.159963
0.159547
0.159282
0.159520
0.162622
0.170591
0.169068
0.169024
0.168628
0.168419
0.169576
0.168679
0.170274
0.169317
0.163787
0.166784
0.168103
0.168248
0.168932
0.168151
0.169563
0.167454
0.167901
0.173400
0.173093
0.171809
0.171795
0.170807
0.171525
0.172693
0.171582
0.169576
0.158897
0.165143
0.167265
0.167618
0.168643
0.168030
0.169001
0.168273
0.166362
0.172944
0.171726
0.172182
0.172700
0.171365
0.171319
0.171937
0.170601
0.171654
0.163487
0.164925
0.168075
0.168062
0.167202
0.168666
0.168824
0.167321
0.165468
0.156676
0.160872
0.159805
0.158098
0.158921
0.159300
0.157393
0.159317
0.157854
0.160713
0.159682
0.159219
0.156963
0.157626
0.157471
0.157561
0.157221
0.157264
0.161016
0.167943
0.168714
0.172415
0.169113
0.165886
0.168220
0.170422
0.168470
0.159906
0.156547
0.158145
0.160360
0.164243
0.166451
0.169069
0.170145
0.168414
0.166788
0.172580
0.172163
0.172337
0.170705
0.171590
0.172457
0.171736
0.172657
0.170133
0.172227
0.170872
0.169650
0.168594
0.169851
0.170974
0.169157
0.170018
0.167815
0.170080
0.171344
0.171081
0.172543
0.170148
0.171645
0.171138
0.171808
0.162331
0.158150
0.156806
0.165783
0.166837
0.170202
0.170010
0.170061
0.170509
0.168677
0.176792
0.176898
0.175379
0.175309
0.174437
0.174377
0.171925
0.173097
0.169431
0.172347
0.171006
0.171549
0.171858
0.170915
0.171191
0.168790
0.168338
0.165895
0.174033
0.172509
0.178501
0.179062
0.177193
0.169161
0.163676
0.145835
0.160369
0.159171
0.157231
0.159273
0.156781
0.156147
0.155689
0.156677
0.154833
0.157554
0.145700
0.174200
0.165102
0.160508
0.157458
0.156656
0.159263
0.155687
0.156564
0.156439
0.155625
0.146184
0.154129
0.157299
0.161054
0.164560
0.166602
0.167202
0.171106
0.165099
0.178601
0.173757
0.166049
0.162957
0.157904
0.155111
0.157641
0.155703
0.159325
0.157135
0.156448
0.156684
0.155895
0.157352
0.158044
0.170512
0.164386
0.165268
0.167813
0.172039
0.172777
0.167241
0.166153
0.174515
0.168911
0.171021
0.169997
0.170398
0.168715
0.169501
0.168920
0.167648
0.170599
0.168609
0.166888
0.169046
0.163053
0.173647
0.167962
0.165037
0.164487
0.162004
0.162617
0.159874
0.158370
0.158319
0.157505
0.157390
0.161182
0.159218
0.159256
0.158856
0.159038
0.158690
0.160714
0.153613
0.160951
0.165446
0.166200
0.169449
0.160511
0.158331
0.158132
0.157130
0.159740
0.165667
0.168414
0.167761
0.168114
0.168707
0.172297
0.168822
0.168490
0.164648
0.178289
0.177207
0.169428
0.167094
0.167129
0.164119
0.158875
0.156233
0.157322
0.158694
0.158969
0.156892
0.158768
0.158833
0.157719
0.154189
0.158682
0.164363
0.168161
0.170801
0.170623
0.171065
0.157280
0.165485
0.166861
0.169470
0.169094
0.170654
0.169321
0.169828
0.168357
0.169166
0.171280
0.170337
0.170051
0.169002
0.167501
0.175050
0.172970
0.173387
0.158755
0.158506
0.158306
0.161747
0.165099
0.167642
0.167467
0.169404
0.165029
0.175929
0.175257
0.174424
0.176543
0.175594
0.173132
0.177089
0.170063
0.167937
0.165499
0.143854
0.160021
0.159160
0.160935
0.159001
0.160405
0.159638
0.159971
0.159697
0.161898
0.166082
0.167882
0.170228
0.172492
0.168547
0.173021
0.176902
0.177545
0.178886
0.180453
0.175083
0.168375
0.160847
0.157950
0.155762
0.157983
0.157422
0.157810
0.156279
0.155855
0.155087
0.155739
0.156264
0.160055
0.169555
0.157949
0.163381
0.169260
0.165037
0.167572
0.168691
0.172378
0.171038
0.170384
0.173038
0.181723
0.178487
0.170919
0.176805
0.163906
0.157172
0.153515
0.109890
0.199604
0.151543
0.156806
0.184249
0.167464
0.162306
0.158859
0.156637
0.159305
0.158063
0.157996
0.159417
0.157317
0.156035
0.159180
0.159638
0.159260
0.160537
0.160099
0.163136
0.167264
0.167888
0.167706
0.170116
0.164834
0.166037
0.168297
0.167101
0.167970
0.171136
0.170536
0.170974
0.169731
0.168822
0.167978
0.165222
0.168236
0.167514
0.182040
0.160676
0.166236
0.171223
0.168889
0.170601
0.170676
0.184060
0.174862
0.166663
0.165037
0.158220
0.158986
0.156335
0.157726
0.158909
0.143288
0.157357
0.159852
0.156598
0.152359
0.162119
0.163036
0.170038
0.161227
0.165599
0.168036
0.170094
0.170038
0.171368
0.185157
0.181247
0.194171
0.176938
0.178182
0.161177
0.160048
0.180050
0.171133
0.163640
0.159035
0.156225
0.157292
0.155768
0.165548
0.142443
0.168117
0.155035
0.155502
0.157035
0.157230
0.148177
0.157244
0.155035
0.175126
0.171817
0.172332
0.173458
0.182658
0.172872
0.169038
0.161837
0.155913
0.157794
0.157035
0.158116
0.159631
0.157988
0.158915
0.157367
0.156035
0.156933
0.144374
0.165347
0.167603
0.168371
0.169022
0.169868
0.169616
0.168678
0.169054
0.168494
0.172380
0.158290
0.157667
0.161145
0.165558
0.167338
0.165695
0.167641
0.164799
0.174856
0.174694
0.176865
0.175753
0.181220
0.181582
0.169048
0.166327
0.162691
0.159253
0.159550
0.158362
0.160319
0.159629
0.160348
0.162932
0.159857
0.165163
0.146508
0.161031
0.191442
0.170424
0.164961
0.160810
0.158463
0.159125
0.159276
0.159954
0.160564
0.160964
0.158902
0.160429
0.158889
0.162036
0.159569
0.160456
0.154376
0.159655
0.161823
0.159525
0.160127
0.159708
0.160113
0.165159
0.168472
0.169490
0.170275
0.170683
0.171800
0.171458
0.169554
0.162535
0.156386
0.158303
0.147878
0.161118
0.158568
0.159148
0.159150
0.157956
0.159216
0.161621
0.158508
0.171139
0.173715
0.170472
0.172947
0.175256
0.174369
0.169219
0.167343
0.168878
0.167004
0.176334
0.177148
0.175177
0.174387
0.177117
0.175713
0.176518
0.179675
0.158902
0.161258
0.158350
0.158957
0.160017
0.158658
0.161292
0.159078
0.159493
0.158830
0.140852
0.160031
0.161297
0.158737
0.158573
0.159360
0.160524
0.158425
0.160467
0.158491
0.159339
0.164038
0.165929
0.166241
0.160480
0.157937
0.160427
0.160800
0.152294
0.168877
0.173544
0.176218
0.176380
0.172982
0.174603
0.171487
0.164185
0.159483
0.157224
0.158521
0.158657
0.160460
0.159972
0.158422
0.159389
0.159729
0.159630
0.156837
0.159968
0.160025
0.158210
0.158322
0.159758
0.159585
0.160559
0.163409
0.167263
0.168496
0.168621
0.170053
0.168088
0.166065
0.171191
0.172670
0.171789
0.170835
0.174428
0.170855
0.171015
0.174972
0.176155
0.175100
0.174958
0.169819
0.168695
0.168445
0.169970
0.169079
0.160731
0.159367
0.159093
0.159406
0.159956
0.155314
0.165126
0.166867
0.168785
0.170138
0.169504
0.169456
0.169133
0.170454
0.169150
0.169638
0.170650
0.168947
0.160800
0.164437
0.168121
0.169472
0.170351
0.164606
0.179582
0.177878
0.174114
0.168233
0.163346
0.161573
0.159597
0.160182
0.159083
0.158638
0.157343
0.159921
0.159114
0.159686
0.158215
0.159229
0.151282
0.161904
0.158319
0.164774
0.167379
0.168476
0.168614
0.172317
0.177375
0.172122
0.170760
0.170288
0.170459
0.170090
0.160134
0.164228
0.167714
0.169389
0.169251
0.170391
0.170063
0.175016
0.177696
0.176980
0.174750
0.177161
0.176523
0.175986
0.173240
0.175723
0.175623
0.174610
0.173425
0.173479
0.173362
0.174073
0.175891
0.175837
0.175736
0.174130
0.175370
0.177588
0.178039
0.179601
0.180270
0.183615
0.178176
0.167736
0.165512
0.180840
0.177153
0.167199
0.164113
0.160408
0.158423
0.159013
0.158525
0.151416
0.158838
0.157650
0.157946
0.157928
0.160527
0.160316
0.160735
0.159704
0.164489
0.165580
0.162691
0.159490
0.159097
0.160122
0.159939
0.159413
0.159166
0.163667
0.169354
0.169288
0.170588
0.170465
0.169523
0.171686
0.170959
0.170561
0.169373
0.170615
0.161362
0.167074
0.167564
0.169498
0.170182
0.172890
0.170784
0.171317
0.172873
0.172173
0.171409
0.172187
0.169427
0.169561
0.169646
0.170650
0.173692
0.173568
0.154845
0.170490
0.170600
0.171445
0.169186
0.172520
0.172274
0.170876
0.174374
0.174093
0.174608
0.174677
0.174276
0.174334
0.172634
0.173983
0.174153
0.175351
0.161791
0.165905
0.166597
0.169979
0.168605
0.170321
0.168202
0.163663
0.165771
0.164587
0.161702
0.161756
0.160934
0.161438
0.160125
0.162200
0.160165
0.159344
0.164117
0.161745
0.160696
0.161297
0.161587
0.143605
0.168942
0.169369
0.168729
0.178075
0.175248
0.175625
0.172342
0.174383
0.176395
0.175380
0.179037
0.179004
0.168389
0.168821
0.170183
0.168485
0.169036
0.170192
0.170941
0.170112
0.167319
0.171778
0.172077
0.171500
0.171745
0.172593
0.168517
0.177910
0.175738
0.167714
0.175665
0.169075
0.167480
0.164435
0.160661
0.159672
0.159323
0.159189
0.159977
0.142497
0.159440
0.158448
0.155607
0.159923
0.159963
0.163340
0.165659
0.166897
0.165455
0.164663
0.165959
0.161275
0.162397
0.161278
0.161158
0.166494
0.169180
0.167307
0.175043
0.176054
0.175426
0.172713
0.179605
0.178439
0.175207
0.168935
0.169088
0.164820
0.161312
0.160356
0.159830
0.159510
0.159258
0.160818
0.159750
0.159500
0.140900
0.160067
0.163949
0.182580
0.167093
0.167536
0.166840
0.168393
0.168244
0.171508
0.172833
0.171414
0.171996
0.172316
0.171870
0.164539
0.161851
0.161915
0.150521
0.176868
0.174133
0.176257
0.174462
0.172854
