0.001000
0.159099
0.157177
0.156906
0.157034
0.156628
0.158413
0.156934
0.157393
0.158869
0.173265
0.149524
0.167920
0.157901
0.157269
0.157574
0.155922
0.162174
0.157133
0.156591
0.157750
0.149049
0.157881
0.158583
0.157387
0.164371
0.166129
0.168687
0.170973
0.166305
0.175373
0.176976
0.180016
0.174339
0.163968
0.161473
0.160601
0.156761
0.158882
0.158042
0.158667
0.157610
0.158458
0.158520
0.159510
0.158895
0.159866
0.163956
0.165529
0.172757
0.174510
0.174544
0.175137
0.172189
0.176044
0.176672
0.178542
0.177237
0.169070
0.164281
0.160931
0.158643
0.157965
0.160303
0.158713
0.158971
0.159390
0.135380
0.163471
0.169249
0.169496
0.169302
0.170092
0.171783
0.168891
0.173218
0.175634
0.174954
0.179668
0.173420
0.169097
0.163358
0.160802
0.158571
0.159449
0.157319
0.137158
0.157701
0.157969
0.158077
0.158804
0.162292
0.166478
0.168725
0.167460
0.170420
0.170569
0.172131
0.169492
0.152810
0.158900
0.158068
0.157467
0.157958
0.158531
0.127810
0.169288
0.170009
0.169668
0.169776
0.170882
0.174843
0.173907
0.158443
0.159488
0.163661
0.167352
0.169376
0.169032
0.171322
0.163629
0.174392
0.166415
0.143124
0.158529
0.158205
0.160196
0.159848
0.159678
0.158169
0.158156
0.159397
0.162780
0.167819
0.170377
0.169230
0.168961
0.172433
0.172164
0.175665
0.175875
0.177754
0.173620
0.169475
0.167922
0.160694
0.157076
0.157639
0.159256
0.158935
0.158816
0.157789
0.157878
0.157970
0.158181
0.159748
0.166715
0.169362
0.170030
0.171678
0.169622
0.176805
0.178501
0.173820
0.168378
0.163343
0.158371
0.157728
0.158325
0.157886
0.158126
0.157830
0.158667
0.158036
0.158008
0.159308
0.162445
0.167912
0.172179
0.169167
0.164061
0.162281
0.157116
0.157432
0.161526
0.161631
0.163036
0.161013
0.156354
0.157081
0.156836
0.160236
0.165756
0.167395
0.170256
0.172620
0.166341
0.166568
0.162397
0.128128
0.158997
0.158074
0.157997
0.159273
0.158953
0.165561
0.169010
0.173607
0.175944
0.173374
0.176597
0.172300
0.172390
0.175829
0.180296
0.179837
0.180531
0.178482
0.163193
0.161599
0.158067
0.156674
0.155092
0.159554
0.157891
0.157202
0.155331
0.162951
0.162333
0.165550
0.169787
0.171202
0.172387
0.171432
0.171631
0.173010
0.173214
0.180333
0.176050
0.182689
0.172626
0.168272
0.163106
0.158351
0.161905
0.169556
0.164340
0.159590
0.158243
0.158046
0.156936
0.158590
0.159927
0.161021
0.161888
0.151411
0.174009
0.173960
0.175438
0.177716
0.176719
0.184339
0.175369
0.170886
0.163496
0.159148
0.158385
0.156922
0.156619
0.160788
0.162913
0.162051
0.160550
0.161216
0.163100
0.172301
0.174344
0.173775
0.177400
0.173981
0.174481
0.173575
0.173148
0.177980
0.176782
0.180248
0.173943
0.167737
0.164815
0.160036
0.159570
0.159347
0.158249
0.123885
0.161035
0.167953
0.170142
0.171031
0.172665
0.170788
0.171865
0.174410
0.178020
0.178378
0.178253
0.178037
0.174577
0.169312
0.164548
0.160066
0.157146
0.157960
0.153950
0.159460
0.158524
0.159275
0.158931
0.159580
0.163991
0.166885
0.172122
0.170890
0.173146
0.174020
0.173657
0.172055
0.177310
0.175181
0.177749
0.179694
0.174187
0.161359
0.161092
0.158977
0.160136
0.158627
0.158770
0.158812
0.160304
0.159540
0.159475
0.158255
0.163739
0.168753
0.169449
0.160007
0.167408
0.169654
0.172592
0.169253
0.175329
0.176425
0.172773
0.177597
0.179475
0.178891
0.171185
0.167363
0.162339
0.161597
0.161844
0.162536
0.162428
0.162191
0.160737
0.162609
0.161359
0.160670
0.159894
0.175863
0.180704
0.173088
0.166288
0.166519
0.163103
0.162489
0.163485
0.135894
0.161736
0.161977
0.165097
0.170840
0.173423
0.174055
0.170682
0.170510
0.173683
0.169697
0.168104
0.162997
0.164060
0.160870
0.162362
0.161946
0.162250
0.161828
0.162493
0.162599
0.163098
0.155653
0.168950
0.170078
0.172154
0.172312
0.173230
0.173778
0.174431
0.171582
0.166995
0.164366
0.161881
0.164784
0.163816
0.161108
0.159070
0.160067
0.158703
0.159606
0.159958
0.159972
0.162117
0.158068
0.159915
0.159083
0.165586
0.168688
0.177064
0.173737
0.178140
0.178325
0.177768
0.178343
0.177967
0.177493
0.177584
0.177058
0.166423
0.164555
0.160282
0.159083
0.159342
0.158550
0.160338
0.158948
0.146428
0.158975
0.164395
0.167871
0.169775
0.170603
0.171611
0.173148
0.172901
0.173335
0.176352
0.176252
0.175022
0.179815
0.179411
0.177358
0.168278
0.165016
0.156776
0.130593
0.158774
0.158659
0.157886
0.160010
0.168129
0.163657
0.168402
0.165388
0.161239
0.158686
0.159880
0.158823
0.160968
0.159688
0.157905
0.158957
0.159290
0.159907
0.157482
0.170506
0.166689
0.163332
0.161165
0.160098
0.160895
0.160444
0.162163
0.161093
0.162019
0.161664
0.161934
0.166370
0.170187
0.171718
0.170189
0.170142
0.171305
0.169935
0.338798
0.329420
0.315176
0.311966
0.346575
0.330750
0.318046
0.329278
0.267639
0.318450
0.305622
0.309309
0.227942
0.172780
0.166044
0.162414
0.158930
0.157986
0.160527
0.139521
0.156288
0.156631
0.156998
0.158735
0.168075
0.168418
0.170097
0.168998
0.169889
0.169319
0.169471
0.168692
0.172131
0.172673
0.172975
0.172292
0.172752
0.170511
0.174096
0.165327
0.162449
0.159269
0.157060
0.159401
0.159278
0.158258
0.158800
0.157510
0.136170
0.169930
0.170775
0.171730
0.172803
0.171882
0.173253
0.173813
0.171772
0.166934
0.164769
0.138394
0.158869
0.159514
0.159416
0.159319
0.158606
0.157722
0.160369
0.165236
0.170172
0.169042
0.169851
0.170724
0.170007
0.175025
0.176686
0.177737
0.144048
0.157338
0.157666
0.159546
0.159909
0.157533
0.159369
0.158720
0.157748
0.158989
0.166209
0.169436
0.167969
0.171427
0.172482
0.171820
0.172916
0.172396
0.174433
0.177244
0.178416
0.172186
0.167006
0.164692
0.162434
0.158850
0.159769
0.163209
0.160900
0.157317
0.158275
0.158424
0.159383
0.158931
0.159729
0.157928
0.158424
0.149797
0.172259
0.175124
0.176624
0.175563
0.180687
0.172502
0.166038
0.163652
0.159202
0.158651
0.159936
0.158954
0.158331
0.158566
0.158489
0.159753
0.159641
0.159551
0.153801
0.173757
0.175632
0.173870
0.180732
0.172165
0.166032
0.163929
0.160485
0.158518
0.158727
0.159215
0.159480
0.158509
0.160116
0.158163
0.159714
0.158417
0.158357
0.166076
0.168530
0.170071
0.165961
0.160814
0.163269
0.159894
0.159445
0.159763
0.160467
0.157784
0.158362
0.159232
0.159153
0.158404
0.159049
0.158648
0.165346
0.168014
0.164908
0.179766
0.175100
0.168261
0.164668
0.162356
0.157850
0.158949
0.160254
0.159556
0.159012
0.160187
0.161160
0.158807
0.157035
0.159498
0.166022
0.168175
0.170260
0.167272
0.175453
0.175685
0.177692
0.180002
0.175884
0.168824
0.165795
0.163070
0.162178
0.161698
0.162897
0.162553
0.161016
0.162791
0.161587
0.162980
0.161339
0.162524
0.165397
0.177476
0.174762
0.175901
0.171380
0.173885
0.179826
0.179457
0.176275
0.171522
0.166456
0.160181
0.158209
0.159821
0.159307
0.159052
0.160115
0.157422
0.159871
0.142818
0.169532
0.169039
0.169039
0.168775
0.170518
0.310604
0.331490
0.331159
0.307870
0.318046
0.324331
0.310314
0.309054
0.313269
0.330105
0.335475
0.328544
0.215318
0.163423
0.168049
0.169681
0.171343
0.176266
0.174433
0.152392
0.157434
0.157971
0.158199
0.158054
0.159080
0.160746
0.158665
0.158567
0.156941
0.160027
0.165041
0.167704
0.164345
0.176517
0.176482
0.166215
0.166073
0.162805
0.160805
0.159718
0.159792
0.159226
0.158195
0.159037
0.158199
0.159583
0.158509
0.159314
0.158888
0.164104
0.167658
0.167426
0.170331
0.171293
0.172685
0.174109
0.176646
0.176243
0.176297
0.175678
0.173124
0.169804
0.167143
0.163032
0.159323
0.159344
0.155353
0.159275
0.158740
0.158897
0.134056
0.169346
0.169526
0.169007
0.168751
0.171342
0.171147
0.170132
0.173269
0.172461
0.175958
0.176239
0.173405
0.175442
0.176911
0.179284
0.180175
0.177933
0.168544
0.126742
0.158878
0.160292
0.160228
0.160027
0.159211
0.160037
0.161816
0.166530
0.167574
0.167901
0.169788
0.172108
0.173742
0.171994
0.172152
0.171530
0.171846
0.169077
0.177483
0.171284
0.167211
0.163782
0.160434
0.159585
0.159762
0.160313
0.159290
0.140031
0.159425
0.159406
0.161922
0.161318
0.159553
0.160594
0.160176
0.162418
0.165540
0.170929
0.172393
0.173195
0.171136
0.172269
0.172012
0.169493
0.157369
0.164754
0.163253
0.159361
0.158063
0.159903
0.158607
0.158970
0.159162
0.159859
0.159134
0.153976
0.174366
0.177144
0.176490
0.173371
0.168782
0.163967
0.162373
0.159423
0.160871
0.159319
0.158848
0.158605
0.159837
0.159257
0.160371
0.159361
0.160065
0.162809
0.163219
0.175438
0.173264
0.169881
0.171012
0.171973
0.171299
0.170958
0.173665
0.173316
0.174221
0.174536
0.173652
0.174092
0.180214
0.182775
0.177127
0.170316
0.166914
0.140685
0.161331
0.160735
0.160625
0.160007
0.162807
0.162777
0.162989
0.166520
0.170714
0.171893
0.172185
0.172432
0.172576
0.173520
0.173086
0.172837
0.172899
0.169656
0.172775
0.179992
0.180684
0.172425
0.168194
0.163194
0.158270
0.159008
0.159465
0.158892
0.158984
0.159472
0.163280
0.164113
0.163445
0.163440
0.160045
0.165872
0.161715
0.175715
0.174019
0.168763
0.164491
0.162284
0.160390
0.160286
0.160408
0.159126
0.160372
0.159672
0.158225
0.158752
0.160208
0.161069
0.159686
0.165784
0.169932
0.166852
0.176067
0.176219
0.175660
0.175091
0.176729
0.176554
0.176050
0.176471
0.176522
0.177090
0.173368
0.145893
0.158097
0.159513
0.160309
0.159904
0.158890
0.164808
0.143873
0.177576
0.177864
0.174094
0.180656
0.172957
0.170526
0.164419
0.162661
0.159466
0.159605
0.160769
0.159402
0.160431
0.159831
0.160852
0.159713
0.160309
0.160263
0.160861
0.171796
0.170592
0.173343
0.172174
0.174340
0.175970
0.175863
0.175791
0.175579
0.176012
0.176299
0.177115
0.179260
0.174835
0.170042
0.165780
0.162570
0.161571
0.154206
0.161865
0.161788
0.161867
0.161608
0.162401
0.161630
0.163048
0.168729
0.171513
0.171981
0.173330
0.174393
0.175213
0.172907
0.174311
0.172904
0.172774
0.179164
0.181508
0.181530
0.170772
0.164040
0.161028
0.159578
0.158380
0.158082
0.159700
0.159554
0.160597
0.160231
0.159121
0.160043
0.158741
0.160356
0.167757
0.169743
0.168225
0.172369
0.175032
0.172639
0.174781
0.172297
0.171149
0.174293
0.177536
0.177643
0.177520
0.178159
0.171105
0.165355
0.161828
0.159297
0.159540
0.159742
0.160269
0.140505
0.160986
0.159185
0.155531
0.173284
0.177038
0.173411
0.181072
0.177557
0.168455
0.164341
0.161581
0.158610
0.159776
0.159482
0.159276
0.158943
0.160028
0.158123
0.144800
0.173087
0.173198
0.172486
0.173441
0.176080
0.176753
0.165978
0.168519
0.170459
0.171232
0.170835
0.173081
0.173841
0.175039
0.178814
0.181448
0.180866
0.179164
0.176455
0.168350
0.165468
0.161078
0.158662
0.159339
0.158615
0.159241
0.159048
0.158675
0.159865
0.158504
0.161485
0.161226
0.167833
0.170102
0.170252
0.170994
0.167643
0.162395
0.164931
0.160551
0.159021
0.160490
0.158604
0.167120
0.165345
0.160800
0.162106
0.161712
0.162065
0.162403
0.167548
0.171948
0.172112
0.172123
0.174489
0.170481
0.176136
0.179827
0.180049
0.172462
0.165478
0.164359
0.161285
0.162060
0.161862
0.162967
0.162850
0.163079
0.162172
0.162599
0.163146
0.161844
0.161846
0.167723
0.166154
0.178916
0.171716
0.164348
0.160008
0.118652
0.167438
0.162197
0.162598
0.167096
0.170765
0.171438
0.174472
0.174235
0.170374
0.171230
0.177131
0.179333
0.183369
0.176519
0.138145
0.163170
0.161750
0.163461
0.162901
0.162395
0.162770
0.163302
0.164875
0.167719
0.168627
0.170407
0.171711
0.171721
0.174922
0.174803
0.172964
0.172475
0.173524
0.180629
0.180773
0.173630
0.167749
0.162108
0.157688
0.157693
0.159417
0.159559
0.159366
0.158879
0.159257
0.157385
0.159111
0.159529
0.160199
0.165921
0.169237
0.167037
0.174140
0.175635
0.176424
0.178173
0.179707
0.177122
0.170507
0.164854
0.160382
0.160139
0.160602
0.165475
0.165528
0.164580
0.160787
0.162236
0.161041
0.160543
0.131740
0.172732
0.173633
0.172915
0.173661
0.174257
0.174396
0.176605
0.177091
0.175080
0.177034
0.174941
0.175279
0.178138
0.177800
0.172196
0.166089
0.162545
0.161560
0.152116
0.161643
0.162126
0.163493
0.162182
0.142987
0.174662
0.176636
0.173717
0.173317
0.172367
0.172333
0.175883
0.178637
0.174089
0.177461
0.179941
0.174040
0.167975
0.143997
0.159528
0.160135
0.159668
0.159530
0.160650
0.160409
0.160017
0.158036
0.168679
0.172803
0.168416
0.170423
0.172849
0.171153
0.172636
0.173038
0.173174
0.170723
0.176530
0.178329
0.179084
0.178790
0.172476
0.169391
0.166855
0.159805
0.159492
0.161447
0.159566
0.158667
0.157742
0.158060
0.159087
0.159280
0.159914
0.159873
0.145559
0.168378
0.172105
0.174094
0.171984
0.169564
0.173287
0.177938
0.176911
0.176513
0.178142
0.173978
0.173306
0.173183
0.177012
0.177812
0.180273
0.178185
0.175384
0.178527
0.168918
0.167458
0.166992
0.161723
0.161489
0.161727
0.161562
0.162832
0.161892
0.163192
0.163755
0.162174
0.162111
0.159970
0.162697
0.165880
0.169899
0.165226
0.174326
0.172930
0.172350
0.168756
0.160557
0.162406
0.162915
0.162161
0.161628
0.159338
0.159613
0.159730
0.159379
0.159663
0.159161
0.159390
0.160660
0.162887
0.162818
0.173764
0.177588
0.174312
0.179694
0.172262
0.165700
0.163966
0.161160
0.166785
0.166219
0.161624
0.160419
0.161360
0.161975
0.162258
0.161416
0.161599
0.160995
0.156981
0.174840
0.173770
0.175289
0.173929
0.175060
0.176800
0.178164
0.174835
0.179408
0.177451
0.175327
0.180136
0.178998
0.170637
0.166793
0.164314
0.160211
0.162511
0.149226
0.163027
0.163063
0.162383
0.161819
0.163339
0.161126
0.165909
0.172255
0.171312
0.173646
0.171038
0.172999
0.173361
0.170347
0.170496
0.170697
0.173794
0.171414
0.175819
0.174612
0.177213
0.176248
0.174619
0.178993
0.175997
0.170288
0.168979
0.162062
0.159467
0.160514
0.160643
0.160035
0.158135
0.161958
0.170680
0.164907
0.141619
0.170718
0.169489
0.169604
0.173009
0.172192
0.159196
0.161659
0.157420
0.159655
0.159479
0.159276
0.160139
0.158612
0.159368
0.160299
0.160930
0.161661
0.164011
0.164637
0.181380
0.177032
0.175447
0.178610
0.177688
0.178770
0.174132
0.172233
0.167569
0.162990
0.158858
0.159729
0.159836
0.160684
0.159730
0.162362
0.162785
0.162219
0.144582
0.177789
0.174237
0.178585
0.179454
0.180384
0.178413
0.178319
0.181793
0.176104
0.170126
0.166037
0.163456
0.160816
0.156628
0.160149
0.159307
0.159123
0.160308
0.136765
0.173467
0.173542
0.174637
0.174615
0.174723
0.175236
0.178194
0.177039
0.178040
0.176767
0.186154
0.171104
0.169832
0.173222
0.175280
0.175362
0.174775
0.173507
0.174596
0.175182
0.174872
0.178280
0.179235
0.180948
0.181540
0.176078
0.169580
0.163022
0.161407
0.163857
0.163912
0.163673
0.163406
0.163356
0.162480
0.163619
0.144459
0.165798
0.171135
0.172651
0.172577
0.173155
0.170350
0.171279
0.172096
0.173990
0.175750
0.176598
0.176479
0.174957
0.169887
0.174745
0.172271
0.177299
0.175496
0.181463
0.168301
0.166981
0.164194
0.158717
0.159343
0.159634
0.158555
0.160292
0.161643
0.160696
0.159357
0.137055
0.176207
0.174960
0.176357
0.176613
0.176498
0.174539
0.164038
0.166141
0.162377
0.161353
0.161843
0.160930
0.161579
0.161347
0.161279
0.161210
0.161634
0.162574
0.161637
0.161424
0.168144
0.171557
0.170220
0.172038
0.172590
0.172539
0.175206
0.174944
0.175636
0.178905
0.181189
0.180133
0.169233
0.166598
0.161935
0.160714
0.166498
0.159960
0.160451
0.161087
0.161832
0.160164
0.161437
0.142624
0.161619
0.164292
0.169831
0.170903
0.172027
0.172023
0.171704
0.175387
0.176447
0.177696
0.174441
0.175446
0.178033
0.178838
0.181519
0.177983
0.175571
0.169948
0.150764
0.159584
0.160025
0.159738
0.158718
0.159495
0.159506
0.159019
0.159140
0.158765
0.163996
0.168607
0.175168
0.171969
0.173078
0.173173
0.174819
0.173926
0.170976
0.182583
0.175003
0.171086
0.164569
0.160593
0.158888
0.161931
0.162996
0.163177
0.162410
0.129186
0.170671
0.168219
0.170400
0.169854
0.174512
0.173784
0.174856
0.173058
0.175992
0.170118
0.164700
0.159399
0.157903
0.158636
0.160392
0.159616
0.158284
0.161623
0.163619
0.162750
0.162658
0.163349
0.162637
0.169272
0.171939
0.172712
0.170379
0.179328
0.180583
0.181511
0.180614
0.180289
0.175576
0.168470
0.164942
0.162292
0.162089
0.163373
0.163395
0.161608
0.161724
0.162457
0.163695
0.163996
0.163510
0.150798
0.173335
0.172120
0.172938
0.173774
0.173449
0.173422
0.176277
0.169799
0.173329
0.170044
0.175322
0.173671
0.182640
0.183628
0.179549
0.170915
0.164594
0.160841
0.148541
0.164744
0.162852
0.162390
0.162874
0.159698
0.158905
0.159328
0.159967
0.160310
0.164881
0.167861
0.168787
0.169691
0.170918
0.171021
0.175328
0.175723
0.169192
0.123061
0.158471
0.159939
0.158958
0.158186
0.159605
0.159258
0.158601
0.168827
0.167324
0.166174
0.170941
0.172156
0.169944
0.170182
0.170227
0.170760
0.171074
0.165929
0.172943
0.168723
0.163914
0.161779
0.163805
0.162896
0.161445
0.163270
0.162237
0.158740
0.158278
0.158408
0.158936
0.159135
0.162878
0.166759
0.169652
0.170486
0.167519
0.165624
0.163263
0.160473
0.158939
0.158911
0.159565
0.161850
0.160583
0.159184
0.161020
0.159092
0.160411
0.161158
0.162852
0.167493
0.169197
0.170804
0.170837
0.167161
0.176092
0.179114
0.180480
0.177140
0.170582
0.166858
0.163261
0.160151
0.160430
0.161488
0.159458
0.161570
0.161682
0.160661
0.161311
0.165265
0.161034
0.160543
0.137059
0.161533
0.162110
0.160807
0.161780
0.163759
0.169069
0.168320
0.177486
0.176244
0.175896
0.176226
0.177612
0.176868
0.180053
0.181627
0.172494
0.169172
0.166088
0.141989
0.162890
0.162501
0.162426
0.163008
0.159128
0.158943
0.159884
0.166721
0.172033
0.174971
0.175226
0.170389
0.170388
0.172795
0.172144
0.173450
0.178925
0.176370
0.177344
0.171183
0.165809
0.163053
0.164168
0.162090
0.161039
0.161286
0.160986
0.161002
0.160406
0.159182
0.159908
0.160243
0.159696
0.160283
0.161489
0.170805
0.174833
0.178393
0.179653
0.176482
0.176825
0.178195
0.176626
0.178852
0.176103
0.170157
0.165956
0.163851
0.161041
0.160602
0.162359
0.160725
0.160588
0.161268
0.161064
0.141738
0.167227
0.169515
0.171852
0.171320
0.171726
0.172968
0.172766
0.171676
0.172514
0.177135
0.181064
0.180254
0.183472
0.182090
0.175037
0.167192
0.162907
0.159046
0.142984
0.160278
0.161786
0.158777
0.160338
0.158735
0.158975
0.162174
0.168798
0.171149
0.172118
0.174953
0.174462
0.175554
0.174387
0.176586
0.174518
0.175463
0.182047
0.163037
0.162648
0.159117
0.162150
0.161927
0.163540
0.162598
0.162744
0.162875
0.161495
0.162793
0.161442
0.164908
0.172336
0.171626
0.171234
0.171219
0.172654
0.172750
0.177470
0.171566
0.168242
0.159766
0.158232
0.159591
0.157858
0.163236
0.163072
0.163898
0.162468
0.162713
0.161682
0.161117
0.164001
0.170624
0.172213
0.174953
0.170083
0.174167
0.176360
0.178576
0.179348
0.177116
0.169060
0.168883
0.161071
0.159210
0.159106
0.157703
0.158052
0.157857
0.158245
0.157215
0.157549
0.158132
0.167095
0.170033
0.176455
0.176389
0.180666
0.177273
0.176257
0.171897
0.166943
0.165060
0.159647
0.160481
0.160887
0.159577
0.160724
0.161732
0.159746
0.161892
0.160138
0.160488
0.164095
0.175290
0.176212
0.174683
0.175130
0.180391
0.172457
0.167516
0.165089
0.160023
0.158996
0.163037
0.164179
0.161434
0.159507
0.159460
0.159142
0.159474
0.160245
0.158454
0.172151
0.173786
0.172409
0.170529
0.176693
0.174701
0.176139
0.181220
0.175877
0.168253
0.165229
0.161635
0.159395
0.158469
0.158481
0.159515
0.159953
0.158186
0.144086
0.161886
0.167722
0.169678
0.167530
0.181048
0.182616
0.177227
0.167560
0.165442
0.161037
0.160532
0.158761
0.158863
0.161704
0.160170
0.160585
0.161145
0.159023
0.148841
0.174880
0.175435
0.175753
0.177972
0.175707
0.177265
0.173132
0.167073
0.163379
0.160223
0.159002
0.160224
0.160311
0.160820
0.159928
0.161082
0.160593
0.159753
0.161070
0.164140
0.166145
0.169774
0.170965
0.172838
0.170619
0.172389
0.174391
0.174985
0.175610
0.177052
0.173064
0.172907
0.172619
0.171044
0.076903
0.076839
0.076836
0.077240
0.076756
0.077420
0.076296
0.079224
0.077759
0.078750
0.083159
0.079158
0.079017
0.078018
0.079018
0.082540
0.080018
0.081825
0.080017
0.100180
0.080252
0.083238
0.084019
0.082371
0.091699
0.079503
0.076157
0.078351
0.085155
0.085377
0.091868
0.075556
0.156779
0.164612
0.127564
0.163859
0.158913
0.164766
0.167119
0.168579
0.158108
0.176802
0.179081
0.153030
0.137294
0.159448
0.147836
0.159843
0.165305
0.162985
0.181080
0.163995
0.168443
0.181566
0.180141
0.176548
0.174153
0.173981
0.173116
0.172867
0.168549
0.169382
0.167628
0.168163
0.167770
0.170319
0.168046
0.168362
0.169302
0.169222
0.168660
0.167814
0.168876
0.167944
0.168614
0.170028
0.161795
0.178672
0.178734
0.150148
0.164613
0.166767
0.165826
0.164455
0.164692
0.164946
0.165985
0.165421
0.166130
0.164970
0.164710
0.166457
0.176026
0.177102
0.178039
0.180058
0.180264
0.181160
0.181390
0.176106
0.145431
0.150033
0.160035
0.166005
0.169258
0.169038
0.168037
0.168724
0.168137
0.149050
0.168376
0.168037
0.169121
0.169038
0.168037
0.168037
0.168927
0.169151
0.165036
0.165036
0.157035
0.175315
0.159198
0.169189
0.168082
0.167038
0.164037
0.164037
0.165546
0.165412
0.138031
0.150033
0.161036
0.164506
0.163610
0.166036
0.169108
0.169084
0.170038
0.166037
0.164551
0.165037
0.163036
0.164678
0.164693
0.166034
0.168190
0.169112
0.170210
0.172057
0.169171
0.166111
0.167295
0.171984
0.171038
0.171082
0.162538
0.176149
0.146199
0.165573
0.170047
0.170163
0.168183
0.168262
0.164369
0.166037
0.127028
0.153126
0.164036
0.164100
0.165393
0.167037
0.166056
0.167769
0.169037
0.169142
0.167413
0.168090
0.170038
0.168037
0.166037
0.164036
0.182136
0.181041
0.180040
0.177697
0.179099
0.181516
0.180708
0.176035
0.175081
0.172098
0.170360
0.169340
0.167159
0.167037
0.165184
0.162892
0.162226
0.164586
0.164146
0.164142
0.164325
0.165247
0.166037
0.166669
0.167037
0.166389
0.167128
0.167170
0.167037
0.166656
0.167979
0.166038
0.167453
0.166037
0.157367
0.163428
0.166146
0.167037
0.167037
0.166207
0.165551
0.166544
0.166498
0.167500
0.167037
0.167744
0.166925
0.166783
0.167099
0.152125
0.169183
0.171101
0.171283
0.169572
0.170827
0.171873
0.170051
0.169139
0.172097
0.173390
0.173040
0.172423
0.171325
0.171038
0.169496
0.169272
0.170151
0.170901
0.169478
0.170881
0.169144
0.168910
0.170038
0.168083
0.167488
0.167772
0.167237
0.168037
0.173100
0.173038
0.170496
0.170179
0.170614
0.171169
0.168909
0.169097
0.168395
0.170117
0.169248
0.169038
0.169120
0.170608
0.168037
0.165358
0.167672
0.166053
0.166405
0.166277
0.167648
0.166705
0.166274
0.160036
0.170038
0.163037
0.174038
0.179440
0.177438
0.175182
0.170038
0.168179
0.168038
0.168303
0.167468
0.167037
0.150080
0.163062
0.167104
0.168107
0.166307
0.167095
0.166331
0.166538
0.167337
0.139148
0.163294
0.170098
0.170503
0.170358
0.171426
0.167665
0.167961
0.170401
0.172130
0.172201
0.176116
0.169096
0.165626
0.167268
0.167115
0.165121
0.147734
0.161305
0.165300
0.164546
0.165395
0.166124
0.164036
0.162997
0.164088
0.144032
0.167037
0.172153
0.169039
0.166114
0.166545
0.166037
0.168135
0.166037
0.167037
0.166313
0.167408
0.169038
0.169038
0.166177
0.174121
0.177401
0.175042
0.176039
0.176039
0.173038
0.175039
0.172137
0.173039
0.171112
0.172233
0.171122
0.170663
0.168457
0.169037
0.161901
0.170500
0.172251
0.168245
0.166457
0.165787
0.169038
0.167892
0.168037
0.154520
0.164038
0.169038
0.168551
0.149252
0.168952
0.168382
0.168686
0.168276
0.167037
0.164616
0.165036
0.163037
0.165121
0.165573
0.165111
0.164087
0.166303
0.167225
0.168644
0.168037
0.168037
0.170061
0.169531
0.168594
0.166452
0.174099
0.171038
0.170105
0.172039
0.174011
0.172224
0.168090
0.167037
0.169182
0.165516
0.167465
0.168038
0.167037
0.167355
0.169074
0.167522
0.167380
0.168157
0.167096
0.166037
0.169037
0.171340
0.168231
0.180190
0.180040
0.173752
0.174596
0.173097
0.172159
0.172038
0.169192
0.172106
0.173153
0.169480
0.166414
0.166037
0.165036
0.172835
0.170561
0.147034
0.165391
0.165165
0.165037
0.164565
0.165037
0.165036
0.163752
0.147268
0.159897
0.162385
0.165038
0.167037
0.164986
0.168351
0.166037
0.161036
0.182572
0.177791
0.146557
0.128185
0.152539
0.163036
0.163439
0.165547
0.169153
0.172038
0.172267
0.166178
0.167513
0.167123
0.165857
0.168706
0.168037
0.169092
0.169038
0.170223
0.168733
0.170038
0.170126
0.170038
0.170044
0.164439
0.182015
0.183214
0.178291
0.150146
0.134369
0.157872
0.163500
0.166120
0.166037
0.166037
0.167186
0.165604
0.166218
0.155081
0.169496
0.179062
0.176192
0.145683
0.138170
0.160169
0.161036
0.163881
0.164401
0.150164
0.169522
0.167474
0.170903
0.173110
0.173038
0.172436
0.172096
0.169251
0.170366
0.172132
0.171038
0.171254
0.169299
0.168686
0.167306
0.168424
0.167541
0.171681
0.173039
0.168216
0.168113
0.165487
0.174113
0.177248
0.174534
0.172107
0.175105
0.171106
0.167046
0.171358
0.172040
0.173108
0.169037
0.168037
0.170016
0.169101
0.169038
0.170206
0.168120
0.168813
0.170319
0.171044
0.170164
0.172038
0.171080
0.172522
0.170762
0.171242
0.173038
0.172039
0.172591
0.169119
0.168886
0.168954
0.170038
0.170239
0.164036
0.170257
0.170462
0.170237
0.168199
0.154335
0.168037
0.169038
0.167359
0.168038
0.167037
0.167354
0.168119
0.169257
0.167168
0.167748
0.167037
0.168037
0.168149
0.167304
0.168516
0.167115
0.168113
0.167803
0.168765
0.167506
0.168386
0.167103
0.167052
0.168184
0.168167
0.169168
0.168277
0.143568
0.169378
0.170038
0.173038
0.175754
0.176039
0.171512
0.170547
0.172038
0.170416
0.174282
0.175039
0.173188
0.175114
0.170102
0.172914
0.171038
0.170117
0.170062
0.170106
0.169491
0.169063
0.168926
0.170057
0.168629
0.172038
0.171290
0.172038
0.173809
0.173769
0.170119
0.172997
0.169555
0.174549
0.172212
0.171403
0.171038
0.171038
0.171433
0.171469
0.170038
0.171126
0.167037
0.179171
0.180595
0.181326
0.179436
0.159480
0.162036
0.163434
0.168483
0.167874
0.168037
0.167037
0.166559
0.167074
0.158035
0.164680
0.169037
0.168190
0.168079
0.168347
0.167037
0.167584
0.168329
0.167867
0.169140
0.168037
0.169811
0.147598
0.160503
0.163036
0.164379
0.163675
0.165323
0.164289
0.163036
0.164084
0.164036
0.164037
0.166477
0.166713
0.166430
0.168120
0.170411
0.170410
0.170525
0.172662
0.170356
0.166037
0.184041
0.177039
0.171915
0.170038
0.170038
0.171124
0.171038
0.123456
0.160035
0.163094
0.163036
0.164036
0.164135
0.165588
0.167686
0.168135
0.168193
0.166102
0.162036
0.170324
0.176915
0.179121
0.177039
0.177217
0.174093
0.165036
0.174905
0.169038
0.300073
0.334281
0.320228
0.343183
0.331859
0.327108
0.320049
0.356823
0.346619
0.356404
0.330160
0.347681
0.173838
0.174517
0.176039
0.171779
0.165036
0.163036
0.158912
0.157035
0.158035
0.157788
0.158434
0.157035
0.158142
0.157036
0.158515
0.158124
0.158329
0.124864
0.163680
0.162110
0.152717
0.160097
0.163038
0.166001
0.166806
0.142583
0.161036
0.162036
0.162461
0.164598
0.164380
0.164036
0.163437
0.165101
0.156339
0.158128
0.171038
0.171038
0.171185
0.168038
0.169466
0.168250
0.167097
0.167790
0.167121
0.167037
0.167258
0.168684
0.169164
0.167038
0.168037
0.167427
0.169038
0.168095
0.169038
0.167102
0.167138
0.164406
0.166037
0.166527
0.167369
0.167419
0.166325
0.163132
0.171038
0.164174
0.164194
0.164070
0.165366
0.165746
0.165536
0.165054
0.159545
0.167037
0.167269
0.166282
0.166131
0.167037
0.168259
0.167037
0.167147
0.167957
0.166205
0.167394
0.167114
0.167697
0.166036
0.167185
0.166515
0.162036
0.178526
0.179361
0.180041
0.179663
0.179147
0.175157
0.175039
0.170214
0.171237
0.152282
0.161036
0.164407
0.164036
0.164135
0.165117
0.163388
0.163390
0.164096
0.164132
0.165037
0.166166
0.164606
0.163065
0.165457
0.164038
0.164036
0.163383
0.165359
0.164275
0.164146
0.165354
0.165107
0.164205
0.163335
0.165037
0.151095
0.162036
0.164036
0.162697
0.165414
0.168037
0.168123
0.167037
0.167037
0.168075
0.167281
0.168175
0.168037
0.166106
0.165036
0.166382
0.165552
0.167243
0.169176
0.168037
0.166500
0.168123
0.169039
0.172038
0.173445
0.169722
0.168037
0.170038
0.167244
0.165037
0.171119
0.173989
0.178647
0.181711
0.181130
0.179235
0.178261
0.173038
0.173387
0.168766
0.121070
0.161035
0.164450
0.165086
0.164737
0.165059
0.164984
0.165186
0.147412
0.164068
0.180125
0.177089
0.176039
0.172544
0.178119
0.169358
0.170038
0.168095
0.150033
0.160044
0.164222
0.163230
0.164291
0.163001
0.163372
0.172210
0.146033
0.164037
0.165198
0.164461
0.163449
0.164110
0.165037
0.166143
0.167137
0.167428
0.167276
0.167214
0.167037
0.166641
0.166840
0.166409
0.168037
0.168037
0.171541
0.169037
0.170038
0.171152
0.170038
0.169038
0.170044
0.169259
0.169674
0.169729
0.170038
0.169379
0.163610
0.144719
0.163094
0.165495
0.168232
0.167589
0.167037
0.167356
0.167037
0.167298
0.166253
0.168158
0.166456
0.166699
0.166270
0.166221
0.168278
0.167089
0.166125
0.167174
0.157035
0.164109
0.166123
0.166966
0.167121
0.167037
0.166139
0.167403
0.167620
0.167108
0.168082
0.168179
0.168037
0.168037
0.168037
0.168157
0.167037
0.169112
0.153172
0.169850
0.172038
0.167037
0.163774
0.147559
0.168105
0.173116
0.173180
0.169038
0.168375
0.168117
0.167273
0.170113
0.167037
0.168095
0.168107
0.167530
0.168378
0.168037
0.169038
0.168037
0.167938
0.168653
0.167712
0.172301
0.167127
0.172087
0.172038
0.171139
0.170186
0.170038
0.165275
0.165037
0.165036
0.165105
0.166139
0.166126
0.165037
0.165164
0.164261
0.165115
0.158189
0.172038
0.172109
0.171038
0.171038
0.171176
0.168870
0.168037
0.169169
0.166553
0.176039
0.178040
0.177700
0.171110
0.184225
0.175039
0.181250
0.181594
0.180041
0.180040
0.171038
0.170038
0.169283
0.169235
0.170126
0.169836
0.168342
0.169038
0.170512
0.169129
0.169203
0.168054
0.169256
0.168152
0.169106
0.167037
0.169415
0.168105
0.168038
0.167096
0.167036
0.168037
0.169037
0.168037
0.169037
0.169097
0.167673
0.168069
0.163772
0.171039
0.154099
0.165044
0.165381
0.165202
0.164274
0.144610
0.154393
0.161036
0.165226
0.165386
0.165036
0.166037
0.165128
0.164036
0.165199
0.165162
0.165116
0.165213
0.166037
0.166487
0.165129
0.165509
0.165131
0.166280
0.160566
0.167338
0.170263
0.169629
0.168114
0.169038
0.169235
0.170307
0.166072
0.168037
0.167037
0.168037
0.167911
0.170038
0.167512
0.166102
0.173186
0.173101
0.174257
0.174105
0.174510
0.173038
0.169038
0.169098
0.170040
0.172169
0.172229
0.172039
0.169124
0.168037
0.169038
0.169094
0.168956
0.167203
0.168356
0.169137
0.168126
0.168127
0.168263
0.166563
0.170525
0.180239
0.180135
0.177063
0.181041
0.174618
0.174039
0.179353
0.175039
0.173135
0.171038
0.168037
0.168091
0.168037
0.167124
0.166365
0.167932
0.166037
0.166388
0.166192
0.167037
0.165461
0.168037
0.166037
0.139124
0.153304
0.162977
0.167167
0.166140
0.166037
0.167086
0.167382
0.166226
0.166494
0.152843
0.171216
0.171038
0.171038
0.169200
0.172162
0.171038
0.165252
0.179039
0.179075
0.178174
0.177618
0.176127
0.142941
0.149036
0.160458
0.168370
0.168037
0.167112
0.168037
0.168775
0.167691
0.167752
0.168037
0.168448
0.168037
0.169079
0.168233
0.167843
0.167220
0.167037
0.142185
0.169089
0.179609
0.176107
0.178040
0.176059
0.177039
0.176039
0.170343
0.169331
0.174139
0.175039
0.174038
0.171038
0.169645
0.164507
0.176039
0.175522
0.173125
0.173060
0.174411
0.173038
0.171451
0.171038
0.172093
0.174184
0.175263
0.168048
0.166146
0.166037
0.169233
0.167037
0.168037
0.167207
0.168038
0.178905
0.171038
0.169679
0.170991
0.168262
0.169099
0.168037
0.169037
0.167613
0.170631
0.171249
0.171038
0.173038
0.171219
0.171355
0.171195
0.172038
0.168107
0.169102
0.168326
0.167606
0.168037
0.167229
0.165133
0.168037
0.167037
0.168087
0.163683
0.172039
0.172038
0.173040
0.176130
0.174370
0.172072
0.170038
0.172039
0.170171
0.171103
0.171614
0.169037
0.170131
0.170133
0.171173
0.169380
0.170374
0.166654
0.179040
0.172667
0.173241
0.170786
0.171915
0.175039
0.174399
0.173131
0.168147
0.168651
0.167037
0.168037
0.172039
0.171038
0.169124
0.165410
0.168565
0.170373
0.170038
0.171038
0.166383
0.165541
0.166151
0.166074
0.166079
0.165238
0.166037
0.165566
0.166037
0.167138
0.165037
0.164692
0.167063
0.165365
0.165636
0.167261
0.165520
0.165119
0.166610
0.167756
0.164829
0.167336
0.165205
0.166463
0.164193
0.165507
0.166037
0.165453
0.166585
0.166037
0.164502
0.166320
0.167111
0.166239
0.166037
0.166037
0.160596
0.173957
0.172523
0.172038
0.172039
0.172110
0.170904
0.171103
0.170038
0.170378
0.170038
0.169038
0.168527
0.169370
0.169097
0.171039
0.169251
0.168499
0.168037
0.168215
0.169037
0.172038
0.166037
0.170378
0.169362
0.169133
0.169037
0.169037
0.169038
0.169091
0.169100
0.169121
0.169038
0.169038
0.170038
0.169121
0.168037
0.168037
0.168319
0.169037
0.169039
0.171037
0.169700
0.169281
0.169038
0.169038
0.169038
0.168235
0.169038
0.169037
0.169040
0.169038
0.171038
0.169582
0.167274
0.169346
0.169178
0.168037
0.169242
0.166506
0.166096
0.167169
0.166101
0.167095
0.167088
0.166614
0.166037
0.166223
0.166916
0.165487
0.165062
0.167379
0.165036
0.167255
0.165102
0.166563
0.168247
0.166795
0.167037
0.168116
0.167452
0.169093
0.168232
0.169832
0.169132
0.169038
0.170369
0.168037
0.169037
0.169401
0.169092
0.170038
0.170038
0.168932
0.169148
0.168237
0.169095
0.168103
0.169037
0.169037
0.168615
0.167037
0.168037
0.168037
0.170038
0.167233
0.168859
0.168114
0.167687
0.168110
0.171038
0.172056
0.172428
0.171329
0.171038
0.170038
0.171038
0.171039
0.170203
0.170038
0.166454
0.175038
0.174039
0.176039
0.175729
0.178491
0.176039
0.175039
0.169158
0.170038
0.170483
0.171455
0.175039
0.174561
0.173634
0.172038
0.172078
0.171040
0.172038
0.169039
0.168557
0.168038
0.169038
0.168358
0.156199
0.173038
0.167055
0.168395
0.168046
0.169302
0.170510
0.170289
0.170061
0.171577
0.169498
0.170165
0.170226
0.169210
0.169473
0.170167
0.171152
0.168038
0.166989
0.169439
0.168084
0.168359
0.170038
0.170038
0.169246
0.170256
0.169038
0.170415
0.170038
0.169366
0.169076
0.170381
0.170038
0.170120
0.171093
0.170103
0.171108
0.169578
0.170743
0.170252
0.170063
0.169318
0.170109
0.169532
0.169273
0.171038
0.171037
0.168037
0.168037
0.169579
0.168994
0.169038
0.170038
0.171149
0.170298
0.170110
0.168937
0.170038
0.170099
0.169038
0.170406
0.171038
0.168076
0.166174
0.168914
0.167037
0.167153
0.168037
0.166097
0.166821
0.167037
0.167081
0.169518
0.166554
0.167098
0.167037
0.167523
0.167465
0.167037
0.168747
0.168357
0.166209
0.167408
0.167037
0.167037
0.167463
0.167775
0.166795
0.167369
0.168037
0.167037
0.167311
0.167143
0.168135
0.167511
0.168037
0.167037
0.169038
0.167139
0.167342
0.166037
0.168309
0.167080
0.167037
0.166859
0.168379
0.168037
0.166309
0.168597
0.166378
0.168056
0.168564
0.170038
0.168134
0.169037
0.167992
0.168105
0.168109
0.167259
0.167721
0.167896
0.170382
0.168639
0.170038
0.170440
0.170187
0.170557
0.168545
0.170098
0.169385
0.169385
0.170136
0.170369
0.170038
0.172297
0.167037
0.168580
0.169577
0.169533
0.169038
0.170038
0.169128
0.170038
0.169179
0.169954
0.170869
0.170259
0.171038
0.170079
0.169904
0.167922
0.169038
0.169103
0.169099
0.170038
0.169182
0.170145
0.170038
0.169148
0.170038
0.170123
0.170113
0.168608
0.168856
0.170249
0.169222
0.170039
0.170128
0.170089
0.169339
0.169140
0.169117
0.169038
0.169212
0.168323
0.171149
0.169038
0.169038
0.170038
0.169709
0.168037
0.170311
0.169692
0.169159
0.169038
0.170599
0.169778
0.168811
0.169993
0.169734
0.169428
0.169018
0.169958
0.170767
0.169846
0.168331
0.171236
0.169309
0.170080
0.170038
0.170108
0.169680
0.171038
0.168593
0.170038
0.170462
0.169038
0.168038
0.168297
0.168037
0.167037
0.168037
0.167037
0.168037
0.167567
0.167037
0.168472
0.168038
0.166037
0.167346
0.166391
0.166586
0.167037
0.168038
0.169148
0.170166
0.165628
0.175039
0.176113
0.174326
0.174459
0.173306
0.168631
0.180577
0.183135
0.179873
0.179805
0.179509
0.180040
0.180229
0.179040
0.165095
0.169106
0.168357
0.168037
0.167325
0.166286
0.166505
0.167037
0.166551
0.166141
0.166100
0.166157
0.167037
0.166844
0.165984
0.167487
0.167073
0.166436
0.167038
0.166039
0.166522
0.165464
0.167137
0.167037
0.166037
0.167102
0.167843
0.168037
0.166179
0.167561
0.167746
0.166055
0.167098
0.166134
0.166225
0.166811
0.165707
0.164748
0.166580
0.166258
0.166085
0.166485
0.166136
0.166039
0.166594
0.166111
0.166131
0.166094
0.166226
0.166126
0.165986
0.165613
0.166378
0.168037
0.169091
0.170557
0.170767
0.171038
0.172038
0.170444
0.169686
0.170747
0.169147
0.168820
0.167311
0.170584
0.168947
0.168037
0.170038
0.169081
0.170038
0.171103
0.169890
0.170038
0.170298
0.170081
0.171038
0.170111
0.168270
0.170005
0.170740
0.168069
0.170217
0.170038
0.169038
0.170319
0.170038
0.168183
0.168037
0.168228
0.166803
0.166827
0.168037
0.167371
0.174145
0.169097
0.169194
0.168108
0.167037
0.168155
0.167037
0.167666
0.166130
0.166037
0.166447
0.166364
0.166037
0.167575
0.166152
0.166521
0.167271
0.167094
0.167334
0.167128
0.165661
0.167080
0.167037
0.166493
0.167122
0.168099
0.167081
0.168037
0.166037
0.167695
0.167037
0.167088
0.167416
0.167105
0.166269
0.167037
0.167037
0.168037
0.167382
0.167223
0.167115
0.168457
0.168037
0.166064
0.168524
0.166289
0.166037
0.168101
0.166007
0.167206
0.167253
0.167137
0.168037
0.167107
0.168037
0.166455
0.166629
0.161535
0.165882
0.167268
0.168037
0.168037
0.169126
0.170427
0.168553
0.169431
0.168038
0.170279
0.170301
0.171383
0.170038
0.169300
0.170276
0.170038
0.169613
0.170038
0.172039
0.171038
0.169692
0.170221
0.168037
0.169037
0.169255
0.169080
0.172038
0.169507
0.170245
0.169339
0.169093
0.170252
0.169037
0.168854
0.170038
0.170038
0.168037
0.170805
0.170038
0.169488
0.170561
0.170038
0.170038
0.170038
0.171339
0.169435
0.170039
0.169038
0.172038
0.168863
0.171292
0.169533
0.171021
0.171635
0.169271
0.170377
0.168761
0.169414
0.169668
0.169341
0.169353
0.168941
0.169019
0.169038
0.168851
0.170038
0.171038
0.170038
0.170292
0.170099
0.169233
0.169038
0.170760
0.169214
0.170247
0.171149
0.170135
0.170757
0.170455
0.169482
0.170294
0.169055
0.170038
0.171538
0.170167
0.165295
0.175743
0.176085
0.174038
0.172236
0.173038
0.167535
0.178772
0.178040
0.176552
0.177804
0.172239
0.156035
0.165224
0.165149
0.166240
0.169038
0.167037
0.168713
0.168098
0.168037
0.169038
0.169402
0.169553
0.169250
0.166060
0.163036
0.164412
0.164037
0.169163
0.169627
0.169332
0.169376
0.165118
0.165367
0.165148
0.164588
0.165037
0.166037
0.165135
0.165037
0.166244
0.165037
0.165195
0.165037
0.165037
0.165037
0.166037
0.163641
0.164341
0.165130
0.166133
0.166037
0.165374
0.164757
0.166503
0.166379
0.165475
0.166050
0.165037
0.164963
0.164461
0.164423
0.165141
0.165040
0.307135
0.316079
0.311071
0.317007
0.350406
0.320115
0.351580
0.354353
0.331488
0.352326
0.361185
0.276960
0.177889
0.179450
0.177122
0.177405
0.175039
0.177279
0.175564
0.175039
0.178830
0.178464
0.176435
0.178988
0.178040
0.175140
0.179922
0.175214
0.180648
0.180040
0.178739
0.178140
0.178040
0.175259
0.180040
0.174039
0.179235
0.177039
0.174096
0.170939
0.171428
0.172478
0.171721
0.171038
0.171161
0.170038
0.169982
0.168779
0.168102
0.167762
0.167037
0.168037
0.167181
0.167037
0.167094
0.167204
0.168377
0.167254
0.166137
0.167585
0.166223
0.167037
0.166277
0.165434
0.166426
0.166627
0.165972
0.167357
0.167095
0.167137
0.166038
0.167037
0.166331
0.166932
0.168147
0.167412
0.168517
0.166102
0.166277
0.166676
0.167462
0.167336
0.166111
0.167498
0.168037
0.168037
0.167361
0.165689
0.166894
0.167089
0.166089
0.168152
0.166158
0.167395
0.167036
0.166633
0.168019
0.167514
0.168189
0.167515
0.167453
0.166792
0.168089
0.167274
0.165462
0.167593
0.167037
0.167037
0.168038
0.167037
0.167889
0.167325
0.166305
0.164240
0.172683
0.173784
0.173111
0.173695
0.174154
0.172289
0.171325
0.171107
0.170289
0.169502
0.169116
0.168411
0.169038
0.168369
0.167117
0.166979
0.168318
0.174107
0.171945
0.168540
0.168563
0.168488
0.168040
0.168590
0.168404
0.168038
0.167128
0.169102
0.167139
0.166037
0.167143
0.169884
0.168037
0.168221
0.168037
0.168037
0.166532
0.167037
0.169438
0.167037
0.167407
0.167106
0.168314
0.169038
0.165537
0.175420
0.172039
0.172625
0.172229
0.172136
0.173623
0.171038
0.171234
0.170105
0.170095
0.169038
0.168766
0.170038
0.168037
0.168295
0.168038
0.167037
0.168338
0.169118
0.168037
0.169089
0.168591
0.168663
0.169263
0.169038
0.170094
0.167570
0.169723
0.169213
0.168100
0.169037
0.170102
0.169163
0.168184
0.169346
0.170038
0.168038
0.168739
0.170050
0.168264
0.169437
0.170038
0.170038
0.168191
0.163688
0.178232
0.175747
0.180348
0.179253
0.174551
0.173039
0.173039
0.171038
0.170094
0.169246
0.088144
0.077101
0.077018
0.073793
0.075656
0.073828
0.082120
0.078153
0.079275
0.079018
0.078017
0.078021
0.077018
0.077017
0.077017
0.076830
0.082644
0.083019
0.081790
0.080099
0.075017
0.076143
0.077161
0.077017
0.073570
0.080728
0.081862
0.093021
0.094021
0.088160
0.170370
0.127624
0.154905
0.158126
0.162141
0.151256
0.169661
0.132516
0.158618
0.156375
0.156092
0.157035
0.153205
0.173242
0.133701
0.157035
0.155277
0.156035
0.156035
0.158502
0.178040
0.172460
0.133496
0.155170
0.156497
0.139051
0.171038
0.170251
0.131549
0.157454
0.156193
0.156196
0.156952
0.156202
0.169128
0.164123
0.158246
0.157035
0.136834
0.156034
0.158035
0.160036
0.167417
0.172038
0.170359
0.173228
0.176605
0.176334
0.177151
0.176426
0.171294
0.165188
0.159246
0.162323
0.158822
0.114024
0.158446
0.166552
0.170237
0.172151
0.174039
0.177040
0.174286
0.171038
0.183197
0.171038
0.162503
0.158076
0.156098
0.158849
0.161162
0.160289
0.152604
0.160603
0.165226
0.182040
0.179517
0.171038
0.162153
0.158036
0.155495
0.156077
0.157283
0.157035
0.157035
0.155512
0.156307
0.167035
0.168356
0.169131
0.163275
0.156107
0.154106
0.160330
0.161422
0.160081
0.155596
0.156040
0.158245
0.163332
0.170265
0.170573
0.172118
0.173922
0.174627
0.176322
0.175634
0.178329
0.169371
0.163831
0.119574
0.135596
