0.003001
0.168169
0.165488
0.171855
0.169667
0.170111
0.170101
0.169824
0.170296
0.176177
0.180082
0.170323
0.170998
0.166693
0.165461
0.166118
0.165713
0.164606
0.179940
0.187506
0.177776
0.179321
0.172435
0.172473
0.171492
0.169471
0.167171
0.168217
0.167882
0.168626
0.168255
0.167836
0.168688
0.167754
0.168790
0.168494
0.168222
0.167609
0.168430
0.167126
0.168578
0.167510
0.167479
0.167689
0.179672
0.177733
0.165889
0.166875
0.167033
0.167183
0.167044
0.166737
0.165442
0.166819
0.166782
0.169465
0.166687
0.167516
0.141769
0.177026
0.177102
0.177039
0.180058
0.180264
0.180160
0.181390
0.179106
0.167129
0.166037
0.166613
0.170432
0.170258
0.170038
0.169038
0.169724
0.169137
0.172240
0.170174
0.170120
0.169037
0.170038
0.168038
0.168926
0.170094
0.167094
0.167037
0.166037
0.174314
0.170352
0.170038
0.171082
0.168037
0.166037
0.166037
0.165546
0.165412
0.167037
0.167037
0.166037
0.165506
0.167611
0.170109
0.171084
0.171039
0.168037
0.166042
0.166541
0.165037
0.166373
0.164998
0.165859
0.166368
0.170112
0.170210
0.171335
0.168171
0.167111
0.168295
0.171569
0.171453
0.170081
0.168260
0.177149
0.165654
0.168123
0.172128
0.171082
0.171182
0.166262
0.166370
0.166037
0.168128
0.167037
0.166101
0.166393
0.167037
0.167056
0.167449
0.168037
0.168142
0.167413
0.168090
0.168037
0.168037
0.167037
0.169038
0.182136
0.179040
0.180040
0.176697
0.179099
0.181516
0.181708
0.178034
0.177078
0.176100
0.173360
0.172412
0.172089
0.168037
0.167185
0.165671
0.167041
0.166695
0.168037
0.166142
0.167326
0.166247
0.168037
0.168670
0.167296
0.168131
0.169151
0.167148
0.168037
0.168199
0.166928
0.167377
0.168315
0.168037
0.169370
0.169429
0.168147
0.169038
0.169145
0.168175
0.168545
0.167936
0.169500
0.169038
0.168680
0.168926
0.168516
0.167093
0.168190
0.169100
0.170182
0.169283
0.170194
0.170437
0.170428
0.169240
0.170562
0.170346
0.172389
0.169132
0.170422
0.169038
0.170325
0.169378
0.169274
0.170151
0.169971
0.169408
0.169323
0.169144
0.168909
0.168037
0.167083
0.167037
0.168224
0.167038
0.168239
0.170038
0.169099
0.169495
0.170179
0.170613
0.169169
0.167908
0.168097
0.169395
0.169410
0.168248
0.169172
0.168591
0.168593
0.143042
0.169279
0.167673
0.169054
0.167092
0.168037
0.167038
0.168413
0.168274
0.187042
0.162036
0.168140
0.176039
0.182040
0.179438
0.179183
0.172533
0.170266
0.173038
0.172735
0.168037
0.169037
0.171111
0.169106
0.170038
0.169891
0.169525
0.169096
0.168833
0.169038
0.168108
0.171097
0.170098
0.171503
0.170595
0.170515
0.167665
0.166425
0.169528
0.172130
0.172201
0.173038
0.172175
0.174039
0.172038
0.168115
0.166038
0.167480
0.166036
0.166280
0.166118
0.166131
0.167037
0.165998
0.166090
0.165172
0.171038
0.174038
0.172154
0.169115
0.167546
0.168038
0.169038
0.167560
0.168037
0.168314
0.168408
0.169098
0.169040
0.169037
0.173121
0.175400
0.176039
0.176039
0.174039
0.172038
0.171038
0.172136
0.171038
0.169112
0.170039
0.169316
0.168448
0.168664
0.166036
0.169038
0.176039
0.176121
0.169864
0.169249
0.167787
0.171365
0.170565
0.169038
0.170523
0.172038
0.170302
0.169279
0.171775
0.168944
0.170686
0.169158
0.170156
0.168206
0.166630
0.165037
0.166996
0.165509
0.166101
0.167161
0.167037
0.171521
0.171162
0.169521
0.171038
0.170038
0.169554
0.169594
0.169453
0.171099
0.170038
0.168103
0.169038
0.171392
0.171846
0.168089
0.167037
0.168182
0.166213
0.166768
0.167037
0.167037
0.167355
0.168073
0.167522
0.166377
0.167156
0.166037
0.166097
0.168038
0.171038
0.171176
0.178679
0.177039
0.171333
0.173012
0.172097
0.169158
0.170037
0.171038
0.177064
0.174278
0.172355
0.171108
0.168037
0.167037
0.177363
0.170209
0.171334
0.169148
0.167112
0.166566
0.167037
0.167037
0.166752
0.167171
0.168482
0.165385
0.165037
0.167037
0.165986
0.166351
0.165037
0.167037
0.182572
0.178794
0.166108
0.168105
0.167038
0.166587
0.165713
0.166909
0.174282
0.173112
0.167691
0.167614
0.167037
0.166944
0.168707
0.169037
0.168092
0.169037
0.170222
0.169734
0.169038
0.170126
0.170038
0.169044
0.169037
0.182015
0.183214
0.181041
0.169091
0.170377
0.167986
0.168121
0.170038
0.168037
0.168186
0.169038
0.167605
0.167264
0.173138
0.180268
0.177484
0.169760
0.170172
0.169038
0.166108
0.165754
0.166167
0.167522
0.167474
0.168903
0.172038
0.171109
0.171662
0.171871
0.169242
0.169106
0.170233
0.168037
0.168253
0.168037
0.167681
0.166651
0.167337
0.167280
0.170681
0.171039
0.168216
0.168113
0.168488
0.172112
0.174247
0.171533
0.172039
0.174174
0.172106
0.156265
0.172359
0.172038
0.172108
0.169038
0.168037
0.168490
0.168563
0.168101
0.168205
0.169120
0.167813
0.169037
0.171828
0.170164
0.172038
0.170080
0.171308
0.169978
0.172038
0.171242
0.172038
0.171363
0.168460
0.167343
0.167953
0.169037
0.170099
0.169039
0.175249
0.173463
0.172263
0.170827
0.165036
0.174039
0.169277
0.169208
0.169038
0.170354
0.170038
0.170119
0.169370
0.171056
0.170272
0.170038
0.171038
0.170149
0.170780
0.170038
0.171194
0.170038
0.168765
0.170391
0.170234
0.170105
0.170038
0.170198
0.170167
0.169222
0.169985
0.165322
0.168378
0.170038
0.172039
0.174117
0.175291
0.170512
0.170053
0.173038
0.169415
0.171282
0.173039
0.173187
0.173038
0.170177
0.170714
0.170237
0.170117
0.168061
0.167106
0.167489
0.168064
0.166926
0.168060
0.168166
0.172040
0.171290
0.172038
0.172807
0.172083
0.170565
0.171994
0.171241
0.172771
0.171211
0.169400
0.169037
0.171038
0.170124
0.170470
0.170039
0.170126
0.170037
0.180669
0.180595
0.182252
0.180437
0.169043
0.166037
0.169038
0.170086
0.169592
0.169038
0.171451
0.171184
0.170038
0.170538
0.170182
0.170038
0.170233
0.169347
0.170038
0.170585
0.170108
0.170435
0.169277
0.169141
0.149961
0.168700
0.166116
0.165437
0.166435
0.164036
0.167303
0.167450
0.166037
0.166037
0.166556
0.164036
0.167037
0.168504
0.168431
0.169121
0.169411
0.170305
0.169389
0.170798
0.170205
0.171191
0.184041
0.181040
0.176916
0.174039
0.174039
0.175124
0.172039
0.167085
0.167095
0.166037
0.166036
0.166037
0.166266
0.170506
0.169429
0.171290
0.169102
0.170038
0.172152
0.174039
0.177502
0.176039
0.174760
0.171098
0.184041
0.178558
0.174038
0.321077
0.319195
0.298066
0.340184
0.316856
0.328107
0.314048
0.353820
0.318609
0.357338
0.324668
0.342438
0.172501
0.176618
0.175039
0.175482
0.172038
0.167785
0.164153
0.162036
0.164037
0.164223
0.164127
0.164038
0.159664
0.159515
0.160035
0.160418
0.161261
0.170231
0.168112
0.164036
0.166182
0.165182
0.167951
0.166971
0.166037
0.164037
0.164462
0.164598
0.167037
0.166380
0.166037
0.166437
0.165405
0.167130
0.170038
0.169037
0.168077
0.166037
0.167466
0.168250
0.167097
0.167770
0.167122
0.166037
0.167258
0.167443
0.167212
0.167354
0.167037
0.166426
0.168037
0.167094
0.167037
0.166102
0.165138
0.166037
0.166407
0.166247
0.166254
0.167298
0.167038
0.166133
0.170038
0.147755
0.164126
0.166169
0.165341
0.165600
0.166537
0.165257
0.164307
0.166037
0.166037
0.165663
0.167514
0.167037
0.167037
0.167259
0.168145
0.167021
0.166563
0.166394
0.167114
0.167439
0.166293
0.166522
0.165736
0.167037
0.178524
0.179361
0.180040
0.179661
0.179147
0.177068
0.177039
0.173413
0.174541
0.165037
0.164036
0.164406
0.166036
0.166135
0.167425
0.166080
0.165391
0.166133
0.166037
0.166037
0.166601
0.165172
0.164064
0.165220
0.167037
0.165101
0.166574
0.164344
0.166036
0.166166
0.165105
0.166061
0.165182
0.166268
0.166099
0.165037
0.166037
0.166037
0.167076
0.170038
0.168123
0.168037
0.170038
0.170075
0.169281
0.169038
0.169176
0.166106
0.166037
0.166382
0.165552
0.167243
0.168176
0.167037
0.166501
0.167124
0.167037
0.171038
0.173444
0.168721
0.168038
0.168038
0.168144
0.168138
0.171118
0.173989
0.177173
0.181711
0.181130
0.180235
0.180261
0.177039
0.177387
0.171767
0.169144
0.166493
0.167087
0.166357
0.165568
0.167165
0.165186
0.167037
0.168902
0.177124
0.175087
0.172038
0.174122
0.181119
0.175359
0.172038
0.172096
0.167037
0.167170
0.166098
0.164230
0.166129
0.166742
0.168038
0.176040
0.171037
0.165127
0.164314
0.165122
0.165110
0.166037
0.168143
0.169135
0.169429
0.168790
0.167700
0.167037
0.167642
0.168840
0.167410
0.167037
0.169038
0.170541
0.170038
0.170038
0.169152
0.169038
0.169038
0.170044
0.170180
0.169752
0.169730
0.170038
0.170379
0.169122
0.169218
0.169301
0.168290
0.168243
0.168079
0.169038
0.168356
0.169299
0.169252
0.168037
0.169482
0.169719
0.169347
0.168221
0.149055
0.169278
0.169089
0.168262
0.170038
0.170035
0.169482
0.168475
0.169329
0.170038
0.170140
0.168804
0.168193
0.168634
0.169083
0.168179
0.168037
0.169038
0.169038
0.169158
0.169038
0.168258
0.169175
0.170285
0.170039
0.167037
0.145391
0.164775
0.167104
0.173116
0.172038
0.169180
0.167375
0.168117
0.167037
0.167273
0.167112
0.168093
0.167107
0.167530
0.167377
0.168037
0.169037
0.168037
0.167938
0.167567
0.166798
0.171300
0.169127
0.170086
0.171038
0.167564
0.167582
0.168038
0.147515
0.167037
0.166037
0.166105
0.167140
0.165036
0.166126
0.166165
0.166188
0.165187
0.166192
0.171037
0.171109
0.170037
0.168037
0.168178
0.167870
0.168037
0.169169
0.168037
0.173038
0.176040
0.176100
0.174111
0.183225
0.176039
0.181250
0.181594
0.179040
0.180040
0.159472
0.169037
0.169283
0.168235
0.169129
0.168836
0.168342
0.168126
0.168511
0.168128
0.168202
0.167054
0.169120
0.168289
0.167106
0.168038
0.168414
0.168037
0.167104
0.167096
0.168625
0.168039
0.169038
0.168035
0.168037
0.168097
0.167673
0.168070
0.168038
0.175039
0.168036
0.165044
0.165382
0.167440
0.167037
0.168092
0.166842
0.167226
0.167386
0.167037
0.167037
0.168038
0.167129
0.167037
0.167325
0.166116
0.166213
0.167039
0.167037
0.166619
0.166510
0.167132
0.167279
0.166567
0.168339
0.169263
0.167768
0.168114
0.168038
0.168154
0.169118
0.165370
0.167008
0.167036
0.168037
0.168911
0.169038
0.166512
0.168102
0.171186
0.172101
0.173258
0.172104
0.172508
0.172038
0.169039
0.168098
0.169038
0.170169
0.171228
0.173039
0.169124
0.169037
0.169038
0.168093
0.168442
0.167620
0.168449
0.169138
0.168125
0.168127
0.168263
0.169564
0.172038
0.181239
0.180135
0.178063
0.182040
0.176618
0.177039
0.181353
0.178040
0.176135
0.175039
0.173038
0.172090
0.169038
0.168125
0.167365
0.167932
0.169388
0.169193
0.169038
0.169038
0.168462
0.169038
0.168131
0.169127
0.168734
0.170168
0.170038
0.167140
0.168037
0.168081
0.157526
0.168495
0.167037
0.170038
0.170216
0.170038
0.169200
0.170161
0.170038
0.170038
0.179040
0.177075
0.178174
0.175618
0.176128
0.166099
0.166460
0.166037
0.169371
0.170113
0.170038
0.168969
0.169721
0.168003
0.169752
0.169448
0.168037
0.168039
0.169275
0.168842
0.169221
0.169038
0.169038
0.170090
0.176609
0.174106
0.177039
0.175060
0.175039
0.174038
0.169229
0.168664
0.171138
0.172038
0.171038
0.172038
0.170096
0.168056
0.173039
0.174521
0.173125
0.171059
0.171410
0.170038
0.170451
0.169038
0.171093
0.172183
0.172263
0.167048
0.167146
0.167037
0.169098
0.167172
0.167037
0.167037
0.166208
0.177904
0.170038
0.170679
0.172991
0.169262
0.169098
0.167037
0.168037
0.166037
0.169984
0.172249
0.172038
0.172039
0.171219
0.170354
0.170195
0.172038
0.168107
0.167677
0.167518
0.166606
0.167037
0.166229
0.165133
0.168038
0.167037
0.167086
0.167037
0.169037
0.170038
0.170038
0.174130
0.170369
0.170071
0.170038
0.171038
0.169169
0.171103
0.169614
0.169037
0.171131
0.169625
0.169678
0.169902
0.170515
0.171434
0.177039
0.169447
0.169460
0.170786
0.169577
0.173377
0.171399
0.171131
0.167146
0.166650
0.167037
0.167037
0.171038
0.171038
0.168123
0.145261
0.137012
0.172373
0.172038
0.172038
0.170038
0.166886
0.167096
0.167092
0.167079
0.168037
0.167239
0.167567
0.168037
0.168138
0.167037
0.166638
0.168118
0.168328
0.167192
0.166624
0.167207
0.167470
0.167693
0.166755
0.165783
0.167211
0.167205
0.167462
0.167194
0.167507
0.167037
0.167453
0.167037
0.167587
0.167227
0.167594
0.167110
0.167239
0.167327
0.168037
0.167268
0.169956
0.171407
0.171154
0.172038
0.170110
0.168903
0.168038
0.169103
0.168377
0.169037
0.168037
0.168526
0.168369
0.169096
0.169038
0.169733
0.167636
0.167037
0.168215
0.169038
0.168037
0.167037
0.169377
0.169363
0.168132
0.169037
0.169037
0.169038
0.169091
0.168099
0.169121
0.169038
0.168037
0.168037
0.168120
0.168038
0.168037
0.168038
0.168319
0.169037
0.169038
0.168700
0.169279
0.169038
0.168037
0.168037
0.168037
0.169235
0.169038
0.168037
0.169038
0.170038
0.168502
0.168355
0.168346
0.169096
0.168120
0.168242
0.147478
0.167037
0.168145
0.166185
0.167096
0.166036
0.167165
0.167037
0.167223
0.166916
0.167488
0.167063
0.167378
0.168037
0.167337
0.169102
0.168563
0.167073
0.166794
0.167037
0.168116
0.168452
0.169093
0.169232
0.168830
0.168473
0.169060
0.168369
0.167037
0.168037
0.169400
0.169092
0.169037
0.170038
0.169095
0.167778
0.168237
0.168094
0.168103
0.168038
0.168037
0.167610
0.166540
0.168038
0.169038
0.168037
0.167233
0.168859
0.167114
0.168570
0.168723
0.170041
0.171056
0.171038
0.170719
0.170038
0.170038
0.170038
0.170038
0.169202
0.169038
0.170038
0.174039
0.173040
0.174039
0.174728
0.175315
0.174566
0.174039
0.171159
0.169038
0.169483
0.169454
0.173039
0.172560
0.172633
0.171038
0.172079
0.170038
0.171038
0.149967
0.169557
0.169038
0.170038
0.170038
0.170554
0.172038
0.167056
0.167395
0.168045
0.170213
0.169509
0.171169
0.170063
0.170577
0.170499
0.170164
0.169226
0.168209
0.169473
0.169167
0.169151
0.169038
0.167989
0.168438
0.169084
0.167362
0.169038
0.169038
0.169245
0.169256
0.168036
0.170415
0.169038
0.170038
0.169404
0.170380
0.169038
0.170120
0.170038
0.170159
0.170108
0.169578
0.169743
0.169251
0.170063
0.170038
0.169391
0.169532
0.169274
0.169038
0.170038
0.169038
0.169038
0.169582
0.168994
0.169038
0.171038
0.170148
0.169298
0.169110
0.167937
0.169037
0.169098
0.170038
0.169405
0.170038
0.149260
0.169175
0.168914
0.168037
0.169038
0.167153
0.169098
0.168201
0.169658
0.169038
0.137412
0.168037
0.168616
0.168040
0.169119
0.168954
0.168467
0.168037
0.167979
0.169297
0.169037
0.169408
0.169037
0.169302
0.167854
0.169119
0.170128
0.168037
0.169038
0.169310
0.169144
0.169135
0.168512
0.168037
0.169038
0.169038
0.169140
0.168343
0.169038
0.167309
0.169080
0.168037
0.168859
0.168379
0.169038
0.168309
0.168597
0.168378
0.168055
0.167563
0.167037
0.168037
0.168135
0.168641
0.169394
0.169172
0.169259
0.168721
0.169439
0.169839
0.169639
0.170038
0.169440
0.169187
0.168557
0.168546
0.170098
0.168385
0.169385
0.170136
0.169370
0.170038
0.169297
0.167037
0.169208
0.168948
0.169533
0.169038
0.169038
0.169128
0.169038
0.169090
0.170043
0.170869
0.169259
0.170038
0.169079
0.167906
0.166922
0.169038
0.169103
0.169099
0.169037
0.169038
0.169288
0.169038
0.170149
0.169037
0.170123
0.169113
0.168608
0.168675
0.169248
0.170223
0.170038
0.168126
0.168088
0.169338
0.169141
0.168219
0.169038
0.169157
0.169378
0.170149
0.169037
0.168037
0.169038
0.168711
0.168037
0.170038
0.169966
0.169159
0.170038
0.168598
0.168778
0.169811
0.170362
0.168735
0.169425
0.169234
0.169742
0.168722
0.168891
0.169332
0.170234
0.169308
0.169080
0.169038
0.169107
0.168679
0.170038
0.169594
0.170038
0.170387
0.169113
0.150250
0.169038
0.168297
0.169038
0.168037
0.168037
0.168037
0.168124
0.168479
0.168402
0.168108
0.168037
0.169346
0.169320
0.168659
0.169038
0.169037
0.170080
0.169234
0.169199
0.173038
0.173112
0.173135
0.172650
0.171304
0.171582
0.179274
0.182133
0.179874
0.179805
0.179509
0.179040
0.181229
0.179040
0.174039
0.172107
0.170358
0.168037
0.168190
0.169158
0.168504
0.167037
0.168655
0.168037
0.168223
0.169037
0.169038
0.168859
0.168859
0.168101
0.169110
0.169397
0.167037
0.169038
0.167949
0.168036
0.169137
0.169038
0.169602
0.168161
0.167719
0.168037
0.168703
0.168156
0.168149
0.164037
0.168098
0.167135
0.168330
0.168749
0.167684
0.169781
0.168153
0.167191
0.169486
0.170038
0.169137
0.168594
0.169038
0.170207
0.169095
0.170038
0.167315
0.168482
0.167974
0.168375
0.168037
0.169092
0.170556
0.170382
0.171038
0.170038
0.170444
0.168220
0.169736
0.168290
0.168431
0.167700
0.170283
0.168752
0.169038
0.170038
0.169081
0.170038
0.170101
0.169461
0.169466
0.170298
0.170081
0.170038
0.169038
0.167238
0.169110
0.168738
0.169069
0.169216
0.169038
0.169038
0.170319
0.169037
0.144183
0.168038
0.167228
0.168804
0.168708
0.169159
0.168195
0.109199
0.175145
0.171098
0.170194
0.169108
0.170038
0.169155
0.169039
0.168759
0.169038
0.169359
0.169126
0.168364
0.168474
0.169139
0.169152
0.169617
0.167219
0.169051
0.168334
0.168128
0.167704
0.168037
0.168493
0.167037
0.168122
0.169099
0.169081
0.168037
0.169515
0.167217
0.168088
0.169038
0.168484
0.169037
0.168269
0.169038
0.168037
0.169038
0.169383
0.169113
0.169115
0.168455
0.168064
0.169038
0.168289
0.168037
0.170038
0.168101
0.169176
0.168254
0.168137
0.169036
0.169038
0.169107
0.168455
0.169630
0.168295
0.168808
0.168344
0.168037
0.168037
0.169127
0.168426
0.167553
0.169432
0.169038
0.170279
0.170301
0.169383
0.169038
0.169300
0.169277
0.169038
0.169613
0.170038
0.170038
0.170038
0.168489
0.168154
0.169105
0.168366
0.169253
0.170047
0.169140
0.168507
0.169245
0.169339
0.170093
0.169254
0.169038
0.169854
0.169038
0.169038
0.169038
0.168805
0.169038
0.169488
0.169560
0.169038
0.169038
0.170038
0.169338
0.169435
0.169345
0.170038
0.170008
0.169514
0.169642
0.168378
0.169923
0.169288
0.168873
0.168375
0.168761
0.169125
0.169954
0.168492
0.168007
0.168232
0.169825
0.169136
0.168851
0.170038
0.170038
0.169038
0.169291
0.169099
0.168233
0.169038
0.170271
0.169177
0.170248
0.170148
0.169135
0.170318
0.168893
0.168482
0.169293
0.170055
0.170038
0.169538
0.169038
0.168166
0.174299
0.172801
0.172038
0.172236
0.172038
0.170180
0.177773
0.176039
0.175551
0.176419
0.172155
0.166099
0.167162
0.166149
0.168559
0.171038
0.171170
0.170582
0.170098
0.170398
0.170247
0.170213
0.170395
0.170274
0.164037
0.165036
0.166412
0.168037
0.170165
0.169922
0.170420
0.168376
0.167290
0.166197
0.166148
0.166589
0.166037
0.167037
0.166136
0.166168
0.165111
0.167037
0.166301
0.168038
0.166037
0.166037
0.167037
0.167382
0.167130
0.166133
0.167037
0.166037
0.165745
0.165503
0.166077
0.167778
0.166544
0.167544
0.167773
0.165823
0.165413
0.166340
0.167445
0.325504
0.319072
0.311464
0.329010
0.352408
0.317113
0.357582
0.356353
0.344495
0.354325
0.353183
0.261956
0.177889
0.179450
0.178122
0.177405
0.176039
0.177279
0.175564
0.175039
0.176830
0.178464
0.176435
0.178988
0.178040
0.175140
0.178922
0.174212
0.180648
0.181040
0.178739
0.179140
0.178040
0.175260
0.180040
0.174039
0.179235
0.180040
0.177096
0.173939
0.171428
0.166593
0.169721
0.169038
0.169161
0.168038
0.167981
0.167778
0.168101
0.166037
0.166762
0.167037
0.166181
0.167037
0.167094
0.167037
0.166492
0.165622
0.166739
0.165982
0.166222
0.167037
0.166037
0.165544
0.166323
0.166215
0.165971
0.166463
0.167268
0.167137
0.166523
0.166037
0.166109
0.166868
0.167146
0.167412
0.167517
0.166103
0.166277
0.167677
0.167462
0.167290
0.166155
0.166449
0.168086
0.167037
0.166084
0.166631
0.166005
0.166037
0.166142
0.166152
0.166158
0.165396
0.166037
0.166633
0.166523
0.166713
0.168189
0.167391
0.166572
0.167015
0.167088
0.167037
0.166699
0.166571
0.165555
0.167037
0.167037
0.167037
0.165887
0.166325
0.167037
0.167172
0.170683
0.171783
0.170111
0.170695
0.171152
0.170288
0.169325
0.170106
0.169044
0.168818
0.169116
0.168037
0.169504
0.168279
0.167117
0.165763
0.167533
0.172107
0.171946
0.168385
0.167303
0.167902
0.168037
0.168076
0.166414
0.168038
0.167128
0.167102
0.167138
0.166037
0.167487
0.167576
0.167594
0.167222
0.167037
0.167037
0.166532
0.167037
0.167438
0.167037
0.166407
0.168038
0.168301
0.168122
0.168352
0.173420
0.170038
0.170476
0.170872
0.171135
0.170622
0.169038
0.168234
0.169105
0.168095
0.168037
0.167766
0.168037
0.168035
0.167296
0.168038
0.168038
0.169175
0.168754
0.168560
0.169088
0.167590
0.168283
0.167643
0.168037
0.168093
0.168144
0.168744
0.168038
0.169101
0.169038
0.169102
0.168163
0.168184
0.169346
0.169038
0.168037
0.167737
0.169050
0.169037
0.168664
0.168038
0.169038
0.168128
0.168751
0.177232
0.175746
0.179348
0.181254
0.177879
0.176037
0.176039
0.174039
0.174095
0.171247
