0.001001
0.158421
0.132029
0.172717
0.172520
0.169265
0.159396
0.160116
0.158357
0.167051
0.163240
0.163692
0.160303
0.161037
0.160179
0.161186
0.160860
0.160634
0.168583
0.178837
0.169038
0.166036
0.163828
0.163036
0.169037
0.185632
0.193043
0.181040
0.158416
0.162036
0.160125
0.160035
0.160138
0.160035
0.161036
0.159035
0.159520
0.159035
0.159232
0.161835
0.161319
0.160549
0.179039
0.181807
0.160080
0.160931
0.161398
0.161482
0.159837
0.160465
0.159782
0.097579
0.177612
0.180249
0.180716
0.164539
0.159750
0.160729
0.159898
0.159822
0.160992
0.165934
0.167708
0.165540
0.165537
0.165282
0.165116
0.164603
0.170038
0.170118
0.169037
0.167037
0.165036
0.166292
0.165037
0.163036
0.163036
0.163074
0.164024
0.166037
0.166201
0.164036
0.156537
0.174095
0.165036
0.161798
0.162035
0.162035
0.162036
0.163441
0.161035
0.161036
0.162056
0.161645
0.161168
0.158849
0.161777
0.167695
0.165147
0.163579
0.162916
0.166231
0.164858
0.166037
0.162953
0.162421
0.163069
0.161323
0.160071
0.178967
0.159221
0.159035
0.160070
0.160151
0.161718
0.160732
0.161244
0.158723
0.159035
0.159920
0.160035
0.160035
0.161199
0.159334
0.159035
0.157034
0.160035
0.160036
0.170894
0.178837
0.176619
0.176039
0.176058
0.175426
0.179925
0.178008
0.178320
0.166726
0.163418
0.164790
0.162754
0.162529
0.162217
0.176736
0.181040
0.176244
0.178196
0.178028
0.165172
0.159552
0.159010
0.157936
0.165898
0.164106
0.178757
0.176920
0.174808
0.173803
0.174517
0.172750
0.167490
0.162246
0.161325
0.161036
0.162351
0.161646
0.162107
0.162852
0.161247
0.161062
0.162406
0.162036
0.166239
0.167037
0.171283
0.177039
0.180366
0.180110
0.180333
0.181750
0.180147
0.180602
0.181054
0.182040
0.184707
0.177145
0.180217
0.177654
0.173038
0.158407
0.159035
0.156879
0.167615
0.164346
0.163036
0.160206
0.161520
0.162091
0.162552
0.167179
0.166165
0.163629
0.162652
0.163482
0.163489
0.161601
0.163893
0.163652
0.163258
0.162044
0.168037
0.176251
0.178832
0.178027
0.177597
0.169528
0.165773
0.162053
0.167037
0.162433
0.161890
0.162089
0.162036
0.162035
0.162101
0.162035
0.162313
0.161357
0.162035
0.164182
0.164282
0.163035
0.161053
0.160035
0.165036
0.167037
0.166036
0.166111
0.165037
0.164055
0.168037
0.167037
0.166036
0.167037
0.166036
0.163036
0.159509
0.161981
0.166036
0.170315
0.169215
0.168037
0.167500
0.167892
0.167945
0.168887
0.168235
0.167822
0.175973
0.170473
0.177293
0.178454
0.177129
0.181331
0.185237
0.164036
0.161036
0.160035
0.160161
0.161036
0.160734
0.159035
0.158035
0.164035
0.164036
0.163036
0.164279
0.162108
0.166036
0.166685
0.164036
0.162036
0.162036
0.161035
0.161105
0.161035
0.162035
0.166037
0.166037
0.165036
0.164036
0.162035
0.162083
0.162432
0.167099
0.166033
0.166347
0.168404
0.167036
0.168215
0.166346
0.165036
0.163036
0.162386
0.163525
0.161020
0.163084
0.163087
0.161292
0.165778
0.165596
0.167321
0.165312
0.163563
0.166607
0.166268
0.165367
0.163479
0.163188
0.161445
0.161808
0.162860
0.168354
0.162524
0.163035
0.162643
0.164334
0.164034
0.164600
0.161624
0.159552
0.134652
0.159714
0.160553
0.164487
0.162728
0.162358
0.161546
0.161341
0.160931
0.162935
0.160691
0.174115
0.168869
0.167050
0.165471
0.164327
0.161300
0.164539
0.162992
0.163247
0.167346
0.165771
0.162192
0.163000
0.163558
0.168077
0.165036
0.164499
0.161861
0.164744
0.165702
0.161517
0.162196
0.160944
0.160903
0.161278
0.160321
0.166037
0.164266
0.162233
0.161866
0.163102
0.166135
0.166465
0.164849
0.168717
0.164258
0.162205
0.163028
0.165045
0.162330
0.162971
0.159391
0.158700
0.161676
0.167485
0.165036
0.163095
0.160035
0.160035
0.162035
0.165037
0.170542
0.180039
0.169038
0.164567
0.162036
0.162036
0.164036
0.162035
0.161032
0.161036
0.167610
0.168037
0.166036
0.167037
0.166197
0.164036
0.163036
0.160631
0.160075
0.157674
0.162159
0.163675
0.161322
0.162588
0.168435
0.166224
0.162497
0.159073
0.158270
0.158928
0.162441
0.161233
0.160781
0.158768
0.159443
0.161494
0.162101
0.163998
0.163493
0.162367
0.162208
0.163851
0.163019
0.163645
0.161940
0.161442
0.160587
0.159819
0.167488
0.166289
0.165786
0.163175
0.160836
0.160820
0.163836
0.164302
0.164344
0.165036
0.165343
0.165364
0.163606
0.164612
0.166949
0.164719
0.170261
0.165037
0.164639
0.166285
0.165347
0.163090
0.162932
0.161571
0.162880
0.163002
0.163950
0.163538
0.164330
0.163055
0.163036
0.165254
0.163667
0.163523
0.160901
0.160743
0.161036
0.164705
0.164284
0.162164
0.159209
0.158853
0.159099
0.159679
0.162736
0.163086
0.165623
0.167364
0.165051
0.163585
0.163720
0.160984
0.158780
0.162818
0.162563
0.161424
0.160243
0.161351
0.164704
0.163548
0.162035
0.160175
0.158282
0.159339
0.158035
0.157146
0.157823
0.161483
0.164272
0.163633
0.160751
0.161759
0.160069
0.158811
0.158556
0.158952
0.159158
0.165032
0.163188
0.161146
0.180006
0.183087
0.179750
0.177477
0.178820
0.159035
0.158315
0.160035
0.159530
0.159602
0.158934
0.159639
0.159324
0.160267
0.159316
0.159539
0.160196
0.159942
0.159942
0.157035
0.157066
0.157615
0.159420
0.158441
0.159035
0.160717
0.086974
0.075016
0.072822
0.074891
0.072108
0.070766
0.072771
0.073016
0.072854
0.073016
0.072434
0.072413
0.073380
0.073492
0.074237
0.073016
0.073891
0.072144
0.075498
0.071784
0.073016
0.073052
0.078301
0.075018
0.072016
0.072016
0.073032
0.072401
0.071728
0.077369
0.079991
0.081018
0.079628
0.079071
0.072069
0.074018
0.072248
0.072183
0.071917
0.074046
0.072280
0.074236
0.073306
0.073016
0.073170
0.089870
0.073016
0.072382
0.072313
0.072016
0.072154
0.072210
0.074131
0.074017
0.091020
0.072205
0.072473
0.072016
0.071808
0.078172
0.076981
0.073812
0.073371
0.074264
0.074103
0.072016
0.072276
0.071728
0.072357
0.073949
0.088065
0.074073
0.071589
0.073230
0.072015
0.072640
0.073457
0.073283
0.071213
0.072117
0.072162
0.083725
0.084820
0.073016
0.071853
0.073219
0.082902
0.071195
0.071638
0.075524
0.072814
0.071542
0.071898
0.073169
0.073594
0.073722
0.073773
0.072553
0.090511
0.071016
0.072004
0.072685
0.074834
0.073016
0.072471
0.073016
0.072016
0.073118
0.074980
0.072016
0.079847
0.072016
0.071758
0.074016
0.072441
0.073478
0.072016
0.072016
0.077322
0.071529
0.072016
0.071681
0.072734
0.073616
0.074485
0.072016
0.072860
0.071896
0.071295
0.072016
0.071772
0.072018
0.078077
0.072018
0.071189
0.072016
0.088088
0.070176
0.077017
0.071396
0.072227
0.072016
0.070603
0.071337
0.071115
0.072254
0.072322
0.072720
0.071470
0.072655
0.072016
0.078387
0.070512
0.073017
0.071547
0.073016
0.073725
0.073320
0.072461
0.073016
0.073390
0.074043
0.073825
0.072190
0.072496
0.078006
0.072016
0.072627
0.072128
0.074781
0.075210
0.076797
0.073606
0.077349
0.075016
0.076401
0.077872
0.080136
0.075755
0.073414
0.077017
0.073434
0.078090
0.074016
0.073830
0.073016
0.072016
0.072776
0.072924
0.076588
0.074350
0.080416
0.073344
0.073016
0.075648
0.072705
0.074100
0.073085
0.075449
0.073645
0.073015
0.073238
0.073528
0.074017
0.080925
0.081008
0.081919
0.074132
0.076983
0.074310
0.073741
0.075019
0.093828
0.073027
0.076133
0.075017
0.074023
0.072226
0.073238
0.073016
0.074611
0.074081
0.075017
0.075045
0.073327
0.073429
0.074125
0.074820
0.074223
0.072215
0.072092
0.080018
0.082069
0.080196
0.075886
0.075334
0.073334
0.075196
0.074651
0.071885
0.073123
0.073863
0.071344
0.074414
0.072749
0.075266
0.072144
0.074186
0.071219
0.073016
0.074241
0.075401
0.073735
0.075310
0.074795
0.075393
0.075001
0.072523
0.072864
0.074077
0.075034
0.074024
0.075008
0.071723
0.073173
0.074803
0.074813
0.075752
0.078485
0.072318
0.071016
0.071672
0.074002
0.075863
0.074365
0.074144
0.073211
0.075051
0.073672
0.075001
0.075147
0.075279
0.080480
0.075444
0.074966
0.073182
0.074138
0.074442
0.072016
0.076398
0.072083
0.075295
0.075234
0.073690
0.074829
0.073238
0.072210
0.073919
0.071723
0.072528
0.072145
0.073366
0.074415
0.074660
0.073935
0.073296
0.074228
0.073548
0.073818
0.074127
0.071225
0.072344
0.073600
0.072519
0.074712
0.073016
0.073476
0.073024
0.074086
0.073513
0.072062
0.072915
0.075485
0.073298
0.071234
0.073767
0.074584
0.074915
0.075754
0.074193
0.074904
0.074992
0.072016
0.071697
0.072932
0.074345
0.074769
0.075143
0.075505
0.074305
0.075270
0.074016
0.074357
0.074067
0.074336
0.075017
0.071784
0.072819
0.072073
0.075326
0.074957
0.075693
0.072657
0.072470
0.073143
0.075816
0.073843
0.074768
0.074016
0.073287
0.073362
0.075017
0.073654
0.090049
0.079051
0.074037
0.072310
0.073300
0.075511
0.072453
0.071000
0.073016
0.075044
0.074168
0.073309
0.073699
0.077386
0.077914
0.072377
0.073017
0.079298
0.075619
0.075358
0.075869
0.074927
0.074433
0.076937
0.073243
0.074069
0.073938
0.071144
0.073939
0.077003
0.073267
0.074849
0.075017
0.077294
0.073895
0.073493
0.076255
0.075487
0.074223
0.074031
0.073197
0.073966
0.071759
0.073828
0.074017
0.077530
0.078584
0.074847
0.079639
0.075015
0.074278
0.075767
0.074798
0.071385
0.078449
0.076048
0.076368
0.074060
0.075474
0.072386
0.074374
0.071109
0.071402
0.073724
0.073508
0.074016
0.074016
0.074354
0.074127
0.089365
0.072984
0.071999
0.073155
0.078609
0.077478
0.072012
0.074017
0.076957
0.071015
0.071110
0.088877
0.070950
0.070588
0.072085
0.072116
0.073690
0.074017
0.071259
0.071081
0.073406
0.074802
0.073122
0.074077
0.071153
0.071899
0.073416
0.075113
0.071052
0.074114
0.073956
0.072843
0.073101
0.072016
0.074143
0.074017
0.074206
0.073259
0.074016
0.072017
0.071984
0.072016
0.077803
0.072228
0.074070
0.071542
0.073792
0.071015
0.077553
0.072016
0.070810
0.072795
0.071176
0.071315
0.089741
0.077063
0.076905
0.072050
0.070137
0.071018
0.070235
0.071196
0.088351
0.071549
0.072301
0.070161
0.071441
0.072419
0.072191
0.073474
0.071108
0.072018
0.078081
0.072281
0.070221
0.071016
0.073140
0.073203
0.073246
0.072530
0.071693
0.088188
0.070015
0.071016
0.079735
0.072042
0.076688
0.073579
0.071275
0.073146
0.077876
0.072114
0.072138
0.072299
0.071280
0.070968
0.071284
0.071592
0.089854
0.073847
0.071874
0.072085
0.073851
0.072016
0.072436
0.073316
0.074016
0.073204
0.071056
0.072016
0.071016
0.071016
0.072866
0.073018
0.072201
0.072385
0.071292
0.074111
0.070642
0.071525
0.071431
0.072029
0.071015
0.073243
0.076561
0.072016
0.071196
0.077242
0.073091
0.072017
0.071478
0.072846
0.071302
0.072016
0.072296
0.075017
0.074464
0.073126
0.075794
0.074350
0.072104
0.073072
0.075196
0.073357
0.072017
0.074543
0.084223
0.071261
0.073738
0.073016
0.072369
0.073628
0.072017
0.072212
0.073522
0.073754
0.072465
0.072466
0.075330
0.074221
0.076328
0.075631
0.073941
0.073186
0.078110
0.071214
0.071629
0.088318
0.072341
0.072676
0.072896
0.074192
0.072017
0.072546
0.072016
0.074900
0.072898
0.071189
0.071093
0.072334
0.071368
0.072956
0.073055
0.072070
0.071941
0.070420
0.070972
0.071786
0.072297
0.077177
0.072608
0.071019
0.073516
0.081245
0.072052
0.082376
0.070270
0.088459
0.070507
0.071340
0.078162
0.071276
0.074016
0.072017
0.072444
0.072016
0.070906
0.071095
0.074596
0.072210
0.073811
0.072297
0.074419
0.074197
0.073579
0.074017
0.073006
0.071494
0.071465
0.074197
0.072417
0.074794
0.071457
0.074016
0.072106
0.075016
0.071803
0.075637
0.073827
0.072130
0.073412
0.072923
0.074060
0.072167
0.071101
0.073016
0.071054
0.071951
0.074149
0.074016
0.074384
0.073780
0.074349
0.074128
0.071107
0.073394
0.076844
0.073898
0.073343
0.073142
0.073681
0.071104
0.073407
0.072641
0.073188
0.077923
0.076983
0.073867
0.072955
0.073768
0.072242
0.073137
0.073377
0.074079
0.072316
0.072646
0.073632
0.071548
0.072546
0.073553
0.071145
0.072802
0.074170
0.074254
0.073705
0.074168
0.072137
0.072443
0.074114
0.073923
0.074111
0.072571
0.072016
0.072582
0.073134
0.073482
0.072814
0.072793
0.073772
0.073383
0.072454
0.074121
0.071177
0.073864
0.074216
0.072016
0.074233
0.072277
0.076284
0.072917
0.073295
0.074471
0.074061
0.073384
0.073714
0.073237
0.072935
0.071015
0.071278
0.073529
0.072877
0.077730
0.074336
0.071336
0.071424
0.089154
0.072616
0.086496
0.074447
0.071647
0.074016
0.075017
0.072351
0.073931
0.074290
0.073866
0.074143
0.073372
0.073170
0.071606
0.074357
0.075017
0.079260
0.071600
0.073244
0.074198
0.074231
0.073181
0.071697
0.072896
0.078591
0.073996
0.074365
0.072332
0.088513
0.072299
0.073016
0.074017
0.072814
0.073601
0.074228
0.074134
0.071443
0.072870
0.071786
0.071107
0.073253
0.071862
0.074259
0.072462
0.073470
0.071913
0.073045
0.073960
0.073830
0.077334
0.074544
0.075019
0.075577
0.073018
0.076057
0.072016
0.074309
0.073703
0.075017
0.073816
