0.002000
0.156497
0.157505
0.156981
0.155869
0.168922
0.171296
0.177028
0.177226
0.177188
0.175450
0.178410
0.169397
0.157542
0.162036
0.157284
0.164045
0.134105
0.159363
0.155455
0.158086
0.159317
0.160095
0.163036
0.157248
0.160415
0.156252
0.157772
0.155335
0.161115
0.162472
0.161360
0.157175
0.157724
0.143949
0.157408
0.160081
0.158125
0.157888
0.158452
0.159472
0.158035
0.159153
0.162270
0.156726
0.157816
0.157283
0.166231
0.159098
0.157618
0.156359
0.157400
0.150510
0.162709
0.157320
0.156662
0.158399
0.157674
0.158513
0.160396
0.160849
0.155934
0.156260
0.157108
0.157601
0.159286
0.161690
0.157429
0.136521
0.158776
0.141951
0.169037
0.168283
0.171038
0.158035
0.156253
0.144846
0.159035
0.158074
0.157900
0.160721
0.158445
0.157609
0.161532
0.156308
0.158668
0.157035
0.156090
0.148348
0.163446
0.170487
0.169219
0.169792
0.168306
0.172650
0.171325
0.176671
0.171864
0.176463
0.171924
0.174888
0.175371
0.173505
0.183512
0.160361
0.162090
0.148316
0.163218
0.162093
0.160171
0.161388
0.157035
0.156421
0.159737
0.159506
0.157148
0.157106
0.157559
0.157856
0.159198
0.156248
0.157393
0.160156
0.153686
0.142032
0.152218
0.160607
0.156367
0.155799
0.158538
0.162130
0.161343
0.164563
0.169261
0.173493
0.170878
0.177395
0.159782
0.156035
0.160063
0.163076
0.159235
0.140363
0.162157
0.160036
0.159911
0.155942
0.159126
0.159035
0.161036
0.163172
0.160067
0.169037
0.175485
0.177039
0.175375
0.177040
0.177297
0.179040
0.179560
0.154270
0.157455
0.159035
0.154683
0.157411
0.134030
0.169827
0.171037
0.172039
0.171030
0.172820
0.171075
0.173178
0.171366
0.171038
0.171706
0.171001
0.172038
0.165092
0.180721
0.178032
0.168039
0.163246
0.160043
0.167342
0.177540
0.176769
0.175915
0.175690
0.176556
0.177039
0.173486
0.177040
0.174345
0.173287
0.177024
0.177532
0.156168
0.161584
0.160211
0.161079
0.163081
0.160035
0.159230
0.159605
0.160357
0.162036
0.160729
0.161262
0.161660
0.164869
0.171801
0.174164
0.172813
0.175330
0.170800
0.183060
0.178098
0.180732
0.181480
0.184041
0.175915
0.167222
0.164036
0.162036
0.160036
0.160892
0.161036
0.164317
0.164037
0.163439
0.159461
0.162036
0.168645
0.165238
0.174262
0.176965
0.179182
0.178533
0.182616
0.181672
0.184341
0.175200
0.173180
0.181017
0.183563
0.175029
0.167582
0.161863
0.157533
0.159702
0.160035
0.159035
0.153034
0.147033
0.178040
0.171548
0.175039
0.174177
0.169806
0.173484
0.175238
0.175039
0.181456
0.181040
0.182307
0.180188
0.173038
0.165037
0.159733
0.157739
0.159306
0.137594
0.159034
0.157512
0.164037
0.167037
0.168027
0.170037
0.174039
0.171455
0.171038
0.172369
0.173039
0.174038
0.173014
0.173039
0.175493
0.172473
0.175039
0.173904
0.179611
0.182162
0.169666
0.166139
0.163036
0.158035
0.106024
0.173038
0.170038
0.172038
0.176536
0.173793
0.177908
0.178040
0.184843
0.183001
0.177631
0.170494
0.164037
0.137435
0.158035
0.161036
0.164383
0.165508
0.163217
0.164361
0.170038
0.168740
0.171684
0.171038
0.169250
0.174416
0.158849
0.158035
0.159086
0.160036
0.165992
0.167450
0.173038
0.175039
0.172038
0.173038
0.176710
0.178446
0.180606
0.182352
0.179126
0.174054
0.176476
0.177535
0.181285
0.180040
0.174467
0.135031
0.165032
0.160439
0.130467
0.170213
0.158100
0.160493
0.161744
0.167429
0.171942
0.170671
0.167601
0.170707
0.174643
0.176941
0.177905
0.178087
0.176992
0.175490
0.173831
0.174039
0.168771
0.180858
0.177372
0.167153
0.162806
0.159950
0.161295
0.164036
0.162076
0.163755
0.164959
0.164302
0.164527
0.158415
0.160035
0.162036
0.164802
0.171783
0.172494
0.165037
0.179040
0.180015
0.181040
0.172038
0.165382
0.160704
0.156776
0.158174
0.158249
0.159035
0.160036
0.159997
0.159977
0.160304
0.157876
0.163556
0.166255
0.172282
0.173000
0.175005
0.173602
0.177160
0.173407
0.174485
0.173220
0.176039
0.174679
0.175500
0.174600
0.176040
0.174718
0.177038
0.181886
0.177494
0.180869
0.181860
0.176031
0.165037
0.163203
0.158251
0.157035
0.160691
0.168279
0.163037
0.162036
0.136083
0.173903
0.175039
0.175039
0.176838
0.177077
0.178039
0.174371
0.174695
0.175082
0.167959
0.175072
0.177053
0.183557
0.182040
0.183480
0.183331
0.182360
0.176560
0.180105
0.176366
0.169797
0.166495
0.162894
0.138031
0.161362
0.165811
0.162533
0.163029
0.157389
0.183625
0.184340
0.181745
0.181583
0.185869
0.184685
0.178879
0.172838
0.161254
0.156909
0.157984
0.154960
0.157035
0.158137
0.157928
0.158035
0.158117
0.158940
0.168037
0.176791
0.175420
0.176660
0.177156
0.174383
0.171074
0.173299
0.174178
0.174941
0.176039
0.177826
0.172489
0.171652
0.173615
0.174039
0.176090
0.179039
0.174038
0.185344
0.173038
0.165036
0.163036
0.163036
0.161028
0.162036
0.163036
0.162036
0.165036
0.160132
0.162036
0.161036
0.160036
0.164036
0.171038
0.173039
0.172038
0.167521
0.183002
0.178039
0.172913
0.168050
0.164037
0.131029
0.162082
0.161928
0.162215
0.162313
0.163315
0.166037
0.171502
0.173200
0.173459
0.175617
0.172384
0.173060
0.168562
0.178205
0.171390
0.167038
0.162286
0.162036
0.162330
0.163569
0.161450
0.160862
0.161036
0.162036
0.162155
0.161036
0.163036
0.162516
0.167037
0.169038
0.172038
0.172721
0.177039
0.176485
0.178362
0.175481
0.175830
0.176423
0.172756
0.174645
0.177286
0.176454
0.177210
0.180040
0.180442
0.176178
0.176517
0.175948
0.180536
0.179915
0.178814
0.171039
0.148262
0.161148
0.160279
0.159250
0.157510
0.166662
0.164350
0.162819
0.164267
0.164071
0.172638
0.168760
0.170667
0.168473
0.170094
0.175039
0.173350
0.177804
0.178939
0.179047
0.176573
0.173418
0.166224
0.164447
0.162047
0.161036
0.163036
0.165102
0.160650
0.162167
0.164037
0.161036
0.162616
0.162018
0.161640
0.141453
0.172039
0.171537
0.176617
0.174467
0.171414
0.170474
0.175223
0.176826
0.183881
0.180041
0.170603
0.167387
0.159531
0.159165
0.160288
0.159817
0.158035
0.160516
0.134488
0.172901
0.170591
0.168828
0.172145
0.173345
0.175322
0.175040
0.175462
0.175250
0.173232
0.174907
0.178040
0.177859
0.175363
0.181386
0.176981
0.169998
0.164296
0.139030
0.167870
0.162276
0.163375
0.161808
0.162495
0.162036
0.168000
0.169038
0.172212
0.173552
0.173474
0.174903
0.174718
0.176404
0.174476
0.178040
0.178731
0.179176
0.181359
0.174217
0.169889
0.166055
0.160698
0.155022
0.163135
0.163212
0.165914
0.162208
0.162424
0.162036
0.162726
0.166423
0.169150
0.171825
0.173087
0.173788
0.176032
0.176343
0.177040
0.177260
0.179039
0.180040
0.179039
0.182730
0.181041
0.182041
0.175038
0.172100
0.172530
0.174784
0.174626
0.175830
0.182777
0.180699
0.179155
0.177987
0.168460
0.166337
0.162375
0.159658
0.161036
0.158639
0.160206
0.159953
0.161211
0.140345
0.173712
0.173299
0.175427
0.175628
0.175910
0.178994
0.177801
0.177219
0.159622
0.164803
0.163900
0.163753
0.164303
0.165009
0.164081
0.164713
0.163885
0.164251
0.164399
0.164273
0.171623
0.170459
0.171993
0.170325
0.174659
0.174525
0.174776
0.176639
0.178226
0.180180
0.178672
0.172691
0.171419
0.167986
0.164244
0.163679
0.163036
0.164777
0.163913
0.164036
0.163528
0.164037
0.162516
0.162174
0.166512
0.175039
0.181040
0.178040
0.175981
0.179040
0.176441
0.177538
0.175502
0.176231
0.175482
0.180614
0.184343
0.184071
0.181624
0.179719
0.183835
0.177299
0.175701
0.176498
0.165557
0.167181
0.161401
0.160440
0.160695
0.160682
0.162756
0.163351
0.162413
0.162104
0.161379
0.162834
0.162137
0.161775
0.170645
0.164984
0.161566
0.161116
0.156552
0.179839
0.176599
0.165544
0.164791
0.165254
0.163850
0.162763
0.163239
0.163043
0.164188
0.164145
0.165123
0.164379
0.162897
0.164669
0.163527
0.165699
0.166371
0.184160
0.141196
0.163084
0.164140
0.162431
0.164486
0.164148
0.163284
0.162571
0.163645
0.167353
0.169859
0.173811
0.174770
0.174548
0.174783
0.172492
0.175956
0.174027
0.170581
0.167757
0.169489
0.165274
0.163465
0.163031
0.164413
0.164084
0.163337
0.162904
0.163094
0.164328
0.164942
0.163255
0.163522
0.164695
0.170614
0.172438
0.174487
0.172232
0.178098
0.177724
0.178181
0.165956
0.170418
0.171720
0.173196
0.174695
0.171731
0.175015
0.174979
0.174783
0.176768
0.176133
0.172746
0.176853
0.174772
0.171568
0.180378
0.182220
0.176535
0.172889
0.173351
0.167719
0.165671
0.164954
0.163267
0.163699
0.164482
0.163990
0.165325
0.163946
0.163354
0.163271
0.163223
0.164437
0.165948
0.176469
0.177912
0.177012
0.182425
0.182452
0.181090
0.182275
0.183237
0.180570
0.179013
0.176442
0.167327
0.167742
0.180079
0.173068
0.169220
0.168488
0.164154
0.142565
0.162338
0.163281
0.161889
0.162398
0.162077
0.163302
0.166037
0.169429
0.176264
0.173401
0.168139
0.172480
0.171142
0.165552
0.162605
0.163041
0.162411
0.162554
0.128551
0.163390
0.167042
0.171259
0.171737
0.173008
0.174781
0.173474
0.176604
0.178217
0.176215
0.174961
0.177459
0.173880
0.175192
0.177655
0.179754
0.178760
0.183700
0.154519
0.163595
0.164295
0.164095
0.164113
0.165723
0.164913
0.163600
0.163848
0.164062
0.163521
0.165707
0.169079
0.172003
0.174640
0.174278
0.175658
0.175303
0.173922
0.182213
0.183279
0.182589
0.182372
0.184014
0.183933
0.173581
0.168083
0.164903
0.180449
0.173099
0.167958
0.163221
0.163473
0.164800
0.163429
0.163845
0.162775
0.148062
0.165924
0.164126
0.172603
0.175360
0.175799
0.175580
0.174817
0.175864
0.174299
0.175194
0.176904
0.175058
0.180065
0.177429
0.179417
0.181305
0.177595
0.177976
0.183230
0.172336
0.175091
0.174869
0.173038
0.177040
0.175863
0.175039
0.176184
0.174248
0.176039
0.172154
0.171598
0.172597
0.173159
0.185863
0.183041
0.178802
0.135903
0.167678
0.153034
0.166839
0.162036
0.166037
0.170038
0.172038
0.171641
0.174039
0.172312
0.174557
0.176066
0.177040
0.177369
0.181041
0.177040
0.177502
0.174286
0.178997
0.175626
0.181911
0.182298
0.178040
0.170176
0.168305
0.165793
0.166624
0.166465
0.163490
0.162221
0.162475
0.162726
0.162439
0.162705
0.163145
0.161761
0.167100
0.176854
0.177570
0.181639
0.179587
0.178953
0.175469
0.173513
0.173218
0.175017
0.173623
0.176426
0.174251
0.176881
0.174387
0.174935
0.180429
0.179808
0.176642
0.184170
0.188316
0.177861
0.171475
0.162574
0.160054
0.160593
0.161367
0.164989
0.167551
0.165638
0.164280
0.163236
0.162169
0.166037
0.173929
0.175828
0.167160
0.141135
0.179677
0.177029
0.182437
0.178053
0.180076
0.175575
0.170513
0.165788
0.164174
0.163928
0.165137
0.166048
0.164641
0.164991
0.165614
0.165678
0.163589
0.167459
0.141650
0.179760
0.183335
0.183820
0.175211
0.176398
0.170973
0.167178
0.166716
0.164148
0.163140
0.163300
0.161492
0.161916
0.161570
0.161694
0.161522
0.162015
0.166056
0.169307
0.176741
0.179944
0.182739
0.183645
0.183355
0.186524
0.178879
0.173578
0.164139
0.162680
0.163358
0.167185
0.164362
0.165111
0.165430
0.166563
0.165194
0.163842
0.157150
0.178581
0.176111
0.178347
0.175588
0.178282
0.178690
0.174610
0.178054
0.178799
0.177400
0.176390
0.176200
0.177705
0.173795
0.176207
0.173948
0.179033
0.176887
0.186076
0.181949
0.172538
0.169957
0.166101
0.164433
0.165003
0.167090
0.165738
0.166013
0.165962
0.165226
0.165478
0.166170
0.167161
0.166197
0.171283
0.175158
0.172623
0.182057
0.186120
0.175648
0.167583
0.166346
0.164508
0.168133
0.168652
0.167695
0.166795
0.165194
0.162135
0.161263
0.161561
0.163733
0.161794
0.160742
0.172781
0.171302
0.165093
0.166750
0.164054
0.169809
0.170284
0.165103
0.164196
0.164594
0.164171
0.164569
0.163437
0.164940
0.164192
0.167415
0.170259
0.174787
0.172462
0.173337
0.173716
0.177406
0.181436
0.179192
0.179886
0.181208
0.184829
0.180896
0.193934
0.184295
0.173993
0.166366
0.166081
0.166301
0.165452
0.165712
0.166118
0.165342
0.167429
0.149428
0.175925
0.175277
0.179624
0.177052
0.177226
0.177778
0.179942
0.173736
0.173206
0.175037
0.176311
0.179332
0.180757
0.179738
0.178536
0.175651
0.176724
0.174188
0.177559
0.173555
0.168031
0.164237
0.162914
0.164741
0.162763
0.164034
0.163958
0.164066
0.164619
0.163796
0.163395
0.164154
0.165496
0.172845
0.173249
0.174235
0.170084
0.184679
0.178751
0.170432
0.169171
0.164338
0.162098
0.163517
0.165402
0.163914
0.163701
0.161936
0.163441
0.164151
0.164098
0.157192
0.180490
0.181876
0.176649
0.170587
0.145770
0.163003
0.164916
0.164245
0.164610
0.163884
0.162483
0.163579
0.164013
0.163059
0.164182
0.162708
0.164888
0.171030
0.174081
0.173801
0.176009
0.177490
0.176459
0.180716
0.181239
0.183504
0.181903
0.182919
0.182236
0.176074
0.171029
0.165516
0.167495
0.107456
0.166358
0.170053
0.172148
0.177183
0.175660
0.176261
0.175770
0.177971
0.177774
0.175800
0.175462
0.176651
0.176481
0.174668
0.176608
0.174368
0.174039
0.178040
0.174686
0.175086
0.175934
0.174562
0.175290
0.178660
0.179040
0.173445
0.183076
0.179797
0.179924
0.178864
0.180040
0.172038
0.168469
0.167374
0.167041
0.167833
0.167818
0.168477
0.168496
0.168052
0.167555
0.167063
0.169037
0.169310
0.160036
0.172253
0.168037
0.170517
0.172105
0.176812
0.180040
0.180286
0.182288
0.178524
0.178802
0.173313
0.172771
0.177307
0.180040
0.188231
0.179675
0.174242
0.173750
0.154487
0.166512
0.166507
0.168195
0.166477
0.168037
0.167163
0.164585
0.166692
0.168621
0.174356
0.177252
0.172806
0.176875
0.176755
0.176786
0.177428
0.180404
0.175696
0.181832
0.175498
0.169211
0.165881
0.173380
0.168559
0.165037
0.164037
0.164536
0.164230
0.163397
0.164497
0.165060
0.167037
0.163537
0.164036
0.165512
0.164658
0.160618
0.177451
0.175838
0.175417
0.174046
0.175817
0.174670
0.174230
0.175145
0.175039
0.180267
0.179569
0.183872
0.184630
0.184061
0.176877
0.173106
0.176203
0.175518
0.176526
0.184769
0.171325
0.168038
0.164036
0.163817
0.167037
0.168866
0.167037
0.167223
0.168519
0.167872
0.169038
0.168138
0.171707
0.161649
0.177765
0.177762
0.184433
0.182080
0.183637
0.185041
0.180960
0.182195
0.187041
0.177102
0.182872
0.177522
0.174373
0.169511
0.167505
0.163951
0.165329
0.165900
0.164135
0.164386
0.165471
0.150334
0.164036
0.169826
0.171115
0.173082
0.178212
0.182041
0.185041
0.186040
0.182040
0.176039
0.168037
0.165036
0.165036
0.164243
0.166045
0.166037
0.162036
0.164244
0.146214
0.168875
0.175179
0.175039
0.173038
0.174840
0.176635
0.175039
0.176958
0.176938
0.177253
0.176218
0.176039
0.175121
0.175437
0.175548
0.175910
0.175337
0.177264
0.186042
0.177039
0.179484
0.178556
0.178428
0.180040
0.185536
0.187810
0.184468
0.187089
0.185274
0.183441
0.184474
0.176958
0.179361
0.179599
0.184172
0.182859
0.184989
0.179993
0.174195
0.171726
0.168570
0.168838
0.167117
0.169246
0.168701
0.170349
0.168271
0.169413
0.169902
0.166513
0.171180
0.176754
0.176416
0.178040
0.179623
0.181102
0.178518
0.181041
0.172121
0.167038
0.165036
0.163845
0.168314
0.169291
0.169352
0.169983
0.169544
0.168168
0.170038
0.170037
0.169038
0.168012
0.176539
0.174441
0.187042
0.187582
0.188964
0.182784
0.180396
0.171460
0.168897
0.165906
0.162021
0.162104
0.163677
0.140905
0.162322
0.163037
0.164037
0.171242
0.171993
0.176113
0.179236
0.187184
0.186471
0.184162
0.186913
0.187782
0.178728
0.184285
0.183041
0.181458
0.176718
0.173766
0.171705
0.168943
0.164839
0.164893
0.163826
0.164522
0.164437
0.159843
0.164979
0.164407
0.164330
0.169140
0.166339
0.164314
0.164607
0.164045
0.170998
0.174507
0.174074
0.174326
0.174366
0.179381
0.180110
0.181137
0.181466
0.176571
0.187728
0.183186
0.176805
0.170147
0.163036
0.164714
0.165343
0.164743
0.165172
0.164413
0.166949
0.165552
0.164680
0.165037
0.167938
0.175822
0.176276
0.178836
0.177742
0.183701
0.178154
0.180767
0.176856
0.172420
0.169038
0.169789
0.167794
0.168037
0.168037
0.164037
0.161036
0.163137
0.162036
0.160088
0.164037
0.165496
0.171038
0.172837
0.179578
0.179176
0.181040
0.180986
0.181239
0.185270
0.180454
0.150594
0.164202
0.165034
0.164037
0.164157
0.163036
0.164767
0.162036
0.163036
0.164036
0.172110
0.173283
0.179008
0.179536
0.182112
0.177042
0.180948
0.179292
0.181151
0.179291
0.178247
0.181170
0.180743
0.179415
0.181261
0.178142
0.180362
0.178834
0.182759
0.179302
0.181040
0.175570
0.187042
0.180040
0.176424
0.174211
0.169238
0.164907
0.163640
0.164037
0.165797
0.165036
0.165037
0.166446
0.168037
0.173241
0.175435
0.178576
0.178444
0.179738
0.180219
0.180897
0.179497
0.180620
0.178918
0.178296
0.180952
0.180698
0.178692
0.183449
0.182059
0.183623
0.181447
0.183430
0.180977
0.181037
0.179705
0.182225
0.177166
0.170306
0.166115
0.165037
0.166037
0.165037
0.166291
0.167114
0.166037
0.139260
0.174866
0.176208
0.176953
0.177603
0.181386
0.177572
0.180040
0.178032
0.184292
0.184122
0.179847
0.171284
0.167281
0.169116
0.168315
0.167453
0.168038
0.168037
0.166851
0.168037
0.168582
0.168314
0.170554
0.167639
0.172038
0.180138
0.177040
0.184934
0.175945
0.178040
0.177871
0.186041
0.187041
0.188910
0.178040
0.172038
0.165333
0.166037
0.166332
0.166037
0.167212
0.166538
0.168037
0.167037
0.168114
0.167708
0.182041
0.181054
0.180341
0.175851
0.175092
0.176950
0.177242
0.176521
0.180665
0.178796
0.177176
0.180040
0.178992
0.175717
0.177754
0.179134
0.179190
0.177075
0.184021
0.181003
0.179458
0.180636
0.179963
0.183596
0.186441
0.183251
0.185407
0.187056
0.186487
0.179485
0.177629
0.326156
0.370594
0.357946
0.348748
0.350866
0.316531
0.307445
0.307217
0.318383
0.294869
0.334998
0.341294
0.168026
0.163547
0.159681
0.155380
0.149033
0.158035
0.160221
0.178325
0.175887
0.169100
0.162035
0.126132
0.135887
0.171084
0.172597
0.172038
0.172679
0.175039
0.176039
0.174673
0.174327
0.166344
0.168089
0.174341
0.173640
0.173045
0.163619
0.164656
0.162336
0.163428
0.147032
0.164037
0.162623
0.164626
0.168367
0.174039
0.170745
0.178040
0.173152
0.174039
0.176039
0.174982
0.174934
0.178046
0.174111
0.175698
0.177381
0.177039
0.175374
0.181492
0.181470
0.181709
0.179639
0.206063
0.201152
0.185042
0.171038
0.166037
0.162036
0.165011
0.163269
0.163044
0.163315
0.163470
0.164157
0.163208
0.156248
0.170810
0.178759
0.174599
0.178663
0.175212
0.175804
0.178662
0.178555
0.173414
0.173581
0.174998
0.173038
0.174888
0.176094
0.180590
0.178226
0.177320
0.183312
0.181789
0.164565
0.167057
0.165679
0.166037
0.167037
0.166037
0.167216
0.166037
0.167343
0.168058
0.167037
0.173128
0.176377
0.177418
0.173073
0.178360
0.181547
0.182149
0.180868
0.189042
0.179044
0.172843
0.145293
0.164045
0.165134
0.164211
0.163763
0.167037
0.167037
0.165428
0.165533
0.166037
0.166262
0.157794
0.179180
0.170270
0.167218
0.165924
0.152799
0.165442
0.164507
0.165144
0.165097
0.167037
0.165020
0.166036
0.166037
0.172489
0.175061
0.166046
0.164500
0.172079
0.173132
0.176649
0.177052
0.177750
0.172414
0.179534
0.178065
0.176597
0.174346
0.170020
0.169621
0.167037
0.169055
0.167037
0.168037
0.167567
0.167037
0.168262
0.168037
0.169038
0.170410
0.178040
0.177347
0.176823
0.185041
0.174039
0.163036
0.159035
0.163036
0.164286
0.163315
0.163453
0.165476
0.165036
0.167037
0.173825
0.178585
0.178763
0.180040
0.185485
0.183041
0.186496
0.186040
0.180040
0.173038
0.167037
0.167037
0.164424
0.163759
0.165310
0.162964
0.166572
0.165080
0.165037
0.169038
0.174838
0.177464
0.172651
0.178668
0.178130
0.187042
0.186041
0.175681
0.174194
0.169548
0.163835
0.163190
0.133860
0.163036
0.161036
0.161755
0.167356
0.175822
0.178956
0.179720
0.174762
0.175877
0.171447
0.078901
0.077613
0.078695
0.080003
0.082121
0.077992
0.079830
0.077324
0.101522
0.077904
0.080575
0.081524
0.079252
0.079233
0.077866
0.078993
0.080245
0.081332
0.080209
0.079076
0.077792
0.074017
0.099349
0.078808
0.081731
0.081180
0.077434
0.080380
0.075292
0.072968
0.071733
0.076623
0.090996
0.072299
0.074594
0.072836
0.071016
0.075017
0.072197
0.089012
0.074139
0.072016
0.073016
0.072016
0.076017
0.074554
0.076357
0.249794
0.469785
0.339167
0.308826
0.334171
0.120846
0.084087
0.075373
0.072845
0.074018
0.073739
0.074981
0.075017
0.090019
0.074436
0.072519
0.087055
0.072582
0.074673
0.088020
0.071813
0.078095
0.088913
0.072387
0.073426
0.071090
0.071100
0.074016
0.078292
0.072131
0.072018
0.075156
0.072842
0.071014
0.071030
0.072016
0.091409
0.072016
0.079311
0.082018
0.073483
0.075388
0.073275
0.077017
0.074186
0.074017
0.072256
0.071407
0.072126
0.079018
0.072284
0.089276
0.075017
0.077287
0.074085
0.073790
0.075105
0.072016
0.075016
0.076047
0.074017
0.072016
0.076016
0.075963
0.073807
0.078017
0.074017
0.073693
0.073017
0.078340
0.073016
0.075226
0.078580
0.073016
0.075054
0.092123
0.092324
0.072016
0.074858
0.074566
0.074226
0.074774
0.077870
0.074103
0.074164
0.074654
0.074208
0.074622
0.075686
0.075167
0.073996
0.074277
0.073993
0.077787
0.074321
0.075016
0.074018
0.098383
0.084595
0.090751
0.075239
0.181499
0.176096
0.148078
0.126153
0.147102
0.164661
0.164961
0.164980
0.163751
0.163674
0.162846
0.164542
0.164584
0.163767
0.161886
0.171624
0.171445
0.163726
0.170170
0.170982
0.169620
0.171224
0.169360
0.168678
0.168846
0.168194
0.168037
0.169209
0.170074
0.154722
0.152034
0.167865
0.166877
0.166635
0.167957
0.148133
0.166608
0.165363
0.167088
0.165479
0.167129
0.166907
0.166296
0.167349
0.167104
0.166935
0.166658
0.166798
0.167860
0.168605
0.167156
0.167854
0.167982
0.123238
0.174333
0.173106
0.171447
0.170817
0.170260
0.172120
0.169019
0.168221
0.169122
0.171037
0.166811
0.170289
0.164006
0.180067
0.182899
0.179285
0.179564
0.156511
0.167201
0.132269
0.158779
0.164831
0.169207
0.170615
0.171475
0.153703
0.170130
0.169926
0.170674
0.170422
0.169320
0.171718
0.167972
0.172866
0.175103
0.181830
0.178358
0.121114
0.162447
0.166036
0.165457
0.165399
0.166757
0.177463
0.173883
0.153943
0.172374
0.172874
0.171544
0.173050
0.174167
0.174084
0.172671
0.170547
0.171822
0.164205
0.176911
0.174529
0.174572
0.177999
0.175026
0.175831
0.174105
0.173910
0.173074
0.174011
0.175303
0.172520
0.171552
0.173109
0.170475
0.180136
0.177268
0.173785
0.181009
0.184370
0.183870
0.180999
0.174418
0.182078
0.178039
0.175420
0.177265
0.145719
0.132511
0.169934
0.181333
0.172587
0.170705
0.171258
0.169038
0.171005
0.150703
0.171004
0.170336
0.170707
0.170114
0.170693
0.172105
0.171274
0.170660
0.172250
0.170180
0.170573
0.171843
0.172859
0.172520
0.171151
0.170320
0.169298
0.149293
0.181242
0.181558
0.177825
0.180105
0.179077
0.177058
0.181432
0.175248
0.174878
0.173398
0.173882
0.172606
0.174016
0.172084
0.170578
0.170511
0.170857
0.168531
0.168994
0.170338
0.169711
0.169800
0.170142
0.171085
0.170682
0.170390
0.171180
0.170588
0.170806
0.170321
0.170136
0.172057
0.152455
0.176884
0.175267
0.171120
0.181988
0.179877
0.179427
0.180579
0.178441
0.178582
0.181209
0.178391
0.178266
0.178468
0.168728
0.187230
0.162833
0.170782
0.173284
0.171936
0.131967
0.146873
0.156813
0.152516
0.170056
0.169314
0.171835
0.132554
0.150374
0.174034
0.170269
0.171429
0.167365
0.182865
0.184442
0.141961
0.158509
0.170096
0.170056
0.170322
0.171046
0.172045
0.132007
0.167086
0.171440
0.172025
0.171748
0.170595
0.170226
0.170413
0.171142
0.170849
0.172920
0.179294
0.174118
0.171659
0.171891
0.172142
0.170356
0.172295
0.161895
0.171647
0.171433
0.154169
0.182336
0.180351
0.179424
0.173848
0.186955
0.183542
0.182986
0.162554
0.151275
0.140785
0.148874
0.160505
0.186391
0.143175
0.156991
0.170180
0.130887
0.174487
0.174849
0.173820
0.175545
0.174302
0.175030
0.176161
0.176481
0.176367
0.173603
0.157213
0.185283
0.188861
0.154872
0.150398
0.153126
0.169394
0.172994
0.153762
0.183820
0.182754
0.182432
0.180572
0.177284
0.189669
0.166024
0.175295
0.177599
0.175410
0.171493
0.167951
0.167365
0.173192
0.173717
0.172736
0.173598
0.171693
0.140408
0.168142
0.167937
0.169839
0.169102
0.170731
0.179760
0.172796
0.174113
0.172100
0.172309
0.173210
0.171114
0.171981
0.172208
0.172910
0.172331
0.145838
0.141636
0.175281
0.177401
0.174365
0.174059
0.179029
0.178026
0.175662
0.176799
0.138249
0.152101
0.169068
0.174161
0.172351
0.171914
0.172436
0.172493
0.172053
0.159955
0.173765
0.183211
0.184943
0.185362
0.185304
0.186043
0.183036
0.172985
0.185373
0.182691
0.142150
0.151409
0.169145
0.173018
0.170423
0.171852
0.173336
0.171667
0.171849
0.151652
0.176346
0.175373
0.164459
0.187400
0.185460
0.185405
0.185134
0.185518
0.188577
0.183497
0.183215
0.178169
0.178685
0.172059
0.171481
0.170612
0.169605
0.172613
0.150351
0.156607
0.172971
0.173208
0.173506
0.174534
0.174489
0.174213
0.173418
0.134959
0.173084
0.174947
0.175717
0.175912
0.177094
0.174303
0.175159
0.175994
0.175770
0.179907
0.175080
0.172143
0.175569
0.171804
0.171133
0.170635
0.170406
0.171623
0.173292
0.170754
0.174534
0.171279
0.171419
0.173076
0.175204
0.172022
0.171709
0.176959
0.177841
0.178016
0.178469
0.153677
0.179278
0.171789
0.164113
0.178969
0.165984
0.176218
0.173672
0.171827
0.170542
0.169942
0.170725
0.171770
0.169677
0.146183
0.171000
0.170284
0.171526
0.173268
0.170096
0.169823
0.171051
0.171833
0.172280
0.171681
0.169986
0.170964
0.172314
0.171119
0.171787
0.169486
0.171654
0.157659
0.140106
0.178297
0.175843
0.168958
0.170698
0.171953
0.137307
0.088019
0.172040
0.168483
0.167393
0.180733
0.173129
0.173218
0.173038
0.175135
0.172631
0.174308
0.172558
0.178516
0.176288
0.174159
0.174868
0.173090
0.174218
0.174641
0.174765
0.174552
0.170756
0.173980
0.173504
0.172252
0.174272
0.175217
0.174002
0.173760
0.170902
0.178674
0.184144
0.146470
0.170761
0.171039
0.171972
0.170748
0.170581
0.171690
0.170240
0.169692
0.169368
0.170895
0.168466
0.169550
0.170895
0.170620
0.171012
0.130028
0.174393
0.171763
0.172074
0.173950
0.170407
0.171877
0.170369
0.171327
0.171034
0.170356
0.130843
0.174585
0.173605
0.173917
0.169614
0.184828
0.164055
0.131872
0.132661
0.172984
0.170655
0.171345
0.170912
0.171993
0.170159
0.170163
0.170317
0.169512
0.171216
0.172715
0.171768
0.170893
0.169733
0.172196
0.173360
0.172736
0.160001
0.174362
0.169072
0.171377
0.171712
0.172138
0.141885
0.148211
0.157545
0.180001
0.183855
0.139212
0.152603
0.161623
0.168949
0.181023
0.182351
0.178049
0.173040
0.157363
0.173260
0.173456
0.173498
0.172467
0.174605
0.173051
0.173719
0.172085
0.174203
0.173009
0.140981
0.179201
0.178527
0.172573
0.172521
0.176520
0.177190
0.173476
0.184268
0.181526
0.174054
0.183875
0.145006
0.155686
0.168329
0.173187
0.173326
0.172653
0.174313
0.172667
0.172934
0.174055
0.173291
0.172667
0.173790
0.173610
0.156122
0.180215
0.181111
0.176047
0.174854
0.176150
0.176704
0.177023
0.175064
0.175039
0.173169
0.178304
0.172949
0.174504
0.173085
0.173712
0.172834
0.174051
0.133015
0.183777
0.180199
0.153146
0.139281
0.158259
0.171894
0.171097
0.169457
0.170562
0.169454
0.170643
0.169036
0.169887
0.171993
0.171524
0.172169
0.172453
0.174540
0.175378
0.176779
0.175089
0.176684
0.174117
0.170025
0.183380
0.181973
0.183575
0.181175
0.176346
0.185183
0.184683
0.152407
0.167458
0.171533
0.170947
0.170752
0.171723
0.145694
0.171816
0.171695
0.171053
0.171464
0.171727
0.172697
0.172150
0.172107
0.171763
0.171699
0.171196
0.171743
0.172357
0.172479
0.172487
0.161191
0.176713
0.143264
0.166767
0.176016
0.183276
0.149496
0.171841
0.171622
0.170555
0.170797
0.171425
0.171504
0.171540
0.172529
0.171236
0.169992
0.171521
0.170848
0.172977
0.171433
0.152440
0.170555
0.172250
0.171670
0.171139
0.172509
0.170833
0.170754
0.171567
0.173427
0.172096
0.171193
0.171984
0.170076
0.159879
0.184904
0.180515
0.182387
0.182460
0.136841
0.163202
0.169334
0.177959
0.177058
0.178209
0.175909
0.176964
0.176052
0.169697
0.151981
0.165222
0.168936
0.168987
0.172529
0.177136
0.177073
0.176790
0.161430
0.157909
0.124205
0.176763
0.176275
0.171643
0.170120
0.158795
0.164881
0.170182
0.169832
0.168891
0.172571
0.175309
0.173852
0.175334
0.174616
0.174072
0.176462
0.166687
0.182513
0.183017
0.180908
0.180488
0.179608
0.179204
0.178386
0.177702
0.172515
0.184026
0.182261
0.181582
0.182348
0.179460
0.176327
0.172689
0.171005
0.169580
0.156507
0.174364
0.175600
0.173408
0.174476
0.173239
0.136274
0.173686
0.173649
0.173852
0.173050
0.171937
0.173075
0.174498
0.173582
0.172165
0.174308
0.172145
0.167927
0.178657
0.177622
0.177533
0.176689
0.175626
0.175256
0.176028
0.175585
0.175086
0.175053
0.216608
0.168283
0.168682
0.171505
0.172718
0.173196
0.173065
0.154061
0.172676
0.168560
0.172493
0.172571
0.167303
0.177368
0.184707
0.145134
0.147859
0.151752
0.160263
0.178176
0.176421
0.175848
0.176210
0.175006
0.175807
0.175440
0.174002
0.179774
0.176216
0.177291
0.174712
0.173061
0.183787
0.182386
0.180412
0.179250
0.173946
0.171539
0.172835
0.172340
0.173991
0.174090
0.173271
0.158313
0.180909
0.183346
0.187430
0.187349
0.180394
0.179509
0.179603
0.178909
0.109652
0.168574
0.173720
0.171715
0.162074
0.176806
0.175895
0.175689
0.173077
0.182806
0.182838
0.171548
0.185432
0.178030
0.177019
0.146052
0.130979
0.174014
0.180088
0.180086
0.177354
0.176688
0.171695
0.170939
0.171122
0.171319
0.169372
0.171156
0.170050
0.171306
0.166619
0.177135
0.175976
0.170014
0.181389
0.182637
0.180948
0.177519
0.179613
0.174736
0.174574
0.173379
0.171620
0.172534
0.168792
0.170834
0.169546
0.169549
0.170665
0.160025
0.170693
0.170107
0.169569
0.172623
0.171692
0.171910
0.179219
0.178706
0.125419
0.166726
0.183177
0.185524
0.184661
0.145322
0.148441
0.151170
0.169268
0.171995
0.162938
0.178455
0.178406
0.177504
0.179057
0.174627
0.181195
0.177761
0.176874
0.175701
0.170711
0.173893
0.174238
0.174447
0.172750
0.171869
0.172761
0.173146
0.148040
0.171765
0.172307
0.173001
0.172109
0.158158
0.179847
0.175175
0.187469
0.186920
0.188275
0.185695
0.188440
0.189948
0.184432
0.181653
0.180081
0.187565
0.186886
0.136735
0.176099
0.174433
0.175411
0.173920
0.176007
0.131030
0.175020
0.174207
0.174654
0.176182
0.175772
0.177308
0.176316
0.176238
0.177167
0.177688
0.176737
0.174165
0.183213
0.186979
0.152743
0.138050
0.157397
0.171314
0.174983
0.173659
0.173051
0.174396
0.175882
0.173025
0.174356
0.174033
0.175229
0.174121
0.173242
0.174548
0.166255
0.177828
0.175673
0.175831
0.176177
0.176298
0.176175
0.178272
0.175662
0.176274
0.177778
0.178478
0.176249
0.172082
0.185273
0.181947
0.158849
0.139648
0.160138
0.145520
0.179153
0.177722
0.176861
0.178062
0.176282
0.176499
0.175579
0.175736
0.173190
0.175484
0.174907
0.174049
0.174614
0.175052
0.175769
0.175112
0.173003
0.172908
0.174675
0.185975
0.174039
0.175101
0.173300
0.172305
0.172539
0.174595
0.173872
0.169704
0.183133
0.181866
0.185341
0.188722
0.184776
0.187843
0.188117
0.185205
0.185995
0.184755
0.176863
0.176667
0.173886
0.175686
0.175601
0.171859
0.173778
0.174120
0.174197
0.174267
0.174752
0.174860
0.172405
0.173087
0.174805
0.174428
0.177271
0.171276
0.148953
0.180567
0.179735
0.176507
0.178730
0.176233
0.176691
0.176986
0.174025
0.174383
0.173000
0.173639
0.173652
0.174020
0.174802
0.172591
0.180450
0.180311
0.172147
0.171084
0.172431
0.172205
0.173121
0.172425
0.172573
0.172975
0.170536
0.170931
0.171523
0.171614
0.171488
0.173222
0.175046
0.173234
0.178720
0.172221
0.169345
0.182311
0.180127
0.178740
0.175896
0.173394
0.172225
0.171402
0.171394
0.150748
0.166452
0.171529
0.171602
0.170802
0.172506
0.171092
0.171550
0.161901
0.173256
0.170224
0.171111
0.169379
0.170391
0.171445
0.171437
0.170933
0.172093
0.172684
0.172123
0.170799
0.146490
0.151133
0.169877
0.172345
0.170436
0.172021
0.173421
0.170703
0.169928
0.170280
0.171505
0.116934
0.176630
0.176404
0.179899
0.180528
0.179769
0.180626
0.174053
0.172566
0.173446
0.172366
0.172868
0.174287
0.171805
0.173475
0.170556
0.171621
0.173100
0.179158
0.178475
0.177639
0.178445
0.171920
0.163575
0.182242
0.150023
0.171243
0.170237
0.170532
0.171542
0.170553
0.172947
0.155967
0.172732
0.177658
0.178550
0.175540
0.170896
0.170558
0.142059
0.171214
0.171060
0.171515
0.171679
0.170568
0.170552
0.172010
0.171481
0.175756
0.181284
0.178885
0.179081
0.179446
0.177493
0.178570
0.175777
0.170855
0.171178
0.171397
0.171152
0.171239
0.171365
0.171539
0.172187
0.171704
0.171210
0.171123
0.172139
0.171318
0.171059
0.172267
0.171499
0.171509
0.170795
0.171042
0.170902
0.172771
0.170519
0.173198
0.172034
0.170553
0.171468
0.170044
0.171238
0.172149
0.171680
0.170695
0.171108
0.171146
0.171726
0.143865
0.171469
0.171666
0.171556
0.170462
0.176810
0.178964
0.177969
0.180502
0.180113
0.172537
0.170764
0.172390
0.171514
0.171159
0.171148
0.173279
0.170855
0.171489
0.170907
0.171689
0.173040
0.174301
0.175506
0.174286
0.174524
0.173929
0.171951
0.172348
0.172400
0.171944
0.173708
0.172561
0.172422
0.173267
0.176638
0.175195
0.176637
0.176217
0.175859
0.176734
0.176240
0.178005
0.176884
0.176468
0.176913
0.176752
0.176605
0.175510
0.172189
0.169096
0.170271
0.170039
0.172302
0.171743
0.169969
0.170903
0.170198
0.174357
0.178059
0.176984
0.176598
0.177716
0.177262
0.177735
0.177345
0.176461
0.171019
0.170367
0.170742
0.172074
0.170145
0.171209
0.170970
0.169992
0.170033
0.170947
0.171838
0.172116
0.178003
0.177118
0.174176
0.171869
0.170847
0.171208
0.174210
0.171615
0.171038
0.169976
0.171205
0.173246
0.172723
0.171139
0.171547
0.171603
0.170510
0.171474
0.172106
0.170426
0.170892
0.178128
0.180266
0.179542
0.177669
0.176204
0.171330
0.170962
0.171286
0.171397
0.170823
0.171617
0.172466
0.171645
0.171339
0.172385
0.171841
0.172576
0.172737
0.172687
0.174902
0.174663
0.174396
0.172405
0.172011
0.172272
0.173191
0.170602
0.170720
0.170676
0.171240
0.172311
0.171265
0.170636
0.178646
0.179737
0.172280
0.171780
0.171910
0.171726
0.172758
0.172730
0.171235
0.171519
0.170851
0.172173
0.171215
0.171310
0.172584
0.170527
0.173162
0.170305
0.172017
0.171987
0.173455
0.171857
0.172965
0.172028
0.171889
0.172662
0.168397
0.172288
0.171921
0.171654
0.171198
0.172716
0.170759
0.171971
0.171623
0.172212
0.172513
0.171524
0.171248
0.171853
0.170881
0.172155
0.170640
0.172592
0.170154
0.171191
0.171169
0.173239
0.171469
0.172331
0.172892
0.172529
0.171569
0.173127
0.171453
0.171769
0.171928
0.171191
0.139244
0.172189
0.172890
0.173003
0.173223
0.172413
0.171327
0.171315
0.172961
0.171733
0.170850
0.172727
0.172481
0.170202
0.171335
0.170616
0.171391
0.173054
0.172353
0.170525
0.173758
0.174000
0.172102
0.173194
0.171661
0.172078
0.172540
0.171486
0.172103
0.172560
0.173292
0.172212
0.171836
0.171917
0.170910
0.171625
0.172150
0.172905
0.171845
0.171007
0.170636
0.173004
0.171792
0.171180
0.177040
0.174846
0.174808
0.177599
0.177869
0.177537
0.177142
0.178659
0.176381
0.177430
0.177162
0.186675
0.184694
0.186506
0.184698
0.185166
0.182333
0.177855
0.174908
0.174209
0.175478
0.178128
0.179327
0.174526
0.179503
0.172295
0.170555
0.168019
0.182708
0.186677
0.179713
0.178121
0.171703
0.171790
0.171833
0.170694
0.172366
0.172285
0.170674
0.171287
0.171122
0.171546
0.173789
0.176121
0.174747
0.175843
0.175662
0.178965
0.176821
0.176567
0.176075
0.174540
0.176591
0.176206
0.176186
0.175824
0.177193
0.176230
0.176504
0.175178
0.176408
0.176538
0.171505
0.170744
0.170877
0.170234
0.171432
0.170016
0.176463
0.175868
0.176278
0.176661
0.177147
0.176183
0.174594
0.175483
0.175101
0.176338
0.175914
0.176842
0.174366
0.175809
0.176923
0.174356
0.176847
0.174614
0.175547
0.180040
0.174038
0.168418
0.167045
0.170038
0.169037
0.173496
0.178514
0.175146
0.176269
0.175639
0.176461
0.174463
0.177697
0.174233
0.176236
0.168692
0.169038
0.168632
0.167548
0.172456
0.174259
0.174249
0.175588
0.175021
0.173877
0.145033
0.175039
0.174039
0.174243
0.172039
0.173114
0.174039
0.174039
0.172038
0.175039
0.174038
0.172629
0.175074
0.172906
0.174928
0.174513
0.174245
0.172749
0.148689
0.184058
0.182461
0.183448
0.183375
0.182041
0.185587
0.177311
0.176335
0.176597
0.176847
0.175964
0.172236
0.173933
0.173553
0.172520
0.174160
0.174722
0.174848
0.173483
0.172889
0.173937
0.173226
0.173786
0.172215
0.174701
0.173647
0.172528
0.172104
0.173084
0.173852
0.172588
0.172072
0.173105
0.173460
0.173675
0.174147
0.174099
0.173466
0.174406
0.172696
0.172038
0.172431
0.175039
0.172695
0.173527
0.173408
0.174245
0.171294
0.173039
0.172273
0.171298
0.172132
0.175039
0.171038
0.172351
0.172038
0.172038
0.174438
0.173038
0.173255
0.174039
0.171820
0.172748
0.172044
0.171798
0.173039
0.172038
0.172783
0.173039
0.173526
0.173349
0.173304
0.172769
0.172067
0.170853
0.172199
0.173255
0.173039
0.172161
0.132454
0.173270
0.172237
0.171811
0.173038
0.170038
0.172826
0.173894
0.174205
0.173043
0.173038
0.173074
0.172577
0.173045
0.173448
0.173637
0.171710
0.173038
0.174782
0.175228
0.173096
0.175913
0.173847
0.173039
0.172242
0.172347
0.173446
0.173038
0.171507
0.173247
0.173003
0.173010
0.172692
0.173122
0.172727
0.172662
0.174098
0.173840
0.171224
0.172942
0.173120
0.173395
0.174858
0.172793
0.171800
0.173975
0.173095
0.175426
0.174003
0.175429
0.174763
0.178471
0.173701
0.175797
0.176261
0.174385
0.175876
0.176676
0.176475
0.175039
0.175834
0.173405
0.174165
0.171795
0.173078
0.173229
0.173289
0.176481
0.177432
0.176472
0.176793
0.178040
0.177039
0.176954
0.174268
0.174690
0.174842
0.175039
0.171449
0.175039
0.174039
0.176039
0.174039
0.173434
0.173407
0.173336
0.174282
0.172967
0.172904
0.174512
0.174894
0.174896
0.173006
0.174961
0.175537
0.174747
0.176520
0.175351
0.175374
0.175757
0.177510
0.175084
0.175886
0.175368
0.175747
0.174723
0.176444
0.176609
0.176663
0.178048
0.176390
0.172423
0.173089
0.174327
0.175371
0.175416
0.175074
0.177040
0.172915
0.175533
0.174415
0.174364
0.176110
0.173397
0.175038
0.172408
0.173038
0.173221
0.175449
0.174295
0.173318
0.171871
0.174639
0.174317
0.173724
0.175197
0.174624
0.176118
0.176863
0.177031
0.175539
0.175046
0.176809
0.174182
0.173595
0.173138
0.175133
0.173485
0.175583
0.175034
0.174039
0.173266
0.173039
0.173236
0.173552
0.173043
0.172585
0.174447
0.174860
0.175039
0.173715
0.172242
0.173038
0.172494
0.172038
0.173495
0.171689
0.172166
0.173038
0.174055
0.173121
0.173232
0.174174
0.173323
0.174492
0.174115
0.175497
0.174258
0.174099
0.174721
0.175376
0.175208
0.175249
0.177959
0.175245
0.175449
0.175261
0.176783
0.175617
0.175039
0.173038
0.174307
0.171854
0.185569
0.184043
0.185086
0.183261
0.181530
0.182439
0.179896
0.179876
0.180440
0.178509
0.174486
0.177758
0.175083
0.174403
0.173297
0.173511
0.173507
0.172885
0.173657
0.171581
0.174231
0.174436
0.173623
0.173723
0.173104
0.172614
0.174065
0.175230
0.174094
0.175233
0.174933
0.175317
0.174598
0.175777
0.175061
0.172919
0.173786
0.175137
0.174381
0.172805
0.177351
0.174665
0.173468
0.172807
0.172793
0.173505
0.173378
0.175518
0.175269
0.175111
0.176141
0.173479
0.175195
0.174631
0.173692
0.176259
0.175348
0.172818
0.174486
0.175170
0.174758
0.172513
0.174397
0.169324
0.182242
0.179255
0.177546
0.178054
0.175925
0.173449
0.172560
0.172606
0.174039
0.175238
0.171917
0.173038
0.174164
0.174380
0.174963
0.175557
0.175474
0.174099
0.176800
0.176197
0.174098
0.172201
0.173397
0.173304
0.171684
0.172424
0.173393
0.172262
0.173162
0.169220
0.174038
0.174146
0.173602
0.172809
0.174650
0.174364
0.174089
0.175091
0.174618
0.174276
0.175165
0.173606
0.183808
0.184556
0.179755
0.179831
0.178179
0.178040
0.175039
0.168150
0.188874
0.191042
0.185777
0.190683
0.188042
0.189175
0.191042
0.188042
0.187804
0.191042
0.187542
0.188416
0.189229
0.183163
0.184041
0.183197
0.186532
0.186074
0.190120
0.185041
0.185182
0.183887
0.182132
0.181040
0.176039
0.172038
0.169038
0.169552
0.171719
0.175443
0.178337
0.173349
0.177469
0.177039
0.177460
0.177038
0.177040
0.179040
0.179077
0.172038
0.170969
0.170038
0.171038
0.171196
0.170764
0.175039
0.173169
0.173434
0.174340
0.174039
0.174385
0.173038
0.174276
0.174543
0.171192
0.173039
0.178040
0.173038
0.173723
0.175039
0.174117
0.173435
0.174973
0.174039
0.174711
0.174516
0.174733
0.173457
0.173739
0.174779
0.174616
0.174191
0.175658
0.174000
0.174205
0.174898
0.175559
0.175174
0.174600
0.174619
0.175723
0.174692
0.175272
0.174945
0.179214
0.174480
0.173707
0.174510
0.174689
0.173332
0.173176
0.173357
0.174690
0.174414
0.174177
0.174930
0.174462
0.174851
0.173425
0.172600
0.175017
0.173681
0.173676
0.174680
0.174746
0.175160
0.175216
0.173841
0.174328
0.174057
0.173791
0.173491
0.174029
0.175773
0.174066
0.173903
0.174506
0.173283
0.174101
0.174254
0.173102
0.174428
0.174359
0.175277
0.176228
0.175913
0.172590
0.176383
0.175645
0.173857
0.173553
0.172645
0.173860
0.174611
0.174515
0.174842
0.174791
0.174096
0.173647
0.173679
0.174039
0.171180
0.173440
0.174231
0.174386
0.174113
0.174675
0.173840
0.175070
0.175140
0.176471
0.176095
0.175329
0.175511
0.173096
0.176039
0.176183
0.174795
0.175253
0.176054
0.177331
0.176075
0.176275
0.177444
0.178126
0.176131
0.178039
0.177039
0.177274
0.176039
0.176039
0.178040
0.177615
0.177922
0.177316
0.177353
0.178369
0.177036
0.176256
0.176095
0.176396
0.177350
0.177090
0.176783
0.177878
0.176916
0.179947
0.175406
0.175011
0.179193
0.174527
0.176039
0.178003
0.177044
0.173682
0.176259
0.175576
0.175601
0.182380
0.183020
0.181536
0.179315
0.177238
0.179040
0.176104
0.174377
0.175039
0.179039
0.180140
0.175141
0.176196
0.178548
0.175112
0.177693
0.177199
0.175322
0.177195
0.080838
0.081391
0.079558
0.080144
0.079065
0.077090
0.080610
0.081161
0.081949
0.084271
0.082018
0.080698
0.080375
0.114603
0.084020
0.085018
0.091129
0.082392
0.082018
0.077880
0.076035
0.085543
0.081719
0.078228
0.078147
0.087376
0.087417
0.087969
0.085554
0.088711
0.082530
0.081068
0.079977
0.078104
0.079010
0.076210
0.075781
0.075948
0.076017
0.076841
0.075385
0.075427
0.074577
0.075530
0.076452
0.082152
0.086740
0.078887
0.083917
0.084339
0.087219
0.097097
0.080616
0.079382
0.082265
0.075409
0.075164
0.075426
0.075612
0.073628
0.075216
0.076066
0.075017
0.075113
0.075016
0.074920
0.084017
0.072880
0.074806
