1.948381
5.808678
0.080018
0.155067
0.139031
0.143032
0.145032
0.146033
0.142288
0.142031
0.149033
0.156034
0.160127
0.159369
0.165546
0.115234
0.137203
0.147033
0.116026
0.148866
0.165037
0.095021
0.143877
0.150101
0.168037
0.120027
0.138355
0.143328
0.142032
0.154229
0.165037
0.167525
0.157588
0.151033
0.148033
0.147033
0.150033
0.145033
0.148520
0.144032
0.144032
0.145455
0.161036
0.162535
0.165037
0.167037
0.168093
0.175192
0.162823
0.155546
0.144595
0.145050
0.145875
0.145128
0.148544
0.149114
0.145621
0.149033
0.158624
0.165157
0.164932
0.168080
0.157691
0.150285
0.149393
0.149880
0.149008
0.147154
0.147033
0.153881
0.161896
0.163158
0.149758
0.159525
0.165080
0.160407
0.175552
0.163714
0.156797
0.149780
0.131485
0.147783
0.149707
0.150064
0.159900
0.164312
0.161236
0.171701
0.158683
0.151869
0.150857
0.148222
0.146313
0.149033
0.148623
0.149033
0.154034
0.159035
0.166329
0.164991
0.171219
0.170734
0.172523
0.168477
0.157413
0.151034
0.148463
0.105069
0.172286
0.170823
0.158886
0.152516
0.148080
0.149033
0.150647
0.149189
0.149442
0.150033
0.162469
0.162869
0.170505
0.173815
0.174567
0.165898
0.155585
0.147389
0.166037
0.167959
0.155292
0.148033
0.147262
0.147482
0.147981
0.148879
0.155045
0.162003
0.166305
0.174062
0.172213
0.165859
0.156035
0.151443
0.148371
0.113014
0.155550
0.163728
0.167320
0.164248
0.202466
0.165038
0.155050
0.149049
0.150033
0.147033
0.151151
0.148731
0.148939
0.160394
0.162202
0.157269
0.150193
0.124307
0.148592
0.147032
0.150033
0.153275
0.160453
0.165625
0.169125
0.173300
0.169037
0.155658
0.148032
0.146806
0.148024
0.149454
0.147602
0.153904
0.159842
0.173877
0.168573
0.171236
0.175793
0.165025
0.157152
0.148763
0.149365
0.149413
0.151417
0.151708
0.150648
0.156494
0.161847
0.165128
0.170399
0.170768
0.172885
0.176939
0.157207
0.155086
0.149140
0.150962
0.152342
0.161846
0.154132
0.149460
0.150033
0.149858
0.152986
0.152164
0.152269
0.156427
0.162830
0.166611
0.168467
0.169226
0.165436
0.172849
0.164897
0.159770
0.153225
0.152421
0.152808
0.152153
0.150920
0.148563
0.152125
0.160109
0.165244
0.167642
0.169454
0.169516
0.171737
0.172135
0.166080
0.159005
0.134826
0.150383
0.148243
0.152344
0.151401
0.161492
0.165903
0.167176
0.167540
0.170347
0.171680
0.174335
0.171111
0.162622
0.157144
0.152197
0.158059
0.153744
0.153354
0.137241
0.151745
0.152537
0.155441
0.163180
0.165912
0.167133
0.168291
0.170988
0.169953
0.169720
0.170589
0.177176
0.171113
0.161734
0.162333
0.158110
0.153945
0.154303
0.147918
0.155088
0.153438
0.154608
0.153137
0.156940
0.167087
0.161798
0.165399
0.166289
0.168337
0.166835
0.169312
0.170618
0.167586
0.166677
0.169886
0.170381
0.170110
0.165530
0.158970
0.153999
0.152071
0.153460
0.153500
0.121149
0.169425
0.174326
0.172052
0.162477
0.158368
0.154558
0.178614
0.176521
0.172154
0.163526
0.161417
0.156100
0.145390
0.155890
0.156062
0.153980
0.154861
0.152998
0.156304
0.156485
0.162035
0.163844
0.168644
0.166755
0.155211
0.156741
0.163920
0.165789
0.166536
0.165269
0.166220
0.125600
0.155746
0.155204
0.155554
0.156116
0.156457
0.155329
0.156080
0.162306
0.166319
0.166511
0.160316
0.163083
0.163310
0.166194
0.168352
0.167579
0.167425
0.165353
0.176645
0.170715
0.164443
0.161760
0.157519
0.155272
0.157247
0.157061
0.155181
0.154745
0.156233
0.131523
0.151267
0.151123
0.156552
0.157500
0.162498
0.165233
0.161735
0.173328
0.165665
0.160299
0.157036
0.155035
0.157674
0.156805
0.156324
0.155033
0.158268
0.156184
0.157585
0.156345
0.156981
0.154725
0.155155
0.156072
0.156736
0.149081
0.164769
0.167893
0.165474
0.169127
0.168321
0.168543
0.168692
0.170748
0.167293
0.167833
0.168121
0.169151
0.167944
0.168386
0.156338
0.160961
0.164554
0.165475
0.166026
0.166005
0.171746
0.166110
0.162248
0.158537
0.156348
0.157938
0.158966
0.156034
0.156490
0.155471
0.155698
0.155326
0.155537
0.155227
0.156107
0.153943
0.148593
0.168376
0.166628
0.160590
0.158036
0.154329
0.171864
0.155596
0.159033
0.155000
0.154370
0.156599
0.155582
0.159031
0.156035
0.155035
0.155034
0.155307
0.155828
0.157264
0.168207
0.168416
0.169050
0.167634
0.168218
0.169689
0.156700
0.158486
0.164203
0.165045
0.166373
0.168702
0.169678
0.169326
0.170602
0.169453
0.171503
0.168747
0.156141
0.158025
0.156965
0.157422
0.157459
0.158602
0.156826
0.156548
0.155130
0.157674
0.157164
0.159236
0.158035
0.156947
0.155841
0.156475
0.155702
0.161927
0.163871
0.169642
0.168569
0.168025
0.169713
0.157933
0.157547
0.157836
0.152570
0.158323
0.157370
0.162977
0.156820
0.157513
0.156165
0.157140
0.158882
0.163864
0.162386
0.173345
0.172974
0.174180
0.173903
0.174117
0.171942
0.178113
0.174761
0.168725
0.165407
0.161793
0.159004
0.155913
0.158046
0.157295
0.157887
0.155932
0.158226
0.133608
0.159060
0.158526
0.157524
0.157464
0.159274
0.156902
0.157957
0.157357
0.158571
0.157105
0.158001
0.156553
0.157584
0.157287
0.158354
0.157267
0.161426
0.160673
0.170908
0.173733
0.173420
0.171590
0.168963
0.170034
0.171703
0.169684
0.169792
0.168316
0.171224
0.170689
0.172705
0.171282
0.173689
0.171545
0.174329
0.170056
0.156358
0.159913
0.157511
0.157906
0.163870
0.163308
0.157706
0.156385
0.158206
0.157521
0.156844
0.157979
0.156587
0.155866
0.158190
0.157837
0.157775
0.157124
0.155034
0.166269
0.166332
0.167860
0.161730
0.165846
0.165252
0.168352
0.167984
0.167858
0.168075
0.167587
0.168917
0.169202
0.168702
0.167576
0.168003
0.167524
0.163601
0.177069
0.171917
0.163798
0.165383
0.161440
0.158035
0.156035
0.159035
0.158090
0.157035
0.157035
0.157035
0.157035
0.159035
0.157043
0.156035
0.157035
0.157104
0.162081
0.167861
0.168247
0.160036
0.136270
0.174209
0.167577
0.165526
0.161184
0.158260
0.158190
0.158122
0.158035
0.158035
0.156128
0.156964
0.156764
0.157757
0.158181
0.148491
0.166622
0.157825
0.157220
0.160028
0.165276
0.168092
0.166654
0.167018
0.166980
0.167428
0.170051
0.169470
0.167972
0.167645
0.167463
0.166760
0.169729
0.164231
0.174293
0.174706
0.165754
0.162150
0.160219
0.158635
0.159128
0.159036
0.156855
0.158656
0.157017
0.157580
0.157062
0.159156
0.157063
0.157540
0.156350
0.156034
0.156871
0.166848
0.167709
0.166932
0.168075
0.167872
0.169164
0.167098
0.167040
0.167548
0.166681
0.168499
0.169703
0.167723
0.167732
0.167798
0.168000
0.169406
0.167186
0.170913
0.166934
0.163249
0.159036
0.158035
0.157415
0.156035
0.157023
0.158035
0.157035
0.156224
0.159035
0.157035
0.158035
0.156035
0.157154
0.160107
0.164036
0.144032
0.165634
0.165959
0.166727
0.166461
0.169118
0.167270
0.157035
0.158035
0.159393
0.163346
0.166660
0.168430
0.166961
0.167477
0.167861
0.168380
0.167605
0.150084
0.171910
0.170576
0.173700
0.174055
0.172116
0.178379
0.174383
0.173057
0.166849
0.163036
0.160537
0.158034
0.157035
0.159035
0.157314
0.158240
0.155945
0.162037
0.141032
0.158553
0.157034
0.143707
0.158035
0.158317
0.158036
0.165408
0.166144
0.167495
0.167871
0.168627
0.167875
0.169070
0.167611
0.170038
0.169869
0.160094
0.144579
0.167660
0.167706
0.168201
0.168412
0.166615
0.168142
0.169185
0.167979
0.168778
0.168396
0.168922
0.169517
0.170021
0.170513
0.169453
0.169183
0.158813
0.159427
0.171098
0.171849
0.172445
0.171566
0.170108
0.171087
0.170785
0.171103
0.171685
0.173582
0.172768
0.173258
0.175142
0.174339
0.173814
0.174637
0.167401
0.163969
0.170724
0.176129
0.179144
0.174445
0.169056
0.164807
0.161925
0.158469
0.157958
0.158210
0.157506
0.147832
0.157204
0.157108
0.158699
0.157827
0.160022
0.157709
0.136350
0.161966
0.165114
0.167703
0.168965
0.168383
0.167743
0.168219
0.167949
0.168346
0.168128
0.168912
0.169164
0.168570
0.169845
0.169393
0.158054
0.164576
0.165410
0.174860
0.172408
0.174713
0.174790
0.175380
0.176493
0.179553
0.173821
0.165878
0.162148
0.157773
0.158642
0.158230
0.157614
0.157540
0.157590
0.157035
0.156034
0.129293
0.157470
0.157035
0.157035
0.164448
0.166841
0.167408
0.168737
0.169310
0.169290
0.167809
0.168519
0.169287
0.169609
0.171372
0.158035
0.148559
0.169451
0.168854
0.175690
0.174257
0.167619
0.161372
0.156167
0.156939
0.159136
0.157819
0.157102
0.158035
0.157431
0.156326
0.156969
0.157939
0.159036
0.157782
0.157437
0.157035
0.153643
0.173857
0.173251
0.175369
0.174662
0.176467
0.176672
0.174181
0.176137
0.179048
0.174471
0.168956
0.163210
0.158505
0.162540
0.161812
0.157515
0.156953
0.158239
0.146204
0.156035
0.157912
0.158568
0.157819
0.157349
0.157555
0.165526
0.164338
0.167824
0.168527
0.168577
0.167497
0.157498
0.157669
0.158645
0.158854
0.165880
0.161472
0.172668
0.171912
0.173605
0.172469
0.175871
0.178481
0.173917
0.172468
0.165038
0.162036
0.158035
0.157035
0.162035
0.159035
0.155034
0.158035
0.159170
0.158035
0.135319
0.158218
0.157600
0.162301
0.163035
0.168698
0.168148
0.168972
0.168807
0.169063
0.168678
0.169093
0.158417
0.157699
0.157491
0.170208
0.169952
0.170268
0.167349
0.167421
0.166674
0.162699
0.158165
0.156685
0.157495
0.157468
0.158147
0.155240
0.158225
0.158676
0.159035
0.158232
0.158739
0.158138
0.157764
0.158035
0.158696
0.151169
0.176339
0.176146
0.177061
0.171666
0.164415
0.161342
0.159035
0.157035
0.158035
0.159153
0.161407
0.175679
0.166038
0.163147
0.159035
0.157356
0.159222
0.158020
0.133873
0.157967
0.156224
0.158130
0.159135
0.163438
0.167140
0.167369
0.167266
0.167895
0.161240
0.164598
0.168326
0.168699
0.167422
0.169348
0.168898
0.169032
0.169870
0.173007
0.172366
0.174478
0.175374
0.174107
0.174290
0.172405
0.174212
0.174075
0.167566
0.166975
0.168577
0.169176
0.171771
0.170756
0.169043
0.170019
0.167205
0.178409
0.174534
0.173295
0.171848
0.165430
0.163064
0.157573
0.158458
0.160233
0.158440
0.158120
0.158376
0.156203
0.158109
0.156712
0.158214
0.156282
0.156728
0.138025
0.164880
0.167334
0.168721
0.167564
0.170095
0.168265
0.169581
0.169853
0.159885
0.157403
0.159067
0.165329
0.166742
0.167714
0.168675
0.167561
0.169104
0.166973
0.176856
0.173192
0.179039
0.178040
0.167469
0.164442
0.160087
0.156626
0.160086
0.105671
0.157822
0.159223
0.164998
0.167460
0.166776
0.169496
0.168647
0.169270
0.166122
0.172737
0.174093
0.173001
0.176770
0.176509
0.174518
0.174260
0.170785
0.170439
0.169133
0.173719
0.173761
0.173059
0.174165
0.175756
0.174070
0.177039
0.174157
0.147661
0.100971
0.162436
0.165733
0.167099
0.167799
0.169197
0.157578
0.157035
0.163036
0.165557
0.167732
0.167284
0.169137
0.167172
0.170038
0.170639
0.167798
0.169280
0.172472
0.171594
0.171945
0.172973
0.173163
0.178254
0.163727
0.165927
0.166584
0.171095
0.170041
0.168823
0.168248
0.168990
0.169622
0.168564
0.169365
0.165557
0.174747
0.179924
0.171590
0.168414
0.162490
0.158526
0.162319
0.159526
0.158821
0.157098
0.157035
0.159035
0.157208
0.157035
0.158035
0.158372
0.157035
0.157531
0.154890
0.175049
0.175447
0.174746
0.175861
0.174579
0.167984
0.168033
0.169727
0.169633
0.169602
0.172034
0.170478
0.173636
0.171571
0.171978
0.171921
0.171556
0.171247
0.173206
0.170816
0.172703
0.173645
0.173711
0.171672
0.174018
0.172057
0.173280
0.170678
0.174362
0.168445
0.163642
0.159340
0.155931
0.157629
0.158561
0.156314
0.137726
0.157122
0.157326
0.158491
0.165170
0.158331
0.157606
0.164976
0.167496
0.167086
0.168759
0.169114
0.168967
0.170604
0.169444
0.168668
0.171284
0.170456
0.168945
0.171350
0.173303
0.172198
0.173482
0.158455
0.156742
0.157749
0.161733
0.164360
0.170912
0.169317
0.168394
0.169077
0.168576
0.168196
0.169740
0.170263
0.169533
0.169794
0.173725
0.173059
0.174984
0.167564
0.168285
0.166938
0.169342
0.169358
0.169740
0.168511
0.168518
0.168748
0.168721
0.170808
0.168465
0.169038
0.164651
0.172949
0.176028
0.176678
0.176004
0.172540
0.169624
0.169969
0.170900
0.171595
0.171567
0.175095
0.174354
0.169950
0.173391
0.173893
0.175362
0.175476
0.174013
0.147867
0.158093
0.157936
0.157034
0.159036
0.159391
0.156578
0.157814
0.157780
0.157764
0.158183
0.159311
0.157276
0.156809
0.157886
0.159976
0.166131
0.167889
0.165117
0.178322
0.182066
0.174329
0.172621
0.169081
0.163722
0.159775
0.159772
0.159359
0.157421
0.158327
0.158035
0.158222
0.158756
0.158849
0.157437
0.158349
0.158170
0.154065
0.171462
0.174912
0.170411
0.168477
0.170897
0.169971
0.169732
0.172982
0.172753
0.170866
0.172256
0.169748
0.171734
0.171683
0.173656
0.173913
0.171030
0.170702
0.173634
0.167499
0.166321
0.162669
0.158797
0.159271
0.158035
0.158040
0.159856
0.158682
0.158406
0.157404
0.158406
0.158482
0.159207
0.157715
0.157269
0.159991
0.163345
0.173796
0.171133
0.169748
0.169948
0.170089
0.172280
0.169951
0.173491
0.170684
0.172927
0.172368
0.174717
0.175652
0.176099
0.175364
0.172133
0.178829
0.178057
0.171580
0.178564
0.169591
0.164277
0.162650
0.158342
0.157616
0.159773
0.158035
0.157778
0.157124
0.156202
0.157709
0.159815
0.157638
0.157468
0.159267
0.162674
0.165415
0.161297
0.166672
0.168025
0.168101
0.169993
0.169871
0.168386
0.168943
0.169984
0.167729
0.170626
0.170008
0.171666
0.171398
0.169517
0.171499
0.173169
0.168213
0.168404
0.168386
0.168687
0.172572
0.169915
0.168489
0.169450
0.169573
0.169129
0.170977
0.170049
0.172070
0.171038
0.171060
0.171038
0.172039
0.171093
0.168602
0.173038
0.170279
0.172404
0.174130
0.175038
0.173498
0.174113
0.174039
0.172038
0.171038
0.173039
0.173320
0.171613
0.172039
0.172148
0.173039
0.174406
0.167837
0.174268
0.173525
0.166451
0.162413
0.160483
0.157598
0.157595
0.158807
0.159335
0.157035
0.157988
0.157037
0.158740
0.158551
0.156967
0.158101
0.159050
0.157560
0.144806
0.166505
0.167627
0.167766
0.168344
0.169281
0.168783
0.168660
0.168851
0.170349
0.170288
0.171956
0.172830
0.171380
0.172628
0.172632
0.170866
0.174791
0.150787
0.157029
0.160609
0.164529
0.167428
0.169439
0.167996
0.167726
0.169075
0.171346
0.169434
0.169431
0.168470
0.168992
0.168689
0.168756
0.170662
0.169607
0.155265
0.158035
0.163521
0.166559
0.168972
0.168740
0.169208
0.168440
0.169258
0.169012
0.169864
0.171200
0.171410
0.170817
0.157035
0.160036
0.165652
0.170038
0.159239
0.174039
0.176865
0.173985
0.179126
0.174142
0.171637
0.164016
0.161593
0.158385
0.158745
0.158973
0.158296
0.157848
0.157503
0.157268
0.158025
0.158522
0.160093
0.144715
0.155545
0.158401
0.157775
0.157309
0.157867
0.166106
0.166653
0.168187
0.168298
0.169529
0.170974
0.170070
0.171941
0.172038
0.172038
0.169112
0.159036
0.156034
0.172037
0.170037
0.172038
0.163036
0.167037
0.169037
0.168217
0.169212
0.171147
0.167037
0.170038
0.168037
0.170315
0.171212
0.164531
0.178321
0.173285
0.171786
0.143643
0.158422
0.158036
0.162036
0.157035
0.155034
0.156647
0.158120
0.157359
0.158035
0.157035
0.159035
0.165333
0.168472
0.169205
0.170627
0.166520
0.166228
0.165323
0.175079
0.168262
0.164907
0.159490
0.156651
0.157035
0.158035
0.158035
0.159284
0.157135
0.156155
0.141032
0.162036
0.166747
0.168542
0.158431
0.156044
0.161493
0.167311
0.170346
0.168737
0.168149
0.166319
0.175593
0.175199
0.173464
0.174258
0.173032
0.171985
0.177466
0.172697
0.176584
0.177613
0.171175
0.170306
0.173802
0.169463
0.176256
0.172000
0.180018
0.180319
0.172949
0.169983
0.164296
0.156169
0.154391
0.156493
0.158252
0.155716
0.156233
0.155958
0.162583
0.155325
0.156856
0.157451
0.150572
0.156237
0.157693
0.155494
0.156888
0.157656
0.160233
0.168183
0.168850
0.170352
0.168880
0.167858
0.167838
0.170334
0.155708
0.160528
0.166088
0.164194
0.167228
0.171504
0.168010
0.172733
0.165869
0.163011
0.157937
0.156495
0.158574
0.157345
0.158106
0.157477
0.155469
0.157528
0.160036
0.158273
0.157436
0.156846
0.157702
0.147002
0.169879
0.170482
0.168819
0.169322
0.170169
0.169037
0.169038
0.169114
0.170164
0.171421
0.170577
0.170038
0.158525
0.157035
0.158035
0.165037
0.167614
0.165036
0.175682
0.173559
0.172456
0.175300
0.179103
0.180040
0.176566
0.167037
0.161326
0.157035
0.156034
0.156035
0.160037
0.156370
0.154103
0.157035
0.156035
0.157127
0.138069
0.163648
0.167439
0.163755
0.167140
0.169872
0.167395
0.169809
0.169180
0.170409
0.170722
0.169484
0.159337
0.158314
0.158655
0.164267
0.164260
0.170037
0.164853
0.153952
0.156034
0.156213
0.156481
0.157642
0.159035
0.157555
0.156694
0.157414
0.157821
0.157256
0.157492
0.156035
0.159217
0.161036
0.163838
0.166444
0.168037
0.166428
0.177349
0.176039
0.164135
0.162179
0.161268
0.155424
0.158264
0.156718
0.157120
0.157035
0.157386
0.157565
0.155607
0.158990
0.156813
0.157223
0.156396
0.154289
0.162173
0.169949
0.170459
0.168866
0.170037
0.168038
0.170274
0.164841
0.180040
0.169287
0.165036
0.160036
0.156035
0.156502
0.159035
0.157160
0.157034
0.157035
0.157035
0.137030
0.170929
0.167037
0.168169
0.168131
0.169038
0.165037
0.168037
0.171038
0.155071
0.163036
0.166803
0.174585
0.169038
0.171038
0.164037
0.170038
0.165430
0.164462
0.172038
0.172359
0.172787
0.169038
0.170236
0.172594
0.168669
0.171038
0.159597
0.160355
0.165357
0.165237
0.166434
0.159049
0.159768
0.167037
0.165038
0.163010
0.173137
0.172516
0.170284
0.171447
0.170845
0.170680
0.174192
0.169560
0.160454
0.158035
0.158035
0.150965
0.166524
0.167563
0.168383
0.165382
0.167087
0.164455
0.172344
0.175038
0.171698
0.171073
0.170550
0.169529
0.172243
0.165563
0.160576
0.159059
0.160376
0.159035
0.166145
0.163711
0.166636
0.166037
0.166802
0.163524
0.172505
0.170474
0.170280
0.172224
0.169115
0.168037
0.170373
0.168398
0.162036
0.164405
0.166044
0.170190
0.168109
0.167037
0.166318
0.167939
0.168038
0.166034
0.170195
0.171931
0.170236
0.171355
0.169037
0.170740
0.167091
0.169420
0.162036
0.165562
0.167037
0.166829
0.166038
0.165491
0.168039
0.165327
0.168554
0.162212
0.136863
0.158064
0.158380
0.159019
0.158036
0.160035
0.159393
0.158854
0.159132
0.155111
0.158796
0.160086
0.159035
0.159170
0.157035
0.157541
0.158282
0.161079
0.162320
0.169465
0.168039
0.167037
0.165475
0.166357
0.165036
0.166849
0.160203
0.158455
0.158035
0.157311
0.165817
0.157257
0.178330
0.181041
0.176908
0.173716
0.168585
0.151365
0.157035
0.159720
0.158634
0.159704
0.158035
0.159035
0.159386
0.159915
0.161710
0.159806
0.161052
0.158252
0.159762
0.159336
0.158519
0.159175
0.160465
0.157035
0.176645
0.171532
0.171289
0.171066
0.169897
0.169863
0.160028
0.151533
0.177238
0.177562
0.168901
0.165444
0.164438
0.161036
0.160387
0.160726
0.157255
0.160129
0.145391
0.159293
0.159259
0.160278
0.158764
0.157718
0.159923
0.157915
0.158587
0.161494
0.160492
0.156762
0.159307
0.159035
0.158002
0.159971
0.159518
0.159070
0.148744
0.167652
0.167905
0.166037
0.168030
0.165037
0.160036
0.160358
0.160568
0.165334
0.166037
0.167514
0.164416
0.166220
0.166359
0.164001
0.166089
0.167861
0.162036
0.172038
0.169038
0.169852
0.167055
0.166284
0.159075
0.164683
0.165559
0.165720
0.168550
0.168253
0.165133
0.165312
0.170161
0.164176
0.165920
0.169604
0.161783
0.172868
0.171600
0.178040
0.177070
0.169674
0.178371
0.174039
0.170516
0.165352
0.162620
0.159102
0.159385
0.160350
0.160152
0.158035
0.159365
0.156574
0.161069
0.140031
0.159799
0.159977
0.158278
0.158531
0.160895
0.158332
0.158467
0.151034
0.171037
0.172038
0.168716
0.168168
0.167621
0.166310
0.165369
0.169286
0.165117
0.161852
0.173113
0.172556
0.167697
0.165968
0.159451
0.160469
0.159302
0.159035
0.161720
0.161289
0.164912
0.166855
0.163433
0.159646
0.159334
0.159035
0.162036
0.162757
0.160568
0.177677
0.177230
0.173242
0.176040
0.168384
0.163036
0.159035
0.157435
0.158443
0.160664
0.157576
0.158948
0.158342
0.157998
0.159326
0.159466
0.159012
0.150033
0.159194
0.159314
0.161207
0.160692
0.158399
0.158673
0.160332
0.160088
0.165202
0.167020
0.164869
0.164490
0.168284
0.165481
0.164004
0.166211
0.165947
0.169072
0.175437
0.175587
0.172678
0.159473
0.162191
0.165627
0.166131
0.166971
0.168936
0.166476
0.169921
0.167810
0.169388
0.167968
0.168907
0.167898
0.167701
0.165705
0.171976
0.171038
0.170950
0.159559
0.158856
0.159912
0.160305
0.159953
0.155738
0.157442
0.160024
0.159670
0.163043
0.165114
0.166108
0.167424
0.168326
0.165915
0.172424
0.173954
0.173721
0.160574
0.159185
0.160051
0.165034
0.166898
0.167089
0.167333
0.166008
0.167492
0.169923
0.168359
0.169901
0.169484
0.166359
0.162312
0.177183
0.172235
0.168912
0.174942
0.169553
0.163378
0.161323
0.158990
0.160018
0.159226
0.159035
0.157142
0.157518
0.158036
0.159035
0.160035
0.157035
0.158035
0.145645
0.161237
0.165036
0.160035
0.158764
0.158486
0.160036
0.164037
0.165340
0.167295
0.165584
0.168174
0.167377
0.163965
0.166772
0.166425
0.166879
0.166181
0.165377
0.172745
0.169037
0.157040
0.162036
0.163007
0.169501
0.166143
0.166332
0.165263
0.166037
0.166884
0.168095
0.170536
0.167717
0.168630
0.168389
0.165991
0.162436
0.175402
0.173315
0.173040
0.168445
0.167037
0.168586
0.164568
0.168910
0.166569
0.165486
0.166388
0.167725
0.167655
0.168670
0.165102
0.168223
0.166936
0.162758
0.172811
0.173901
0.170286
0.168037
0.167037
0.166335
0.166075
0.167231
0.169687
0.164598
0.164214
0.163723
0.167371
0.168222
0.164597
0.164886
0.166179
0.166239
0.173038
0.174011
0.160036
0.158644
0.158486
0.157518
0.158290
0.160036
0.159351
0.157519
0.159668
0.159373
0.160394
0.161798
0.165444
0.168037
0.164416
0.164719
0.173054
0.173120
0.160988
0.159554
0.160036
0.163037
0.166978
0.165037
0.166211
0.164037
0.165394
0.166286
0.167631
0.170049
0.166560
0.166680
0.164996
0.162374
0.173455
0.173262
0.158355
0.157035
0.164036
0.165051
0.166037
0.169077
0.167059
0.164237
0.171038
0.169105
0.166188
0.165908
0.166821
0.165438
0.166332
0.169336
0.175458
0.175218
0.172230
0.171372
0.173038
0.166714
0.168247
0.170334
0.167524
0.169039
0.175411
0.170439
0.173354
0.167100
0.168555
0.159482
0.159853
0.161907
0.169447
0.168878
0.160890
0.156390
0.162223
0.165060
0.167037
0.166391
0.168669
0.170038
0.167665
0.167621
0.169738
0.168956
0.167244
0.169481
0.169205
0.167419
0.176230
0.180794
0.164585
0.167874
0.167342
0.164803
0.169374
0.170332
0.167679
0.166960
0.168354
0.166591
0.169152
0.165688
0.167037
0.167697
0.163900
0.166414
0.171363
0.170862
0.169266
0.169067
0.174060
0.173282
0.174178
0.169038
0.171444
0.167455
0.167068
0.168534
0.162164
0.174250
0.165273
0.161164
0.157071
0.161148
0.125876
0.159801
0.159609
0.157035
0.155501
0.156421
0.155978
0.159156
0.165996
0.165037
0.167611
0.166688
0.169037
0.165589
0.165036
0.167303
0.166826
0.170547
0.163202
0.174583
0.159438
0.159444
0.165037
0.166243
0.168043
0.169787
0.166934
0.167575
0.167341
0.172039
0.169038
0.166645
0.169307
0.170592
0.171260
0.170367
0.167575
0.173357
0.157484
0.163036
0.165037
0.166037
0.169714
0.166083
0.167471
0.166519
0.166037
0.166470
0.165037
0.168037
0.167037
0.170038
0.168038
0.166815
0.167037
0.170038
0.157035
0.155035
0.156065
0.158127
0.165036
0.165257
0.166088
0.165909
0.167491
0.168037
0.170374
0.170038
0.171038
0.169243
0.170037
0.174875
0.172139
0.172038
0.157035
0.158572
0.166036
0.164344
0.171038
0.168037
0.168373
0.173039
0.171036
0.170679
0.170038
0.166698
0.171038
0.171003
0.172338
0.172038
0.169203
0.157035
0.161086
0.157568
0.153818
0.157035
0.161394
0.167522
0.167322
0.168326
0.168010
0.169596
0.170422
0.170522
0.169113
0.169210
0.172382
0.170460
0.169492
0.173531
0.157530
0.172039
0.172683
0.172867
0.176047
0.172226
0.173276
0.173835
0.174735
0.172039
0.170728
0.169706
0.169140
0.172060
0.168436
0.170234
0.165037
0.176336
0.176798
0.167037
0.161116
0.159035
0.153449
0.156590
0.158354
0.158506
0.157414
0.156035
0.158076
0.158035
0.155536
0.159517
0.158168
0.158035
0.164402
0.159219
0.179633
0.174039
0.166844
0.160036
0.156034
0.155034
0.158432
0.157343
0.156938
0.156734
0.157970
0.156538
0.156569
0.159199
0.157388
0.166300
0.165059
0.167864
0.155517
0.169026
0.165883
0.169038
0.167572
0.167864
0.167264
0.173038
0.172558
0.174039
0.170203
0.168301
0.169425
0.169372
0.169037
0.170189
0.170715
0.170433
0.149744
0.167037
0.169037
0.167673
0.169295
0.169260
0.169859
0.170055
0.170351
0.170470
0.170038
0.169037
0.172427
0.171322
0.172533
0.172042
0.170965
0.158479
0.154823
0.171503
0.173038
0.172292
0.171374
0.169930
0.169038
0.170553
0.168268
0.167166
0.169630
0.170038
0.170037
0.172332
0.167864
0.168037
0.167508
0.166492
0.155803
0.157100
0.157889
0.157452
0.156141
0.163538
0.165036
0.166037
0.167099
0.165534
0.169092
0.167349
0.169874
0.170722
0.168128
0.168495
0.166873
0.170063
0.164706
0.169159
0.172188
0.170656
0.168446
0.169389
0.170968
0.170018
0.168725
0.170417
0.172673
0.171527
0.172547
0.171674
0.171038
0.171647
0.172321
0.172039
0.152368
0.178275
0.175090
0.173579
0.176039
0.173271
0.170358
0.169498
0.168771
0.171031
0.168531
0.169589
0.171587
0.168359
0.165437
0.182017
0.179743
0.175039
0.176215
0.151138
0.156035
0.157036
0.154527
0.154034
0.156929
0.159091
0.158146
0.156487
0.157390
0.166037
0.166928
0.169248
0.172038
0.171418
0.172052
0.169285
0.159618
0.162798
0.172427
0.172168
0.175278
0.173038
0.170527
0.170038
0.168585
0.171039
0.170593
0.169080
0.171619
0.171038
0.171911
0.171438
0.171067
0.170316
0.160035
0.149535
0.168690
0.168280
0.168573
0.172301
0.172039
0.175157
0.176646
0.172366
0.169168
0.172038
0.169625
0.169991
0.172480
0.169403
0.170991
0.171228
0.169009
0.163610
0.176978
0.168001
0.163037
0.157201
0.157970
0.158748
0.158299
0.158035
0.156901
0.159283
0.158073
0.158036
0.156034
0.164942
0.168074
0.170038
0.158446
0.167226
0.165558
0.175272
0.175039
0.175039
0.176399
0.178040
0.160083
0.160142
0.164396
0.168053
0.169318
0.166378
0.178530
0.172603
0.168037
0.162421
0.164036
0.161036
0.156035
0.135493
0.157386
0.158175
0.158550
0.156247
0.157034
0.162378
0.171032
0.174254
0.171038
0.170641
0.172038
0.171038
0.172494
0.170036
0.169660
0.170712
0.172038
0.170083
0.174076
0.175252
0.175295
0.174527
0.176039
0.175365
0.177040
0.179040
0.171245
0.169233
0.162572
0.160067
