0.002000
0.159861
0.158768
0.128028
0.157035
0.158026
0.158035
0.157035
0.162199
0.170038
0.155181
0.155116
0.156035
0.156034
0.160391
0.157034
0.162504
0.175039
0.154151
0.158035
0.156034
0.155034
0.158160
0.158250
0.156282
0.158046
0.156034
0.156705
0.157590
0.159035
0.158035
0.157035
0.157035
0.157035
0.156698
0.157089
0.159035
0.157035
0.157035
0.156312
0.158283
0.156034
0.158223
0.158063
0.157192
0.156537
0.156732
0.157927
0.153034
0.155034
0.157035
0.153231
0.155930
0.156035
0.161770
0.160035
0.157795
0.157034
0.157035
0.158035
0.158108
0.157035
0.157035
0.157035
0.156034
0.157084
0.156034
0.157034
0.155152
0.157035
0.157043
0.157525
0.171038
0.163036
0.162036
0.161045
0.159446
0.159035
0.158035
0.157035
0.159035
0.159035
0.157035
0.158474
0.158610
0.134304
0.156034
0.157035
0.157120
0.157493
0.162036
0.160036
0.173038
0.167050
0.165343
0.089019
0.154425
0.157035
0.158034
0.154043
0.168038
0.170269
0.166037
0.159035
0.157098
0.151219
0.171164
0.165844
0.167037
0.161178
0.159035
0.158035
0.158035
0.158768
0.154040
0.170038
0.161391
0.157555
0.154863
0.171038
0.165100
0.161250
0.164291
0.162036
0.159035
0.158437
0.159181
0.156034
0.157035
0.158226
0.161724
0.136287
0.152034
0.157021
0.164429
0.164036
0.155459
0.179040
0.175039
0.168038
0.167037
0.159884
0.158035
0.157473
0.138031
0.161035
0.160035
0.158036
0.218049
0.159035
0.158035
0.159035
0.159135
0.159045
0.149429
0.167037
0.165372
0.161035
0.161119
0.160035
0.166788
0.165046
0.158522
0.159085
0.141643
0.167037
0.163511
0.179039
0.176453
0.173178
0.170038
0.163036
0.159500
0.172357
0.184041
0.182040
0.181041
0.181435
0.181051
0.181040
0.157388
0.162036
0.160036
0.118407
0.141238
0.157219
0.161543
0.159610
0.159035
0.159337
0.160036
0.117025
0.170083
0.166037
0.160975
0.171038
0.163954
0.181331
0.173149
0.179039
0.185166
0.181042
0.179179
0.214047
0.214785
0.215190
0.198044
0.187454
0.181424
0.183107
0.177167
0.157510
0.140031
0.154034
0.165037
0.161916
0.162036
0.161035
0.160118
0.127028
0.143824
0.155420
0.161035
0.148032
0.159051
0.161036
0.161501
0.159803
0.160035
0.162036
0.152033
0.167115
0.179039
0.181040
0.192043
0.192825
0.188022
0.185041
0.187124
0.181040
0.183041
0.172121
0.169037
0.165911
0.163036
0.162414
0.132617
0.151294
0.159035
0.157397
0.143242
0.172625
0.164037
0.141031
0.169038
0.165612
0.163037
0.157771
0.183040
0.187042
0.183040
0.185408
0.156126
0.120113
0.149033
0.157678
0.163036
0.161582
0.161036
0.155490
0.165036
0.163036
0.122836
0.160851
0.161036
0.162036
0.162036
0.164037
0.160695
0.160878
0.161036
0.160035
0.163419
0.155034
0.172038
0.182386
0.184041
0.185041
0.161129
0.168036
0.135177
0.145032
0.162036
0.165288
0.165037
0.165037
0.165442
0.166444
0.166037
0.164725
0.165036
0.165037
0.160228
0.177458
0.181139
0.178040
0.161036
0.156459
0.175039
0.186041
0.189421
0.131029
0.163261
0.166507
0.167037
0.166037
0.168037
0.147619
0.159035
0.160444
0.162100
0.161193
0.161036
0.156193
0.163161
0.169138
0.157035
0.179039
0.179121
0.177039
0.154743
0.133401
0.149033
0.167037
0.184041
0.184151
0.186179
0.158035
0.128028
0.146888
0.173038
0.164036
0.162036
0.162036
0.171038
0.171038
0.164036
0.130684
0.141095
0.164290
0.162035
0.178984
0.184849
0.180632
0.139710
0.136030
0.185041
0.171477
0.164037
0.162618
0.165496
0.161832
0.136030
0.150033
0.170242
0.167053
0.167038
0.168028
0.167037
0.168406
0.164036
0.183397
0.178040
0.134069
0.134805
0.178140
0.160223
0.162911
0.143325
0.162035
0.184041
0.184771
0.155161
0.119510
0.142031
0.160258
0.172039
0.166036
0.165463
0.161481
0.127471
0.156333
0.153224
0.152061
0.172038
0.184041
0.175039
0.178040
0.170383
0.154358
0.165870
0.164036
0.165247
0.135030
0.140105
0.150578
0.167575
0.187111
0.188042
0.184041
0.151118
0.133197
0.137076
0.153034
0.149908
0.165112
0.162036
0.131029
0.138628
0.161162
0.162036
0.165172
0.166186
0.164340
0.165307
0.157410
0.178039
0.185041
0.185561
0.157839
0.125190
0.139983
0.140282
0.144749
0.164142
0.187041
0.185041
0.186041
0.156721
0.124470
0.157423
0.143401
0.169792
0.163091
0.177444
0.188041
0.188042
0.159831
0.128609
0.138029
0.136287
0.167037
0.166037
0.160257
0.187041
0.183147
0.153034
0.134592
0.141100
0.150405
0.173038
0.169037
0.162036
0.178114
0.183117
0.151237
0.126028
0.157035
0.131977
0.147274
0.167163
0.167180
0.166037
0.167037
0.159035
0.179039
0.185041
0.190303
0.167321
0.146643
0.137030
0.164037
0.146809
0.163220
0.167037
0.167557
0.171038
0.167037
0.166250
0.169211
0.167037
0.127028
0.168037
0.167037
0.167057
0.156690
0.181040
0.175458
0.168037
0.183041
0.173324
0.166036
0.168038
0.183101
0.174038
0.170038
0.165035
0.164036
0.164037
0.144032
0.175198
0.170037
0.166825
0.166037
0.164045
0.165291
0.161035
0.175148
0.170038
0.168084
0.168037
0.163142
0.142601
0.155639
0.168056
0.187757
0.183041
0.152476
0.136918
0.158217
0.155034
0.156194
0.156122
0.155034
0.184041
0.184148
0.183993
0.184090
0.185041
0.159035
0.133922
0.167037
0.150107
0.166037
0.169037
0.169038
0.167497
0.169038
0.168037
0.170089
0.170038
0.169036
0.169051
0.156569
0.171038
0.183040
0.182040
0.136381
0.148033
0.155034
0.170043
0.168038
0.166358
0.165368
0.164036
0.165036
0.155581
0.162621
0.166091
0.162345
0.166047
0.152111
0.167075
0.165037
0.167210
0.152324
0.168037
0.165036
0.166037
0.166037
0.165988
0.165895
0.165037
0.165036
0.166037
0.165037
0.134273
0.167596
0.167037
0.168038
0.163101
0.175039
0.182179
0.178039
0.169049
0.166037
0.165036
0.165036
0.165893
0.167037
0.131114
0.171109
0.172038
0.166756
0.161180
0.182040
0.178057
0.173038
0.181041
0.183757
0.177039
0.185041
0.167037
0.165037
0.164192
0.165462
0.166189
0.166037
0.166145
0.166037
0.166037
0.151851
0.158035
0.186041
0.184040
0.189105
0.183451
0.187042
0.183040
0.155034
0.143031
0.162036
0.166046
0.166037
0.153190
0.162114
0.165307
0.165497
0.167037
0.150043
0.159035
0.157035
0.157035
0.187706
0.178040
0.181040
0.177114
0.162379
0.155777
0.181229
0.152034
0.161319
0.165036
0.163036
0.164243
0.141222
0.166763
0.166037
0.167037
0.168037
0.166037
0.167039
0.165037
0.166036
0.162350
0.180710
0.174199
0.186101
0.190211
0.149033
0.164036
0.168544
0.168037
0.169037
0.170038
0.169130
0.169037
0.168335
0.162304
0.148566
0.164036
0.171038
0.152436
0.164555
0.171046
0.168045
0.168037
0.168037
0.167037
0.169492
0.139417
0.172038
0.171038
0.171258
0.161036
0.185684
0.182041
0.180040
0.171038
0.169590
0.166479
0.173036
0.171038
0.136030
0.175039
0.168081
0.164143
0.160677
0.186021
0.188044
0.191192
0.186383
0.159035
0.132088
0.152033
0.166037
0.169037
0.156975
0.174039
0.174038
0.150520
0.180542
0.174039
0.173613
0.174039
0.172313
0.172038
0.171038
0.169037
0.166902
0.180049
0.191042
0.186042
0.189677
0.166867
0.147032
0.135557
0.165398
0.170246
0.169137
0.168119
0.168037
0.161068
0.168037
0.134572
0.152034
0.161035
0.182821
0.188041
0.190042
0.188042
0.163027
0.138973
0.147768
0.169038
0.162036
0.166462
0.162024
0.163035
0.162036
0.135030
0.142032
0.160035
0.146414
0.172038
0.175047
0.171300
0.186784
0.172425
0.180040
0.168037
0.165445
0.165036
0.166046
0.136766
0.163188
0.166058
0.166497
0.161036
0.159035
0.162562
0.169037
0.168037
0.172166
0.170037
0.164036
0.182218
0.176039
0.179039
0.170036
0.179040
0.172652
0.168037
0.166037
0.167037
0.166036
0.167012
0.164413
0.138031
0.170038
0.167036
0.160036
0.181040
0.190042
0.181041
0.178548
0.213559
0.214367
0.198045
0.193043
0.153258
0.166036
0.165162
0.164513
0.165037
0.166036
0.165036
0.133029
0.160035
0.154034
0.162035
0.165367
0.165036
0.165308
0.160122
0.161921
0.150033
0.165264
0.166037
0.165835
0.165520
0.146032
0.167037
0.165036
0.159035
0.173115
0.184499
0.184106
0.177039
0.217047
0.213047
0.173887
0.104507
0.189043
0.178089
0.173038
0.174075
0.172403
0.141201
0.147382
0.163543
0.168037
0.167104
0.168285
0.168037
0.167037
0.168037
0.169038
0.169452
0.168037
0.148032
0.161036
0.168181
0.162009
0.152300
0.182040
0.177039
0.173038
0.169037
0.167187
0.167747
0.168037
0.168037
0.168037
0.169157
0.167568
0.154560
0.179039
0.174039
0.172039
0.166037
0.177085
0.164036
0.162599
0.166037
0.169314
0.169038
0.169671
0.170038
0.170038
0.145818
0.160545
0.190043
0.152134
0.144032
0.145032
0.166037
0.170046
0.153150
0.171097
0.171038
0.170037
0.168499
0.149033
0.191550
0.191042
0.191323
0.187042
0.191042
0.187258
0.188041
0.187041
0.188041
0.189043
0.190526
0.191063
0.188042
0.188042
0.165080
0.170038
0.168037
0.170038
0.170038
0.142032
0.149033
0.166144
0.170038
0.170038
0.169092
0.168037
0.142249
0.175152
0.165376
0.167037
0.163036
0.164461
0.164036
0.163798
0.167037
0.166037
0.166037
0.139712
0.176039
0.171138
0.170573
0.165036
0.164037
0.174039
0.188512
0.184041
0.187041
0.185041
0.187175
0.159549
0.130988
0.160789
0.166037
0.165037
0.166328
0.166492
0.166037
0.165036
0.166036
0.122027
0.145032
0.165131
0.174068
0.186041
0.157036
0.158035
0.158035
0.161470
0.177039
0.139031
0.170038
0.171122
0.172038
0.170038
0.140157
0.167037
0.170776
0.167056
0.168037
0.169509
0.170038
0.170037
0.170038
0.170038
0.155643
0.166823
0.166882
0.176254
0.162365
0.177039
0.185477
0.157034
0.136030
0.139576
0.168037
0.173038
0.172183
0.172038
0.171038
0.164289
0.166145
0.165102
0.143265
0.153094
0.153034
0.163911
0.162761
0.162133
0.163241
0.162448
0.163036
0.138018
0.154043
0.160035
0.137787
0.181039
0.142031
0.127451
0.158045
0.153034
0.165106
0.164036
0.146845
0.171038
0.168038
0.163075
0.172039
0.179555
0.181041
0.180040
0.142278
0.140031
0.165393
0.165649
0.154035
0.163588
0.167545
0.168199
0.166066
0.148032
0.170038
0.168037
0.166037
0.166165
0.171038
0.168037
0.166374
0.168037
0.129028
0.163037
0.166037
0.166111
0.166037
0.168828
0.166037
0.167797
0.168037
0.154853
0.138541
0.164539
0.168046
0.167976
0.168037
0.143009
0.156171
0.171320
0.180040
0.177337
0.171605
0.171038
0.166037
0.169037
0.165036
0.177068
0.173148
0.171026
0.169094
0.167037
0.146490
0.176039
0.169037
0.166037
0.167045
0.168287
0.155060
0.181049
0.186041
0.154034
0.133218
0.163036
0.153433
0.189112
0.184898
0.183039
0.181041
0.183395
0.179039
0.212162
0.173119
0.158423
0.184464
0.186040
0.162035
0.169037
0.162056
0.163036
0.164046
0.166118
0.169264
0.159753
0.179039
0.192200
0.191073
0.148034
0.128069
0.151033
0.171038
0.166952
0.170037
0.170038
0.170038
0.168348
0.163036
0.179204
0.188041
0.191042
0.149033
0.130028
0.150033
0.168096
0.168037
0.169133
0.171050
0.168789
0.166341
0.170038
0.162131
0.180040
0.176040
0.173075
0.171454
0.170044
0.176039
0.171038
0.166775
0.166063
0.168453
0.167037
0.169038
0.171038
0.169038
0.173500
0.170051
0.168037
0.168133
0.178040
0.182040
0.180724
0.172038
0.170038
0.167496
0.171860
0.163315
0.183041
0.182040
0.179040
0.174164
0.172717
0.165650
0.167037
0.166037
0.163334
0.173039
0.189042
0.191009
0.149032
0.139030
0.143032
0.151033
0.190042
0.189042
0.187227
0.190106
0.189042
0.164072
0.138240
0.142031
0.149333
0.162036
0.184447
0.190304
0.186178
0.186860
0.159114
0.167037
0.126347
0.144299
0.166037
0.166036
0.167037
0.164541
0.164036
0.164420
0.176080
0.190146
0.187042
0.191042
0.190525
0.186845
0.185041
0.156262
0.123374
0.144835
0.165535
0.166037
0.167037
0.160035
0.176039
0.187660
0.162693
0.137118
0.141110
0.151033
0.167755
0.176039
0.183041
0.179039
0.176039
0.171038
0.166467
0.164545
0.168037
0.177516
0.179040
0.179049
0.169038
0.167786
0.168038
0.167174
0.167037
0.168749
0.167037
0.173147
0.173673
0.170352
0.143040
0.177873
0.174267
0.170038
0.168037
0.167036
0.167037
0.166056
0.163409
0.185848
0.188041
0.163036
0.168244
0.141032
0.163114
0.160035
0.160035
0.143032
0.159035
0.184472
0.189042
0.185041
0.182177
0.180037
0.146032
0.129506
0.162399
0.178039
0.171038
0.168038
0.168037
0.156146
0.176039
0.191041
0.190042
0.191041
0.186796
0.142032
0.165037
0.165045
0.147033
0.164037
0.171041
0.169532
0.168957
0.167086
0.168695
0.167643
0.140031
0.173039
0.175124
0.171038
0.168037
0.167129
0.168036
0.167037
0.168037
0.169037
0.168037
0.170740
0.190618
0.189042
0.188041
0.191042
0.192322
0.154034
0.124027
0.151034
0.169382
0.168036
0.168326
0.169037
0.162036
0.162129
0.162036
0.155235
0.185450
0.175521
0.171038
0.170038
0.169037
0.171010
0.172202
0.170038
0.165551
0.173039
0.164036
0.164036
0.165036
0.163036
0.163036
0.165036
0.162036
0.193384
0.162036
0.163317
0.166037
0.224051
0.187117
0.183630
0.178242
0.133029
0.160033
0.132029
0.162334
0.162173
0.163036
0.163153
0.222049
0.185961
0.179039
0.171038
0.167037
0.135656
0.157035
0.133029
0.169037
0.177039
0.187041
0.163036
0.169915
0.147577
0.139755
0.136363
0.183290
0.207126
0.187041
0.188883
0.187425
0.190180
0.189143
0.180040
0.171717
0.170468
0.192685
0.130028
0.153034
0.161378
0.171038
0.150033
0.163774
0.164036
0.164036
0.223146
0.136030
0.159438
0.156035
0.132225
0.188042
0.164036
0.136029
0.185332
0.142294
0.168062
0.165850
0.137030
0.140335
0.155035
0.217048
0.186040
0.182040
0.162170
0.143113
0.138498
0.142031
0.164036
0.184041
0.179544
0.206370
0.176787
0.207483
0.192172
0.182492
0.177532
0.168209
0.186041
0.186673
0.184407
0.176039
0.168037
0.181273
0.182129
0.174234
0.166746
0.167472
0.169037
0.167037
0.162035
0.182040
0.178406
0.175132
0.172227
0.170038
0.168038
0.167191
0.165720
0.177039
0.182040
0.173038
0.169115
0.165113
0.166037
0.166036
0.180040
0.186041
0.189304
0.188042
0.185041
0.190042
0.187857
0.146033
0.127028
0.152043
0.170405
0.170037
0.171037
0.169037
0.170038
0.168037
0.165037
0.180086
0.190116
0.188042
0.187042
0.203046
0.190042
0.197615
0.186041
0.161095
0.137030
0.147174
0.163036
0.168293
0.169038
0.166037
0.166037
0.167197
0.168109
0.166975
0.169038
0.161035
0.175038
0.184041
0.182040
0.181351
0.217142
0.217048
0.212047
0.202457
0.152034
0.132029
0.140241
0.157035
0.179893
0.177594
0.181040
0.177039
0.172111
0.173040
0.166237
0.160569
0.181040
0.180040
0.181040
0.174038
0.173130
0.170038
0.170104
0.169038
0.167036
0.164036
0.177039
0.175039
0.169037
0.170046
0.166109
0.178690
0.179039
0.178040
0.175038
0.170037
0.175048
0.174269
0.168038
0.179040
0.178040
0.172039
0.171052
0.162351
0.181297
0.185109
0.197115
0.200728
0.135278
0.177048
0.143032
0.158140
0.182040
0.186041
0.184219
0.184973
0.188042
0.184041
0.183041
0.149588
0.135534
0.157035
0.155034
0.157034
0.156531
0.165292
0.160035
0.180040
0.183089
0.188042
0.164087
0.123027
0.160035
0.171037
0.160267
0.179040
0.184465
0.183041
0.153034
0.126210
0.134030
0.168932
0.186626
0.180800
0.143845
0.119450
0.147204
0.174039
0.176039
0.170038
0.160024
0.175130
0.184740
0.159381
0.129168
0.143332
0.154034
0.185040
0.157035
0.124028
0.147363
0.167037
0.166037
0.166434
0.166117
0.165036
0.166354
0.161036
0.179141
0.188565
0.152034
0.166038
0.164036
0.166037
0.168021
0.165036
0.166046
0.138357
0.143032
0.166149
0.162132
0.176039
0.185037
0.178607
0.180040
0.210047
0.212047
0.167037
0.153313
0.158881
0.166045
0.163102
0.163126
0.152034
0.182495
0.182040
0.085250
0.154429
0.178061
0.146032
0.172465
0.173039
0.171038
0.171038
0.165046
0.164751
0.165036
0.166101
0.134743
0.145032
0.162077
0.187109
0.160562
0.129028
0.142031
0.150261
0.160036
0.175039
0.175038
0.167046
0.167037
0.166037
0.166047
0.167193
0.139305
0.145021
0.161035
0.166038
0.167120
0.164132
0.158887
0.171038
0.170038
0.167047
0.167037
0.167038
0.168633
0.166037
0.167537
0.163036
0.177099
0.188830
0.189042
0.185041
0.187041
0.188040
0.162840
0.135311
0.143031
0.152034
0.167047
0.186544
0.188397
0.190042
0.166189
0.160035
0.141031
0.127212
0.171635
0.168037
0.168037
0.169038
0.168037
0.169038
0.167567
0.167037
0.169037
0.168996
0.166604
0.178233
0.177395
0.170038
0.169171
0.169037
0.176040
0.169613
0.171038
0.172408
0.172047
0.171038
0.173122
0.172063
0.172025
0.172045
0.173244
0.170615
0.181231
0.177866
0.174691
0.162729
0.177039
0.187041
0.160702
0.133029
0.148033
0.165036
0.169036
0.169037
0.167581
0.169082
0.168037
0.168037
0.168076
0.169142
0.168321
0.164571
0.180090
0.191056
0.187103
0.157122
0.128028
0.150904
0.168037
0.169038
0.158248
0.186649
0.190042
0.191100
0.189042
0.188041
0.183818
0.178513
0.182238
0.178039
0.178040
0.156045
0.139846
0.173548
0.176092
0.172038
0.168238
0.138570
0.163036
0.166037
0.166037
0.167037
0.167131
0.166037
0.167557
0.167037
0.162035
0.181209
0.189042
0.164420
0.141031
0.143031
0.145714
0.176039
0.187042
0.186158
0.186041
0.186042
0.188042
0.187520
0.188080
0.189042
0.162695
0.136030
0.143205
0.162369
0.166037
0.166047
0.168047
0.167037
0.167037
0.168037
0.167252
0.169038
0.168037
0.168151
0.161036
0.176510
0.185041
0.155145
0.142170
0.139031
0.124027
0.170038
0.170398
0.167037
0.168037
0.168037
0.169047
0.166687
0.170038
0.169037
0.169037
0.169037
0.168038
0.164044
0.177039
0.185041
0.185041
0.186041
0.189042
0.186041
0.186042
0.186041
0.185139
0.155968
0.142155
0.143031
0.149032
0.170424
0.169038
0.170102
0.168037
0.176524
0.174047
0.171038
0.171350
0.171791
0.164345
0.175039
0.189041
0.163036
0.138030
0.145490
0.162036
0.167057
0.167037
0.167037
0.166162
0.167078
0.168037
0.167037
0.167037
0.166037
0.168036
0.159185
0.179040
0.191043
0.149733
0.144032
0.141438
0.153034
0.173038
0.169038
0.169038
0.167037
0.168551
0.171038
0.167037
0.170046
0.169037
0.165037
0.180660
0.187042
0.186041
0.189042
0.185159
0.156035
0.143032
0.144032
0.146033
0.170038
0.182040
0.185542
0.186041
0.187775
0.185537
0.158997
0.166125
0.168037
0.168037
0.167037
0.166037
0.167554
0.135722
0.142708
0.154112
0.189042
0.186041
0.185041
0.185040
0.157586
0.141031
0.164037
0.168038
0.156474
0.163045
0.168037
0.168037
0.166113
0.167037
0.168175
0.156242
0.166037
0.167037
0.167231
0.166037
0.167695
0.167141
0.155034
0.180061
0.184041
0.146033
0.140373
0.145032
0.165585
0.166541
0.167037
0.166037
0.167135
0.167037
0.169037
0.168037
0.168117
0.168036
0.163379
0.184343
0.187042
0.186306
0.156735
0.123056
0.147712
0.167037
0.167160
0.169058
0.169038
0.168463
0.169037
0.168280
0.168037
0.170038
0.166028
0.178126
0.182468
0.144032
0.115525
0.161515
0.193144
0.187042
0.180816
0.144032
0.172038
0.170038
0.172747
0.178039
0.176039
0.176039
0.167037
0.134030
0.165959
0.168037
0.166497
0.167178
0.165036
0.166125
0.166974
0.167037
0.165255
0.167037
0.166699
0.167037
0.166556
0.167036
0.166037
0.167037
0.167037
0.167094
0.166501
0.168189
0.167037
0.168037
0.167091
0.167037
0.167037
0.168095
0.168037
0.165036
0.166037
0.166783
0.166037
0.167037
0.168037
0.170038
0.169059
0.167037
0.169077
0.169201
0.168037
0.167037
0.165988
0.167483
0.162518
0.178040
0.173322
0.171038
0.172411
0.168037
0.169115
0.167037
0.168037
0.170037
0.170222
0.169038
0.168037
0.169046
0.169038
0.170038
0.168037
0.167037
0.168037
0.171038
0.167473
0.169037
0.168236
0.168037
0.169258
0.170106
0.170038
0.169363
0.168715
0.168048
0.168734
0.168612
0.169235
0.170240
0.169038
0.170038
0.170038
0.170255
0.169103
0.167162
0.171743
0.168037
0.169037
0.166037
0.168119
0.166036
0.169469
0.168037
0.168372
0.166524
0.167036
0.168643
0.167037
0.167279
0.168037
0.169037
0.167357
0.168058
0.169037
0.168037
0.167037
0.168105
0.168037
0.168036
0.171038
0.168053
0.167037
0.169037
0.168934
0.168038
0.171038
0.168037
0.169038
0.169161
0.170037
0.169038
0.169037
0.168119
0.170037
0.171490
0.168425
0.170037
0.168036
0.170038
0.169135
0.170422
0.168037
0.174038
0.173038
0.167046
0.165730
0.169037
0.167669
0.168037
0.167037
0.167118
0.165568
0.167037
0.168046
0.169038
0.169136
0.169214
0.188215
0.183039
0.177039
0.170038
0.169437
0.172038
0.171188
0.173038
0.171303
0.171038
0.173038
0.168285
0.170038
0.169620
0.171037
0.172273
0.170228
0.171427
0.169037
0.170295
0.169366
0.183729
0.176598
0.161155
0.160511
0.165036
0.177040
0.177039
0.166536
0.168113
0.167046
0.167037
0.166537
0.167037
0.166397
0.167037
0.167037
0.168037
0.167037
0.168247
0.169467
0.167037
0.167037
0.168038
0.167036
0.168323
0.167037
0.166037
0.167037
0.169038
0.168171
0.168037
0.166115
0.167037
0.167037
0.167339
0.168038
0.169477
0.167037
0.168038
0.168037
0.168037
0.166036
0.167037
0.167037
0.167037
0.170037
0.168037
0.170038
0.170368
0.169049
0.171059
0.170038
0.169553
0.168805
0.171038
0.168088
0.170038
0.169037
0.169037
0.172390
0.169360
0.168046
0.170038
0.170102
0.170107
0.170037
0.169047
0.171038
0.168037
0.170038
0.167519
0.170047
0.167037
0.169115
0.170038
0.167084
0.167651
0.169098
0.168045
0.169133
0.169037
0.168037
0.167146
0.167037
0.168233
0.171038
0.167037
0.168182
0.168797
0.169037
0.168037
0.171037
0.167037
0.167719
0.167640
0.170047
0.169227
0.171188
0.167278
0.168037
0.169038
0.169037
0.169109
0.166037
0.169037
0.168311
0.169038
0.169108
0.169038
0.167037
0.168094
0.167811
0.169037
0.169406
0.167267
0.169037
0.168011
0.167037
0.168059
0.169037
0.169316
0.167510
0.167415
0.167037
0.168037
0.168037
0.168037
0.167847
0.169063
0.169037
0.168037
0.181509
0.166036
0.164381
0.153234
0.166037
0.168037
0.168057
0.167037
0.167485
0.167037
0.167046
0.166224
0.167037
0.166103
0.167037
0.167933
0.167114
0.167037
0.168173
0.167037
0.167251
0.165036
0.167036
0.167037
0.168037
0.166923
0.167497
0.166180
0.167037
0.167037
0.167037
0.166037
0.166286
0.167037
0.167085
0.166044
0.168037
0.167465
0.167125
0.167037
0.161247
0.172127
0.170038
0.171103
0.168037
0.168037
0.170038
0.169037
0.167299
0.169654
0.168036
0.167037
0.168455
0.168046
0.167047
0.166721
0.167037
0.166501
0.167037
0.168037
0.167425
0.168037
0.166037
0.167037
0.167037
0.167188
0.169201
0.168037
0.167112
0.163173
0.176039
0.172179
0.169038
0.169037
0.169038
0.169038
0.168077
0.167190
0.167492
0.168037
0.168103
0.168037
0.166046
0.167448
0.167037
0.167037
0.167047
0.167037
0.154034
0.167790
0.169410
0.168037
0.165056
0.178039
0.175039
0.170814
0.168037
0.168037
0.167243
0.169038
0.167216
0.168380
0.168037
0.167037
0.167037
0.167168
0.167037
0.167071
0.150826
0.170038
0.168037
0.169106
0.169467
0.168037
0.168037
0.167037
0.166037
0.168123
0.167160
0.168037
0.167037
0.168037
0.167037
0.167037
0.168038
0.167339
0.169037
0.158152
0.185040
0.186557
0.190042
0.190042
0.190443
0.189042
0.190737
0.188029
0.185041
0.187042
0.187248
0.188427
0.190473
0.186041
0.186041
0.183041
0.182147
0.181041
0.185041
0.187041
0.191100
0.194151
0.195050
0.194042
0.194322
0.191363
0.190101
0.193391
0.192043
0.194043
0.191043
0.194043
0.193516
0.194112
0.193043
0.189042
0.195043
0.191422
0.194226
0.192597
0.188502
0.186041
0.187657
0.180040
0.183041
0.182041
0.182040
0.187632
0.187041
0.197043
0.197043
0.193273
0.193043
0.196043
0.190732
0.189042
0.187039
0.188513
0.189041
0.190039
0.188041
0.190098
0.187469
0.182474
0.203045
0.195043
0.192043
0.189041
0.189479
0.188042
0.186042
0.188041
0.186041
0.188042
0.190042
0.185040
0.189042
0.188200
0.188573
0.186041
0.180040
0.177040
0.174039
0.173080
0.166037
0.166266
0.165036
0.166037
0.166037
0.167552
0.166144
0.166037
0.165036
0.165036
0.165717
0.166529
0.166037
0.166037
0.166161
0.165036
0.164036
0.166415
0.167037
0.166957
0.164036
0.168021
0.165113
0.168047
0.167037
0.167037
0.167037
0.167037
0.166221
0.167037
0.167723
0.168037
0.165036
0.166037
0.167037
0.167037
0.165037
0.166036
0.166162
0.141215
0.174495
0.171038
0.170038
0.168038
0.165036
0.165037
0.166646
0.166940
0.166497
0.166037
0.167115
0.165505
0.165418
0.166037
0.139306
0.079017
0.081018
0.079017
0.079000
0.079017
0.082018
0.081317
0.080016
0.081017
0.080017
0.079017
0.082016
0.082018
0.080018
0.080207
0.080017
0.079551
0.080956
0.094903
0.081925
0.087018
0.081549
0.081190
0.080174
0.078017
0.078204
0.076017
0.073596
0.076611
0.072587
0.076016
0.074478
0.078017
0.075855
0.074017
0.073016
0.072950
0.076016
0.076309
0.076539
0.073016
0.074016
0.073908
0.090314
0.074684
0.089937
0.074634
0.075289
0.075016
0.079129
0.074582
0.074407
0.072016
0.072016
0.075017
0.075109
0.076235
0.077904
0.076105
0.075268
0.072015
0.074018
0.075016
0.076019
0.076016
0.075208
0.076189
0.073146
0.075014
0.074961
0.074133
0.072424
0.074501
0.075654
0.073016
0.079836
0.081017
0.079548
0.079485
0.081226
0.075858
0.100718
0.086224
0.076743
0.080733
0.074074
0.076194
0.075243
0.075258
0.073059
0.076206
0.072405
0.075170
0.074231
0.082035
0.073290
0.075690
0.074265
0.074885
0.078775
0.072727
0.073519
0.074996
0.074820
0.074430
0.073145
0.074793
0.071244
0.073593
0.076160
0.075435
0.072664
0.074478
0.073883
0.076323
0.073245
0.078650
0.072693
0.092932
0.074102
0.072015
0.074017
0.073782
0.073932
0.075462
0.074039
0.073381
0.070483
0.073503
0.074017
0.074816
0.075109
0.072861
0.073058
0.075965
0.073130
0.075016
0.076409
0.080717
0.094021
0.091020
0.173088
0.174038
0.173038
0.170120
0.162406
0.182040
0.181039
0.181121
0.157093
0.174038
0.158001
0.162036
0.178039
0.172059
0.131029
0.140115
0.152034
0.167531
0.184041
0.177072
0.176008
0.154111
0.129029
0.160035
0.173038
0.159585
0.173038
0.188892
0.186413
0.186041
0.187041
0.158126
0.126119
0.140031
0.141539
0.164081
0.174038
0.189042
0.184516
0.184041
0.151974
0.137031
0.139132
0.116026
0.157310
0.178039
0.184041
0.148033
0.123296
0.150255
0.166037
0.166512
0.167037
0.171038
0.168037
0.169172
0.165920
0.168270
0.169074
0.170038
0.137031
0.152343
0.185511
0.153034
0.135105
0.141095
0.157043
0.163046
0.164410
0.165037
0.167314
0.170038
0.165036
0.167572
0.170038
0.163037
0.160036
0.183041
0.189144
0.162182
0.134030
0.140031
0.153056
0.169055
0.188042
0.131387
0.142155
0.143031
0.161692
0.189042
0.159547
0.129499
0.141031
0.157035
0.167037
0.169037
0.167620
0.168318
0.169037
0.168037
0.169038
0.168046
0.169037
0.163789
0.149404
0.177048
0.176702
0.173038
0.163580
0.165507
0.164036
0.163036
0.163110
0.162036
0.162129
0.149439
0.159184
0.156188
0.164057
0.155034
0.178039
0.184041
0.148034
0.117026
0.156034
0.153580
0.172038
0.170756
0.170102
0.169045
0.171038
0.169339
0.171189
0.167037
0.168037
0.168189
0.167665
0.167037
0.142220
0.154982
0.160043
0.157035
0.144032
0.189041
0.189802
0.167037
0.141084
0.141032
0.146762
0.168175
0.169037
0.165036
0.166641
0.168037
0.169037
0.168025
0.167327
0.167037
0.170208
0.169037
0.167036
0.154748
0.141858
0.159626
0.187041
0.183352
0.178047
0.158027
0.160036
0.159035
0.159035
0.166253
0.156035
0.163357
0.168037
0.168115
0.169037
0.167037
0.169415
0.167037
0.169038
0.165197
0.153034
0.147107
0.168449
0.171038
0.170038
0.169037
0.170037
0.169038
0.170232
0.170105
0.169046
0.170038
0.166174
0.188687
0.185297
0.185040
0.175092
0.172038
0.164036
0.164505
0.141032
0.180296
0.181040
0.174038
0.170119
0.166646
0.169037
0.168152
0.167045
0.168037
0.168038
0.168787
0.167712
0.162835
0.181078
0.186162
0.186041
0.186040
0.187042
0.185987
0.164036
0.138882
0.141032
0.142031
0.161577
0.185074
0.185062
0.157585
0.125806
0.142032
0.159035
0.183040
0.186061
0.190471
0.187041
0.185041
0.191042
0.187519
0.185041
0.186040
0.158035
0.126714
0.145199
0.165674
0.168037
0.166239
0.165035
0.165903
0.163036
0.165606
0.166036
0.166037
0.165037
0.166036
0.130028
0.168514
0.168037
0.169037
0.170038
0.169037
0.170157
0.164184
0.185041
0.185041
0.183041
0.180087
0.174447
0.166037
0.186041
0.181040
0.184041
0.183647
0.165529
0.168037
0.168037
0.179173
0.169206
0.191335
0.189075
0.180352
0.176518
0.188145
0.159035
0.162035
0.171038
0.162036
0.168037
0.165037
0.151976
0.160035
0.164036
0.164037
0.163036
0.164036
0.164605
0.163762
0.167538
0.146032
0.161558
0.163607
0.162854
0.161363
0.150710
0.164412
0.163036
0.163268
0.167511
0.183041
0.183040
0.178039
0.175039
0.171983
0.167037
0.181040
0.186042
0.160036
0.130028
0.145957
