1.930278
7.590356
0.173033
0.116025
0.154612
0.153034
0.154034
0.156094
0.161035
0.147453
0.161100
0.135030
0.170901
0.170038
0.162553
0.158691
0.164291
0.155443
0.162036
0.163618
0.156491
0.145162
0.158632
0.136954
0.156682
0.160728
0.164612
0.169957
0.168038
0.160160
0.136917
0.167156
0.163787
0.163721
0.168603
0.172504
0.172666
0.170356
0.172871
0.166034
0.167778
0.160611
0.155310
0.136565
0.129364
0.157819
0.158094
0.158410
0.155904
0.155140
0.155869
0.161036
0.164373
0.163882
0.159780
0.150040
0.151378
0.161374
0.163209
0.163762
0.158839
0.161769
0.153034
0.126355
0.116630
0.153906
0.156699
0.117535
0.158866
0.155713
0.157411
0.157178
0.158054
0.131010
0.158268
0.158143
0.125431
0.102313
0.140171
0.156480
0.155848
0.154900
0.159278
0.158853
0.125410
0.161456
0.162324
0.164343
0.169787
0.160327
0.167001
0.159065
0.152694
0.158614
0.157989
0.100785
0.158313
0.159053
0.160984
0.163132
0.169579
0.177199
0.168998
0.161696
0.156798
0.159135
0.161524
0.168975
0.174527
0.169052
0.161609
0.161622
0.162713
0.166414
0.178171
0.171249
0.160659
0.162080
0.160926
0.167048
0.194492
0.173038
0.159094
0.162871
0.162694
0.166077
0.177325
0.169796
0.159852
0.162087
0.162883
0.168097
0.179986
0.170309
0.161582
0.165070
0.165144
0.171553
0.175223
0.162036
0.162607
0.164916
0.166043
0.176529
0.172304
0.162569
0.159170
0.163136
0.166589
0.181857
0.169867
0.162216
0.163906
0.165369
0.169987
0.174249
0.163722
0.162012
0.163674
0.163588
0.171876
0.173421
0.163112
0.162151
0.164693
0.167484
0.177668
0.171231
0.164000
0.160063
0.164069
0.167059
0.170019
0.177827
0.168540
0.167233
0.167588
0.172934
0.180329
0.165648
0.168108
0.167827
0.182230
0.174589
0.162780
0.173897
0.180668
0.181282
0.171201
0.168632
0.179580
0.184759
0.172212
0.173258
0.175979
0.181740
0.169129
0.175219
0.180836
0.178987
0.173138
0.177221
0.184623
0.172774
0.179159
0.185812
0.173591
0.141285
0.174717
0.190899
0.170213
0.172338
0.179810
0.186827
0.168726
0.173056
0.178538
0.186434
0.173588
0.175132
0.190138
0.172523
0.171351
0.178607
0.187840
0.174057
0.173684
0.189531
0.172445
0.174037
0.192455
0.170102
0.171146
0.178140
0.182254
0.176011
0.176063
0.183900
0.173108
0.175891
0.177052
0.182167
0.168859
0.163902
0.168080
0.156371
0.172766
0.182316
0.165548
0.165796
0.169919
0.172907
0.182674
0.174370
0.181068
0.162848
0.168515
0.169137
0.170409
0.181733
0.165570
0.167585
0.165529
0.171461
0.177030
0.178320
0.166325
0.166968
0.167171
0.173375
0.185396
0.171873
0.168134
0.168372
0.175303
0.186310
0.168713
0.166431
0.166880
0.172034
0.184169
0.171120
0.162817
0.168451
0.169544
0.174039
0.182719
0.172339
0.180762
0.165037
0.165389
0.168078
0.171705
0.179164
0.177176
0.175678
0.170233
0.174438
0.184187
0.169842
0.172603
0.183353
0.174529
0.164405
0.168375
0.168120
0.173352
0.176271
0.176156
0.167935
0.167933
0.166938
0.170831
0.178148
0.176829
0.150176
0.162439
0.167945
0.170791
0.172288
0.170768
0.177879
0.176244
0.171701
0.167109
0.170656
0.173995
0.180181
0.168124
0.167071
0.167920
0.171263
0.176132
0.177162
0.165977
0.165224
0.167612
0.174038
0.177039
0.184128
0.174809
0.166182
0.169083
0.166589
0.173612
0.180722
0.174907
0.166492
0.168158
0.159008
0.174344
0.184642
0.174208
0.167887
0.165533
0.163286
0.172386
0.182779
0.172296
0.168344
0.168736
0.136042
0.169487
0.177187
0.176776
0.164804
0.166482
0.168346
0.172410
0.178514
0.182333
0.166880
0.165029
0.167110
0.174298
0.207723
0.167694
0.167037
0.181442
0.172637
0.184691
0.174921
0.166566
0.167757
0.168399
0.172745
0.179947
0.176802
0.167493
0.165105
0.166250
0.171972
0.155358
0.173011
0.181128
0.167767
0.171076
0.172977
0.183583
0.174855
0.167248
0.166653
0.166857
0.172691
0.179207
0.177191
0.166804
0.144898
0.169272
0.167899
0.173136
0.186644
0.175175
0.166671
0.167144
0.174032
0.183333
0.179142
0.167797
0.171398
0.171896
0.177572
0.180824
0.177129
0.168417
0.167608
0.170578
0.175631
0.178489
0.168033
0.169029
0.144491
0.172889
0.177622
0.182143
0.166899
0.167708
0.167208
0.172070
0.182914
0.165431
0.169415
0.166930
0.171923
0.185200
0.177656
0.167291
0.167734
0.169942
0.173899
0.186036
0.176161
0.166966
0.167507
0.172503
0.175149
0.182309
0.174257
0.168942
0.182534
0.185110
0.171323
0.167003
0.169211
0.166089
0.170784
0.174821
0.186277
0.174957
0.167152
0.165859
0.135238
0.169641
0.171480
0.179828
0.180492
0.170291
0.167413
0.171772
0.179971
0.178366
0.167706
0.167061
0.167752
0.153364
0.173795
0.178481
0.182766
0.177492
0.167245
0.168052
0.150549
0.170352
0.173098
0.187218
0.176934
0.166043
0.167804
0.144731
0.167429
0.174426
0.185951
0.166474
0.168056
0.168418
0.171615
0.177324
0.179805
0.168155
0.167875
0.168037
0.172261
0.179903
0.189470
0.165029
0.169591
0.171234
0.168139
0.198282
0.188502
0.175974
0.148339
0.168806
0.168545
0.173947
0.184713
0.182660
0.152015
0.168623
0.168535
0.173714
0.187209
0.176039
0.169181
0.170277
0.193756
0.182073
0.186486
0.169443
0.170542
0.178468
0.187089
0.176039
0.171113
0.170519
0.176160
0.179452
0.177094
0.170792
0.178009
0.189042
0.172530
0.166781
0.116026
0.167657
0.167143
0.174465
0.184670
0.176668
0.166173
0.131029
0.164194
0.183041
0.187238
0.177039
0.167299
0.166301
0.170040
0.203614
0.171540
0.169319
0.167562
0.169261
0.173330
0.186877
0.169130
0.174160
0.169265
0.196878
0.178852
0.169037
0.168038
0.176039
0.178317
0.185735
0.169038
0.170038
0.156387
0.173206
0.177040
0.187643
0.169024
0.167477
0.168656
0.173038
0.180737
0.179702
0.165037
0.163824
0.168189
0.172300
0.173971
0.180970
0.177501
0.165645
0.167857
0.171356
0.172841
0.186547
0.175222
0.168027
0.167048
0.181331
0.167878
0.166979
0.170271
0.177236
0.165514
0.167368
0.165991
0.149494
0.169664
0.162000
0.173445
0.178921
0.168023
0.168120
0.168028
0.126335
0.170061
0.179599
0.170976
0.166575
0.166634
0.167387
0.173553
0.176660
0.151762
0.167320
0.168329
0.168487
0.174215
0.185278
0.174010
0.166424
0.166681
0.167713
0.171832
0.176961
0.148588
0.168254
0.147970
0.167964
0.150531
0.169960
0.184278
0.174742
0.167810
0.168424
0.171173
0.181071
0.179587
0.166811
0.168342
0.167225
0.170357
0.166892
0.166806
0.138644
0.168410
0.172730
0.178907
0.181830
0.168252
0.167335
0.168781
0.178796
0.179345
0.167308
0.168185
0.168941
0.169891
0.183840
0.166274
0.167865
0.148884
0.168564
0.167560
0.171750
0.177113
0.183594
0.175413
0.169421
0.169370
0.172970
0.178330
0.179413
0.167943
0.168404
0.168003
0.169520
0.187030
0.173902
0.169211
0.169038
0.173154
0.153236
0.173192
0.174952
0.181407
0.167562
0.170258
0.168849
0.170148
0.174357
0.187344
0.174181
0.166702
0.170932
0.170590
0.173365
0.160863
0.168582
0.169916
0.172772
0.185502
0.176392
0.169011
0.170517
0.176830
0.183773
0.168317
0.169037
0.169355
0.172087
0.184371
0.176105
0.168509
0.177216
0.182469
0.170013
0.169605
0.167912
0.169322
0.177356
0.184261
0.168923
0.168964
0.169496
0.171173
0.176644
0.180369
0.169870
0.148714
0.168147
0.167658
0.184028
0.177293
0.169088
0.168795
0.168529
0.172636
0.183120
0.173187
0.169881
0.172648
0.177331
0.181155
0.169354
0.170023
0.174079
0.178437
0.180240
0.169282
0.170445
0.177462
0.184448
0.167336
0.168124
0.170319
0.173486
0.177764
0.180886
0.165712
0.170277
0.168618
0.170254
0.173709
0.180198
0.167504
0.168261
0.170193
0.181022
0.179414
0.168762
0.168924
0.170927
0.172295
0.181148
0.179442
0.170854
0.170294
0.172553
0.176367
0.182117
0.168866
0.167764
0.168155
0.170011
0.173388
0.185726
0.175409
0.170086
0.149643
0.168590
0.175143
0.186813
0.175509
0.168858
0.168862
0.170454
0.174081
0.187030
0.175038
0.169437
0.168990
0.168814
0.175766
0.184756
0.176841
0.138635
0.172418
0.171060
0.175708
0.177071
0.167670
0.168133
0.169885
0.173452
0.181380
0.168783
0.168017
0.149814
0.168522
0.181093
0.179360
0.155290
0.167306
0.169265
0.170513
0.174404
0.185180
0.175294
0.168976
0.169333
0.171203
0.176335
0.184680
0.176184
0.167339
0.165792
0.169414
0.172340
0.180746
0.169019
0.169184
0.167661
0.173452
0.177672
0.178622
0.169358
0.157600
0.170020
0.171561
0.185615
0.169614
0.166979
0.168665
0.172117
0.175562
0.187051
0.175403
0.167295
0.168247
0.169528
0.175120
0.177630
0.166470
0.170524
0.172846
0.182807
0.168988
0.171300
0.171047
0.173931
0.176570
0.168807
0.132661
0.167871
0.169699
0.186727
0.175324
0.168037
0.167361
0.170180
0.175347
0.165819
0.166449
0.175738
0.131016
0.167748
0.172518
0.180202
0.176435
0.168136
0.173712
0.169222
0.175191
0.182067
0.179160
0.169962
0.167964
0.172289
0.175730
0.180397
0.167892
0.169060
0.168568
0.170234
0.152760
0.172167
0.177966
0.181689
0.166420
0.168431
0.169236
0.169387
0.172712
0.182867
0.174156
0.169193
0.168486
0.169812
0.173204
0.176348
0.169425
0.170119
0.187567
0.175336
0.167897
0.166414
0.168677
0.173246
0.177422
0.185925
0.171323
0.170381
0.170048
0.173492
0.183242
0.180328
0.183472
0.175239
0.171287
0.174870
0.173615
0.178991
0.180741
0.169997
0.172922
0.179049
0.188211
0.169297
0.168669
0.171076
0.175552
0.187902
0.172017
0.170038
0.171307
0.183517
0.180512
0.170285
0.169535
0.173806
0.179350
0.182074
0.171211
0.169897
0.169404
0.175963
0.169472
0.172024
0.176288
0.180493
0.185633
0.168335
0.165791
0.169054
0.178318
0.189526
0.170489
0.170235
0.170038
0.171724
0.181144
0.187398
0.172361
0.176719
0.176923
0.186928
0.169143
0.170345
0.176402
0.186646
0.176110
0.168729
0.168341
0.178698
0.188435
0.176039
0.151301
0.170922
0.171704
0.175285
0.188556
0.175282
0.168605
0.170265
0.171542
0.175282
0.186623
0.178419
0.167995
0.167356
0.170222
0.174753
0.183314
0.176701
0.172736
0.168250
0.171500
0.175932
0.175038
0.167404
0.168705
0.167819
0.183720
0.169691
0.168762
0.171312
0.175655
0.185417
0.167941
0.170436
0.171837
0.169984
0.182291
0.185112
0.169834
0.169113
0.169892
0.173554
0.180389
0.181926
0.169645
0.166701
0.168743
0.168782
0.170926
0.175013
0.182386
0.184059
0.169487
0.169719
0.178079
0.184037
0.179772
0.170476
0.169332
0.185258
0.169940
0.179680
0.178577
0.183698
0.178162
0.169822
0.169576
0.177361
0.189960
0.175716
0.169995
0.170068
0.176156
0.189698
0.176335
0.146447
0.169122
0.171189
0.170519
0.186497
0.177065
0.170416
0.168845
0.172332
0.178387
0.182172
0.171021
0.169766
0.169975
0.152441
0.172938
0.153474
0.172992
0.167414
0.177816
0.178478
0.169753
0.169906
0.176720
0.189184
0.180309
0.169127
0.171089
0.173484
0.168593
0.177030
0.175624
0.170585
0.168935
0.170641
0.136518
0.171853
0.173448
0.182956
0.160011
0.168302
0.150422
0.167589
0.172867
0.178636
0.187144
0.171520
0.167122
0.171043
0.179057
0.185650
0.178861
0.170383
0.168593
0.174311
0.185293
0.171077
0.163897
0.156789
0.156812
0.158719
0.159112
0.159283
0.122575
0.158074
0.160561
0.159112
0.159644
0.160191
0.158228
0.157693
0.159030
0.164262
0.163669
0.178073
0.177553
0.174008
0.171215
0.159705
0.158713
0.157061
0.159219
0.159519
0.158178
0.157439
0.157948
0.159052
0.158036
0.159223
0.156647
0.157863
0.160093
0.141434
0.157941
0.157117
0.160102
0.160098
0.142406
0.158729
0.156219
0.159580
0.165157
0.164197
0.165639
0.164320
0.166355
0.163354
0.164179
0.164937
0.177699
0.171167
0.169811
0.165336
0.160228
0.156879
0.158977
0.138295
0.159104
0.157348
0.157720
0.140020
0.158681
0.159370
0.166224
0.165185
0.163349
0.176394
0.174447
0.174808
0.169554
0.168657
0.161260
0.156188
0.156180
0.158109
0.140509
0.155573
0.156946
0.134253
0.155296
0.157241
0.142908
0.155296
0.155839
0.155727
0.160432
0.161561
0.162415
0.160107
0.140940
0.154959
0.156740
0.158226
0.158022
0.155956
0.156837
0.157501
0.168456
0.123896
0.155847
0.156347
0.154473
0.160976
0.162491
0.172950
0.173228
0.174938
0.173054
0.174990
0.167553
0.158839
0.153222
0.153033
0.154688
0.156591
0.156994
0.136196
0.150761
0.153278
0.154935
0.155807
0.155933
0.086491
0.155189
0.151469
0.152741
0.155603
0.153014
0.155151
0.153654
0.135604
0.152198
0.153871
0.154513
0.157216
0.155493
0.153589
0.153794
0.154288
0.155255
0.145825
0.152988
0.154498
0.159863
0.160310
0.156035
0.158020
0.157279
0.156420
0.161743
0.163875
0.160718
0.159858
0.157872
0.158459
0.159448
0.157483
0.163017
0.170395
0.172789
0.165615
0.167899
0.164511
0.156188
0.153709
0.156256
0.155182
0.154314
0.154128
0.154523
0.155123
0.154526
0.154701
0.153407
0.153446
0.158311
0.173402
0.169554
0.164827
0.163282
0.157638
0.155957
0.155652
0.155015
0.153790
0.153242
0.152571
0.153523
0.154864
0.153255
0.152080
0.155013
0.156769
0.155906
0.155778
0.155582
0.153119
0.154344
0.154685
0.157748
0.154985
0.156790
0.156112
0.156875
0.157103
0.155206
0.138109
0.155155
0.152694
0.152578
0.155034
0.154571
0.136055
0.152436
0.131148
0.136172
0.155256
0.156778
0.154118
0.154445
0.132477
0.152444
0.154852
0.153106
0.156035
0.135079
0.153803
0.152149
0.153476
0.152741
0.154034
0.156654
0.155723
0.153683
0.153860
0.152962
0.153876
0.155172
0.152526
0.153421
0.154319
0.153548
0.136126
0.156374
0.153798
0.153833
0.154232
0.153295
0.153280
0.153252
0.154511
0.137979
0.155238
0.153946
0.150823
0.152907
0.158834
0.156832
0.163691
0.159029
0.159832
0.159971
0.158065
0.157105
0.157834
0.140724
0.153949
0.158997
0.158479
0.157003
0.156333
0.156234
0.156219
0.158777
0.160604
0.160378
0.158527
0.158794
0.139203
0.156199
0.135359
0.154324
0.153212
0.154443
0.152073
0.152146
0.156927
0.155125
0.160777
0.158496
0.155078
0.157192
0.162707
0.161172
0.159835
0.166696
0.168436
0.162745
0.178262
0.174025
0.177152
0.172668
0.172737
0.167153
0.162703
0.153317
0.154102
0.154635
0.155875
0.133999
0.154156
0.154016
0.154535
0.134118
0.156826
0.155320
0.153872
0.153005
0.153116
0.154788
0.156485
0.155902
0.159413
0.158014
0.157228
0.156075
0.162826
0.161226
0.161347
0.158131
0.167982
0.166957
0.176143
0.173545
0.173073
0.173290
0.164063
0.174013
0.168338
0.163730
0.158434
0.154154
0.155891
0.156826
0.154132
0.155269
0.155431
0.155432
0.156463
0.155508
0.156415
0.160616
0.161311
0.158477
0.156522
0.155756
0.161609
0.160849
0.161021
0.160482
0.168279
0.175702
0.177536
0.178129
0.173591
0.177895
0.174951
0.171596
0.160444
0.154162
0.153636
0.149481
0.160805
0.156724
0.154455
0.154359
0.155610
0.154362
0.154686
0.155134
0.155664
0.134348
0.154927
0.153888
0.155710
0.156144
0.153450
0.155506
0.136128
0.155681
0.154034
0.156307
0.166694
0.164319
0.161924
0.160011
0.165666
0.166008
0.177178
0.176348
0.176453
0.175297
0.169426
0.164927
0.156285
0.153923
0.153134
0.154504
0.153190
0.152868
0.152266
0.155543
0.151505
0.154866
0.156099
0.153696
0.152881
0.158269
0.154907
0.155756
0.136449
0.155280
0.153850
0.155542
0.138948
0.154846
0.154034
0.153612
0.155128
0.154651
0.155621
0.154464
0.156407
0.163141
0.161377
0.166408
0.169581
0.168355
0.167024
0.162708
0.142181
0.154060
0.162477
0.159804
0.160634
0.163593
0.162102
0.161501
0.161102
0.166926
0.163442
0.162451
0.175646
0.176243
0.174472
0.174016
0.172737
0.167213
0.163339
0.153708
0.154378
0.156091
0.156804
0.156437
0.155710
0.140657
0.155122
0.157550
0.161964
0.159523
0.159859
0.166357
0.168007
0.174870
0.156913
0.160333
0.160425
0.161141
0.125622
0.157726
0.156135
0.135228
0.154040
0.156358
0.155452
0.161743
0.157715
0.157847
0.174073
0.172727
0.176846
0.176896
0.174293
0.169828
0.168839
0.154766
0.177508
0.173898
0.167362
0.156198
0.154532
0.155478
0.156963
0.154280
0.155359
0.136020
0.153487
0.154130
0.155469
0.157331
0.154674
0.157709
0.158383
0.156840
0.164206
0.163621
0.164233
0.161972
0.175652
0.178414
0.174498
0.170135
0.167396
0.155750
0.156731
0.156865
0.156721
0.155427
0.137211
0.156785
0.156676
0.156223
0.160254
0.160476
0.159661
0.158921
0.158511
0.157842
0.156128
0.155624
0.156179
0.156693
0.156035
0.157901
0.160455
0.156738
0.157680
0.155836
0.160235
0.160744
0.159106
0.157366
0.157948
0.159001
0.137763
0.155215
0.146931
0.153034
0.155427
0.154689
0.156399
0.157807
0.160748
0.161450
0.168471
0.166322
0.147105
0.156539
0.165506
0.162387
0.160523
0.162167
0.157737
0.159120
0.160533
0.161800
0.160076
0.160308
0.160554
0.158988
0.158947
0.161761
0.161124
0.160923
0.134413
0.171412
0.165349
0.168421
0.167339
0.166571
0.178610
0.175487
0.186024
0.168164
0.146384
0.158316
0.157670
0.158766
0.158556
0.158853
0.166075
0.140837
0.161541
0.160897
0.171256
0.178976
0.176904
0.156523
0.158581
0.157824
0.160170
0.158484
0.177039
0.173758
0.176922
0.170037
0.160218
0.134345
0.158200
0.158036
0.157005
0.158567
0.155631
0.155248
0.157353
0.160412
0.158651
0.160052
0.159433
0.164354
0.164290
0.165519
0.177819
0.172506
0.169435
0.174855
0.175145
0.170315
0.159296
0.157215
0.156828
0.158925
0.158551
0.156368
0.138376
0.158696
0.157618
0.163139
0.163002
0.162393
0.162287
0.161036
0.127947
0.158730
0.158574
0.159871
0.158137
0.160399
0.148943
0.158263
0.160768
0.167344
0.167303
0.168011
0.175368
0.174922
0.156695
0.159103
0.158453
0.157838
0.157326
0.162211
0.157557
0.157587
0.156817
0.156898
0.157977
0.164441
0.163049
0.166351
0.173045
0.179252
0.172283
0.169629
0.164988
0.153454
0.162600
0.156775
0.160483
0.144011
0.158561
0.158830
0.155849
0.158006
0.139031
0.158398
0.156935
0.157333
0.158614
0.156215
0.159291
0.158540
0.173687
0.174309
0.176783
0.170629
0.166847
0.158730
0.155703
0.164002
0.140236
0.157405
0.127346
0.158730
0.164603
0.159141
0.159239
0.139761
0.158763
0.160668
0.157520
0.159186
0.160800
0.160325
0.160062
0.167122
0.165327
0.165139
0.177789
0.175651
0.172118
0.171291
0.167693
0.158005
0.157095
0.156907
0.158929
0.138502
0.158575
0.156810
0.158256
0.156513
0.162985
0.160378
0.163040
0.162843
0.164761
0.164256
0.175936
0.173831
0.171614
0.165286
0.168873
0.164844
0.155875
0.157090
0.156775
0.155898
0.156189
0.157825
0.156938
0.156210
0.158756
0.157619
0.157289
0.158211
0.164172
0.163230
0.161039
0.160976
0.162606
0.163165
0.161347
0.165002
0.163486
0.165280
0.166899
0.165028
0.163939
0.162179
0.162448
0.163118
0.163012
0.161416
0.162522
0.161819
0.161353
0.161407
0.164667
0.158316
0.155021
0.160063
0.136709
0.157569
0.157575
0.138619
0.157462
0.157922
0.159141
0.157945
0.158593
0.157924
0.156832
0.158726
0.160476
0.161666
0.167150
0.159687
0.156757
0.157764
0.157193
0.143898
0.157369
0.158120
0.156861
0.156206
0.157439
0.158857
0.158716
0.156483
0.156485
0.159356
0.159453
0.163418
0.174361
0.170847
0.171295
0.165780
0.161546
0.157137
0.159496
0.160184
0.157512
0.158199
0.157487
0.157671
0.158650
0.159580
0.164740
0.165477
0.178562
0.174790
0.156745
0.157236
0.160487
0.157205
0.158716
0.158396
0.158347
0.160953
0.160098
0.162019
0.163206
0.163154
0.160554
0.162064
0.165445
0.167186
0.167641
0.167536
0.176430
0.170883
0.171249
0.168591
0.158869
0.167055
0.158078
0.165815
0.159267
0.157197
0.160408
0.161749
0.158617
0.158890
0.159158
0.163570
0.135073
0.159401
0.158110
0.158227
0.165966
0.165950
0.167126
0.164749
0.176717
0.175609
0.167762
0.171275
0.169536
0.173979
0.170247
0.168091
0.160147
0.135759
0.159660
0.160518
0.158487
0.159716
0.157936
0.159776
0.162567
0.162523
0.162815
0.174412
0.178015
0.176044
0.171737
0.165954
0.158413
0.157317
0.122549
0.176182
0.173157
0.166980
0.161786
0.156232
0.159280
0.158565
0.158763
0.160411
0.158824
0.161924
0.160478
0.161643
0.162620
0.166251
0.175199
0.175434
0.175980
0.176573
0.174350
0.168704
0.163294
0.158314
0.158946
0.158679
0.164334
0.163910
0.164440
0.177149
0.173225
0.168295
0.162488
0.157717
0.158181
0.159548
0.160676
0.158113
0.157662
0.160390
0.159952
0.158657
0.160100
0.162253
0.162117
0.162899
0.163063
0.137636
0.160636
0.164016
0.162855
0.170304
0.179222
0.171971
0.172872
0.167242
0.158346
0.156636
0.156756
0.157513
0.159673
0.158756
0.157332
0.156971
0.137482
0.158961
0.139415
0.157934
0.158962
0.158598
0.157959
0.163931
0.163336
0.162062
0.163452
0.163851
0.164768
0.166533
0.165806
0.167794
0.178324
0.175412
0.169338
0.158560
0.159901
0.158405
0.158708
0.162151
0.161080
0.140658
0.158707
0.139622
0.158193
0.159770
0.161536
0.161182
0.165848
0.166305
0.167696
0.179491
0.175015
0.172163
0.166240
0.159971
0.157448
0.159524
0.159706
0.158716
0.137843
0.158624
0.159486
0.158166
0.157934
0.157349
0.159744
0.164611
0.164416
0.163376
0.176241
0.170642
0.173475
0.175275
0.171942
0.169029
0.164731
0.157751
0.157791
0.158226
0.160594
0.159706
0.159420
0.158653
0.158287
0.159090
0.159345
0.162516
0.162055
0.162896
0.162221
0.162084
0.162297
0.162646
0.171089
0.175215
0.177872
0.173865
0.172560
0.166094
0.158222
0.158797
0.159739
0.158777
0.158222
0.158897
0.158031
0.162541
0.163524
0.163313
0.162791
0.169586
0.167339
0.176443
0.171865
0.172400
0.168477
0.159212
0.159956
0.158671
0.163107
0.162584
0.162274
0.163555
0.163261
0.162803
0.162664
0.168448
0.167809
0.172218
0.180607
0.174025
0.170796
0.165343
0.158195
0.159902
0.160573
0.159040
0.160308
0.160539
0.165901
0.168484
0.166173
0.166830
0.167462
0.167179
0.169281
0.168074
0.167227
0.168417
0.179618
0.176455
0.171712
0.167961
0.163019
0.158751
0.161499
0.162263
0.163721
0.164041
0.177884
0.174834
0.167910
0.161000
0.161982
0.161270
0.161078
0.161613
0.160139
0.159930
0.164888
0.165217
0.177058
0.173412
0.171397
0.162527
0.161549
0.161182
0.161971
0.161510
0.141521
0.160291
0.162363
0.161711
0.164448
0.174953
0.170588
0.166179
0.160816
0.159396
0.162185
0.161962
0.163940
0.164467
0.172192
0.174700
0.173584
0.174233
0.161826
0.161633
0.161180
0.161723
0.163376
0.161771
0.163115
0.163200
0.165131
0.169572
0.155496
0.163734
0.163541
0.165426
0.176950
0.175086
0.175686
0.170020
0.160861
0.162906
0.159679
0.162007
0.164908
0.163182
0.170680
0.171479
0.179029
0.174970
0.171396
0.161726
0.160987
0.161962
0.161837
0.160954
0.162245
0.164870
0.168288
0.173813
0.178729
0.165047
0.160463
0.160468
0.136728
0.138763
0.160847
0.161963
0.159974
0.160722
0.161193
0.164004
0.161992
0.162130
0.159987
0.161983
0.145555
0.161403
0.163996
0.164117
0.171273
0.173306
0.176241
0.153658
0.165094
0.164301
0.167192
0.169753
0.168799
0.179070
0.175546
0.171041
0.163025
0.161933
0.161407
0.161807
0.161919
0.164887
0.164868
0.164231
0.175264
0.177110
0.173449
0.168223
0.155157
0.160544
0.152346
0.162008
0.161672
0.161935
0.161298
0.138799
0.160915
0.162622
0.162437
0.160797
0.161012
0.161629
0.161202
0.163630
0.164667
0.167369
0.178904
0.174934
0.168074
0.161885
0.166931
0.150655
0.175538
0.169348
0.161275
0.159606
0.161332
0.163405
0.162264
0.161791
0.163993
0.174057
0.176303
0.171225
0.169625
0.161810
0.160264
0.160858
0.163242
0.160465
0.161305
0.162775
0.165096
0.167055
0.169155
0.171353
0.176353
0.172452
0.169104
0.161577
0.160107
0.161205
0.160919
0.161678
0.161592
0.160328
0.164130
0.145899
0.160288
0.162432
0.164966
0.164143
0.172288
0.176012
0.176062
0.168793
0.160410
0.161066
0.160398
0.157178
0.161779
0.162803
0.163141
0.164637
0.164873
0.163782
0.165451
0.162980
0.164888
0.164895
0.166747
0.177623
0.174413
0.170672
0.162913
0.158816
0.161301
0.141038
0.161677
0.159794
0.160729
0.160074
0.142680
0.160680
0.161098
0.162140
0.160675
0.162758
0.165036
0.163715
0.165210
0.167393
0.167530
0.167591
0.180040
0.174628
0.161092
0.160612
0.161095
0.161134
0.142863
0.163046
0.161550
0.162819
0.169487
0.170787
0.174329
0.177527
0.157400
0.176040
0.172044
0.162675
0.160907
0.149107
0.164764
0.160893
0.141296
0.159035
0.160867
0.160401
0.163401
0.164318
0.171927
0.179581
0.174965
0.169911
0.159327
0.158880
0.161726
0.163065
0.159541
0.166385
0.172340
0.169508
0.156478
0.075120
0.076782
0.077679
0.077510
0.075039
0.072453
0.072532
0.077898
0.075059
0.076493
0.077685
0.076501
0.075739
0.077981
0.079017
0.077945
0.080018
0.072791
0.073732
0.089824
0.076017
0.082018
0.076026
0.076101
0.074865
0.071523
0.072016
0.071490
0.072108
0.070033
0.080142
0.071754
0.072986
0.077078
0.072391
0.072090
0.072015
0.070408
0.072316
0.072563
0.071490
0.070920
0.070992
0.070839
0.073937
0.073636
0.071440
0.070602
0.071164
0.071035
0.070111
0.071794
0.072016
0.071246
0.082775
0.073634
0.072032
0.071778
0.072016
0.072088
0.071179
0.072943
0.071016
0.069245
0.070032
0.070876
0.078126
0.071188
0.071855
0.071492
0.071375
0.072897
0.073080
0.071951
0.073017
0.070017
0.073056
0.070032
0.071169
0.072016
0.070634
0.071057
0.071015
0.072414
0.070016
0.071521
0.072460
0.070275
0.072016
0.071015
0.072117
0.070521
0.073122
0.072018
0.077725
0.070016
0.076122
0.071764
0.070632
0.071017
0.071418
0.087668
0.071227
0.076262
0.073016
0.072839
0.071106
0.070190
0.070938
0.070878
0.074666
0.073131
0.072925
0.069496
0.070880
0.076293
0.074419
0.102749
0.073067
0.075231
0.072228
0.071919
0.072015
0.069012
0.070370
0.071995
0.071015
0.073459
0.077527
0.073628
0.071052
0.087019
0.074025
0.071147
0.072596
0.070444
0.073811
0.070941
0.071675
0.094047
0.082017
0.089020
0.080199
0.154034
0.163457
0.124027
0.152116
0.126028
0.131029
0.168500
0.176260
0.156226
0.129134
0.152033
0.150788
0.151033
0.115794
0.150033
0.148120
0.119972
0.148478
0.138638
0.170595
0.134361
0.152034
0.152034
0.152034
0.168037
0.176039
0.182040
0.169899
0.166202
0.163436
0.158547
0.157540
0.157187
0.157454
0.152933
0.152072
0.152079
0.158038
0.153771
0.177039
0.175189
0.168156
0.158247
0.148033
0.143032
0.142270
0.140860
0.142260
0.143551
0.138337
0.145032
0.153034
0.158035
0.159286
0.163323
0.161881
0.178028
0.171037
0.158565
0.149033
0.141454
0.144082
0.143139
0.142493
0.139031
0.139033
0.151795
0.153883
0.157110
0.158601
0.144032
0.141031
0.139512
0.139211
0.123027
0.143032
0.141749
0.145032
0.155194
0.158370
0.163036
0.166037
0.164388
0.165410
0.166409
0.167037
0.173413
0.174038
0.168038
0.162228
0.151033
0.143032
0.141130
0.115049
0.142406
0.154034
0.157341
0.164296
0.163036
0.165291
0.168288
0.171128
0.173123
0.176407
0.174039
0.168744
0.156389
0.148033
0.141397
0.141496
0.143032
0.139031
0.139032
0.161035
0.140179
0.141141
0.153154
0.160458
0.166061
0.165036
0.164101
0.167228
0.169038
0.172802
0.173127
0.167320
0.150189
0.140180
0.140031
0.139493
0.136901
0.136095
0.166227
0.171112
0.174831
0.160693
0.145746
0.140031
0.139031
0.140168
0.138639
0.145231
0.153113
0.160035
0.164037
0.165037
0.165900
0.171037
0.176039
0.165132
0.150126
0.129029
0.139557
0.138566
0.139379
0.147033
0.155031
0.161131
0.165036
0.167651
0.175039
0.179040
0.167036
0.150032
0.140592
0.138185
0.138260
0.135769
0.145883
0.156500
0.160080
0.174400
0.158140
0.143032
0.137030
0.136030
0.138031
0.137191
0.146580
0.155034
0.164036
0.166297
0.166039
0.168863
0.171038
0.175209
0.161113
0.148132
0.138835
0.137846
0.118268
0.154149
0.158049
0.166323
0.172418
0.173234
0.159097
0.144032
0.138031
0.137030
0.137156
0.141032
0.156034
0.160091
0.164037
0.165158
0.171494
0.175407
0.168202
0.147662
0.118026
0.136030
0.137030
0.136030
0.144859
0.157009
0.163282
0.163964
0.165121
0.173094
0.155971
0.141261
0.129521
0.137030
0.136142
0.154034
0.159935
0.162036
0.167037
0.169377
0.162097
0.144032
0.137030
0.136363
0.135030
0.138898
0.156034
0.164486
0.164130
0.168193
0.178075
0.167122
0.147174
0.136120
0.134030
0.135252
0.144895
0.136880
0.136269
0.132575
0.164558
0.170226
0.177821
0.162400
0.143184
0.136030
0.133083
0.136462
0.143032
0.159109
0.164468
0.169102
0.172569
0.168154
0.150033
0.135031
0.134144
0.134030
0.146138
0.155035
0.177039
0.164147
0.141242
0.136121
0.134030
0.133218
0.145032
0.162036
0.164170
0.170237
0.154033
0.172155
0.170201
0.144350
0.136029
0.134355
0.135030
0.142111
0.154035
0.163198
0.169187
0.177485
0.164215
0.140301
0.135090
0.133523
0.132155
0.147531
0.157235
0.161157
0.142032
0.154849
0.161035
0.165037
0.165521
0.171058
0.174038
0.174038
0.158035
0.103543
0.137030
0.152033
0.160036
0.160036
0.165037
0.165092
0.165441
0.171038
0.172038
0.175375
0.174347
0.159789
0.140676
0.134073
0.136135
0.135586
0.144031
0.153348
0.156034
0.158035
0.143436
0.135593
0.136029
0.136420
0.135061
0.154197
0.156035
0.159736
0.136257
0.146032
0.158517
0.165311
0.164461
0.166108
0.168101
0.172038
0.174096
0.158035
0.107435
0.134116
0.151126
0.160115
0.160035
0.163083
0.166037
0.170181
0.176209
0.164137
0.152033
0.137341
0.134502
0.140368
0.151513
0.151772
0.153442
0.154599
0.152033
0.125351
0.160503
0.158209
0.154517
0.153170
0.153679
0.153195
0.154480
0.152552
0.152561
0.153033
0.153579
0.153034
0.152362
0.155160
0.153030
0.152128
0.151803
0.122323
0.156035
0.152190
0.152618
0.152678
0.152175
0.153417
0.154489
0.152655
0.155034
0.154131
0.155300
0.153034
0.153195
0.153185
0.152857
0.151450
0.135279
0.145290
0.152212
0.153831
0.155128
0.154034
0.155034
0.154442
0.154137
0.154034
0.153238
0.153265
0.153816
0.154150
0.135271
0.153139
0.151108
0.153098
0.154034
0.124873
0.154084
0.151180
0.154635
0.153491
0.151913
0.153138
0.153034
0.154033
0.152948
0.153111
0.157035
0.153246
0.153035
0.153034
0.154222
0.160118
0.156453
0.133276
0.152749
0.152133
0.152034
0.154100
0.154193
0.156035
0.154034
0.154033
0.156032
0.171425
0.174100
0.178039
0.179391
0.179365
0.176121
0.175379
0.177166
0.173038
0.177039
0.175206
0.179455
0.178039
0.179235
0.178040
0.179039
0.179845
0.174204
0.168037
0.167459
0.161473
0.160754
0.159036
0.156523
0.154104
0.151139
0.168248
0.167955
0.166875
0.164507
0.163127
0.159035
0.157035
0.157694
0.155129
0.155358
0.154033
0.154034
0.153494
0.153238
0.153198
0.155116
0.152711
0.156034
0.168070
0.169557
0.165037
0.158238
0.159035
0.154035
0.154236
0.153634
0.153574
0.156119
0.153034
0.150270
0.154034
0.151075
0.152146
0.155034
0.150894
0.125128
0.152161
0.153036
0.152599
0.145712
0.159155
0.154034
0.154430
0.153507
0.150306
0.154568
0.151658
0.153034
0.153610
0.150803
0.153272
0.155035
0.153034
0.112479
0.151033
0.154174
0.153381
0.153579
0.153388
0.156034
0.153512
0.153226
0.153198
0.162193
0.157949
0.157098
0.156120
0.139031
0.154285
0.154118
0.151343
0.130591
0.152454
0.150327
0.153533
0.154148
0.154552
0.152341
0.152665
0.151583
0.153196
0.157396
0.153052
0.180163
0.177796
0.178039
0.179143
0.175039
0.179039
0.156066
0.159035
0.157221
0.153696
0.155309
0.157217
0.155035
0.154668
0.155111
0.133937
0.155100
0.154312
0.135788
0.155113
0.153590
0.152509
0.153439
0.151583
0.126868
0.152034
0.154145
0.154461
0.151932
0.153034
0.153363
0.155035
0.153034
0.153034
0.153693
0.155112
0.155122
0.153683
0.153768
0.154224
0.153035
0.155033
0.130103
0.155211
0.153110
0.154034
0.154101
0.134708
0.153034
0.135604
0.151913
0.153384
0.153496
0.152340
0.153369
0.156093
0.154076
0.152771
0.152624
0.152549
0.127301
0.152034
0.154478
0.152519
0.152046
0.155590
0.154651
0.154034
0.155295
0.156034
0.154319
0.161481
0.158035
0.160258
0.158035
0.157166
0.156034
0.157035
0.114438
0.154034
0.153034
0.154034
0.156283
0.155120
0.155292
0.158187
0.157359
0.156034
0.153166
0.152627
0.153031
0.154034
0.155290
0.154344
0.154182
0.155119
0.143723
0.154461
0.155778
0.152034
0.153034
0.154176
0.154686
0.154364
0.155102
0.155221
0.155131
0.156379
0.155276
0.161545
0.159200
0.158074
0.156035
0.155035
0.138846
0.154625
0.156034
0.154561
0.155193
0.156035
0.155011
0.155684
0.154961
0.154065
0.154139
0.155488
0.155457
0.155034
0.157035
0.156089
0.166335
0.164444
0.135010
0.154340
0.136261
0.153034
0.153034
0.152064
0.152392
0.153034
0.152275
0.153034
0.134504
0.151172
0.153082
0.152738
0.153014
0.154644
0.153033
0.146058
0.145211
0.168336
0.163584
0.158035
0.159133
0.159036
0.158462
0.154658
0.153212
0.155034
0.153095
0.154195
0.154034
0.152365
0.151683
0.155118
0.134739
0.155035
0.144634
0.179826
0.177060
0.178039
0.179039
0.178336
0.157034
0.156080
0.153390
0.154441
0.154327
0.158035
0.156035
0.154441
0.149318
0.162036
0.159034
0.154215
0.139030
0.153519
0.151033
0.153526
0.154013
0.156167
0.152306
0.153493
0.153288
0.153520
0.154198
0.154171
0.154139
0.154245
0.151033
0.154034
0.151223
0.154034
0.149927
0.161096
0.156265
0.155126
0.154446
0.154428
0.155203
0.154294
0.153587
0.154034
0.154034
0.155035
0.152479
0.155034
0.153517
0.154273
0.148571
0.154235
0.134900
0.153182
0.154178
0.153034
0.154467
0.154082
0.155034
0.154500
0.130944
0.178931
0.167345
0.165037
0.163130
0.163172
0.158286
0.159368
0.155035
0.154199
0.151561
0.167620
0.161242
0.159686
0.156098
0.152489
0.165077
0.162036
0.159676
0.154353
0.155034
0.153034
0.154034
0.155034
0.154752
0.134104
0.153753
0.155319
0.141273
0.179040
0.179355
0.178768
0.179070
0.179590
0.179521
0.179039
0.179027
0.177114
0.176337
0.178277
0.180532
0.178487
0.177209
0.177039
0.163036
0.163103
0.157206
0.170038
0.167511
0.162036
0.156344
0.165425
0.161962
0.153358
0.153370
0.157370
0.158441
0.161036
0.161449
0.158245
0.158118
0.158115
0.136115
0.153303
0.129028
0.155034
0.132922
0.153592
0.152262
0.164037
0.162964
0.162711
0.164037
0.158035
0.143457
0.152605
0.153169
0.151230
0.153538
0.154034
0.155221
0.153888
0.116026
0.153323
0.152034
0.154034
0.148033
0.155034
0.153034
0.149675
0.149507
0.149751
0.152757
0.142410
0.153073
0.152220
0.140031
0.173038
0.172405
0.162036
0.159035
0.159035
0.154144
0.153256
0.154036
0.152034
0.150112
0.150990
0.151917
0.153817
0.149033
0.151408
0.153350
0.154034
0.151734
0.152384
0.152070
0.152061
0.143762
0.157839
0.151399
0.168805
0.164776
0.162036
0.155035
0.154104
0.154809
0.153580
0.152105
0.154034
0.152355
0.150676
0.151531
0.153188
0.149405
0.150204
0.119425
0.151034
0.151509
0.149515
0.149924
0.150947
0.150593
0.151645
0.150216
0.150044
0.150262
0.150033
0.150033
0.152034
0.148207
0.150446
0.148735
0.147032
0.131029
0.171800
0.148332
0.149169
0.149255
0.151249
0.152157
0.150718
0.150723
0.147982
0.149765
0.150379
0.150862
0.151727
0.152222
0.151527
0.147255
0.150033
0.138717
0.151037
0.153034
0.150301
0.153765
0.151033
0.151719
0.148191
0.149691
0.149675
0.151250
0.150904
0.151568
0.149662
0.151109
0.149033
0.151450
0.132037
0.152891
0.166911
0.161036
0.161170
0.156461
0.150433
0.152452
0.151309
0.149993
0.152034
0.151027
0.150033
0.149367
0.150033
0.149033
0.150363
0.149287
0.150033
0.141032
0.157483
0.153034
0.153034
0.147091
0.161766
0.158111
0.155360
0.150836
0.163036
0.165096
0.152553
0.150134
0.151432
0.152369
0.156293
0.152033
0.151722
0.144032
0.149284
0.149401
0.156261
0.151606
0.149076
0.147749
0.151037
0.156064
0.154836
0.150608
0.151969
0.152524
0.152097
0.152373
0.153439
0.153595
0.145282
0.134171
0.151208
0.151165
0.150387
0.151305
0.151033
0.151935
0.152429
0.151358
0.151875
0.151263
0.152934
0.152920
0.152326
0.151246
0.152575
0.151608
0.152427
0.125722
0.150494
0.151212
0.150125
0.138649
0.152434
0.149392
0.152261
0.150433
0.151706
0.153035
0.153108
0.151033
0.141146
0.155034
0.154034
0.152033
0.151034
0.152034
0.154853
0.155034
0.152034
0.152478
0.149148
0.152033
0.154034
0.153085
0.151896
0.153112
0.151756
0.150973
0.149781
0.148299
0.152561
0.150744
0.151900
0.139705
0.153341
0.153955
0.153035
0.153034
0.151370
0.152482
0.153544
0.151374
0.153034
0.151296
0.152261
0.150318
0.151012
0.151926
0.151469
0.151034
0.150139
0.117026
0.171778
0.159683
0.157211
0.153174
0.152210
0.152034
0.156034
0.154000
0.153430
0.153034
0.153034
0.152034
0.154009
0.151743
0.153571
0.152034
0.152429
0.137215
0.156840
0.163253
0.160092
0.154387
0.154189
0.152675
0.153110
0.153773
0.152671
0.153145
0.134172
0.152612
0.154903
0.154265
0.153077
0.155824
0.152204
0.124383
0.152600
0.151699
0.149658
0.154034
0.133632
0.153034
0.152334
0.154034
0.153034
0.153033
0.153214
0.152858
0.153069
0.154034
0.152442
0.154358
0.150151
0.148032
0.153505
0.153204
0.154625
0.152460
0.152034
0.152034
0.150454
0.152034
0.151033
0.152022
0.151122
0.152177
0.152033
0.151033
0.151033
0.151803
0.153034
0.124917
0.152454
0.152117
0.153144
0.154034
0.152467
0.151033
0.152501
0.153033
0.152186
0.150228
0.153368
0.154034
0.152073
0.152142
0.152034
0.153028
0.151079
0.142479
0.154034
0.134298
0.152559
0.151041
0.153245
0.154034
0.153034
0.152034
0.154034
0.152032
0.153464
0.154034
0.151405
0.169037
0.167146
0.172038
0.179656
0.178039
0.176038
0.179411
0.169038
0.163370
0.153034
0.155034
0.153034
0.154742
0.154034
0.155034
0.153034
0.152599
0.154064
0.156308
0.154673
0.152034
0.140031
0.153141
0.152721
0.154034
0.154117
0.153470
0.153960
0.153750
0.153148
0.161478
0.158322
0.155302
0.153527
0.153121
0.160036
0.158178
0.156034
0.154034
0.111668
0.153967
0.151695
0.153034
0.151336
0.153744
0.151863
0.152000
0.154034
0.153034
0.154498
0.152397
0.154035
0.154034
0.152791
0.153109
0.153280
0.153034
0.140181
0.152450
0.151353
0.154034
0.153034
0.153839
0.151033
0.152807
0.151911
0.154360
0.149598
0.152809
0.153363
0.151156
0.153268
0.152027
0.152852
0.151524
0.132915
0.152470
0.153146
0.154149
0.151206
0.154924
0.152250
0.153166
0.152933
0.152922
0.150033
0.151033
0.151034
0.153382
0.153034
0.152033
0.153337
0.153034
0.137031
0.151444
0.152496
0.153034
0.151075
0.152286
0.149901
0.151333
0.146331
0.160692
0.150926
0.152034
0.151997
0.153536
0.152712
0.152798
0.149217
0.150141
0.120465
0.151893
0.150664
0.153089
0.148863
0.151043
0.149050
0.151532
0.155035
0.153152
0.153016
0.150486
0.150540
0.155227
0.156325
0.148683
0.158920
0.156000
0.149002
0.161175
0.158035
0.155260
0.152034
0.153623
0.156035
0.153824
0.148314
0.146623
0.148814
0.151337
0.151483
0.152540
0.150985
0.153105
0.151568
0.150340
0.151926
0.166305
0.146774
0.156764
0.159925
0.155425
0.156616
0.151034
0.147032
0.146032
0.165037
0.151033
0.149971
0.154737
0.153792
0.148952
0.151204
0.150612
0.141171
0.154582
0.153004
0.153825
0.152662
0.154034
0.151929
0.153902
0.152498
0.152919
0.152033
0.154109
0.153033
0.154034
0.152251
0.153033
0.154034
0.153707
0.136030
0.153167
0.152186
0.155262
0.153119
0.154364
0.154034
0.155320
0.155034
0.155056
0.153134
0.155546
0.153202
0.157035
0.157035
0.158035
0.158035
0.158036
0.118026
0.156088
0.156034
0.156358
0.156034
0.155778
0.154207
0.152034
0.153034
0.152034
0.151033
0.154164
0.153076
0.153033
0.151226
0.152005
0.151202
0.151139
0.102541
0.159539
0.157526
0.154599
0.153430
0.152520
0.152790
0.157514
0.154034
0.151034
0.157035
0.154604
0.158578
0.160034
0.155035
0.154042
0.153890
0.148198
0.136030
0.153034
0.153206
0.155836
0.155958
0.153787
0.157034
0.154347
0.153063
0.152033
0.153297
0.158036
0.160045
0.152439
0.155929
0.158028
0.151181
0.150286
0.138865
0.152034
0.137031
0.153033
0.153034
0.149763
0.151035
0.151033
0.154034
0.153034
0.153033
0.157035
0.156262
0.154034
0.160036
0.156034
0.155034
0.152114
0.146431
0.153237
0.151033
0.152034
0.149033
0.148033
0.152078
0.152303
0.149033
0.152141
0.152045
0.160036
0.154034
0.153046
0.153033
0.153034
0.151330
0.150033
0.137030
0.151824
0.153034
0.151033
0.153165
0.151671
0.153286
0.149800
0.147032
0.151034
0.149033
0.157309
0.155034
0.154531
0.153034
0.152033
0.154056
0.152277
0.137220
0.156220
0.150033
0.149033
0.148033
0.151034
0.151033
0.153034
0.160096
0.147032
0.149033
0.151601
0.152880
0.150034
0.151513
0.152122
0.151033
0.150235
0.126009
0.150033
0.150033
0.149375
0.151607
0.152034
0.150033
0.155035
0.148493
0.148033
0.151033
0.162036
0.157035
0.154034
0.153067
0.150136
0.153455
0.152326
0.099452
0.151034
0.151033
0.150033
0.152034
0.150034
0.151033
0.149033
0.152034
0.147234
0.149034
0.152034
0.117266
0.159473
0.149661
0.150147
0.151140
0.151034
0.139031
0.167037
0.157888
0.151664
0.150033
0.153033
0.151110
0.153155
0.151737
0.151033
0.150716
0.151229
0.153034
0.150092
0.151034
0.151033
0.150033
0.151325
0.141972
0.161358
0.156034
0.155194
0.149033
0.149279
0.153267
0.152468
0.151497
0.154565
0.153964
0.159133
0.153033
0.153034
0.154034
0.155219
0.153265
0.154275
0.130039
0.155034
0.154475
0.153035
0.150643
0.151204
0.152064
0.150666
0.152033
0.151317
0.152034
0.153502
0.151768
0.152466
0.152678
0.150033
0.151075
0.152125
0.129309
0.153770
0.153043
0.150033
0.150033
0.149904
0.152034
0.152172
0.149379
0.149986
0.153043
0.151754
0.153467
0.152033
0.154221
0.153035
0.147266
0.147684
0.124988
0.150033
0.151034
0.151051
0.154490
0.152034
0.153483
0.151222
0.151241
0.153033
0.152549
0.150033
0.152749
0.152196
0.152034
0.153241
0.150033
0.150256
0.132224
0.152034
0.151175
0.153034
0.152186
0.152154
0.152034
0.152032
0.127660
0.151032
0.152465
0.153635
0.153079
0.154542
0.152493
0.153536
0.152033
0.153177
0.112331
0.154425
0.154471
0.156101
0.154034
0.151034
0.153034
0.154358
0.150033
0.153033
0.150033
0.155462
0.154088
0.151577
0.153423
0.154034
0.154423
0.153496
0.136754
0.152996
0.152360
0.154034
0.147033
0.152278
0.150661
0.153192
0.153786
0.154520
0.152034
0.157515
0.159036
0.154521
0.153034
0.181039
0.180039
0.180388
0.179206
0.174246
0.178256
0.179041
0.187545
0.177596
0.176528
0.173531
0.170106
0.168037
0.157346
0.148703
0.152034
0.153382
0.148166
0.139894
0.152034
0.128677
0.150656
0.149033
0.152034
0.151033
0.150178
0.148033
0.150393
0.149033
0.152366
0.149363
0.149033
0.149652
0.150033
0.150772
0.151033
0.150032
0.152033
0.125028
0.154034
0.150033
0.152033
0.152034
0.153034
0.151304
0.151618
0.151429
0.151466
0.141573
0.165036
0.152547
0.149043
0.153430
0.156079
0.134408
0.178374
0.181200
0.155035
0.150436
0.153120
0.151480
0.151033
0.153325
0.156283
0.154323
0.154035
0.153034
0.154363
0.156034
0.156034
0.155039
0.152176
0.154034
0.149035
0.152034
0.135030
0.153085
0.152889
0.152034
0.152097
0.153325
0.152164
0.152305
0.154034
0.186631
0.184053
0.180557
0.155044
0.153912
0.166037
0.154593
0.157034
0.146032
0.156667
0.156179
0.152033
0.154034
0.155034
0.153718
0.151288
0.152183
0.160455
0.153034
0.157163
0.159035
0.162036
0.150033
0.152586
0.153034
0.157035
0.150812
0.181040
0.178352
0.180458
0.176123
0.180039
0.176187
0.180040
0.178250
0.177580
0.176737
0.174985
0.171232
0.171038
0.159367
0.160198
0.159184
0.158375
0.150034
0.164527
0.160037
0.159035
0.159035
0.156035
0.152951
0.155304
0.155034
0.154930
0.156370
0.176039
0.179054
0.177039
0.177039
0.177039
0.177119
0.179428
0.178039
0.137030
0.151033
0.149033
0.150033
0.148447
0.156034
0.152033
0.150033
0.150509
0.153034
0.150106
0.156035
0.133051
0.152033
0.151034
0.152033
0.153059
0.151620
0.137068
0.152034
0.154034
0.152532
0.145438
0.154158
0.155685
0.153508
0.152173
0.153562
0.151034
0.149032
0.154035
0.150033
0.153034
0.155033
0.151033
0.151662
0.140031
0.149032
0.152034
0.150479
0.156033
0.153414
0.158035
0.156035
0.152034
0.149033
0.154034
0.151867
0.153034
0.154034
0.154034
0.152034
0.150033
0.152594
0.142366
0.152034
0.152034
0.151033
0.151033
0.151033
0.152034
0.152034
0.153033
0.154034
0.153185
0.152485
0.151562
0.161037
0.159036
0.141341
0.150033
0.152034
0.133121
0.154034
0.152295
0.151057
0.152034
0.154034
0.138362
0.151033
0.145032
0.154034
0.151033
0.150033
0.152034
0.151034
0.151242
0.150033
0.153851
0.156034
0.151127
0.159469
0.153034
0.153034
0.155034
0.154034
0.150033
0.148448
0.151033
0.153034
0.153034
0.149033
0.148796
0.153087
0.151501
0.156035
0.152005
0.152298
0.139094
0.156910
0.153200
0.153063
0.153608
0.155154
0.153034
0.152338
0.154842
0.154032
0.154035
0.154780
0.152034
0.151032
0.150435
0.152034
0.152034
0.151034
0.142031
0.153033
0.153799
0.153201
0.153034
0.153034
0.151035
0.153686
0.154317
0.155034
0.146277
0.158035
0.153034
0.154129
0.154412
0.153034
0.154034
0.151712
0.142031
0.154034
0.149229
0.151127
0.150033
0.149033
0.151486
0.152033
0.150033
0.149758
0.152401
0.152845
0.154889
0.152461
0.159754
0.158997
0.159035
0.150033
0.095111
0.182040
0.181040
0.178644
0.178216
0.179849
0.179547
0.177038
0.178131
0.176079
0.181539
0.180457
0.178039
0.177244
0.177060
0.177616
0.179525
0.178787
0.179684
0.177737
0.178039
0.177039
0.176343
0.179697
0.179883
0.178589
0.182839
0.181040
0.179040
0.179536
0.176039
0.177228
0.176039
0.179567
0.180852
0.179039
0.176039
0.097022
0.150434
0.153034
0.156034
0.154357
0.154034
0.152034
0.151033
0.148033
0.151034
0.154927
0.151037
0.152033
0.152034
0.151034
0.153034
0.151298
0.150033
0.136030
0.151342
0.126465
0.150033
0.153101
0.152034
0.151033
0.150583
0.152034
0.152033
0.153823
0.151034
0.152033
0.152034
0.152034
0.151033
0.151033
0.156023
0.146372
0.151034
0.152033
0.153034
0.156035
0.154347
0.154449
0.151033
0.153532
0.149338
0.178040
0.173038
0.167336
0.160036
0.156034
0.151034
0.152934
0.151498
0.139030
0.151846
0.138031
0.152034
0.151033
0.150349
0.153034
0.152034
0.151032
0.148033
0.154034
0.151981
0.154034
0.161036
0.167062
0.145373
0.150032
0.151568
0.133030
0.152034
0.191043
0.180378
0.179040
0.183684
0.177040
0.178039
0.178277
0.219049
0.183041
0.179038
0.182041
0.182357
0.184041
0.179040
0.184041
0.181192
0.164036
0.155034
0.152318
0.151488
0.151034
0.153034
0.150430
0.161754
0.153808
0.155372
0.153034
0.153033
0.150034
0.187042
0.147472
0.163037
0.152033
0.147033
0.112025
0.154034
0.184042
0.150034
0.151033
0.153034
0.150033
0.152034
0.176039
0.147032
0.152034
0.159036
0.157035
0.154040
0.147241
0.145031
0.155035
0.151953
0.145032
0.149355
0.150288
0.151464
0.151033
0.152327
0.150033
0.152033
0.151033
0.153404
0.159035
0.158035
0.155034
0.155035
0.151034
0.150317
0.153033
0.152034
0.139031
0.150032
0.153034
0.151238
0.150034
0.152034
0.151033
0.153033
0.154034
0.154485
0.153034
0.153035
0.151034
0.152034
0.142034
0.143032
0.150031
0.152033
0.125036
0.151033
0.153034
0.150033
0.156364
0.149033
0.153034
0.154034
0.153034
0.151033
0.148033
0.150034
0.153034
0.153035
0.152034
0.151033
0.153034
0.153033
0.134029
0.154381
0.153034
0.153034
0.152224
0.152034
0.158216
0.151321
0.152033
0.153033
0.152346
0.152033
0.152042
0.152368
0.154033
0.152033
0.154034
0.152490
0.134029
0.154034
0.153034
0.153034
0.153215
0.156083
0.153034
0.152033
0.127029
0.152034
0.152033
0.153332
0.154307
0.153033
0.153033
0.152034
0.153033
0.152741
0.126901
0.153034
0.152033
0.153034
0.151033
0.152034
0.151034
0.153034
0.152034
0.154034
0.153033
0.152034
0.152423
0.151034
0.151034
0.151132
0.152033
0.148034
0.135782
0.153034
0.151033
0.152033
0.154034
0.153033
0.152155
0.152033
0.151689
0.149979
0.152031
0.150842
0.153034
0.153035
0.146343
0.152905
0.150391
0.150033
0.144387
0.160373
0.154034
0.155105
0.153034
0.152034
0.153034
0.150094
0.157746
0.150466
0.153034
0.153034
0.153033
0.153705
0.156034
0.155035
0.153360
0.152290
0.146033
0.154484
0.153548
0.155298
0.154034
0.153034
0.127198
0.154035
0.152033
0.152034
0.153035
0.153033
0.153544
0.153497
0.153034
0.153034
0.158240
0.151034
0.134335
0.164366
0.156035
0.154399
0.151008
0.151352
0.152263
0.152033
0.153033
0.151639
0.151499
0.148428
0.159036
0.158035
0.153383
0.153370
0.151341
0.155403
0.154164
0.158602
0.154100
0.153981
0.152978
0.154034
0.152034
0.153546
0.152121
0.152459
0.153487
0.153034
0.152572
0.152389
0.152229
0.153645
0.154752
0.155030
0.153119
0.157034
0.154917
0.155235
0.152431
0.154572
0.154491
0.155034
0.154033
0.162721
0.161874
0.155993
0.154933
0.155034
0.153294
0.161036
0.157315
0.155503
0.141323
0.153231
0.154591
0.155034
0.152156
0.155035
0.153074
0.151861
0.152744
0.154034
0.156035
0.154034
0.153640
0.152758
0.153921
0.155267
0.153494
0.155636
0.134030
0.155035
0.141343
0.153673
0.150444
0.152671
0.153352
0.153521
0.153896
0.155035
0.154034
0.156448
0.153610
0.154319
0.153162
0.153204
0.151230
0.154842
0.139595
0.155034
0.152207
0.152669
0.153967
0.152754
0.153405
0.155035
0.155034
0.152462
0.153538
0.151397
0.152371
0.153078
0.152660
0.155236
0.156035
0.154034
0.126770
0.151953
0.154178
0.154419
0.153381
0.155053
0.153034
0.155034
0.152578
0.152518
0.155075
0.153217
0.154034
0.153388
0.155035
0.152033
0.154232
0.155922
0.115203
0.158035
0.156034
0.155034
0.153495
0.154424
0.153436
0.156035
0.160035
0.156034
0.153871
0.154566
0.153141
0.155208
0.152292
0.154033
0.154034
0.153034
0.137031
0.153034
0.154034
0.154034
0.154034
0.155509
0.154682
0.155035
0.155035
0.153034
0.154034
0.153034
0.152033
0.153034
0.154034
0.154034
0.153033
0.151448
0.145032
0.153033
0.153034
0.152034
0.154034
0.153034
0.152451
0.153034
0.152032
0.153033
0.154034
0.153034
0.151370
0.153033
0.151033
0.154034
0.154034
0.163784
0.096247
0.152033
0.153034
0.152033
0.153034
0.154034
0.155482
0.135030
0.152034
0.153034
0.151033
0.155034
0.153034
0.151033
0.154034
0.153033
0.151033
0.153033
0.120026
0.153317
0.152601
0.152034
0.153033
0.154034
0.154034
0.153575
0.152034
0.153034
0.153034
0.152033
0.152034
0.153034
0.152033
0.151033
0.153034
0.149489
0.133029
0.151033
0.149033
0.152034
0.153034
0.153033
0.150406
0.152034
0.151399
0.153034
0.151034
0.154034
0.153034
0.150033
0.165036
0.160035
0.160035
0.156034
0.124027
0.154034
0.153034
0.153033
0.153034
0.154034
0.154034
0.154034
0.153518
0.154034
0.146032
0.161036
0.154034
0.156121
0.155132
0.156034
0.155034
0.155033
0.148033
0.171037
0.167089
0.162036
0.159035
0.157034
0.155034
0.156034
0.154524
0.154034
0.156034
0.156034
0.156034
0.153227
0.155034
0.154034
0.155034
0.154034
0.150033
0.159035
0.157035
0.154034
0.156034
0.157034
0.159035
0.159034
0.157035
0.158167
0.156034
0.157034
0.153033
0.148033
0.153034
0.155526
0.156035
0.159035
0.159035
0.163036
0.158183
0.161035
0.156034
0.157034
0.156034
0.154034
0.153033
0.157297
0.156034
0.157035
0.155034
0.156034
0.156035
0.154034
0.152033
0.155034
0.151032
0.170038
0.160161
0.158035
0.160035
0.159035
0.161036
0.160036
0.158035
0.160194
0.159033
0.158035
0.159035
0.163036
0.161036
0.159035
0.158035
0.158035
0.152034
0.157034
0.157035
0.156034
0.156035
0.156034
0.157034
0.157034
0.151033
0.153336
0.150668
0.161036
0.162036
0.158035
0.155032
0.154733
0.151034
0.149033
0.139031
0.158035
0.155087
0.155231
0.158035
0.158035
0.157035
0.158035
0.158035
0.155339
0.171533
0.169037
0.165135
0.163036
0.160035
0.159311
0.159035
0.160035
0.137030
0.155034
0.155035
0.153894
0.155034
0.156034
0.156035
0.156034
0.129683
0.153180
0.158035
0.155034
0.154034
0.157035
0.156034
0.156035
0.157035
0.157035
0.141032
0.156034
0.155035
0.152472
0.155034
0.157034
0.155033
0.156034
0.155034
0.157038
0.166037
0.163036
0.167037
0.164036
0.161036
0.157772
0.156008
0.154175
0.137030
0.153968
0.154185
0.155848
0.150033
0.153303
0.155035
0.154034
0.153034
0.153348
0.160239
0.156034
0.153034
0.160036
0.160036
0.159034
0.158036
0.157035
0.134029
0.154224
0.155034
0.155034
0.159035
0.155034
0.176037
0.177039
0.179146
0.180826
0.169037
0.168386
0.162036
0.153034
0.153033
0.152034
0.154034
0.134030
0.156205
0.166037
0.162036
0.158035
0.158035
0.155034
0.154034
0.155034
0.154034
0.153077
0.156034
0.156034
0.156034
0.154034
0.155094
0.154034
0.156034
0.155034
0.164036
0.164037
0.163037
0.161533
0.158035
0.159035
0.157035
0.155034
0.154034
0.154506
0.155034
0.155034
0.155034
0.156035
0.152034
0.154705
0.155034
0.149033
0.163034
0.159035
0.156361
0.156034
0.157035
0.157035
0.156034
0.155034
0.156035
0.146847
0.157035
0.158035
0.155034
0.156034
0.154034
0.154579
0.155035
0.151033
0.160035
0.159034
0.155488
0.155478
0.155034
0.154153
0.154034
0.151033
0.154151
0.144805
0.160034
0.153034
0.170038
0.159035
0.171037
0.171139
0.165036
0.156034
0.165097
0.161036
0.161100
0.158035
0.156034
0.156166
0.158298
0.156034
0.156034
0.155586
0.155031
0.156034
0.152033
0.153034
0.156035
0.156035
0.155035
0.156034
0.126028
0.151033
0.154034
0.156034
0.153438
0.155034
0.155034
0.115769
0.177038
0.179411
0.177039
0.176039
0.177039
0.182039
0.181040
0.180883
0.179039
0.176039
0.182039
0.177076
0.177039
0.175934
0.177039
0.178039
0.179040
0.177435
0.183039
0.182040
0.180040
0.176039
0.177133
0.178106
0.177038
0.179039
0.180039
0.179129
0.179179
0.176039
0.177039
0.179125
0.179039
0.177505
0.181040
0.183040
0.184041
0.180040
0.180218
0.178039
0.177266
0.178040
0.174038
0.177039
0.180039
0.174038
0.179039
0.179039
0.182040
0.178522
0.179039
0.182039
0.182042
0.179039
0.177039
0.178039
0.175039
0.176038
0.178039
0.177040
0.180039
0.178039
0.178039
0.179039
0.180041
0.178555
0.178039
0.179039
0.175039
0.180039
0.178119
0.180039
0.180040
0.180039
0.178041
0.182040
0.176132
0.180040
0.180040
0.179042
0.176810
0.175040
0.178039
0.180039
0.176039
0.180040
0.179330
0.176039
0.179039
0.180039
0.179039
0.178132
0.176168
0.176039
0.180039
0.178039
0.176614
0.180039
0.175038
0.179039
0.179039
0.180076
0.179039
0.176038
0.166467
0.162037
0.161036
0.152652
0.153035
0.155034
0.154034
0.154034
0.153034
0.154353
0.151393
0.151034
0.153389
0.154033
0.153034
0.107023
0.077017
0.078017
0.077017
0.075277
0.075016
0.074017
0.077315
0.078017
0.077017
0.077017
0.078017
0.078620
0.079017
0.077017
0.076016
0.079018
0.077137
0.074778
0.089525
0.079025
0.082018
0.077018
0.078790
0.077017
0.073497
0.072015
0.070838
0.073115
0.072698
0.073095
0.072412
0.078017
0.074115
0.075151
0.075041
0.076066
0.075882
0.071016
0.071987
0.073769
0.072016
0.072016
0.075235
0.071721
0.071680
0.071015
0.075751
0.071016
0.072534
0.079674
0.074073
0.077257
0.083959
0.077060
0.075767
0.075113
0.072994
0.072641
0.081018
0.073016
0.089698
0.075004
0.072016
0.072423
0.072417
0.070015
0.072420
0.077017
0.072033
0.073016
0.072733
0.073246
0.090176
0.070622
0.072015
0.071565
0.072365
0.073016
0.074420
0.074017
0.069373
0.072016
0.077017
0.071265
0.071294
0.072247
0.070534
0.071016
0.071418
0.072421
0.075490
0.075919
0.074434
0.073801
0.074168
0.073233
0.077770
0.071414
0.088848
0.073016
0.073592
0.071182
0.087773
0.071175
0.073226
0.073017
0.070874
0.078451
0.071452
0.088719
0.071419
0.073016
0.071123
0.087629
0.071078
0.073183
0.078179
0.071019
0.072859
0.078328
0.073128
0.073016
0.071207
0.073379
0.076601
0.072090
0.070907
0.088004
0.071088
0.069935
0.071062
0.071016
0.071679
0.071256
0.072390
0.072015
0.073759
0.088028
0.073160
0.074204
0.091930
0.088829
0.088091
0.083018
0.145086
0.164897
0.145439
0.131128
0.161549
0.159910
0.126419
0.162028
0.141756
0.160724
0.130853
0.162805
0.164199
0.088166
0.160317
0.161354
0.161946
0.147635
0.159934
0.158430
0.161949
0.162277
0.161004
0.165016
0.165835
0.176765
0.175974
0.173645
0.168340
0.158063
0.160870
0.161918
0.160508
0.161395
0.144249
0.160432
0.162258
0.128499
0.160016
0.162451
0.162560
0.163859
0.165885
0.176111
0.168554
0.162765
0.161189
0.162088
0.159596
0.159850
0.161691
0.146372
0.162616
0.162403
0.164566
0.165206
0.167863
0.169699
0.176205
0.171565
0.163349
0.162313
0.162320
0.165044
0.164092
0.162186
0.162746
0.161082
0.151538
0.164161
0.165963
0.167674
0.170621
0.173251
0.174260
0.177953
0.172968
0.167874
0.162202
0.159990
0.161901
0.163684
0.159662
0.162612
0.145479
0.156735
0.163477
0.164722
0.165170
0.168706
0.171263
0.177100
0.172201
0.166965
0.161074
0.162137
0.163364
0.163560
0.161850
0.161326
0.162047
0.165040
0.153774
0.164120
0.165049
0.169151
0.171330
0.175468
0.173495
0.169327
0.162897
0.161584
0.162553
0.165473
0.158132
0.158525
0.157593
0.160501
0.159536
0.145388
0.159494
0.157955
0.159810
0.162513
0.162612
0.162596
0.163065
0.162915
0.162783
0.162874
0.174508
0.172818
0.171740
0.168429
0.160571
0.160753
0.149263
0.159846
0.157622
0.158479
0.158915
0.157725
0.158191
0.158934
0.156031
0.158684
0.159222
0.159686
0.161097
0.162303
0.163250
0.162876
0.163196
0.164191
0.154822
0.161702
0.163332
0.163314
0.164156
0.162772
0.163657
0.162488
0.163475
0.163267
0.163056
0.163611
0.162757
0.164790
0.163798
0.164448
0.168249
0.168535
0.146290
0.162074
0.159651
0.160552
0.161961
0.161506
0.164116
0.162960
0.163862
0.164722
0.164504
0.163036
0.163723
0.163036
0.163699
0.162577
0.164872
0.163384
0.150466
0.160978
0.163108
0.162940
0.164129
0.165256
0.163935
0.164433
0.163496
0.164000
0.164186
0.163222
0.164480
0.163927
0.164182
0.164458
0.164950
0.164828
0.157424
0.165962
0.166345
0.150639
0.160676
0.162707
0.164771
0.164402
0.164320
0.164354
0.164165
0.164281
0.163890
0.164061
0.164377
0.164243
0.163095
0.164579
0.142574
0.159992
0.176775
0.173196
0.171623
0.167664
0.167811
0.161439
0.158019
0.158675
0.158117
0.159016
0.159504
0.158312
0.158862
0.160869
0.159070
0.151444
0.160414
0.158975
0.160646
0.160345
0.161456
0.169724
0.172578
0.176263
0.176107
0.175511
0.172607
0.167776
0.175038
0.173060
0.165866
0.161397
0.155843
0.161825
0.161087
0.161774
0.140719
0.162273
0.161796
0.159776
0.161263
0.161425
0.163458
0.161660
0.161827
0.162928
0.161380
0.162414
0.162604
0.165722
0.140982
0.159272
0.160181
0.161258
0.163253
0.165968
0.162906
0.162472
0.164800
0.166602
0.167353
0.169351
0.170466
0.172789
0.173577
0.170084
0.157421
0.162663
0.173964
0.169780
0.168941
0.160682
0.158105
0.158955
0.157897
0.159986
0.163143
0.164651
0.164060
0.160963
0.163484
0.163178
0.164024
0.163383
0.163791
0.159224
0.162655
0.144165
0.161106
0.169134
0.166560
0.168600
0.168768
0.170795
0.168495
0.168211
0.176016
0.172367
0.168324
0.163221
0.164667
0.163286
0.144917
0.161408
0.164853
0.144894
0.158744
0.158764
0.157770
0.158530
0.157380
0.160539
0.158268
0.158785
0.160655
0.160253
0.159960
0.165163
0.168382
0.164322
0.080811
0.155722
0.165000
0.165764
0.165290
0.164872
0.165406
0.164911
0.163889
0.166181
0.163766
0.164612
0.164878
0.165136
0.165272
0.164669
0.169087
0.172671
0.175018
0.172544
0.173597
0.163400
0.168581
0.169003
0.175453
0.170971
0.171025
0.167588
0.164411
0.163004
0.151117
0.163451
0.162550
0.162215
0.162913
0.159993
0.141050
0.159246
0.159243
0.160262
0.161486
0.158596
0.164710
0.166279
0.165143
0.166497
0.168697
0.170940
0.170046
0.168886
0.167087
0.165736
0.179683
0.176152
0.177769
0.158308
0.156010
0.158370
0.158537
0.159533
0.159462
0.158772
0.159269
0.156897
0.157877
0.160544
0.163663
0.163780
0.165188
0.163142
0.162653
0.153032
0.161218
0.161035
0.164011
0.165106
0.167147
0.166524
0.164537
0.167917
0.170207
0.173966
0.176706
0.178019
0.174972
0.174101
0.169184
0.163036
0.151315
0.167871
0.159106
0.159706
0.158530
0.160508
0.163139
0.162342
0.162956
0.163556
0.162262
0.161938
0.163632
0.164926
0.165568
0.167407
0.165091
0.164004
0.156653
0.159797
0.160913
0.173982
0.171843
0.167465
0.166593
0.165368
0.175785
0.176097
0.176499
0.177977
0.170812
0.167654
0.158545
0.160158
0.156884
0.139212
0.174723
0.172877
0.171411
0.164052
0.162268
0.158004
0.160408
0.159949
0.158987
0.158516
0.159781
0.159616
0.168270
0.166185
0.144791
0.163383
0.162823
0.120722
0.162100
0.162954
0.161360
0.163049
0.163995
0.164392
0.165758
0.165482
0.166909
0.170725
0.176853
0.179763
0.179679
0.175118
0.173052
0.167556
0.159722
0.163224
0.163070
0.150614
0.163243
0.161740
0.163522
0.163858
0.162284
0.163020
0.164589
0.161067
0.160968
0.163181
0.163339
0.167492
0.168296
0.164623
0.146479
0.158821
0.161264
0.163975
0.164812
0.163477
0.174470
0.172150
0.171015
0.167634
0.163531
0.163121
0.164193
0.162503
0.161974
0.162515
0.158737
0.149698
0.158101
0.160050
0.158848
0.160304
0.165961
0.166037
0.173278
0.175206
0.169361
0.164331
0.158437
0.164928
0.150585
0.164581
0.164800
0.163893
0.141284
0.159775
0.159589
0.158544
0.158818
0.158642
0.159284
0.162243
0.174724
0.177455
0.175165
0.171707
0.168731
0.160419
0.142139
0.160352
0.163500
0.136883
0.160265
0.159811
0.164154
0.164129
0.166945
0.164838
0.136261
0.166805
0.172246
0.173573
0.147436
0.161476
0.162622
0.164535
0.164857
0.165723
0.164822
0.119333
0.160548
0.160516
0.161379
0.161326
0.161305
0.161567
0.165024
0.165276
0.165476
0.175316
0.180526
0.172961
0.172848
0.167821
0.164270
0.161288
0.153575
0.163044
0.163332
0.161666
0.163172
0.144343
0.163871
0.161460
0.162590
0.162201
0.159922
0.157838
0.160082
0.167712
0.166706
0.167959
0.166059
0.164897
0.141138
0.164149
0.164193
0.163737
0.164667
0.164215
0.165766
0.164896
0.165072
0.164591
0.165399
0.164697
0.165838
0.165670
0.146399
0.161404
0.160254
0.169371
0.152351
0.162906
0.163749
0.162627
0.165421
0.163833
0.166418
0.165785
0.164191
0.167033
0.166403
0.166769
0.165986
0.164582
0.165156
0.165030
0.174738
0.178711
0.155281
0.163396
0.167309
0.149171
0.164126
0.162627
0.163180
0.164080
0.163834
0.165180
0.165871
0.163822
0.164390
0.162977
0.163910
0.163511
0.164644
0.164192
0.139768
0.157395
0.158792
0.164768
0.166417
0.164899
0.163571
0.163003
0.167560
0.165671
0.163854
0.162960
0.164191
0.170733
0.181033
0.175657
0.171323
0.165878
0.165550
0.161007
0.161073
0.158174
0.159587
0.158905
0.161806
0.158724
0.159436
0.159738
0.176315
0.178054
0.173388
0.172305
0.171293
0.160478
0.154166
0.158976
0.161311
0.160406
0.160722
0.161908
0.161580
0.165129
0.164811
0.168653
0.170265
0.171326
0.170331
0.162187
0.161815
0.160877
0.160669
0.150041
0.161114
0.161399
0.162038
0.160707
0.161148
0.161535
0.163642
0.164006
0.163780
0.177810
0.174641
0.166678
0.159915
0.161409
0.160646
0.160927
0.123981
0.160083
0.157809
0.159401
0.141725
0.161710
0.160172
0.158714
0.161435
0.161021
0.160951
0.179642
0.175075
0.173389
0.159209
0.160681
0.160199
0.143540
0.159297
0.160208
0.148509
0.161802
0.160555
0.160476
0.160436
0.161718
0.161856
0.160470
0.161874
0.168210
0.171278
0.179184
0.176744
0.175998
0.168917
0.173790
0.161195
0.172953
0.173031
0.167700
0.161904
0.158809
0.158554
0.159227
0.159230
0.159097
0.157035
0.160884
0.164767
0.144635
0.160077
0.163716
0.135701
0.162065
0.163880
0.163628
0.162592
0.168901
0.168894
0.166294
0.165703
0.165973
0.166826
0.165357
0.166235
0.165052
0.167697
0.168442
0.178996
0.176797
0.176851
0.175877
0.169926
0.177557
0.171732
0.165810
0.162093
0.163005
0.161916
0.161244
0.155565
0.163842
0.158331
0.158821
0.159814
0.163591
0.167807
0.141966
0.160750
0.164122
0.166119
0.168187
0.165229
0.163714
0.164285
0.163781
0.163888
0.164844
0.147601
0.158478
0.161910
0.167559
0.167618
0.165248
0.164236
0.147829
0.159732
0.167907
0.167868
0.168447
0.165127
0.165957
0.162854
0.164097
0.167187
0.166862
0.167142
0.166099
0.167901
0.167063
0.167669
0.176398
0.172242
0.175545
0.173776
0.159838
0.159109
0.161102
0.160823
0.160712
0.161113
0.161600
0.165065
0.164948
0.165714
0.165324
0.165745
0.174145
0.181135
0.178097
0.176356
0.171072
0.166826
0.161094
0.163622
0.164860
0.161565
0.160451
0.159306
0.160298
0.161278
0.160883
0.161962
0.168471
0.178676
0.169748
0.163913
0.165705
0.161062
0.162068
0.162755
0.162169
0.162087
0.164888
0.170124
0.172246
0.176717
0.172205
0.170027
0.161203
0.163013
0.161882
0.161087
0.139832
0.160131
0.162781
0.161687
0.161971
0.141464
0.162033
0.162356
0.161246
0.143733
0.161616
0.160054
0.162016
0.163830
0.164976
0.165504
0.165244
0.175445
0.165696
0.166561
0.166993
0.167145
0.166712
0.177199
0.175904
0.173137
0.169052
0.161698
0.153727
0.164325
0.160323
0.160911
0.159933
0.160713
0.159808
0.156152
0.167202
0.166536
0.169353
0.148653
0.161056
0.163323
0.162300
0.163769
0.163803
0.164922
0.144463
0.158017
0.161810
0.162133
0.162672
0.163009
0.164588
0.139575
0.161212
0.165136
0.165036
0.179585
0.168935
0.160741
0.158410
0.157213
0.158035
0.157005
0.159140
0.159101
0.159222
0.157189
0.157199
0.160461
0.122247
0.159534
0.158472
0.159146
0.159692
0.176076
0.169073
0.171334
0.168201
0.160808
0.161212
0.161829
0.147308
0.161605
0.161490
0.159927
0.163026
0.135347
0.161462
0.165440
0.163975
0.144206
0.161435
0.167419
0.168681
0.178596
0.173653
0.174150
0.160703
0.163031
0.162691
0.162380
0.163552
0.163024
0.140049
0.162946
0.163316
0.163090
0.162900
0.165056
0.167177
0.171936
0.160353
0.157441
0.158608
0.157805
0.157501
0.161377
0.157419
0.159623
0.160088
0.120355
0.139334
0.163493
0.159532
0.157738
0.160417
0.163656
0.167572
0.178837
0.180321
0.180026
0.173481
0.162220
0.173175
0.176473
0.169810
0.163208
0.156904
0.165550
0.158287
0.157024
0.160355
0.161721
0.161104
0.164123
0.163873
0.163578
0.166837
0.167089
0.174811
0.177948
0.181494
0.179250
0.169981
0.156932
0.159703
0.159366
0.159557
0.159951
0.160715
0.159241
0.159781
0.158709
0.161315
0.170701
0.171589
0.148901
0.160720
0.165797
0.168424
0.166226
0.169640
0.147396
0.161591
0.162750
0.163727
0.174984
0.179678
0.171693
0.174323
0.173011
0.173869
0.161145
0.160674
0.158324
0.160715
0.159844
0.160259
0.160126
0.143567
0.135493
0.160245
0.161717
0.159435
0.153806
0.159574
0.159152
0.161311
0.162838
0.164510
0.167262
0.165979
0.166684
0.166987
0.170483
0.166313
0.167941
0.175945
0.157225
0.166075
0.157680
0.164610
0.157851
0.158829
0.157855
0.140602
0.162145
0.145103
0.162281
0.159689
0.161984
0.160979
0.161095
0.158924
0.142817
0.160290
0.161921
0.158794
0.161250
0.161162
0.161617
0.162483
0.165654
0.164372
0.163622
0.165826
0.164882
0.165385
0.168867
0.167879
0.169113
0.178810
0.164905
0.176875
0.172256
0.158665
0.165457
0.166521
0.160518
0.167565
0.164458
0.170047
0.170488
0.170604
0.172193
0.171533
0.168695
0.151185
0.161837
0.124197
0.162630
0.157813
0.160385
0.161229
0.162044
0.165771
0.166742
0.168718
0.145918
0.159041
0.160961
0.144146
0.159528
0.159625
0.161920
0.163089
0.164137
0.163758
0.166693
0.167956
0.168047
0.168613
0.170105
0.170796
0.170603
0.169749
0.169649
0.170793
0.168587
0.172865
0.174839
0.170163
0.165520
0.164320
0.151739
0.172915
0.159739
0.167573
0.163713
0.165753
0.163228
0.167735
0.166343
0.166252
0.178762
0.176536
0.175342
0.171657
0.163223
0.163429
0.162178
0.154099
0.162636
0.163762
0.162510
0.163979
0.163018
0.163502
0.165257
0.165832
0.179406
0.179393
0.168072
0.161499
0.163154
0.160601
0.162527
0.163006
0.144956
0.137565
0.170048
0.163725
0.162571
0.162308
0.162363
0.162852
0.163928
0.164215
0.165380
0.166089
0.173025
0.175519
0.182323
0.174060
0.158880
0.137424
0.156572
0.166899
0.160435
0.160985
0.161698
0.164637
0.163633
0.163867
0.166828
0.165282
0.163910
0.162998
0.164479
0.164215
0.144263
0.160671
0.169425
0.153009
0.167233
0.169741
0.174097
0.171778
0.154774
0.165260
0.166464
0.172268
0.171184
0.173004
0.175815
0.181163
0.169611
0.162252
0.161535
0.160265
0.134443
0.162400
0.143257
0.161562
0.162631
0.162934
0.162328
0.149446
0.160473
0.169290
0.168046
0.168923
0.172614
0.174308
0.167957
0.167203
0.162525
0.148031
0.127536
0.161321
0.160331
0.160779
0.162093
0.162193
0.163016
0.163945
0.145941
0.160613
0.165757
0.164560
0.164402
0.164889
0.164550
0.165483
0.165384
0.155605
0.161992
0.164562
0.163173
0.165560
0.165200
0.163454
0.164661
0.164890
0.164602
0.165182
0.164187
0.164246
0.165141
0.164140
0.171757
0.176959
0.176089
0.178935
0.174819
0.174968
0.167542
0.158662
0.160061
0.160562
0.160527
0.160073
0.159743
0.160619
0.159881
0.142329
0.159926
0.159334
0.162134
0.164261
0.143802
0.165629
0.162349
0.164269
0.164634
0.164879
0.167092
0.166094
0.170706
0.168903
0.165722
0.173808
0.175771
0.173551
0.160771
0.160278
0.161948
0.136150
0.161412
0.159262
0.161537
0.161072
0.160074
0.166323
0.165277
0.178294
0.173905
0.161216
0.160025
0.158748
0.162954
0.160370
0.153245
0.159455
0.131807
0.160360
0.160250
0.163261
0.163569
0.163901
0.173851
0.170570
0.172219
0.168090
0.175624
0.174503
0.171390
0.169517
0.159631
0.159746
0.160035
0.137038
0.160150
0.161180
0.161235
0.160642
0.161584
0.162020
0.170089
0.171951
0.169227
0.170866
0.172832
0.172018
0.168664
0.171551
0.157444
0.166388
0.165782
0.134268
0.161782
0.166193
0.166697
0.166822
0.165663
0.175434
0.178295
0.177392
0.173921
0.169342
0.161721
0.162130
0.161413
0.161153
0.161623
0.163356
0.148786
0.142498
0.114849
0.169583
0.160581
0.160566
0.161883
0.144022
0.161797
0.161042
0.162969
0.161829
0.160866
0.159682
0.162002
0.161149
0.144402
0.161406
0.111603
0.163241
0.161620
0.160857
0.141423
0.162597
0.161478
0.162802
0.162105
0.163066
0.145257
0.160258
0.161463
0.180437
0.174900
0.173721
0.170089
0.160419
0.160456
0.169114
0.160530
0.161491
0.160098
0.143101
0.160035
0.161474
0.161752
0.161622
0.160088
0.160363
0.163067
0.163585
0.163963
0.165682
0.173288
0.111690
0.162177
0.160365
0.161110
0.164252
0.163873
0.165156
0.166047
0.164792
0.147525
0.161746
0.162843
0.164342
0.145702
0.161728
0.162262
0.167274
0.169308
0.158055
0.163729
0.165781
0.165184
0.165666
0.172492
0.180401
0.177422
0.171760
0.168366
0.158726
0.169006
0.164199
0.164882
0.145695
0.165787
0.163284
0.155056
0.163599
0.160824
0.159240
0.158856
0.159067
0.164114
0.326886
0.316944
0.332904
0.301696
0.330181
0.224776
0.171081
0.158566
0.141509
0.159271
0.148772
0.162335
0.159526
0.158696
0.158035
0.126195
0.164807
0.159483
0.160150
0.162932
0.161187
0.163378
0.164202
0.169985
0.168798
0.169641
0.169407
0.168596
0.159352
0.164346
0.174973
0.174665
0.166796
0.158905
0.160216
0.162341
0.160081
0.177285
0.177342
0.165490
0.159882
0.158283
0.160588
0.140473
0.146271
0.141196
0.159692
0.160300
0.159636
0.160708
0.160060
0.161470
0.158374
0.158185
0.160798
0.167860
0.150225
0.161416
0.163607
0.143031
0.159181
0.160301
0.138796
0.159141
0.161619
0.165028
0.166219
0.163632
0.166830
0.166521
0.170186
0.168270
0.180317
0.172689
0.173070
0.167663
0.160140
0.157792
0.160362
0.146446
0.160305
0.159944
0.159499
0.160100
0.159082
0.161556
0.159051
0.160216
0.163357
0.164394
0.168286
0.166269
0.166058
0.168108
0.166677
0.178307
0.171489
0.173226
0.171013
0.172327
0.175090
0.172494
0.167936
0.159870
0.167245
0.163814
0.148717
0.160405
0.161445
0.162444
0.160657
0.161353
0.160480
0.161360
0.144028
0.160880
0.161713
0.160399
0.168022
0.167467
0.178312
0.176000
0.174401
0.170143
0.164447
0.160182
0.159641
0.161086
0.161768
0.161661
0.162418
0.141276
0.171368
0.169716
0.166529
0.173528
0.179675
0.181927
0.179241
0.175578
0.171678
0.159407
0.158328
0.158632
0.158422
0.161082
0.161836
0.159907
0.126141
0.160075
0.163964
0.142422
0.163852
0.163784
0.163315
0.163000
0.161708
0.157866
0.158368
0.161470
0.164474
0.163896
0.167318
0.167247
0.166151
0.150073
0.124207
0.164500
0.163154
0.164130
0.163992
0.164257
0.167700
0.167280
0.171511
0.170273
0.174623
0.169981
0.168455
0.158808
0.159637
0.161668
0.161154
0.142449
0.161980
0.159215
0.160187
0.161752
0.158567
0.161700
0.142888
0.165928
0.166503
0.166041
0.169133
0.169086
0.167897
0.168990
0.174642
0.178979
0.176444
0.173122
0.171546
0.169092
0.163187
0.165610
0.165551
0.160526
0.160266
0.161682
0.167992
0.170710
0.173912
0.172968
0.166845
0.156963
0.163412
0.150551
0.159097
0.163427
0.146569
0.165128
0.165021
0.163125
0.161422
0.162945
0.162620
0.144891
0.159233
0.164313
0.164707
0.164455
0.168672
0.177475
0.177687
0.170859
0.170453
0.175979
0.171583
0.166784
0.164741
0.165867
0.167407
0.166533
0.168027
0.166619
0.176202
0.174015
0.176129
0.173171
0.164127
0.166151
0.170538
0.165136
0.158998
0.159709
0.161126
0.165974
0.163515
0.166123
0.144033
0.161616
0.161025
0.162970
0.112415
0.160300
0.160464
0.161224
0.163097
0.143496
0.161290
0.161146
0.161943
0.164891
0.168135
0.168020
0.167686
0.172972
0.169475
0.153313
0.163355
0.164124
0.164970
0.168606
0.168748
0.169674
0.169335
0.154364
0.144293
0.163397
0.159694
0.119614
0.157867
0.159235
0.160619
0.166146
0.164601
0.163461
0.164638
0.180757
0.177428
0.171524
0.169821
0.161237
0.152243
0.171378
0.160969
0.160690
0.161501
0.161315
0.161187
0.162133
0.160811
0.163153
0.164571
0.164944
0.165480
0.165391
0.165143
0.165469
0.165407
0.166188
0.158255
0.164052
0.166025
0.164311
0.165802
0.165450
0.166613
0.165967
0.164599
0.174812
0.180778
0.176369
0.174400
0.162820
0.161271
0.161415
0.160947
0.143090
0.162821
0.162075
0.168767
0.168748
0.168454
0.171814
0.177117
0.173841
0.162293
0.161552
0.161726
0.158955
0.169437
0.166993
0.172310
0.173415
0.173948
0.175692
0.180348
0.175398
0.171814
0.164967
0.160320
0.159354
0.158716
0.158534
0.159680
0.159036
0.142481
0.165548
0.161500
0.161430
0.159732
0.144056
0.160614
0.141486
0.160583
0.162483
0.163359
0.159173
0.163826
0.164320
0.166310
0.164035
0.165231
0.165590
0.165353
0.165874
0.171153
0.169643
0.173350
0.179103
0.177226
0.174130
0.161947
0.159535
0.159987
0.164588
0.165619
0.163036
0.169722
0.170469
0.169103
0.170654
0.170700
0.178587
0.178311
0.172884
0.175443
0.174634
0.171821
0.166817
0.160007
0.159527
0.160122
0.160226
0.164948
0.167268
0.161798
0.163610
0.162937
0.163820
0.164845
0.171243
0.171839
0.176329
0.181101
0.178539
0.174961
0.166186
0.160191
0.159851
0.163007
0.162581
0.163196
0.164335
0.164911
0.161777
0.160014
0.164343
0.164468
0.139239
0.128945
0.161919
0.161496
0.160114
0.162396
0.162144
0.172548
0.178156
0.173480
0.177154
0.173434
0.169225
0.162145
0.160199
0.159511
0.143895
0.161605
0.148080
0.160471
0.161520
0.143531
0.162863
0.162345
0.164717
0.162656
0.142314
0.158744
0.162232
0.163255
0.166867
0.165282
0.166617
0.166794
0.166737
0.166405
0.145453
0.163023
0.162987
0.162896
0.147840
0.161633
0.162564
0.162797
0.164937
0.164726
0.165735
0.165453
0.166191
0.165695
0.167246
0.175578
0.172183
0.166512
0.165707
0.165082
0.163946
0.163557
0.163142
0.163501
0.164453
0.163785
0.163307
0.171168
0.170142
0.167071
0.159528
0.162659
0.161258
0.161108
0.142115
0.120790
0.160069
0.159816
0.158880
0.161202
0.162795
0.161441
0.161714
0.162720
0.161324
0.162798
0.163297
0.162521
0.164396
0.162902
0.164814
0.162771
0.168440
0.156029
0.164078
0.168257
0.169856
0.146937
0.160236
0.159787
0.159004
0.158940
0.159289
0.160335
0.161531
0.160732
0.160349
0.158521
0.160249
0.160417
0.155035
0.134029
0.162035
0.162193
0.162536
0.164036
0.163125
0.161873
0.162848
0.162934
0.161978
0.162483
0.161035
0.162128
0.159920
0.161036
0.159448
0.157824
0.161787
0.157648
0.158650
0.160797
0.157475
0.159686
0.160334
0.160624
0.158503
0.165036
0.164490
0.163697
0.161598
0.160057
0.159447
0.168782
0.166144
0.164441
0.163970
0.127748
0.159035
0.158618
0.159091
0.158309
0.158934
0.160035
0.159082
