0.005002
0.161035
0.168538
0.173522
0.157349
0.162036
0.163037
0.171493
0.159235
0.159035
0.139813
0.161036
0.159184
0.160036
0.158472
0.160478
0.173039
0.159629
0.164036
0.175460
0.160036
0.163036
0.158054
0.159035
0.160035
0.161036
0.137030
0.159035
0.159035
0.159874
0.160055
0.160101
0.160036
0.161053
0.162035
0.161036
0.163329
0.163036
0.163036
0.163078
0.162036
0.163036
0.162499
0.162010
0.094020
0.161267
0.160234
0.159034
0.160101
0.160205
0.160036
0.160035
0.161036
0.160035
0.160260
0.159279
0.158478
0.160772
0.160153
0.160052
0.179040
0.174039
0.178878
0.179407
0.175040
0.172038
0.171125
0.165036
0.160036
0.160035
0.160034
0.160127
0.164037
0.161036
0.162130
0.162036
0.162050
0.163036
0.161035
0.138115
0.159035
0.159035
0.159422
0.160036
0.160035
0.160036
0.160086
0.160036
0.161149
0.162036
0.164037
0.163670
0.163543
0.162035
0.162036
0.162036
0.162096
0.124027
0.159036
0.159035
0.158035
0.159035
0.159035
0.160036
0.159084
0.158034
0.159035
0.160036
0.164334
0.163036
0.163036
0.123218
0.160132
0.158035
0.158035
0.139031
0.161035
0.159035
0.160036
0.158333
0.160036
0.158035
0.158034
0.158716
0.159536
0.159613
0.161268
0.159302
0.159036
0.159412
0.160035
0.160035
0.159360
0.137135
0.158035
0.159036
0.160036
0.160036
0.159046
0.159035
0.159035
0.116239
0.159061
0.160035
0.161117
0.158126
0.159451
0.159035
0.160279
0.160035
0.161036
0.156432
0.161036
0.160278
0.161357
0.161035
0.161513
0.161036
0.160036
0.162036
0.162035
0.178297
0.173039
0.170709
0.175039
0.176039
0.180042
0.181039
0.176039
0.168038
0.167037
0.166510
0.165492
0.164480
0.165319
0.165036
0.164273
0.164812
0.164482
0.163241
0.166524
0.165037
0.165133
0.165037
0.135030
0.160035
0.160507
0.103023
0.182040
0.172038
0.168038
0.162036
0.159035
0.160471
0.161086
0.160036
0.161226
0.160035
0.162036
0.160365
0.159860
0.161481
0.160628
0.158035
0.160036
0.137278
0.160035
0.160035
0.160036
0.161196
0.160035
0.159035
0.160036
0.161036
0.161036
0.161036
0.162036
0.141142
0.160248
0.160036
0.160495
0.161352
0.160209
0.129028
0.162036
0.162036
0.161333
0.161036
0.161036
0.161036
0.161316
0.161036
0.161035
0.161036
0.162036
0.160036
0.160529
0.160036
0.161041
0.160036
0.161036
0.139031
0.134163
0.161036
0.160563
0.161035
0.159035
0.160836
0.160416
0.159563
0.160036
0.160730
0.161036
0.160035
0.161414
0.161037
0.161355
0.160035
0.161036
0.121027
0.161036
0.160035
0.161035
0.160339
0.162325
0.161036
0.161410
0.159035
0.161732
0.160036
0.161195
0.160348
0.160995
0.160072
0.160787
0.161036
0.160035
0.126161
0.160036
0.160036
0.160939
0.161682
0.162381
0.159035
0.160036
0.160206
0.161036
0.159468
0.162036
0.161386
0.161036
0.159035
0.160036
0.162036
0.160036
0.153034
0.161035
0.160707
0.161035
0.160035
0.160035
0.161035
0.160036
0.160295
0.160035
0.160036
0.163036
0.159443
0.159517
0.162035
0.160643
0.160036
0.161035
0.147032
0.158418
0.166037
0.156243
0.166037
0.163115
0.162036
0.162036
0.163182
0.162036
0.163524
0.163036
0.161036
0.163037
0.161566
0.163037
0.162036
0.162318
0.140031
0.162036
0.163036
0.162036
0.161036
0.163036
0.162037
0.163525
0.162036
0.162344
0.163036
0.164037
0.162036
0.164036
0.162106
0.135231
0.161036
0.162036
0.138105
0.171038
0.166036
0.165257
0.164037
0.160391
0.171411
0.171038
0.168683
0.165037
0.165102
0.163037
0.162484
0.161036
0.161036
0.162036
0.163037
0.162035
0.144262
0.183041
0.182052
0.180040
0.180040
0.180040
0.179040
0.178039
0.185685
0.181040
0.183041
0.181039
0.179040
0.181043
0.180040
0.179134
0.178039
0.181176
0.181041
0.178040
0.176039
0.179548
0.178274
0.178040
0.175039
0.180040
0.176039
0.182606
0.184040
0.179040
0.180040
0.181040
0.178034
0.178104
0.179040
0.177039
0.175852
0.170038
0.169579
0.166098
0.169038
0.167037
0.164415
0.161036
0.160492
0.164764
0.166036
0.164036
0.163228
0.162036
0.162036
0.162036
0.161211
0.161036
0.161095
0.140031
0.162404
0.162089
0.160035
0.162036
0.161036
0.120411
0.162099
0.161036
0.160817
0.161036
0.161236
0.161036
0.161036
0.116269
0.167362
0.165260
0.163036
0.159036
0.172971
0.169492
0.166037
0.166037
0.163084
0.161524
0.162036
0.162247
0.161036
0.162453
0.161036
0.161036
0.162036
0.162035
0.162037
0.139989
0.162036
0.156034
0.163036
0.162056
0.163036
0.162370
0.161035
0.160251
0.161036
0.161036
0.161172
0.160035
0.161035
0.161036
0.161035
0.161036
0.160036
0.162036
0.162095
0.153035
0.172038
0.168037
0.164741
0.164054
0.163036
0.161036
0.163036
0.162180
0.162071
0.160036
0.160137
0.160035
0.159199
0.158489
0.161036
0.158534
0.160036
0.144032
0.173521
0.171039
0.167743
0.161036
0.161220
0.162370
0.162036
0.162496
0.163037
0.161247
0.158381
0.159293
0.161036
0.160270
0.160035
0.160182
0.160110
0.153035
0.176039
0.173038
0.171038
0.168433
0.166060
0.160035
0.161248
0.160095
0.159035
0.161036
0.160035
0.138031
0.165037
0.163036
0.162553
0.162211
0.161036
0.158563
0.172195
0.172038
0.170038
0.167315
0.163037
0.164036
0.164266
0.165146
0.165037
0.164036
0.163694
0.165037
0.165036
0.164036
0.160561
0.159035
0.159601
0.149262
0.162223
0.160341
0.161036
0.159256
0.161036
0.161279
0.164036
0.163434
0.164036
0.166375
0.164037
0.165036
0.163336
0.164036
0.160301
0.160132
0.160035
0.138031
0.161036
0.159487
0.160035
0.160259
0.159035
0.160036
0.160159
0.159357
0.161036
0.160035
0.161036
0.161035
0.163035
0.165036
0.166074
0.167111
0.161297
0.157409
0.163036
0.163036
0.162435
0.162346
0.161143
0.161087
0.160229
0.161036
0.161036
0.163036
0.161036
0.161036
0.162092
0.162035
0.161035
0.162166
0.162036
0.145032
0.162036
0.161035
0.160054
0.161250
0.161036
0.160461
0.161036
0.161377
0.161036
0.161036
0.161250
0.161036
0.160168
0.160332
0.161426
0.162036
0.161036
0.140031
0.164036
0.163230
0.162035
0.161036
0.162410
0.162106
0.162085
0.157551
0.175039
0.164036
0.161270
0.162291
0.160035
0.162036
0.160241
0.162171
0.161036
0.133029
0.164036
0.163036
0.164505
0.163036
0.161035
0.163036
0.163036
0.163036
0.161036
0.161287
0.162180
0.162036
0.161355
0.140254
0.172039
0.169038
0.164036
0.161037
0.174536
0.172337
0.170288
0.166037
0.164572
0.162036
0.163342
0.162036
0.162037
0.161035
0.162036
0.161036
0.161036
0.161079
0.160605
0.162192
0.160035
0.153534
0.165037
0.163484
0.164036
0.161817
0.162362
0.163122
0.163036
0.161193
0.165036
0.161036
0.161035
0.162408
0.159463
0.162036
0.162036
0.162036
0.161036
0.154804
0.164411
0.164036
0.164360
0.163036
0.162035
0.163037
0.162175
0.165037
0.162664
0.161035
0.160036
0.160491
0.147069
0.174038
0.172038
0.172038
0.172302
0.167816
0.172038
0.163182
0.180040
0.180040
0.180040
0.180040
0.179040
0.180042
0.179092
0.175039
0.165037
0.167038
0.164036
0.161036
0.161036
0.165355
0.164036
0.160035
0.135030
0.163037
0.160459
0.161036
0.159035
0.160035
0.160035
0.161404
0.159255
0.165522
0.165037
0.162036
0.160035
0.160161
0.160037
0.161036
0.161036
0.162046
0.142061
0.161036
0.161035
0.163037
0.161956
0.160035
0.161036
0.161036
0.161036
0.167037
0.164036
0.164121
0.162037
0.163261
0.162036
0.161056
0.161718
0.159035
0.143091
0.161036
0.162036
0.161460
0.161036
0.160461
0.161350
0.162036
0.161329
0.162036
0.163075
0.162036
0.162036
0.161036
0.161036
0.162035
0.162035
0.162036
0.138031
0.161290
0.161515
0.163037
0.161454
0.162036
0.162036
0.161125
0.163036
0.163115
0.160365
0.162036
0.161036
0.162036
0.161036
0.161090
0.162036
0.162090
0.137030
0.161418
0.160222
0.161036
0.161490
0.125243
0.172039
0.164037
0.177040
0.163149
0.161036
0.161104
0.161036
0.161089
0.163036
0.160035
0.161036
0.161036
0.141032
0.171038
0.169038
0.166685
0.164240
0.163036
0.164348
0.161035
0.162471
0.159402
0.160035
0.162036
0.162037
0.160035
0.161329
0.161036
0.161035
0.152203
0.179040
0.165037
0.166651
0.164422
0.164036
0.162036
0.163415
0.162035
0.162036
0.165036
0.163036
0.162718
0.162036
0.161035
0.161333
0.162036
0.161036
0.162035
0.162241
0.148033
0.162139
0.162036
0.163037
0.162036
0.161036
0.161464
0.162036
0.162035
0.161036
0.161607
0.162036
0.162036
0.161035
0.161247
0.162036
0.162036
0.163036
0.154034
0.162093
0.162036
0.160035
0.161217
0.162036
0.162058
0.163036
0.162035
0.162036
0.162036
0.163134
0.161041
0.162036
0.161120
0.162408
0.162682
0.162545
0.146050
0.162036
0.162037
0.163565
0.162036
0.162036
0.161036
0.161503
0.162494
0.154034
0.163057
0.162101
0.162036
0.161036
0.162036
0.163036
0.161036
0.163234
0.143032
0.160057
0.162036
0.162036
0.163035
0.161036
0.161103
0.162037
0.170710
0.168038
0.166037
0.165262
0.164312
0.163036
0.162110
0.162457
0.162036
0.162036
0.155308
0.161622
0.162035
0.126028
0.163136
0.162036
0.162355
0.162035
0.163505
0.163037
0.162036
0.161036
0.160934
0.163037
0.162546
0.161061
0.162036
0.162036
0.156034
0.162197
0.163472
0.163037
0.162093
0.160834
0.161036
0.162036
0.164037
0.162035
0.162036
0.162130
0.161154
0.162036
0.161036
0.162182
0.162036
0.160872
0.133477
0.162036
0.161441
0.162375
0.162035
0.162035
0.163001
0.162036
0.163683
0.162036
0.161035
0.162036
0.164036
0.162137
0.162036
0.162864
0.162036
0.163037
0.148694
0.162365
0.162036
0.163276
0.162443
0.163036
0.162339
0.163036
0.162560
0.162983
0.115860
0.163036
0.162036
0.162036
0.162035
0.162602
0.161307
0.160534
0.139499
0.166330
0.165090
0.163036
0.160356
0.175039
0.172677
0.169038
0.162315
0.163056
0.162036
0.162036
0.163035
0.162063
0.162036
0.162035
0.162036
0.162036
0.155861
0.170489
0.169038
0.166036
0.164139
0.162036
0.162036
0.156142
0.168236
0.166066
0.166037
0.164036
0.166036
0.165037
0.163036
0.164037
0.157035
0.164291
0.153035
0.165036
0.164333
0.164037
0.164250
0.165036
0.164036
0.161036
0.161073
0.160035
0.159523
0.160036
0.160036
0.160036
0.161348
0.159292
0.160036
0.161068
0.146032
0.161035
0.159074
0.162036
0.163036
0.163172
0.163036
0.163037
0.163036
0.162421
0.161536
0.161036
0.161036
0.162036
0.162356
0.162410
0.162036
0.162132
0.141143
0.178040
0.172558
0.170038
0.167064
0.165354
0.165037
0.163364
0.165037
0.162036
0.163036
0.162036
0.162035
0.163223
0.163036
0.163079
0.161480
0.162036
0.138030
0.163063
0.163037
0.147356
0.165036
0.164036
0.164439
0.164037
0.163374
0.162328
0.163036
0.163081
0.163036
0.163036
0.162556
0.163036
0.141109
0.166048
0.157035
0.184040
0.178040
0.182040
0.180517
0.181040
0.182041
0.178789
0.168337
0.166037
0.161338
0.176318
0.174038
0.165122
0.176039
0.172039
0.169037
0.162036
0.159036
0.173159
0.166037
0.162036
0.159035
0.162144
0.163349
0.165147
0.165036
0.163104
0.164036
0.164036
0.165056
0.164037
0.164156
0.165037
0.164076
0.165037
0.155787
0.163037
0.164037
0.166037
0.163553
0.166057
0.160036
0.160036
0.159035
0.160036
0.160709
0.163036
0.160035
0.159256
0.160475
0.165037
0.165179
0.164078
0.154034
0.160035
0.160423
0.160036
0.160036
0.161036
0.160093
0.161036
0.160469
0.160036
0.159035
0.163036
0.165036
0.146629
0.165036
0.160036
0.159620
0.160036
0.153245
0.170038
0.167392
0.167037
0.164037
0.162985
0.162472
0.162037
0.160036
0.161036
0.165251
0.166037
0.166037
0.161449
0.161263
0.160236
0.152034
0.172038
0.170038
0.157035
0.161502
0.162357
0.165037
0.164430
0.165037
0.162246
0.166037
0.163035
0.159362
0.161036
0.161036
0.160035
0.159495
0.160248
0.159160
0.160035
0.160036
0.141031
0.167259
0.167037
0.161036
0.162036
0.161455
0.161437
0.168037
0.164508
0.163486
0.162036
0.162037
0.162036
0.161035
0.161366
0.162036
0.161089
0.161036
0.145678
0.160161
0.133029
0.161094
0.160036
0.161036
0.161036
0.162083
0.150738
0.170038
0.166146
0.167037
0.164037
0.165489
0.165296
0.165453
0.164036
0.165036
0.162037
0.173038
0.172038
0.172038
0.169538
0.165036
0.165036
0.162036
0.163037
0.163037
0.159363
0.159065
0.158035
0.160100
0.159035
0.163517
0.163148
0.161035
0.162035
0.168037
0.162036
0.176091
0.173529
0.172362
0.172038
0.162184
0.160035
0.159035
0.160035
0.158120
0.161036
0.168037
0.167037
0.160201
0.160055
0.160222
0.158036
0.172091
0.169037
0.166677
0.165036
0.163036
0.161213
0.161035
0.162037
0.161093
0.161036
0.161317
0.161036
0.161036
0.161035
0.160317
0.161213
0.160420
0.155034
0.166037
0.163437
0.162283
0.162036
0.162036
0.163036
0.161036
0.161711
0.160035
0.159036
0.161036
0.160035
0.160036
0.161037
0.161595
0.160036
0.159035
0.139464
0.165049
0.165037
0.163062
0.164071
0.161303
0.160034
0.166037
0.164037
0.162035
0.160035
0.125028
0.159035
0.140760
0.161036
0.160036
0.160036
0.161270
0.156035
0.170038
0.168037
0.168075
0.166102
0.165061
0.165194
0.160035
0.160035
0.159035
0.161036
0.160666
0.159034
0.160159
0.159035
0.160035
0.161036
0.161036
0.156866
0.169414
0.166630
0.167037
0.164425
0.164301
0.165381
0.161243
0.162412
0.160241
0.161037
0.162036
0.162036
0.160164
0.161079
0.161035
0.160035
0.160064
0.146033
0.179039
0.179040
0.179277
0.179039
0.180040
0.178040
0.161036
0.163115
0.166037
0.165036
0.162036
0.161036
0.160736
0.158035
0.163535
0.161036
0.161054
0.123027
0.163174
0.160035
0.162036
0.160036
0.159036
0.162035
0.168038
0.169038
0.172442
0.167362
0.162440
0.161092
0.161140
0.160115
0.160036
0.163036
0.111069
0.162036
0.162035
0.161490
0.161036
0.160036
0.161089
0.151033
0.167037
0.175039
0.180041
0.181121
0.163115
0.162036
0.161036
0.162036
0.160036
0.135030
0.160035
0.160166
0.161036
0.161036
0.161303
0.161035
0.161036
0.171211
0.179740
0.161036
0.160036
0.160244
0.161036
0.161036
0.160446
0.161036
0.129882
0.162035
0.161036
0.161036
0.159035
0.160035
0.162037
0.159504
0.160300
0.161036
0.165577
0.174464
0.177215
0.164037
0.162004
0.159612
0.161036
0.129051
0.163036
0.161035
0.161036
0.161468
0.143159
0.162036
0.161036
0.161130
0.160128
0.161625
0.167208
0.179107
0.176039
0.167441
0.165036
0.164119
0.156035
0.166037
0.164037
0.164037
0.161332
0.161587
0.162036
0.161100
0.161036
0.161036
0.160035
0.160321
0.161435
0.160440
0.161323
0.159036
0.161036
0.159796
0.154034
0.161036
0.161036
0.161250
0.160036
0.161120
0.161036
0.163037
0.162036
0.162036
0.160297
0.161218
0.163036
0.161546
0.162036
0.161036
0.161036
0.160679
0.169038
0.168175
0.166046
0.166036
0.163036
0.162035
0.162036
0.163036
0.167036
0.167429
0.162495
0.162109
0.178040
0.178040
0.182041
0.180040
0.179039
0.178040
0.161152
0.165036
0.162078
0.163036
0.163036
0.161036
0.166037
0.165494
0.164036
0.163037
0.163262
0.154553
0.153034
0.161036
0.163037
0.162037
0.162036
0.163110
0.146033
0.161036
0.163037
0.162080
0.162035
0.160035
0.161036
0.161034
0.161036
0.161256
0.162482
0.161139
0.164037
0.163037
0.163036
0.162090
0.162036
0.163036
0.149033
0.163036
0.162036
0.162036
0.162036
0.162735
0.162036
0.162063
0.161035
0.163036
0.153459
0.162036
0.163036
0.161036
0.161161
0.161036
0.162156
0.163036
0.147163
0.160035
0.161330
0.161036
0.161036
0.163036
0.162036
0.162035
0.161036
0.161229
0.161491
0.163479
0.163036
0.163036
0.161906
0.161036
0.161348
0.158202
0.167037
0.165334
0.166037
0.169037
0.168037
0.167127
0.163520
0.163036
0.163037
0.163036
0.164037
0.162036
0.164323
0.164385
0.163036
0.163036
0.162036
0.162036
0.156034
0.142881
0.162036
0.163036
0.160035
0.160362
0.161036
0.161036
0.161035
0.162481
0.161073
0.161036
0.146033
0.162036
0.161036
0.162036
0.161036
0.162173
0.142031
0.162462
0.161036
0.160034
0.161035
0.161122
0.162036
0.162120
0.160036
0.162302
0.162036
0.160035
0.161036
0.162036
0.162036
0.161112
0.161036
0.162036
0.152033
0.162036
0.161064
0.160035
0.162036
0.161036
0.161322
0.160093
0.161136
0.161233
0.161036
0.162036
0.163036
0.163036
0.162093
0.161036
0.162156
0.161036
0.150034
0.160036
0.162037
0.161036
0.160400
0.162036
0.162012
0.162036
0.161036
0.162228
0.160564
0.162036
0.164036
0.164036
0.162278
0.164036
0.164036
0.164068
0.151842
0.169141
0.167125
0.166037
0.163208
0.164037
0.163079
0.165686
0.164036
0.164037
0.164444
0.165037
0.169039
0.161035
0.161356
0.161035
0.163519
0.166036
0.131623
0.164144
0.164036
0.163037
0.162036
0.163291
0.162485
0.163294
0.163037
0.165035
0.163036
0.162036
0.165251
0.179039
0.180042
0.181040
0.180059
0.181040
0.180040
0.182040
0.182040
0.176039
0.180040
0.179040
0.178497
0.180041
0.183041
0.182040
0.181040
0.182040
0.181596
0.182057
0.182040
0.179040
0.177742
0.175039
0.177040
0.180040
0.180145
0.178235
0.177039
0.180040
0.179039
0.176834
0.180039
0.180060
0.178040
0.181297
0.175244
0.174089
0.167152
0.173039
0.170181
0.166037
0.168157
0.169038
0.166037
0.166037
0.165037
0.165064
0.164037
0.164036
0.165037
0.164125
0.164036
0.166139
0.164277
0.160036
0.160286
0.159035
0.161114
0.146033
0.163036
0.163286
0.163036
0.163325
0.164432
0.162778
0.162544
0.161547
0.162036
0.161436
0.141032
0.163036
0.163036
0.162575
0.163375
0.163035
0.163115
0.146033
0.172119
0.169037
0.168037
0.166037
0.166298
0.165037
0.165037
0.165350
0.165309
0.164686
0.164582
0.165037
0.164140
0.162387
0.162606
0.142146
0.164406
0.157870
0.173038
0.170038
0.166520
0.164036
0.163400
0.165036
0.164037
0.163036
0.157259
0.176039
0.173241
0.169038
0.162036
0.158035
0.297131
0.329074
0.344080
0.313066
0.306071
0.303066
0.328871
0.365084
0.340353
0.177039
0.177040
0.178040
0.177039
0.175039
0.179040
0.178040
0.176039
0.171980
0.174990
0.175039
0.168164
0.174472
0.171038
0.169108
0.166551
0.164146
0.163373
0.161522
0.160116
0.163036
0.160035
0.161751
0.160035
0.161012
0.160488
0.159035
0.159470
0.160036
0.148744
0.160294
0.161036
0.161036
0.160720
0.161036
0.161276
0.161059
0.162036
0.162470
0.160314
0.161036
0.159861
0.160035
0.161376
0.160128
0.160105
0.159035
0.143494
0.160035
0.160098
0.159035
0.158426
0.160266
0.159366
0.171038
0.167037
0.164037
0.163112
0.161036
0.161621
0.162036
0.163036
0.161035
0.160237
0.159090
0.136362
0.160081
0.161034
0.159487
0.158035
0.160035
0.160035
0.159036
0.160036
0.120363
0.161036
0.161185
0.160322
0.161036
0.161035
0.159035
0.158466
0.158161
0.147112
0.167197
0.161291
0.163036
0.161430
0.161036
0.162036
0.162036
0.162470
0.162293
0.162036
0.162036
0.161035
0.162135
0.159073
0.159036
0.160035
0.159283
0.147033
0.173039
0.169199
0.167037
0.164303
0.164036
0.162453
0.162036
0.163036
0.162036
0.163036
0.161264
0.162630
0.156035
0.179040
0.178040
0.180040
0.177039
0.156034
0.162036
0.160036
0.161036
0.162036
0.161035
0.160401
0.159053
0.161351
0.163037
0.162485
0.161036
0.164037
0.162036
0.168291
0.166037
0.164036
0.164037
0.141972
0.163036
0.163036
0.162036
0.162489
0.162036
0.162036
0.163253
0.163200
0.162036
0.118850
0.162036
0.161036
0.161068
0.163114
0.163036
0.162085
0.164037
0.148033
0.170038
0.168303
0.165037
0.165200
0.165227
0.164270
0.164036
0.163425
0.158035
0.183041
0.181040
0.179118
0.182040
0.172038
0.170475
0.164458
0.163036
0.154139
0.177878
0.173399
0.173199
0.158362
0.159036
0.159035
0.158035
0.159245
0.161135
0.158036
0.161391
0.162036
0.163035
0.163427
0.162036
0.163036
0.163034
0.142555
0.162036
0.163036
0.163036
0.163436
0.161867
0.164037
0.163036
0.163608
0.163526
0.162989
0.163036
0.163036
0.160252
0.159293
0.159035
0.159035
0.160036
0.141892
0.161036
0.162036
0.165151
0.164380
0.165037
0.162035
0.161449
0.160035
0.162036
0.161036
0.160035
0.159035
0.160035
0.162375
0.161036
0.160035
0.160035
0.156174
0.161420
0.160075
0.162036
0.162036
0.161036
0.161476
0.161036
0.161035
0.160036
0.161219
0.161036
0.161036
0.161142
0.162400
0.160036
0.160035
0.160035
0.138344
0.161036
0.161036
0.161439
0.161036
0.161171
0.162520
0.160405
0.160036
0.128029
0.161336
0.161036
0.161091
0.161036
0.161495
0.160035
0.161036
0.161036
0.149034
0.171038
0.170038
0.167083
0.164254
0.164037
0.163036
0.162035
0.160054
0.162036
0.163036
0.163036
0.162244
0.163512
0.162096
0.160100
0.162284
0.160121
0.133154
0.161036
0.162037
0.161035
0.165215
0.166036
0.163477
0.161417
0.162578
0.161037
0.161476
0.161036
0.162036
0.161036
0.164037
0.161036
0.161035
0.162079
0.149033
0.162036
0.162175
0.159035
0.161036
0.162036
0.162036
0.161508
0.161090
0.161036
0.161035
0.161036
0.163036
0.163036
0.162383
0.157802
0.162357
0.162291
0.136656
0.163036
0.162035
0.161036
0.160135
0.161781
0.161038
0.162036
0.160035
0.161036
0.162036
0.162036
0.160457
0.162300
0.162036
0.149702
0.160036
0.141451
0.159034
0.171335
0.168090
0.165036
0.164211
0.163455
0.162036
0.162035
0.162036
0.162036
0.163075
0.159036
0.174386
0.170728
0.162535
0.162036
0.161422
0.162036
0.155152
0.162036
0.162035
0.162036
0.160770
0.159441
0.161163
0.162129
0.162036
0.156035
0.163037
0.162036
0.162036
0.163036
0.161361
0.161056
0.162445
0.161121
0.150749
0.163035
0.164422
0.164037
0.162405
0.164037
0.162036
0.162084
0.163037
0.163036
0.162036
0.164059
0.163424
0.162036
0.163037
0.162113
0.164294
0.163036
0.154436
0.163036
0.162318
0.163234
0.162431
0.159390
0.163036
0.163201
0.163464
0.162036
0.163036
0.162035
0.164013
0.162076
0.165037
0.163035
0.163152
0.164036
0.154836
0.164037
0.162036
0.163115
0.163203
0.162500
0.163516
0.163036
0.163036
0.164037
0.163037
0.163036
0.162778
0.163036
0.164037
0.164176
0.163036
0.164037
0.133029
0.163036
0.163727
0.163036
0.163361
0.162036
0.163036
0.163036
0.162244
0.163037
0.164036
0.163196
0.163036
0.164037
0.164037
0.162036
0.123351
0.163406
0.159442
0.164037
0.164037
0.164036
0.164036
0.163036
0.164036
0.164209
0.164037
0.162036
0.161492
0.163036
0.162036
0.163037
0.164036
0.163261
0.163310
0.163036
0.149034
0.166883
0.162285
0.163423
0.164036
0.162035
0.162036
0.163037
0.163037
0.162104
0.163036
0.163036
0.163243
0.164036
0.165037
0.164036
0.163037
0.163036
0.145032
0.164037
0.162036
0.164036
0.164152
0.163036
0.163077
0.164037
0.162282
0.164363
0.143511
0.164036
0.163036
0.163136
0.164037
0.163036
0.164036
0.163462
0.142032
0.173038
0.171038
0.166376
0.166036
0.159217
0.180040
0.183041
0.181040
0.184041
0.181041
0.179187
0.183041
0.178039
0.173038
0.170255
0.169501
0.168037
0.165037
0.174071
0.171037
0.166075
0.163037
0.162035
0.166037
0.165208
0.162036
0.161035
0.161036
0.161035
0.160035
0.162036
0.163036
0.161036
0.162036
0.160174
0.154034
0.162122
0.161036
0.161036
0.161034
0.160500
0.162036
0.161046
0.161479
0.146055
0.166526
0.165090
0.163036
0.163036
0.165435
0.165974
0.164036
0.161036
0.153034
0.161035
0.161036
0.161036
0.162033
0.162036
0.161035
0.162036
0.142502
0.162036
0.159338
0.159941
0.163036
0.161445
0.167037
0.164037
0.163036
0.163036
0.156035
0.162036
0.162036
0.160036
0.161036
0.162036
0.160035
0.159305
0.162036
0.162036
0.162036
0.164035
0.164105
0.163036
0.169037
0.169038
0.166037
0.166410
0.159035
0.165036
0.162036
0.160794
0.161533
0.165468
0.166037
0.167037
0.163037
0.160035
0.161036
0.161036
0.161036
0.180043
0.167037
0.165036
0.163502
0.159036
0.170464
0.169182
0.167037
0.165055
0.166037
0.162035
0.161165
0.160511
0.163247
0.162141
0.162036
0.162603
0.161036
0.161035
0.163154
0.160036
0.161149
0.157035
0.165037
0.154034
0.166131
0.165037
0.164037
0.165036
0.163035
0.164036
0.163037
0.160035
0.160035
0.160036
0.160035
0.160035
0.175394
0.164036
0.093175
0.164037
0.170160
0.170038
0.170037
0.168711
0.128028
0.162036
0.160036
0.160310
0.160592
0.161036
0.160035
0.160036
0.160036
0.162060
0.163036
0.162036
0.163122
0.167037
0.156034
0.163036
0.163036
0.162036
0.163036
0.161959
0.162036
0.163037
0.163036
0.163354
0.163752
0.166280
0.164036
0.165037
0.167037
0.166047
0.166049
0.164036
0.141031
0.163037
0.163035
0.162177
0.162163
0.164037
0.162494
0.163036
0.161442
0.163229
0.163644
0.162182
0.163036
0.163574
0.165036
0.163036
0.163036
0.165037
0.153849
0.163037
0.164037
0.162035
0.162237
0.167037
0.164074
0.163036
0.165476
0.166037
0.165037
0.166251
0.164036
0.165036
0.171452
0.168314
0.167579
0.163036
0.153033
0.160036
0.162036
0.160035
0.160308
0.160180
0.162356
0.165037
0.164427
0.164092
0.162231
0.161036
0.160035
0.159035
0.166136
0.165037
0.162484
0.165037
0.138776
0.160096
0.160036
0.161298
0.161036
0.161035
0.159035
0.160350
0.162036
0.161036
0.159342
0.160035
0.161036
0.132029
0.162036
0.142667
0.160036
0.164036
0.157706
0.164036
0.165110
0.162347
0.164036
0.164494
0.163036
0.159035
0.159035
0.159320
0.164037
0.140445
0.167281
0.165036
0.164036
0.164210
0.162036
0.164036
0.155561
0.168038
0.163348
0.163036
0.162125
0.161036
0.160035
0.160233
0.164451
0.168081
0.167036
0.163036
0.163454
0.163049
0.163036
0.163036
0.162035
0.163410
0.145032
0.171037
0.169393
0.166036
0.165060
0.163836
0.168037
0.165036
0.162496
0.164036
0.163036
0.163233
0.164117
0.162435
0.167037
0.163036
0.162036
0.142414
0.135030
0.164036
0.161035
0.163050
0.162055
0.161036
0.163037
0.162339
0.162466
0.162036
0.163036
0.162146
0.162519
0.163126
0.163115
0.162215
0.163036
0.156440
0.168038
0.169038
0.168038
0.166037
0.163035
0.163526
0.163082
0.163036
0.163327
0.162055
0.162380
0.142242
0.162036
0.163035
0.162442
0.163036
0.162035
0.163082
0.146688
0.163036
0.162304
0.162230
0.163036
0.162191
0.132341
0.164036
0.163038
0.163036
0.161035
0.163037
0.160296
0.163036
0.163036
0.163228
0.162161
0.163036
0.144119
0.163036
0.163236
0.165037
0.164195
0.163036
0.162968
0.163036
0.163036
0.163036
0.162036
0.162264
0.162078
0.164036
0.162552
0.163036
0.162962
0.162035
0.155034
0.163073
0.161153
0.162036
0.161136
0.162442
0.162248
0.163037
0.162384
0.162252
0.162037
0.162071
0.162907
0.162210
0.164037
0.164036
0.163037
0.162036
0.157154
0.162036
0.161035
0.163037
0.163036
0.163037
0.163035
0.162118
0.163037
0.162105
0.162851
0.164037
0.163037
0.163037
0.165037
0.162036
0.161530
0.162036
0.152210
0.163036
0.161344
0.163036
0.163036
0.162036
0.162386
0.121457
0.168108
0.165142
0.164037
0.163348
0.163036
0.164037
0.163036
0.161035
0.161035
0.163037
0.156035
0.173174
0.168037
0.166037
0.165036
0.164125
0.164083
0.164037
0.158044
0.174039
0.171038
0.167037
0.159273
0.178040
0.172037
0.169038
0.167358
0.165036
0.157618
0.168038
0.168038
0.164037
0.163036
0.161035
0.162036
0.161036
0.160036
0.160437
0.162036
0.166037
0.165036
0.161036
0.165036
0.163036
0.161036
0.162037
0.160034
0.146032
0.159732
0.160036
0.161592
0.161036
0.161516
0.161036
0.160035
0.161478
0.163036
0.161035
0.161123
0.161343
0.169038
0.165037
0.165226
0.162035
0.161035
0.143032
0.161036
0.161250
0.161036
0.161035
0.162036
0.162036
0.161386
0.161487
0.161642
0.163036
0.163036
0.160273
0.163136
0.142110
0.161036
0.155462
0.161530
0.139113
0.162036
0.162036
0.161036
0.162036
0.161035
0.161036
0.162036
0.161100
0.161036
0.148458
0.166037
0.164036
0.163035
0.162036
0.162042
0.161036
0.161035
0.144420
0.162036
0.162036
0.162036
0.163037
0.160218
0.162036
0.161101
0.161323
0.162455
0.161036
0.161290
0.161036
0.163036
0.161346
0.162105
0.160036
0.161036
0.140774
0.168065
0.164537
0.160191
0.161036
0.161036
0.161035
0.163197
0.161526
0.161036
0.161036
0.160403
0.161036
0.139117
0.163037
0.163184
0.161036
0.162036
0.161036
0.167037
0.164036
0.161715
0.162036
0.163323
0.162036
0.162036
0.162249
0.163125
0.161476
0.162036
0.163036
0.163429
0.161036
0.161975
0.161909
0.163036
0.141031
0.164036
0.164067
0.162097
0.163035
0.163036
0.163036
0.163036
0.162635
0.163128
0.163105
0.163036
0.162079
0.164037
0.163328
0.162485
0.162035
0.164037
0.139081
0.173039
0.167037
0.165036
0.159434
0.175426
0.172039
0.170038
0.169086
0.162187
0.162330
0.163043
0.164122
0.168037
0.165222
0.164037
0.163036
0.162239
0.151427
0.161035
0.162036
0.162036
0.162035
0.163113
0.162035
0.161036
0.163036
0.162036
0.162036
0.161519
0.163178
0.162408
