0.002449
0.074089
0.079016
0.076083
0.074890
0.069974
0.088671
0.073174
0.072751
0.072016
0.072192
0.072016
0.071815
0.071017
0.072183
0.070818
0.071596
0.070461
0.070945
0.070016
0.071901
0.071015
0.071173
0.072341
0.073570
0.090020
0.072716
0.071634
0.071532
0.071254
0.071742
0.070630
0.081128
0.073753
0.071422
0.071016
0.071346
0.070802
0.071015
0.072392
0.070373
0.071904
0.072019
0.072016
0.074016
0.071802
0.070392
0.080017
0.093780
0.085019
0.088019
0.084726
0.149033
0.163039
0.121121
0.153034
0.142032
0.154388
0.137031
0.165036
0.171039
0.130029
0.154311
0.153096
0.155034
0.156035
0.155034
0.119026
0.152081
0.175039
0.178040
0.176115
0.175039
0.173038
0.166188
0.162300
0.162036
0.158035
0.155468
0.157111
0.156034
0.155034
0.155035
0.156192
0.155034
0.155035
0.157034
0.155034
0.156526
0.155034
0.157034
0.134131
0.156035
0.156099
0.157178
0.156034
0.155966
0.155270
0.155034
0.156424
0.155350
0.155082
0.157035
0.158035
0.164273
0.174038
0.176208
0.164037
0.159412
0.160035
0.160248
0.158035
0.160055
0.157224
0.156379
0.156286
0.179040
0.175305
0.160035
0.157328
0.156035
0.156034
0.157035
0.156436
0.157034
0.174055
0.173039
0.178107
0.174039
0.175039
0.174040
0.175040
0.160036
0.155766
0.153034
0.155656
0.158035
0.156105
0.162036
0.177039
0.174857
0.175587
0.159035
0.157035
0.156034
0.157035
0.157035
0.156035
0.155270
0.167201
0.158036
0.158036
0.159416
0.174039
0.178369
0.165061
0.156034
0.156156
0.158456
0.156034
0.158172
0.156401
0.156343
0.161351
0.160036
0.158035
0.158266
0.157035
0.164479
0.162461
0.162036
0.159036
0.158035
0.160260
0.159884
0.158035
0.157344
0.159035
0.165038
0.164212
0.162036
0.160036
0.158035
0.161192
0.162036
0.162036
0.162036
0.162055
0.159484
0.159096
0.159493
0.160245
0.172038
0.170038
0.175328
0.169037
0.168146
0.166037
0.162081
0.161036
0.159035
0.160036
0.159120
0.155075
0.157035
0.157702
0.163037
0.165177
0.162036
0.158356
0.157324
0.158035
0.157497
0.156506
0.154872
0.159036
0.158035
0.157558
0.157386
0.158035
0.156034
0.155237
0.156036
0.159045
0.176039
0.163037
0.157746
0.157035
0.156034
0.179068
0.179457
0.168037
0.156604
0.157035
0.156034
0.164213
0.160405
0.156034
0.166037
0.178040
0.179041
0.178039
0.179549
0.178688
0.167037
0.157137
0.156489
0.157035
0.160033
0.159036
0.157035
0.155050
0.157035
0.157035
0.158351
0.156122
0.155035
0.156034
0.155035
0.158035
0.157035
0.156035
0.160035
0.156054
0.172039
0.180041
0.177040
0.159719
0.157035
0.157222
0.157097
0.159036
0.160036
0.156054
0.157034
0.157106
0.157035
0.160036
0.157423
0.150471
0.157251
0.150002
0.164339
0.163358
0.177039
0.175978
0.181040
0.176039
0.181041
0.175215
0.179040
0.167503
0.157035
0.156035
0.157035
0.159035
0.158035
0.156034
0.156054
0.179040
0.177039
0.177039
0.180240
0.180040
0.178039
0.176183
0.179040
0.177040
0.175323
0.157035
0.156034
0.158438
0.157035
0.158035
0.158035
0.156034
0.157035
0.159138
0.181040
0.165281
0.163037
0.159208
0.157058
0.158472
0.161036
0.157748
0.157547
0.158239
0.156472
0.156222
0.158035
0.161036
0.159299
0.158574
0.158035
0.158035
0.180106
0.175173
0.164036
0.159314
0.158034
0.156098
0.161036
0.159035
0.179162
0.156124
0.159036
0.160156
0.158035
0.158053
0.160036
0.157035
0.159189
0.159035
0.159092
0.179039
0.175098
0.162226
0.159034
0.158261
0.158034
0.159035
0.160036
0.159035
0.159035
0.157035
0.179244
0.158282
0.160036
0.158035
0.158035
0.159035
0.161526
0.159511
0.160073
0.159035
0.167073
0.177999
0.165380
0.160117
0.159153
0.158035
0.158272
0.157035
0.158731
0.174039
0.180043
0.158035
0.159036
0.158165
0.159398
0.160036
0.162285
0.159036
0.155353
0.159208
0.160517
0.160481
0.162036
0.166172
0.178040
0.176039
0.159143
0.158370
0.164175
0.164861
0.163036
0.161049
0.160525
0.162036
0.179224
0.183042
0.162180
0.164037
0.159035
0.158035
0.165339
0.163036
0.162598
0.162035
0.172039
0.177041
0.162036
0.161297
0.159035
0.157216
0.159075
0.174039
0.155032
0.153034
0.159035
0.158035
0.166037
0.164036
0.165395
0.163767
0.167037
0.167036
0.162425
0.161035
0.165499
0.165037
0.164378
0.162937
0.163411
0.161035
0.180040
0.159045
0.160568
0.165036
0.159156
0.161035
0.162036
0.161510
0.162221
0.123016
0.161393
0.160035
0.161056
0.161035
0.161781
0.161128
0.159966
0.170038
0.166037
0.162650
0.162035
0.162036
0.161109
0.161036
0.177040
0.159039
0.162102
0.159035
0.159035
0.180040
0.179362
0.161036
0.159176
0.160035
0.158035
0.158035
0.158938
0.159323
0.163036
0.161035
0.160035
0.172090
0.171038
0.166036
0.159500
0.159421
0.158571
0.158034
0.160035
0.158324
0.158675
0.161036
0.160036
0.161035
0.160170
0.160502
0.167037
0.178115
0.164307
0.160035
0.159451
0.159036
0.158675
0.159035
0.159035
0.160036
0.160035
0.161349
0.161036
0.159336
0.139903
0.175040
0.168341
0.166036
0.165036
0.163036
0.162499
0.181040
0.175388
0.176039
0.179040
0.177107
0.162216
0.161036
0.162199
0.162413
0.163057
0.163344
0.162165
0.163037
0.167037
0.163375
0.162036
0.161036
0.160035
0.159440
0.160752
0.160036
0.159945
0.158035
0.163036
0.179040
0.181471
0.174178
0.170135
0.164526
0.161103
0.159035
0.160035
0.160035
0.151679
0.161036
0.159366
0.158035
0.161035
0.166036
0.151556
0.159474
0.160123
0.183041
0.178095
0.166049
0.160534
0.162036
0.160036
0.160523
0.160124
0.160380
0.162200
0.162036
0.162264
0.161481
0.162036
0.170067
0.178040
0.165109
0.163380
0.160042
0.160393
0.160036
0.161036
0.183041
0.173105
0.169037
0.162169
0.160036
0.162036
0.160220
0.159156
0.159035
0.159036
0.170741
0.176040
0.163361
0.160036
0.169778
0.177048
0.168144
0.162036
0.158319
0.158056
0.159035
0.159036
0.159035
0.159394
0.169038
0.175115
0.177041
0.165036
0.159484
0.161401
0.158142
0.161036
0.160036
0.160089
0.161036
0.159036
0.159161
0.161276
0.162036
0.162094
0.167105
0.168088
0.165039
0.167037
0.166036
0.165123
0.169459
0.168184
0.167037
0.164036
0.166229
0.165037
0.164740
0.162506
0.179040
0.177726
0.180040
0.171654
0.164761
0.163036
0.163036
0.164036
0.157257
0.163036
0.163552
0.158503
0.160008
0.161208
0.158570
0.183041
0.179040
0.159534
0.160036
0.160604
0.159035
0.159129
0.165037
0.163036
0.162035
0.159637
0.171038
0.177302
0.165037
0.161036
0.162209
0.159035
0.160091
0.161035
0.166437
0.168052
0.162036
0.170449
0.179045
0.165036
0.162099
0.163037
0.162036
0.161036
0.157034
0.179040
0.176329
0.159035
0.166391
0.169368
0.182040
0.161036
0.162036
0.162036
0.162229
0.162035
0.162420
0.183041
0.177039
0.162036
0.162036
0.161517
0.160036
0.161298
0.163037
0.179039
0.177040
0.172015
0.167037
0.164036
0.163611
0.163036
0.164037
0.163261
0.165037
0.164517
0.164094
0.166279
0.170190
0.167235
0.166038
0.163270
0.163113
0.162258
0.163398
0.166037
0.165037
0.166471
0.166296
0.166390
0.166037
0.167406
0.164359
0.168037
0.181040
0.180040
0.180040
0.178039
0.174039
0.167037
0.164037
0.166036
0.158212
0.182366
0.158034
0.168635
0.164037
0.163036
0.160060
0.160007
0.160462
0.160036
0.160036
0.165497
0.163037
0.164036
0.163592
0.169038
0.175039
0.159250
0.161035
0.161525
0.161165
0.161073
0.163036
0.163099
0.164054
0.163447
0.184041
0.182040
0.160035
0.160731
0.161035
0.162059
0.115026
0.162036
0.160094
0.164309
0.162391
0.160761
0.162490
0.162036
0.162365
0.161036
0.180040
0.176934
0.180040
0.162154
0.161495
0.162036
0.160036
0.160401
0.161035
0.161036
0.163036
0.163471
0.162035
0.162035
0.162437
0.170511
0.181157
0.179040
0.165207
0.157035
0.160036
0.161036
0.160036
0.159035
0.160036
0.159410
0.160510
0.160049
0.160217
0.180041
0.181041
0.160408
0.159282
0.160036
0.158035
0.160036
0.161036
0.161036
0.158047
0.159191
0.160129
0.160035
0.159697
0.159035
0.169040
0.166038
0.163173
0.162036
0.165543
0.164036
0.162434
0.161443
0.167468
0.179040
0.167037
0.161036
0.159090
0.160035
0.160176
0.160036
0.160036
0.159035
0.159514
0.176039
0.180039
0.170038
0.161483
0.160466
0.161036
0.159035
0.161036
0.160036
0.160036
0.160062
0.159035
0.160036
0.168285
0.180040
0.178039
0.168229
0.161516
0.164261
0.162544
0.162036
0.162162
0.162084
0.162036
0.162036
0.162036
0.180040
0.178039
0.163367
0.166203
0.167037
0.167036
0.165267
0.165141
0.164156
0.163230
0.164331
0.163036
0.164258
0.162036
0.163384
0.161382
0.162213
0.179040
0.177040
0.169302
0.167189
0.164209
0.172786
0.159035
0.157336
0.157035
0.157306
0.158035
0.161036
0.166037
0.163099
0.160034
0.166037
0.148932
0.161036
0.167037
0.166037
0.164035
0.163036
0.164021
0.164036
0.163036
0.164474
0.166483
0.164036
0.165037
0.165126
0.163304
0.165534
0.165036
0.164567
0.168546
0.178040
0.161626
0.162223
0.161036
0.160035
0.159035
0.161497
0.161036
0.159962
0.168038
0.183041
0.178040
0.167037
0.160198
0.160036
0.161424
0.161454
0.161312
0.160051
0.162036
0.161944
0.159616
0.162036
0.175039
0.179851
0.177040
0.164267
0.161036
0.163036
0.171522
0.178040
0.176995
0.164037
0.161413
0.162528
0.161049
0.134360
0.161166
0.161036
0.161037
0.160138
0.166037
0.163036
0.181040
0.159453
0.140208
0.160035
0.159809
0.158035
0.162036
0.158263
0.158535
0.158035
0.161036
0.161036
0.123137
0.160165
0.163037
0.163035
0.162190
0.164036
0.162474
0.162435
0.162125
0.164037
0.165424
0.167094
0.164300
0.166037
0.166037
0.166169
0.165037
0.167037
0.165036
0.165036
0.164395
0.168038
0.176683
0.174170
0.167037
0.161036
0.161042
0.160131
0.162036
0.142297
0.166114
0.164797
0.165037
0.163826
0.164165
0.164037
0.162052
0.165036
0.161035
0.163322
0.170038
0.178040
0.164502
0.162277
0.164037
0.162206
0.163036
0.161530
0.163441
0.168037
0.179316
0.169457
0.161036
0.162538
0.161036
0.163035
0.163271
0.162249
0.167401
0.183330
0.179040
0.181041
0.180102
0.177039
0.160035
0.160232
0.161348
0.161036
0.164037
0.163260
0.161679
0.163157
0.165759
0.165036
0.180336
0.183041
0.163893
0.160523
0.160035
0.159798
0.161036
0.162036
0.164534
0.163036
0.164036
0.163619
0.182040
0.176039
0.175039
0.174038
0.159035
0.160869
0.162036
0.165037
0.159017
0.163413
0.162036
0.160035
0.160695
0.161674
0.160544
0.180041
0.177215
0.173038
0.162036
0.161936
0.164421
0.165328
0.166100
0.163036
0.161264
0.164525
0.162036
0.161036
0.164256
0.165148
0.164145
0.164528
0.171038
0.170038
0.169038
0.166328
0.165103
0.163060
0.162036
0.160254
0.162035
0.166037
0.166057
0.163412
0.168037
0.167037
0.165296
0.179040
0.167453
0.163037
0.159354
0.161129
0.160242
0.161036
0.160208
0.160036
0.161036
0.159285
0.173039
0.176373
0.174039
0.173102
0.181041
0.177040
0.179040
0.177039
0.165036
0.161397
0.161340
0.159036
0.160036
0.159046
0.159035
0.158524
0.160036
0.159456
0.164076
0.160553
0.169037
0.177040
0.179040
0.179039
0.181041
0.177141
0.161297
0.158530
0.159788
0.163149
0.162037
0.161184
0.159467
0.161606
0.171021
0.176039
0.162035
0.160319
0.161036
0.160036
0.158116
0.158522
0.158417
0.160036
0.162036
0.184041
0.182041
0.180040
0.161036
0.162400
0.163036
0.161317
0.162036
0.163036
0.170341
0.175039
0.174166
0.168037
0.164037
0.161035
0.164037
0.161036
0.159326
0.157034
0.157034
0.158082
0.157138
0.158397
0.158035
0.163366
0.170038
0.169037
0.163397
0.164559
0.159909
0.158035
0.159036
0.158035
0.160036
0.309076
0.328018
0.343627
0.354521
0.357082
0.266043
0.174527
0.176039
0.176039
0.173561
0.159035
0.159035
0.158219
0.158035
0.158035
0.157034
0.156035
0.157075
0.139031
0.158035
0.158035
0.156034
0.160035
0.179040
0.178040
0.175059
0.174564
0.165177
0.161640
0.158364
0.159036
0.159493
0.157118
0.157035
0.157345
0.159036
0.159035
0.158035
0.160154
0.159451
0.159151
0.157937
0.158473
0.180041
0.177133
0.176039
0.177197
0.165037
0.158456
0.159046
0.160541
0.159035
0.160036
0.157331
0.181040
0.160396
0.160643
0.159035
0.158035
0.162036
0.163159
0.162104
0.164037
0.162122
0.162036
0.157034
0.158035
0.158036
0.158035
0.157035
0.160103
0.160047
0.158043
0.158035
0.159034
0.161036
0.159035
0.160036
0.159035
0.158627
0.162036
0.160035
0.161036
0.161036
0.161196
0.159392
0.157035
0.162036
0.161036
0.080018
0.163036
0.162009
0.161035
0.162070
0.162036
0.161036
0.160104
0.162392
0.162036
0.161036
0.161036
0.160035
0.160059
0.160035
0.160238
0.162036
0.176718
0.181041
0.178042
0.181355
0.179040
0.183041
0.178040
0.180040
0.181041
0.176038
0.178039
0.180040
0.177128
0.179326
0.169223
0.162036
0.161036
0.161036
0.160350
0.162036
0.160036
0.160036
0.161036
0.181030
0.181041
0.160146
0.164105
0.161036
0.161035
0.160355
0.161153
0.182040
0.181040
0.180041
0.177218
0.179040
0.168169
0.158035
0.158892
0.161035
0.159035
0.085345
0.176039
0.175254
0.180041
0.178040
0.178078
0.179040
0.174039
0.160055
0.160035
0.160071
0.158293
0.163036
0.163036
0.161036
0.159884
0.160036
0.159035
0.177040
0.181040
0.157064
0.159036
0.156035
0.157149
0.157035
0.160035
0.161036
0.162036
0.161240
0.161281
0.159035
0.161126
0.184041
0.179042
0.157434
0.164036
0.165750
0.162036
0.159364
0.158035
0.159035
0.161036
0.159035
0.159035
0.169038
0.182036
0.176708
0.163037
0.161036
0.161608
0.161035
0.161035
0.160036
0.160035
0.166037
0.181039
0.160035
0.161036
0.159035
0.159170
0.178040
0.180040
0.179040
0.180040
0.177395
0.160036
0.159035
0.160036
0.159697
0.159035
0.160463
0.161036
0.159036
0.161146
0.161034
0.160351
0.161035
0.163107
0.172038
0.179040
0.179092
0.164036
0.160036
0.159535
0.158159
0.159251
0.161036
0.160036
0.159308
0.159035
0.160036
0.160036
0.162268
0.162122
0.161036
0.162036
0.162145
0.173039
0.171038
0.168037
0.166037
0.163180
0.160142
0.160036
0.165036
0.167078
0.167426
0.166037
0.163790
0.165037
0.162777
0.163036
0.166037
0.166046
0.164234
0.130928
0.159035
0.158747
0.166037
0.163036
0.166037
0.176039
0.180136
0.164036
0.163126
0.162396
0.161036
0.164566
0.159550
0.159036
0.159334
0.162437
0.168107
0.181502
0.162338
0.164036
0.162036
0.162881
0.162036
0.164167
0.162405
0.161516
0.162036
0.168038
0.179039
0.158994
0.178041
0.179040
0.166037
0.163037
0.167037
0.163088
0.162036
0.162036
0.161036
0.160457
0.162035
0.162036
0.178732
0.184061
0.161036
0.164037
0.163035
0.161096
0.167037
0.165036
0.164036
0.180040
0.181040
0.158035
0.163036
0.162496
0.162036
0.161630
0.162276
0.162439
0.163036
0.172729
0.182041
0.159240
0.158035
0.160316
0.162295
0.161365
0.163036
0.162036
0.163036
0.163036
0.162717
0.162449
0.162484
0.167446
0.164236
0.163206
0.164453
0.168323
0.180040
0.182040
0.180426
0.183041
0.179040
0.179452
0.175391
0.175039
0.160035
0.161437
0.160487
0.160280
0.160539
0.161399
0.159383
0.161036
0.161827
0.161249
0.171038
0.164119
0.162036
0.161336
0.161180
0.159357
0.161035
0.174039
0.177040
0.181319
0.158035
0.162350
0.161478
0.162035
0.163327
0.161376
0.129311
0.163462
0.162036
0.170038
0.183040
0.161037
0.163036
0.162036
0.163037
0.160378
0.161372
0.178042
0.181041
0.178040
0.179072
0.179067
0.177039
0.176039
0.162036
0.161036
0.161315
0.161131
0.160359
0.161265
0.161035
0.159035
0.161035
0.161037
0.159246
0.158035
0.157684
0.158044
0.163108
0.162036
0.162503
0.162036
0.161036
0.165037
0.162718
0.160115
0.163236
0.158158
0.158036
0.158035
0.157901
0.158432
0.159776
0.165438
0.164036
0.167037
0.172038
0.168038
0.164258
0.163198
0.163036
0.161219
0.161103
0.160035
0.160036
0.160036
0.159035
0.168037
0.185084
0.166036
0.159424
0.159036
0.160036
0.158035
0.160035
0.159443
0.158158
0.159431
0.161278
0.160128
0.159035
0.159035
0.161036
0.159035
0.160211
0.158321
0.161525
0.159036
0.157296
0.159035
0.181040
0.178040
0.166531
0.160035
0.162036
0.161036
0.159035
0.159510
0.160036
0.160059
0.160363
0.174039
0.180041
0.176039
0.176039
0.177039
0.176654
0.175039
0.178040
0.168037
0.164036
0.161036
0.159991
0.160036
0.160169
0.160069
0.160036
0.159035
0.161036
0.160036
0.160113
0.160119
0.159413
0.160245
0.159035
0.159035
0.181040
0.176039
0.166038
0.159036
0.130029
0.158036
0.159508
0.159357
0.159448
0.160035
0.165037
0.166037
0.163483
0.162309
0.164412
0.164036
0.162036
0.163516
0.164068
0.168188
0.166416
0.168389
0.167038
0.165224
0.180040
0.184041
0.183041
0.181040
0.180041
0.180040
0.169038
0.166036
0.166038
0.163233
0.161090
0.161036
0.161036
0.160084
0.161036
0.160035
0.161074
0.161044
0.159035
0.161036
0.162036
0.162036
0.160035
0.161036
0.161527
0.162036
0.154129
0.161335
0.160275
0.161507
0.161035
0.159382
0.160560
0.159035
0.162178
0.168037
0.166324
0.165115
0.164037
0.163498
0.163035
0.162036
0.183306
0.176600
0.176039
0.177040
0.159425
0.161036
0.161036
0.159512
0.161036
0.161036
0.162036
0.160582
0.160036
0.160036
0.162035
0.161036
0.161036
0.161036
0.161535
0.159188
0.161036
0.160036
0.160036
0.161036
0.178040
0.178736
0.167037
0.160396
0.161052
0.161126
0.160344
0.160419
0.159035
0.161590
0.162036
0.158006
0.161036
0.160183
0.179040
0.177039
0.167036
0.161159
0.140846
0.162035
0.160061
0.160479
0.162036
0.160035
0.160241
0.161258
0.160034
0.161036
0.162036
0.161035
0.178039
0.178040
0.167112
0.161036
0.162036
0.162036
0.161036
0.161036
0.162036
0.159035
0.160162
0.160036
0.183041
0.160036
0.162036
0.162095
0.160339
0.162036
0.161035
0.162036
0.161430
0.162503
0.165410
0.165880
0.111024
0.182041
0.160254
0.162036
0.160372
0.161297
0.161036
0.161403
0.162036
0.161036
0.162036
0.162035
0.161035
0.162036
0.182041
0.162036
0.163036
0.161536
0.161036
0.162036
0.161036
0.161036
0.161499
0.162036
0.160036
0.176041
0.160036
0.162240
0.161036
0.163080
0.161036
0.161539
0.162036
0.163036
0.160410
0.159930
0.161189
0.163042
0.180040
0.178040
0.165124
0.163037
0.161405
0.161905
0.161036
0.161036
0.163037
0.178039
0.181579
0.180040
0.160035
0.160089
0.160036
0.160339
0.160970
0.167037
0.170147
0.168122
0.165094
0.163251
0.164035
0.163036
0.162320
0.163084
0.164037
0.161731
0.162044
0.167130
0.165436
0.165036
0.165036
0.163361
0.166037
0.169038
0.170782
0.163522
0.162036
0.163036
0.162369
0.164036
0.163427
0.163118
0.164036
0.163221
0.164036
0.163255
0.164036
0.163904
0.163036
0.161756
0.163338
0.163037
0.163035
0.162036
0.161035
0.163036
0.163036
0.162035
0.162403
0.162035
0.162036
0.162036
0.168037
0.167037
0.147032
0.163036
0.162035
0.162036
0.161035
0.162035
0.163095
0.163035
0.162035
0.163037
0.164037
0.163273
0.162035
0.162367
0.163036
0.162266
0.162234
0.162301
0.162676
0.162631
0.163450
0.163841
0.163337
0.162035
0.162036
0.162049
0.163417
0.164323
0.162111
0.163379
0.164036
0.163585
0.163036
0.163677
0.164189
0.164759
0.163036
0.163499
0.163035
0.164476
0.163131
0.149033
0.163036
0.160938
0.160354
0.161036
0.161036
0.163036
0.163460
0.163484
0.164490
0.163036
0.163036
0.165037
0.163168
0.163036
0.163423
0.162036
0.163036
0.163391
0.162036
0.163275
0.163037
0.163284
0.163111
0.163036
0.164037
0.164036
0.164036
0.163035
0.163036
0.144056
0.163037
0.162228
0.162036
0.163257
0.162036
0.162073
0.173284
0.175039
0.170561
0.167351
0.166563
0.165037
0.163486
0.167297
0.168037
0.167533
0.166048
0.165035
0.167037
0.165036
0.166854
0.164036
0.165037
0.161478
0.161121
0.162036
0.162036
0.163036
0.160763
0.158035
0.161035
0.162036
0.161036
0.163108
0.164036
0.165037
0.167037
0.165036
0.165075
0.165395
0.165119
0.165037
0.163441
0.164036
0.165606
0.165036
0.165036
0.166036
0.166036
0.166037
0.166037
0.166037
0.162036
0.162036
0.161703
0.161063
0.169037
0.171038
0.166670
0.164036
0.163036
0.163422
0.163125
0.164036
0.164337
0.164037
0.168234
0.167536
0.166037
0.164037
0.166077
0.163036
0.164036
0.163036
0.165532
0.163036
0.164036
0.164036
0.165036
0.159035
0.162036
0.163036
0.163037
0.163121
0.162036
0.163204
0.163037
0.163799
0.180040
0.179040
0.180040
0.179040
0.178040
0.174038
0.167147
0.162101
0.161036
0.165036
0.164036
0.164037
0.163037
0.164037
0.164037
0.163147
0.165249
0.165037
0.164132
0.161486
0.159035
0.160167
0.159054
0.159636
0.161035
0.161391
0.143502
0.164282
0.165037
0.161300
0.160035
0.161518
0.161139
0.162412
0.162326
0.162708
0.161758
0.162421
0.164030
0.162657
0.162036
0.162503
0.162035
0.162392
0.161253
0.162166
0.162036
0.163551
0.163421
0.163036
0.162086
0.163089
0.162161
0.163252
0.160826
0.163290
0.163151
0.162392
0.162036
0.161036
0.163036
0.160035
0.162291
0.160035
0.161382
0.163036
0.163036
0.161035
0.164228
0.162795
0.164036
0.162036
0.162652
0.162036
0.162513
0.164037
0.163036
0.163036
0.162036
0.162102
0.164193
0.164393
0.166154
0.165036
0.166443
0.165037
0.163036
0.162463
0.164036
0.163493
0.164037
0.164037
0.163400
0.164036
0.166152
0.149476
0.161036
0.161035
0.162356
0.161115
0.164037
0.163035
0.164036
0.164392
0.165368
0.163340
0.164330
0.164036
0.164035
0.164036
0.183041
0.179039
0.181237
0.177039
0.176040
0.169037
0.164333
0.162430
0.159035
0.163036
0.163037
0.135201
0.180040
0.174315
0.170038
0.161095
0.162035
0.160035
0.161131
0.160035
0.161218
0.160513
0.161536
0.161036
0.161186
0.161036
0.160295
0.161058
0.162174
0.163036
0.161549
0.161268
0.160247
0.162036
0.162276
0.163036
0.164104
0.164491
0.162361
0.163036
0.162036
0.162712
0.162171
0.163081
0.161036
0.162795
0.162036
0.162036
0.165550
0.165037
0.165116
0.165037
0.164301
0.164037
0.164230
0.163036
0.161067
0.164037
0.164037
0.163036
0.162036
0.164036
0.163261
0.163036
0.167364
0.167038
0.167037
0.166195
0.166299
0.165500
0.144489
0.149033
0.160164
0.162036
0.161631
0.161124
0.161299
0.161302
0.161036
0.161409
0.161036
0.162036
0.162076
0.162930
0.162036
0.162037
0.162036
0.163035
0.162036
0.162221
0.162243
0.161294
0.162036
0.162036
0.161036
0.162383
0.163037
0.162131
0.161035
0.162036
0.161239
0.162036
0.162036
0.163247
0.163417
0.161532
0.162503
0.163478
0.163254
0.163317
0.163037
0.162563
0.163036
0.162036
0.162452
0.162166
0.164037
0.163200
0.163095
0.164218
0.163036
0.163181
0.164036
0.161551
0.161315
0.162036
0.163292
0.162036
0.161536
0.162036
0.163035
0.120274
0.160036
0.162037
0.161036
0.162497
0.160035
0.160047
0.162035
0.160925
0.161036
0.160035
0.161036
0.162036
0.160036
0.159035
0.160035
0.160035
0.161518
0.163037
0.161518
0.162036
0.162399
0.163036
0.162036
0.163236
0.161036
0.162035
0.162036
0.162036
0.141122
0.162035
0.162201
0.161243
0.161549
0.161299
0.161035
0.160368
0.160035
0.159508
0.161402
0.161036
0.162137
0.163036
0.163036
0.164443
0.163036
0.162194
0.162383
0.164036
0.162036
0.162035
0.160035
0.161035
0.161378
0.162036
0.162035
0.161036
0.160035
0.162059
0.160226
0.162472
0.163036
0.161462
0.162036
0.161398
0.161036
0.160604
0.162181
0.162018
0.161425
0.161036
0.161036
0.150032
0.165487
0.164935
0.166475
0.163447
0.159409
0.161440
0.161036
0.160463
0.161064
0.161036
0.162036
0.162036
0.162191
0.163502
0.165403
0.165455
0.164036
0.165115
0.165036
0.161036
0.161035
0.161150
0.167038
0.166037
0.164356
0.164037
0.163036
0.163074
0.162497
0.161302
0.162036
0.160353
0.160034
0.159035
0.160035
0.165038
0.154983
0.161114
