0.005003
0.159035
0.176219
0.161397
0.160662
0.158315
0.178354
0.178118
0.157808
0.159179
0.141875
0.161035
0.159035
0.160842
0.160578
0.161515
0.158615
0.159184
0.174718
0.160421
0.159035
0.159200
0.159269
0.161036
0.159370
0.131329
0.164101
0.172168
0.177522
0.174401
0.170038
0.166220
0.159035
0.160130
0.161036
0.160036
0.161036
0.160036
0.160201
0.159479
0.159036
0.160036
0.145032
0.160199
0.159483
0.160036
0.160036
0.159035
0.160515
0.159060
0.159035
0.161165
0.159306
0.160035
0.167293
0.164390
0.164037
0.163112
0.163228
0.164072
0.139264
0.161036
0.160035
0.160505
0.158035
0.161581
0.160555
0.161160
0.162036
0.162364
0.161036
0.163036
0.170038
0.167037
0.175039
0.175039
0.175038
0.166037
0.174038
0.170037
0.169305
0.163037
0.159035
0.160036
0.160035
0.160105
0.160035
0.159525
0.137031
0.161036
0.161415
0.159036
0.160036
0.160035
0.159035
0.135672
0.160036
0.159404
0.161036
0.159035
0.160035
0.159436
0.165036
0.163037
0.163973
0.165335
0.165137
0.164036
0.181041
0.177167
0.175039
0.170038
0.166037
0.175528
0.168037
0.159034
0.160036
0.159326
0.157035
0.158452
0.160034
0.158122
0.158035
0.139364
0.159099
0.159422
0.160036
0.159329
0.160036
0.137461
0.144031
0.159035
0.158170
0.159035
0.159035
0.159249
0.159033
0.159035
0.159131
0.159260
0.158036
0.159036
0.161515
0.167037
0.133030
0.160163
0.161570
0.161489
0.119769
0.160036
0.160285
0.159564
0.160310
0.161036
0.160035
0.162036
0.160036
0.161035
0.162036
0.160036
0.161378
0.167084
0.166489
0.164160
0.165037
0.163036
0.092020
0.163404
0.162035
0.162036
0.160811
0.162036
0.161525
0.163056
0.161036
0.163050
0.163036
0.163036
0.161035
0.168345
0.142984
0.163182
0.162036
0.165289
0.143031
0.149093
0.162035
0.161036
0.163073
0.161036
0.162036
0.162512
0.162036
0.166036
0.178039
0.181041
0.176563
0.177039
0.167037
0.166036
0.165036
0.153035
0.174039
0.169456
0.164036
0.161036
0.161036
0.161036
0.161213
0.161036
0.161034
0.161036
0.161036
0.159035
0.161038
0.160036
0.160130
0.160035
0.161036
0.145067
0.162036
0.160036
0.162035
0.160164
0.156034
0.161036
0.135030
0.162036
0.160097
0.162126
0.161035
0.160321
0.161036
0.161035
0.163036
0.162035
0.163037
0.158592
0.162164
0.161296
0.161036
0.163208
0.162312
0.161230
0.167196
0.166543
0.166037
0.165037
0.163036
0.167037
0.166037
0.165447
0.167037
0.162036
0.161243
0.146238
0.159035
0.140031
0.161036
0.160036
0.158431
0.159035
0.169038
0.166321
0.165037
0.164183
0.162300
0.164428
0.164663
0.163432
0.169037
0.167037
0.167037
0.152264
0.164178
0.161036
0.158482
0.159035
0.159035
0.159035
0.161036
0.160796
0.159035
0.158502
0.159035
0.158104
0.159443
0.158423
0.164036
0.165368
0.164302
0.157729
0.165037
0.163527
0.160035
0.160441
0.160150
0.161036
0.159078
0.159035
0.161037
0.159609
0.159035
0.160158
0.160036
0.160036
0.166209
0.164771
0.164361
0.151033
0.159035
0.159035
0.140378
0.160299
0.160036
0.159035
0.161206
0.160036
0.160057
0.160239
0.160518
0.160036
0.160036
0.159035
0.162080
0.161036
0.160092
0.152034
0.161726
0.136122
0.159372
0.159498
0.160033
0.160036
0.159036
0.158237
0.160461
0.160035
0.160276
0.159503
0.160036
0.141612
0.161064
0.141549
0.160034
0.151726
0.159139
0.160083
0.161036
0.159035
0.159035
0.160044
0.160330
0.160036
0.159035
0.160069
0.162110
0.162036
0.160036
0.161036
0.161036
0.161288
0.161036
0.148772
0.166115
0.164037
0.165037
0.162390
0.160036
0.161036
0.162036
0.160035
0.158464
0.158035
0.159035
0.160035
0.159035
0.160036
0.160035
0.162036
0.162196
0.154034
0.163036
0.162036
0.161036
0.161169
0.162060
0.163036
0.161036
0.161110
0.160036
0.161238
0.162323
0.161566
0.161036
0.162035
0.169037
0.167037
0.165037
0.140031
0.162036
0.161035
0.162035
0.163429
0.162186
0.161036
0.163036
0.162036
0.161269
0.162338
0.162006
0.163212
0.161612
0.161843
0.165037
0.163036
0.143595
0.123109
0.148260
0.174038
0.171291
0.170038
0.162036
0.162036
0.163036
0.162036
0.162036
0.163036
0.162476
0.163036
0.162154
0.162036
0.162035
0.161206
0.161435
0.154033
0.162054
0.162035
0.162036
0.161035
0.163037
0.161035
0.162226
0.163037
0.162034
0.162035
0.161286
0.162186
0.162378
0.161036
0.162129
0.163037
0.163180
0.142033
0.167192
0.164036
0.163363
0.161035
0.162113
0.162036
0.163037
0.162277
0.162036
0.161036
0.160485
0.161294
0.162036
0.162502
0.163036
0.162261
0.161035
0.157300
0.162036
0.162035
0.164037
0.161333
0.162036
0.161967
0.162035
0.162036
0.162241
0.162036
0.161036
0.161035
0.163220
0.163036
0.163321
0.163036
0.161036
0.144498
0.162036
0.162035
0.161321
0.161035
0.161036
0.161036
0.160612
0.160034
0.160375
0.160134
0.162036
0.162036
0.161036
0.160100
0.162036
0.160086
0.161485
0.121433
0.162036
0.160493
0.159636
0.159242
0.143032
0.165036
0.175039
0.174039
0.177040
0.174089
0.159036
0.157035
0.158035
0.158277
0.159131
0.159055
0.157034
0.152034
0.175039
0.173422
0.171037
0.167036
0.161823
0.163036
0.160035
0.160036
0.160035
0.159023
0.142341
0.164036
0.161695
0.161435
0.162167
0.159035
0.159489
0.132029
0.138098
0.162036
0.159035
0.161036
0.161035
0.163036
0.164036
0.161036
0.159221
0.160036
0.160036
0.161035
0.160293
0.160100
0.162035
0.160077
0.159035
0.144032
0.160036
0.160035
0.161035
0.160124
0.160437
0.159406
0.161036
0.161035
0.161036
0.160540
0.158545
0.158583
0.159035
0.159332
0.161036
0.159147
0.161035
0.144027
0.162036
0.161035
0.159571
0.161035
0.161036
0.161036
0.159035
0.160036
0.161036
0.161273
0.161125
0.161036
0.162036
0.161398
0.162036
0.161035
0.161465
0.143342
0.161078
0.161036
0.160206
0.159174
0.160296
0.161035
0.160251
0.158035
0.128028
0.166071
0.165463
0.166479
0.166037
0.165379
0.164036
0.161102
0.160036
0.155035
0.160054
0.160036
0.159036
0.161036
0.163036
0.162036
0.161493
0.160036
0.161036
0.160035
0.159719
0.161036
0.160035
0.162036
0.164036
0.162471
0.163036
0.142031
0.160035
0.149504
0.161036
0.160484
0.161036
0.161035
0.162037
0.160488
0.160902
0.160097
0.161035
0.160036
0.160036
0.159218
0.162036
0.160036
0.161369
0.154035
0.161282
0.160455
0.162036
0.161036
0.161294
0.160470
0.162036
0.161382
0.162036
0.161211
0.161039
0.161036
0.160275
0.161036
0.164288
0.167037
0.165036
0.109847
0.162036
0.161036
0.161036
0.161071
0.160072
0.160435
0.160035
0.160264
0.161448
0.161232
0.162279
0.159119
0.161036
0.160401
0.160036
0.161036
0.160470
0.139031
0.163037
0.158536
0.172055
0.169037
0.166674
0.166037
0.163037
0.162036
0.162036
0.161035
0.160529
0.160163
0.160035
0.159035
0.162036
0.160151
0.160035
0.144032
0.161402
0.161036
0.150324
0.171542
0.170067
0.166350
0.164037
0.163036
0.161190
0.161766
0.162036
0.163037
0.162489
0.162387
0.162036
0.161036
0.160089
0.151034
0.162142
0.160035
0.161036
0.160516
0.160036
0.161417
0.160048
0.160938
0.161036
0.160282
0.160242
0.161036
0.160036
0.161036
0.162036
0.165201
0.166045
0.147317
0.163036
0.161053
0.161035
0.141544
0.161036
0.162036
0.165246
0.162276
0.161500
0.162368
0.162406
0.162121
0.162428
0.161492
0.162847
0.163037
0.162036
0.150562
0.163036
0.161036
0.162036
0.161529
0.162284
0.162036
0.162521
0.163698
0.162036
0.139573
0.163035
0.163433
0.162301
0.162453
0.163037
0.163219
0.161063
0.150033
0.162527
0.162035
0.163036
0.161594
0.162035
0.163036
0.163036
0.162036
0.161185
0.162036
0.162036
0.163136
0.161036
0.162220
0.163384
0.162035
0.162036
0.140236
0.170037
0.170038
0.167037
0.164204
0.168228
0.165037
0.161035
0.161035
0.161036
0.160036
0.161261
0.162036
0.162036
0.160036
0.160035
0.159035
0.160036
0.126299
0.160521
0.160218
0.160035
0.159035
0.163224
0.163036
0.163074
0.163376
0.163053
0.163132
0.162036
0.163036
0.165037
0.160035
0.160026
0.158451
0.159382
0.143031
0.159035
0.159035
0.163036
0.164037
0.163366
0.163036
0.162341
0.163169
0.163036
0.163036
0.163036
0.163036
0.158684
0.171037
0.163036
0.162093
0.163452
0.153623
0.170038
0.168175
0.165088
0.165760
0.164036
0.162036
0.159693
0.159464
0.159208
0.158523
0.161036
0.160166
0.160035
0.159036
0.160035
0.293072
0.296069
0.312437
0.334705
0.312068
0.341079
0.184041
0.180040
0.179040
0.179127
0.180040
0.175039
0.180040
0.180040
0.179040
0.163046
0.161036
0.164036
0.173039
0.170493
0.168494
0.130971
0.160035
0.161118
0.161041
0.160035
0.160035
0.160486
0.161036
0.159358
0.159339
0.160352
0.159035
0.160035
0.160035
0.162453
0.161036
0.161036
0.160545
0.154862
0.159036
0.159035
0.160036
0.160248
0.158431
0.159035
0.159254
0.160105
0.160036
0.158406
0.160035
0.160036
0.141528
0.165347
0.161328
0.160036
0.160800
0.122027
0.162036
0.159296
0.159627
0.159466
0.158700
0.160036
0.160035
0.160035
0.160035
0.159414
0.160182
0.159153
0.161036
0.160036
0.160330
0.159035
0.159035
0.145699
0.159420
0.159276
0.160035
0.158037
0.160035
0.160373
0.158036
0.160528
0.160036
0.162036
0.160036
0.158035
0.161036
0.159035
0.160036
0.160384
0.160035
0.151420
0.161036
0.159377
0.160364
0.160118
0.160035
0.160653
0.159349
0.160035
0.162486
0.161050
0.161676
0.162036
0.161036
0.166036
0.164036
0.161412
0.162042
0.154034
0.162037
0.161036
0.162036
0.162036
0.160035
0.161485
0.162036
0.161036
0.162036
0.126490
0.161036
0.162036
0.161961
0.163036
0.161290
0.162036
0.161322
0.159009
0.161036
0.162036
0.160435
0.162036
0.161175
0.161053
0.161036
0.161036
0.162036
0.162036
0.165036
0.163036
0.162255
0.166036
0.164486
0.163037
0.163245
0.158035
0.160035
0.161035
0.162036
0.161544
0.161036
0.161165
0.162036
0.160130
0.161036
0.161036
0.161100
0.160522
0.160424
0.165396
0.166037
0.143457
0.161035
0.141122
0.163037
0.162036
0.162114
0.161036
0.161036
0.162036
0.162036
0.162036
0.162036
0.162037
0.161190
0.161036
0.163037
0.163036
0.162036
0.161355
0.161191
0.146032
0.161036
0.161477
0.141051
0.161486
0.161036
0.163037
0.161677
0.162036
0.162036
0.159799
0.161036
0.162327
0.161036
0.179040
0.177039
0.179833
0.180040
0.170038
0.171038
0.168088
0.166037
0.160218
0.160035
0.139833
0.160035
0.161036
0.160035
0.160035
0.158500
0.160036
0.161036
0.165036
0.167038
0.163036
0.164412
0.152763
0.163548
0.164037
0.163036
0.162036
0.164036
0.161035
0.122027
0.159363
0.158035
0.152472
0.167037
0.166037
0.165166
0.164037
0.164036
0.163698
0.163083
0.144032
0.163036
0.160036
0.160036
0.160035
0.159053
0.144768
0.171038
0.166037
0.165037
0.165218
0.163069
0.174038
0.171107
0.161512
0.160387
0.159084
0.161464
0.148033
0.171194
0.166037
0.164325
0.162036
0.160229
0.160712
0.163037
0.161036
0.160526
0.160174
0.160035
0.160036
0.161036
0.162036
0.161036
0.161036
0.160036
0.145415
0.160034
0.161037
0.161036
0.160353
0.161206
0.160035
0.160286
0.160377
0.160035
0.162282
0.160317
0.161036
0.161035
0.163036
0.160034
0.138537
0.161036
0.141031
0.160035
0.159035
0.161036
0.162037
0.161036
0.160055
0.325538
0.279066
0.332075
0.327071
0.315600
0.319076
0.331091
0.288067
0.340077
0.158449
0.160456
0.144848
0.159418
0.160036
0.162036
0.157034
0.160225
0.159036
0.159034
0.159035
0.160035
0.161036
0.159496
0.160518
0.159035
0.159035
0.159035
0.160036
0.159647
0.154035
0.159385
0.137031
0.160131
0.158788
0.159295
0.158036
0.160036
0.160035
0.158035
0.159053
0.159035
0.158698
0.159035
0.162035
0.159114
0.160035
0.158036
0.155210
0.160036
0.159161
0.159036
0.157133
0.158036
0.158117
0.158035
0.159523
0.160036
0.160035
0.159385
0.157526
0.158036
0.159442
0.160036
0.159035
0.157169
0.143167
0.157191
0.157035
0.158051
0.157737
0.156034
0.159036
0.159035
0.158035
0.159035
0.159035
0.159036
0.158035
0.158035
0.159454
0.158203
0.158231
0.159035
0.145032
0.144033
0.169387
0.169085
0.168036
0.158035
0.158034
0.158035
0.157184
0.157034
0.159035
0.158035
0.160035
0.160035
0.160035
0.158036
0.157057
0.158035
0.153105
0.159199
0.158325
0.157188
0.158536
0.157036
0.158035
0.158451
0.159035
0.157035
0.157096
0.158034
0.159439
0.159036
0.159035
0.157481
0.148033
0.172092
0.174039
0.131029
0.158471
0.163332
0.163132
0.164446
0.163817
0.163036
0.163466
0.158125
0.159035
0.158146
0.159467
0.159199
0.159038
0.159035
0.156517
0.159035
0.160036
0.156035
0.159274
0.159466
0.160100
0.158035
0.160036
0.159109
0.159035
0.158035
0.159035
0.159035
0.159036
0.160035
0.161035
0.158900
0.166045
0.164844
0.166037
0.149222
0.160036
0.160155
0.160035
0.160036
0.161110
0.160034
0.159035
0.164036
0.161036
0.160159
0.160035
0.159379
0.176590
0.169038
0.167037
0.164036
0.162199
0.152033
0.159036
0.118104
0.160036
0.159035
0.160153
0.158447
0.160036
0.158572
0.157035
0.158463
0.161036
0.161124
0.161296
0.158404
0.159035
0.159035
0.160035
0.153033
0.159035
0.158523
0.159036
0.159190
0.159035
0.159035
0.161208
0.158414
0.159612
0.159035
0.160036
0.159036
0.160035
0.159036
0.159569
0.159034
0.159035
0.133970
0.160052
0.160035
0.159747
0.161036
0.161035
0.160035
0.159209
0.161036
0.160091
0.160260
0.161035
0.159470
0.162437
0.160240
0.159368
0.161036
0.161036
0.125380
0.162036
0.161036
0.161036
0.160036
0.162036
0.161400
0.161087
0.159035
0.160345
0.160035
0.161036
0.160036
0.171038
0.172039
0.173093
0.169294
0.160035
0.162104
0.162062
0.162036
0.161036
0.162036
0.161087
0.161036
0.162036
0.162074
0.161057
0.160035
0.161451
0.161234
0.169092
0.172038
0.177040
0.173038
0.141032
0.166308
0.168038
0.166117
0.169038
0.176039
0.173039
0.164036
0.162036
0.163036
0.162035
0.162272
0.164394
0.164036
0.162035
0.159090
0.158174
0.110022
0.162301
0.161210
0.161379
0.161036
0.162320
0.161036
0.161395
0.161255
0.161036
0.159035
0.160035
0.161036
0.161036
0.160035
0.176039
0.171037
0.162036
0.167578
0.164462
0.162612
0.170292
0.161036
0.161036
0.165036
0.163099
0.164037
0.165036
0.166037
0.164036
0.165037
0.165195
0.165489
0.165036
0.162378
0.128028
0.164036
0.144668
0.164037
0.161299
0.162037
0.161036
0.163035
0.163451
0.163385
0.162036
0.164158
0.163036
0.163081
0.159492
0.159035
0.173098
0.170038
0.182040
0.179039
0.174381
0.172422
0.168252
0.163077
0.160053
0.161471
0.165037
0.165147
0.162358
0.160035
0.161036
0.162036
0.167037
0.165544
0.163037
0.151034
0.162328
0.160049
0.161513
0.161036
0.161036
0.161036
0.160035
0.162059
0.161237
0.161089
0.162676
0.162036
0.160035
0.162036
0.162036
0.161035
0.163423
0.141090
0.161036
0.161036
0.161296
0.149593
0.161034
0.162036
0.161036
0.161329
0.161036
0.160354
0.163036
0.161036
0.160035
0.162036
0.161233
0.161036
0.162036
0.152034
0.161176
0.160036
0.161550
0.161103
0.161035
0.161091
0.161414
0.162553
0.135151
0.161377
0.162036
0.162043
0.162036
0.163036
0.163032
0.160656
0.160470
0.139031
0.161036
0.161483
0.161036
0.161036
0.161034
0.161036
0.161035
0.160036
0.160580
0.160208
0.162036
0.160035
0.161036
0.162036
0.162036
0.161200
0.162036
0.133030
0.161080
0.161037
0.161036
0.161298
0.161036
0.161140
0.162483
0.161525
0.160036
0.162096
0.161695
0.160035
0.160393
0.160439
0.160035
0.160162
0.161314
0.152033
0.161458
0.161444
0.163036
0.150443
0.165037
0.164036
0.163036
0.161035
0.162220
0.160036
0.162037
0.161036
0.161200
0.162036
0.160081
0.160196
0.162036
0.147032
0.160035
0.161188
0.159035
0.161080
0.161211
0.161036
0.162463
0.161036
0.162400
0.162413
0.161036
0.161036
0.150775
0.169038
0.166036
0.163603
0.162036
0.147032
0.160425
0.162036
0.159745
0.161036
0.162532
0.161601
0.162185
0.161373
0.160534
0.162142
0.161159
0.162036
0.161498
0.162036
0.161957
0.161036
0.129028
0.153034
0.175370
0.172319
0.168036
0.164495
0.161036
0.161036
0.161084
0.161036
0.163036
0.161036
0.162036
0.162036
0.161035
0.154525
0.169037
0.165036
0.161078
0.142031
0.169038
0.166036
0.165036
0.163036
0.160035
0.162035
0.161035
0.162036
0.162036
0.162037
0.162083
0.161036
0.160035
0.161035
0.162036
0.162036
0.164037
0.149868
0.161285
0.162900
0.161368
0.161035
0.162036
0.161036
0.162378
0.161253
0.162036
0.159972
0.161254
0.161036
0.162035
0.162035
0.163036
0.161087
0.162202
0.151034
0.161036
0.162036
0.160035
0.160036
0.161035
0.162036
0.161036
0.162137
0.160035
0.161473
0.160035
0.160036
0.160035
0.161036
0.161036
0.161036
0.165036
0.130138
0.161580
0.160036
0.162084
0.161036
0.161036
0.160035
0.160444
0.162220
0.161087
0.162036
0.160035
0.160035
0.160513
0.161035
0.160386
0.162035
0.171765
0.163036
0.166037
0.166036
0.164037
0.162036
0.162036
0.161080
0.161981
0.161035
0.160352
0.161036
0.160949
0.123027
0.161224
0.160443
0.162036
0.160345
0.163057
0.149032
0.162036
0.161092
0.161079
0.161036
0.161035
0.162071
0.162878
0.162165
0.162036
0.161473
0.161563
0.161036
0.162036
0.161844
0.161035
0.161035
0.166133
0.147986
0.162037
0.162035
0.161036
0.160464
0.162037
0.161036
0.160036
0.141056
0.162037
0.161504
0.162036
0.161296
0.161036
0.161522
0.161036
0.161469
0.161529
0.143030
0.161332
0.161446
0.161036
0.162037
0.162401
0.160533
0.159035
0.161189
0.162036
0.161036
0.161426
0.162289
0.162036
0.160035
0.159523
0.161036
0.138803
0.153033
0.161458
0.157539
0.161036
0.161036
0.161036
0.162035
0.161410
0.160036
0.162034
0.160041
0.162036
0.160272
0.161036
0.161036
0.162036
0.161353
0.165298
0.158473
0.161035
0.161341
0.161036
0.161036
0.160300
0.163036
0.162261
0.161132
0.162036
0.161035
0.161036
0.161457
0.161158
0.161055
0.161036
0.162122
0.136092
0.124719
0.159036
0.159528
0.161497
0.161425
0.154235
0.170309
0.167037
0.164374
0.165037
0.165037
0.164036
0.161469
0.161256
0.161474
0.162036
0.161344
0.163037
0.153034
0.169198
0.168037
0.166408
0.165037
0.164097
0.163014
0.164037
0.162035
0.163359
0.162036
0.164934
0.161397
0.161234
0.160268
0.163062
0.161223
0.163037
0.153034
0.163036
0.162035
0.162151
0.161036
0.162413
0.161545
0.162036
0.160035
0.161036
0.163036
0.162365
0.161437
0.162035
0.161260
0.162223
0.160035
0.163036
0.149033
0.161819
0.161283
0.163036
0.161365
0.162035
0.161035
0.172192
0.159035
0.161036
0.159778
0.162375
0.162036
0.161223
0.161036
0.162061
0.162036
0.162036
0.153129
0.160233
0.161219
0.161035
0.161036
0.161035
0.161202
0.161428
0.161036
0.161036
0.161036
0.161350
0.160310
0.160806
0.161036
0.136030
0.170038
0.163005
0.148591
0.161199
0.161036
0.162036
0.161036
0.160308
0.161112
0.160563
0.161044
0.162537
0.160106
0.161036
0.162238
0.161035
0.161275
0.161523
0.160263
0.162036
0.155813
0.161051
0.160035
0.161036
0.161036
0.162037
0.161201
0.162257
0.161036
0.162036
0.163036
0.160035
0.160513
0.161359
0.161106
0.161055
0.162036
0.163035
0.157372
0.161527
0.163036
0.162124
0.163037
0.139852
0.162036
0.161036
0.163275
0.161036
0.161036
0.161036
0.162036
0.161036
0.162036
0.163036
0.162035
0.163037
0.146351
0.162036
0.161036
0.162036
0.160035
0.162107
0.162036
0.161035
0.162036
0.162036
0.160108
0.163037
0.160036
0.162036
0.160035
0.162037
0.161036
0.160643
0.149049
0.161295
0.161803
0.161542
0.160745
0.161036
0.159317
0.161170
0.161396
0.162036
0.160036
0.163037
0.164037
0.160709
0.162184
0.162036
0.162151
0.162093
0.123495
0.177463
0.175039
0.172039
0.169038
0.166036
0.164819
0.165037
0.162036
0.162035
0.161035
0.162036
0.138817
0.173039
0.170726
0.169253
0.165416
0.163341
0.144031
0.161407
0.161529
0.162036
0.151384
0.167051
0.165037
0.164036
0.164036
0.162035
0.162036
0.162532
0.162477
0.163035
0.161707
0.163036
0.162036
0.162036
0.146709
0.160787
0.160486
0.161036
0.161577
0.162036
0.161036
0.162146
0.161601
0.161182
0.160035
0.163036
0.161358
0.161036
0.161035
0.161391
0.161035
0.164036
0.155054
0.163037
0.161134
0.162036
0.162064
0.161036
0.160510
0.160035
0.161318
0.161700
0.161036
0.161036
0.163036
0.162210
0.161036
0.161360
0.161402
0.162798
0.158035
0.161146
0.162036
0.162170
0.161517
0.161035
0.161370
0.161036
0.161036
0.162036
0.161036
0.162036
0.141099
0.163037
0.162036
0.161426
0.161144
0.163036
0.139818
0.161036
0.151034
0.176343
0.174265
0.172038
0.172039
0.168037
0.164037
0.164234
0.164037
0.163036
0.163036
0.159366
0.161165
0.162064
0.160036
0.168037
0.153034
0.161035
0.163046
0.161255
0.162035
0.161036
0.163036
0.161035
0.162036
0.162036
0.162036
0.161047
0.162516
0.162535
0.162036
0.162036
0.161036
0.165489
0.129970
0.161036
0.162036
0.162036
0.161035
0.162036
0.161036
0.161247
0.161036
0.162186
0.161429
0.162138
0.161035
0.161036
0.162036
0.162151
0.162036
0.163036
0.152745
0.161036
0.162112
0.162036
0.157035
0.161035
0.161366
0.161036
0.161036
0.161036
0.161036
0.164037
0.161036
0.161036
0.162037
0.162037
0.162043
0.175166
0.161807
0.166728
0.163036
0.162222
0.161036
0.162036
0.160035
0.161036
0.161036
0.161036
0.160439
0.161036
0.162036
0.160036
0.159411
0.161036
0.161361
0.166434
0.149033
0.129638
0.161036
0.162255
0.160527
0.161035
0.161036
0.162036
0.160868
0.162036
0.161036
0.162036
0.161036
0.161513
0.161036
0.161175
0.161036
0.163378
0.140031
0.162402
0.162335
0.162094
0.162450
0.160035
0.162036
0.162036
0.163061
0.161036
0.162036
0.162036
0.162036
0.162423
0.162036
0.163036
0.162173
0.162036
0.146032
0.161350
0.162036
0.163035
0.161201
0.162036
0.162452
0.162048
0.161924
0.162279
0.162036
0.162316
0.161036
0.162293
0.161743
0.161330
0.161479
0.163036
0.146740
0.161036
0.161034
0.162245
0.162036
0.161104
0.161036
0.161036
0.161036
0.161035
0.161397
0.163509
0.161061
0.161518
0.161323
0.162035
0.162036
0.163036
0.139030
0.161074
0.162036
0.162076
0.161039
0.162036
0.162075
0.161742
0.162036
0.158035
0.162036
0.162035
0.163036
0.161448
0.162488
0.162035
0.121028
0.162438
0.158431
0.165036
0.164037
0.164036
0.162237
0.161035
0.161307
0.161158
0.161036
0.162323
0.162135
0.162036
0.162036
0.162036
0.163145
0.161036
0.163133
0.164376
0.149101
0.161036
0.163058
0.162037
0.161059
0.162181
0.146033
0.173039
0.167635
0.165036
0.163037
0.163108
0.160035
0.162035
0.162309
0.162129
0.161184
0.163408
0.133736
0.163036
0.161531
0.162035
0.162036
0.161402
0.160477
0.163073
0.161505
0.162251
0.162219
0.162036
0.163036
0.161036
0.162300
0.161696
0.162036
0.163036
0.143032
0.159880
0.162036
0.162036
0.161035
0.162107
0.162036
0.163037
0.162035
0.163036
0.162036
0.161035
0.162160
0.163828
0.161517
0.163037
0.162036
0.162036
0.144378
0.162036
0.162036
0.162177
0.162251
0.162036
0.161129
0.164037
0.162036
0.162036
0.163036
0.162036
0.161440
0.163036
0.160451
0.161659
0.162036
0.163034
0.152034
0.162036
0.163119
0.161036
0.162036
0.162036
0.162035
0.162189
0.161215
0.162111
0.160288
0.162500
0.162036
0.162036
0.163036
0.161456
0.161181
0.161489
0.138135
0.163037
0.162195
0.162968
0.163036
0.163036
0.162036
0.161036
0.161467
0.162035
0.161473
0.162036
0.162035
0.162777
0.162218
0.163116
0.161035
0.164037
0.146033
0.143032
0.166036
0.162036
0.163036
0.162036
0.162202
0.163339
0.162036
0.161036
0.161220
0.163036
0.161036
0.162381
0.162149
0.163135
0.161035
0.167487
0.157035
0.167037
0.165516
0.163036
0.163074
0.162116
0.163037
0.163036
0.161036
0.161036
0.161036
0.161233
0.161067
0.161035
0.160961
0.161036
0.162057
0.165193
0.151033
0.162036
0.162037
0.163036
0.161612
0.162440
0.162036
0.162318
0.162292
0.162126
0.163300
0.161958
0.162036
0.162035
0.162036
0.161215
0.161036
0.171038
0.161123
0.164037
0.163055
0.163036
0.162130
0.162036
0.161036
0.161457
0.161068
0.161036
0.161105
0.161497
0.161035
0.160035
0.162315
0.161035
0.161385
0.163189
0.150115
0.162036
0.161036
0.160242
0.162036
0.160035
0.161035
0.161036
0.161036
0.161168
0.161036
0.161035
0.160036
0.160035
0.162036
0.161036
0.160035
0.161076
0.148733
0.160036
0.161036
0.161036
0.160482
0.106023
0.167037
0.163037
0.161304
0.162036
0.160035
0.160644
0.161044
0.162036
0.163037
0.163036
0.166036
0.167037
0.145032
0.164073
0.161310
0.162036
0.162454
0.162036
0.161036
0.162036
0.161129
0.162036
0.162036
0.156035
0.174039
0.171037
0.166353
0.165036
0.164381
0.162036
0.143898
0.163036
0.160036
0.170038
0.161607
0.162250
0.159227
0.160035
0.160048
0.163036
0.159189
0.161036
0.161106
0.160035
0.161036
0.161036
0.161530
0.142203
0.154034
0.163368
0.161308
0.161429
0.161036
0.161036
0.161036
0.160034
0.160035
0.162036
0.161035
0.161036
0.162036
0.161035
0.161036
0.161035
0.161099
0.161301
0.152786
0.160035
0.160036
0.160035
0.160888
0.161036
0.160174
0.160036
0.161519
0.160670
0.161036
0.161260
0.162161
0.160034
0.160035
0.160434
0.160035
0.162391
0.143700
0.161036
0.161036
0.162036
0.161036
0.161042
0.161036
0.161201
0.160035
0.161036
0.161036
0.161427
0.160035
0.160556
0.160097
0.161035
0.160872
0.162102
0.143032
0.162036
0.160035
0.162036
0.162035
0.162036
0.161036
0.161035
0.161036
0.162036
0.168301
0.131029
0.164037
0.165036
0.142881
0.164036
0.164036
0.164036
0.129028
0.167978
0.165037
0.164036
0.165037
0.163037
0.164037
0.164142
0.164036
0.165037
0.164036
0.164179
0.164037
0.164224
0.165037
0.164037
0.163851
0.167358
0.154034
0.165037
0.164036
0.163269
0.163036
0.164246
0.163036
0.162036
0.164037
0.164037
0.163551
0.164186
0.163247
0.164036
0.163036
0.164037
0.165036
0.167037
0.146991
0.163218
0.167038
0.163050
0.163036
0.163036
0.167036
0.162036
0.161036
0.160107
0.163037
0.162035
0.162330
0.163036
0.162112
0.163036
0.162143
0.173038
0.154034
0.160098
0.160506
0.162579
0.163036
0.161543
0.161036
0.162036
0.161500
0.163055
0.163036
0.163575
0.162256
0.162358
0.161036
0.162036
0.162036
0.165036
0.142031
0.161036
0.162770
0.165057
0.161035
0.162036
0.163089
0.163036
0.161709
0.164037
0.163072
0.163036
0.162179
0.163272
0.165095
0.163036
0.161036
0.163219
0.145032
0.163511
0.162447
0.164037
0.163264
0.162957
0.163240
0.163188
0.135030
0.163037
0.162343
0.163341
0.163036
0.163111
0.161256
0.163116
0.162274
0.165036
0.151034
0.163036
0.163037
0.162116
0.163037
0.162036
0.163357
0.161036
0.162035
0.161464
0.163036
0.162088
0.163036
0.164037
0.163035
0.163036
0.163216
0.164153
0.139031
0.162697
0.163036
0.163036
0.163035
0.163037
0.163036
0.163126
0.164037
0.162279
0.163036
0.163036
0.163037
0.159837
0.157459
0.160036
0.158035
0.160592
0.153033
0.159035
0.158470
0.158202
0.163499
0.164565
0.166146
0.164119
0.160098
0.161036
0.159401
0.160036
0.159569
0.160035
0.160036
0.160425
0.160190
0.159310
0.149033
0.160036
0.160055
0.160035
0.160339
0.161036
0.149629
0.160036
0.159722
0.159459
0.159418
0.160055
0.160034
0.161036
0.159035
0.161304
0.161035
0.164037
0.153033
0.160696
0.161036
0.161036
0.160035
0.162036
0.163177
0.162648
0.162036
0.161035
0.162036
0.162036
0.160036
0.162036
0.161035
0.162692
0.161034
0.162035
0.143032
0.163510
0.161287
0.162036
0.162036
0.162349
0.161211
0.161036
0.163301
0.161036
0.160532
0.130352
0.161429
0.162036
0.160035
0.141522
0.163036
0.164036
0.146032
0.163163
0.163642
0.161453
0.161035
0.161036
0.162036
0.162036
0.161036
0.163035
0.162036
0.162458
0.161444
0.161429
0.161035
0.162169
0.161519
0.163036
0.145454
0.162036
0.161036
0.161258
0.163229
0.163037
0.161036
0.163037
0.161036
0.162133
0.163037
0.161528
0.162036
0.162036
0.163036
0.163036
0.150198
0.162036
0.160564
0.171038
0.168037
0.165036
0.162236
0.164037
0.162110
0.162035
0.161514
0.162037
0.162036
0.163036
0.161036
0.162036
0.161036
0.161036
0.161036
0.161036
0.150173
0.162375
0.161203
0.162036
0.161035
0.163235
0.161036
0.161605
0.163036
0.161034
0.162106
0.161036
0.161731
0.162233
0.160071
0.163036
0.161460
0.163420
0.156092
0.142511
0.162036
0.162287
0.162741
0.163161
0.162036
0.162036
0.160497
0.141051
0.162036
0.161273
0.162036
0.162036
0.161036
0.163037
0.161036
0.164036
0.139954
0.162036
0.160035
0.163036
0.162036
0.163061
0.161066
0.164036
0.161036
0.162036
0.162199
0.140032
0.167037
0.162036
0.163057
0.163160
0.162102
0.161339
