0.001000
0.178051
0.176625
0.176039
0.118028
0.157505
0.168037
0.164371
0.149075
0.173265
0.173531
0.174095
0.171266
0.172495
0.173678
0.173038
0.172391
0.179214
0.168237
0.168631
0.160346
0.159189
0.159069
0.160174
0.160058
0.159525
0.137072
0.160266
0.158057
0.159417
0.158507
0.159363
0.159035
0.165226
0.164518
0.160331
0.175039
0.171038
0.171039
0.158503
0.161036
0.162526
0.162178
0.159037
0.174374
0.172087
0.177205
0.173038
0.172038
0.169039
0.306184
0.309235
0.325074
0.321297
0.352079
0.500413
0.152031
0.156035
0.158035
0.157035
0.134248
0.167037
0.165037
0.177039
0.181290
0.173041
0.166386
0.162036
0.158035
0.158035
0.158036
0.159035
0.160376
0.141417
0.158150
0.158255
0.158494
0.158571
0.159307
0.158594
0.164037
0.165037
0.174595
0.171038
0.173264
0.175039
0.172297
0.175186
0.180041
0.173039
0.165526
0.166036
0.171038
0.172420
0.174465
0.174364
0.170039
0.173537
0.169497
0.170038
0.164397
0.162642
0.159036
0.158399
0.158479
0.158035
0.158088
0.158496
0.158504
0.159035
0.158184
0.157230
0.159055
0.162446
0.166356
0.167219
0.169038
0.170908
0.170498
0.177324
0.178198
0.174034
0.169038
0.165037
0.162108
0.158848
0.164037
0.159073
0.158036
0.159311
0.157497
0.159068
0.159225
0.159036
0.158237
0.158400
0.149052
0.136223
0.158397
0.158036
0.158553
0.158333
0.159049
0.161098
0.168039
0.175076
0.173038
0.172397
0.175040
0.175039
0.172151
0.174618
0.163036
0.162735
0.155035
0.163036
0.163036
0.148519
0.162355
0.163039
0.163036
0.160510
0.165037
0.175144
0.175039
0.172038
0.172039
0.172039
0.173741
0.174039
0.174136
0.179040
0.159980
0.159035
0.159474
0.159050
0.165465
0.162036
0.157730
0.157035
0.158037
0.159037
0.159035
0.159145
0.159126
0.159135
0.158530
0.158499
0.157246
0.158152
0.155606
0.171893
0.177053
0.177071
0.173200
0.175040
0.175327
0.177247
0.171085
0.172369
0.175425
0.173117
0.172058
0.174510
0.175117
0.177039
0.177321
0.178250
0.176428
0.175039
0.172238
0.166432
0.169129
0.165356
0.162036
0.142287
0.161036
0.159035
0.158399
0.158506
0.159035
0.158263
0.158075
0.159266
0.164151
0.168039
0.171038
0.170091
0.177439
0.175297
0.176042
0.172038
0.176429
0.177459
0.172410
0.175481
0.177446
0.176686
0.176985
0.178040
0.175040
0.183041
0.175455
0.170177
0.165321
0.163514
0.149642
0.161037
0.160036
0.161347
0.160036
0.160120
0.133030
0.168424
0.169243
0.173038
0.172288
0.172063
0.171871
0.173446
0.173141
0.170037
0.174270
0.178040
0.176321
0.160642
0.161450
0.160114
0.159391
0.160441
0.162036
0.160631
0.160404
0.160036
0.160350
0.161143
0.160739
0.160036
0.160124
0.167637
0.170037
0.172188
0.172145
0.173192
0.176039
0.175887
0.177040
0.177438
0.176039
0.173341
0.172039
0.174113
0.175039
0.179732
0.179040
0.175039
0.165837
0.163036
0.160035
0.161256
0.162036
0.162036
0.144189
0.163494
0.159035
0.164038
0.160035
0.158553
0.157306
0.158035
0.157291
0.165182
0.170038
0.171038
0.170216
0.171324
0.173040
0.173536
0.173313
0.174040
0.175039
0.178040
0.176041
0.168344
0.177040
0.167165
0.165814
0.164036
0.162458
0.161407
0.162244
0.161038
0.161482
0.162358
0.163036
0.152034
0.159158
0.165036
0.168380
0.166037
0.169108
0.149282
0.166258
0.163036
0.162083
0.162459
0.161334
0.135168
0.162036
0.162036
0.162038
0.166806
0.171110
0.171444
0.168472
0.171038
0.172570
0.174039
0.173522
0.177040
0.188064
0.180040
0.176039
0.173040
0.173466
0.179040
0.175039
0.169800
0.164038
0.160035
0.158130
0.159526
0.163036
0.163036
0.161450
0.138398
0.158058
0.165037
0.159262
0.159035
0.164124
0.169037
0.170483
0.171038
0.171890
0.169336
0.170130
0.172040
0.171353
0.172127
0.174039
0.176255
0.178442
0.177189
0.174090
0.175039
0.173209
0.168334
0.164500
0.159337
0.158064
0.159092
0.158216
0.159034
0.158036
0.158035
0.159451
0.159487
0.159053
0.160035
0.166298
0.168039
0.170233
0.171246
0.156760
0.174133
0.176184
0.174240
0.177349
0.176455
0.173053
0.168039
0.166039
0.165036
0.162529
0.162036
0.161348
0.162219
0.163013
0.163036
0.163290
0.163387
0.163394
0.160051
0.158436
0.159258
0.165037
0.167763
0.170212
0.170287
0.169037
0.171524
0.174049
0.170038
0.168321
0.164571
0.161531
0.160463
0.160036
0.159325
0.166139
0.163037
0.154292
0.160135
0.160963
0.159428
0.159845
0.159065
0.160036
0.160351
0.160003
0.161203
0.166037
0.170039
0.170238
0.170037
0.171475
0.171039
0.161293
0.161185
0.165037
0.175038
0.175161
0.174039
0.175039
0.178040
0.177577
0.176108
0.176039
0.178650
0.167047
0.168352
0.171038
0.170037
0.172465
0.171606
0.161036
0.161036
0.162197
0.174038
0.175476
0.177041
0.180040
0.173682
0.169364
0.175343
0.167037
0.165037
0.164036
0.162037
0.162619
0.163369
0.163037
0.162230
0.164128
0.162174
0.162178
0.151035
0.158387
0.158301
0.159534
0.167037
0.171513
0.171039
0.171535
0.171038
0.169038
0.171699
0.175040
0.176052
0.177374
0.178067
0.163037
0.165432
0.168313
0.171339
0.173522
0.174412
0.170201
0.170111
0.167418
0.163040
0.161036
0.161052
0.160420
0.162132
0.160059
0.162036
0.161357
0.160245
0.164202
0.161358
0.161275
0.161171
0.149035
0.161504
0.161630
0.161422
0.166208
0.170113
0.172039
0.171037
0.173181
0.175041
0.176058
0.174038
0.176425
0.174039
0.166213
0.169186
0.172433
0.170517
0.170037
0.171215
0.172180
0.175039
0.179039
0.177039
0.173039
0.168482
0.163535
0.162123
0.161460
0.163136
0.163036
0.162256
0.163036
0.164036
0.162878
0.162824
0.160035
0.157064
0.171239
0.173038
0.174727
0.179437
0.176039
0.172038
0.166036
0.166037
0.161307
0.162310
0.162036
0.162045
0.161285
0.162129
0.162054
0.161036
0.161858
0.162242
0.156871
0.162230
0.168037
0.172060
0.172038
0.173038
0.168496
0.170133
0.170038
0.172342
0.177039
0.175321
0.165037
0.165036
0.170038
0.171115
0.173038
0.169037
0.180774
0.153036
0.159035
0.158048
0.158036
0.158231
0.157160
0.160036
0.161036
0.161036
0.162036
0.161474
0.161133
0.168037
0.170037
0.173157
0.169914
0.169038
0.170161
0.171037
0.180315
0.172039
0.166140
0.161107
0.158433
0.157542
0.161859
0.163064
0.163037
0.163619
0.163037
0.159242
0.159348
0.158164
0.159281
0.158036
0.159302
0.158289
0.165421
0.170479
0.174529
0.173362
0.173040
0.176039
0.176039
0.174039
0.175219
0.175111
0.173560
0.175039
0.175154
0.174039
0.175039
0.175070
0.176430
0.177039
0.179040
0.160038
0.160037
0.157469
0.159168
0.163376
0.163516
0.164024
0.162061
0.162332
0.164041
0.164037
0.159386
0.157036
0.159182
0.159037
0.160486
0.167038
0.169037
0.174037
0.176039
0.177039
0.177073
0.172260
0.173038
0.158035
0.160035
0.160036
0.166015
0.164036
0.160860
0.159034
0.159036
0.159396
0.159101
0.159125
0.159036
0.160154
0.147180
0.170171
0.170038
0.175039
0.173127
0.175039
0.172315
0.175474
0.169038
0.166051
0.170037
0.170038
0.171269
0.171256
0.172039
0.171612
0.173481
0.173503
0.174039
0.176039
0.173039
0.168480
0.167039
0.163277
0.161049
0.163036
0.164036
0.161390
0.163760
0.163036
0.162309
0.162037
0.162412
0.163772
0.163106
0.162035
0.164112
0.162385
0.178040
0.170679
0.169038
0.166044
0.161036
0.161036
0.161630
0.162036
0.160432
0.162788
0.162495
0.162036
0.163313
0.162036
0.163049
0.163478
0.164151
0.171149
0.170378
0.174289
0.174345
0.175039
0.175063
0.175330
0.165191
0.168037
0.168037
0.170246
0.176109
0.175489
0.176113
0.174315
0.172038
0.181041
0.171040
0.168431
0.163501
0.147080
0.162912
0.164036
0.163037
0.163036
0.162035
0.163136
0.164036
0.165227
0.160433
0.163577
0.166522
0.170038
0.169405
0.169156
0.180040
0.181142
0.177039
0.175108
0.151033
0.158409
0.158209
0.159486
0.163499
0.167565
0.161037
0.163615
0.161220
0.163492
0.161442
0.163316
0.164038
0.169037
0.171111
0.173095
0.172466
0.173532
0.173039
0.174473
0.173362
0.174741
0.160297
0.171038
0.172038
0.173772
0.176529
0.177202
0.176039
0.177039
0.171405
0.168412
0.164421
0.163189
0.161074
0.158466
0.159036
0.152411
0.159078
0.159235
0.159526
0.159289
0.159504
0.161036
0.161895
0.165276
0.168957
0.170774
0.171305
0.172038
0.172273
0.164834
0.174039
0.178337
0.180514
0.173061
0.165037
0.165149
0.169723
0.165308
0.150351
0.164037
0.163136
0.159350
0.161512
0.160854
0.145733
0.169290
0.170429
0.171058
0.171493
0.170250
0.171281
0.170327
0.170214
0.163709
0.169218
0.165037
0.161801
0.159054
0.158666
0.160293
0.160160
0.159413
0.160108
0.160035
0.160205
0.159997
0.161036
0.161301
0.157036
0.178040
0.176039
0.168212
0.141033
0.163036
0.163197
0.163315
0.161510
0.163348
0.163201
0.163218
0.163234
0.163036
0.165404
0.170497
0.172038
0.168473
0.170039
0.168139
0.173409
0.178541
0.153860
0.163467
0.167245
0.169095
0.171039
0.171678
0.171343
0.173443
0.172039
0.173503
0.174391
0.174265
0.173166
0.173038
0.173039
0.175243
0.175228
0.175342
0.152034
0.161035
0.161105
0.160504
0.161036
0.167044
0.169536
0.170493
0.170547
0.170259
0.172475
0.172473
0.173038
0.173356
0.172047
0.174489
0.173038
0.175044
0.171038
0.173440
0.176039
0.174041
0.170038
0.166492
0.162036
0.159150
0.160074
0.159712
0.159310
0.159057
0.148114
0.157228
0.160222
0.158683
0.163036
0.167868
0.162545
0.162036
0.171312
0.174039
0.173038
0.175316
0.173311
0.178612
0.177039
0.176067
0.169047
0.166233
0.163554
0.161036
0.159285
0.160327
0.160036
0.159299
0.161308
0.159851
0.157034
0.159036
0.160036
0.159862
0.159370
0.160246
0.160121
0.168212
0.164824
0.179040
0.171204
0.149552
0.160417
0.162499
0.159097
0.160311
0.162516
0.163159
0.163037
0.150080
0.164037
0.163140
0.163037
0.160036
0.160378
0.165037
0.172038
0.173458
0.172039
0.174375
0.172178
0.172222
0.173038
0.175191
0.164448
0.168036
0.172218
0.171335
0.174728
0.175494
0.177039
0.173498
0.172503
0.172038
0.173235
0.174151
0.175038
0.175115
0.172994
0.176039
0.176088
0.173948
0.169168
0.167785
0.171038
0.169208
0.170342
0.172543
0.173038
0.175825
0.175119
0.172039
0.176413
0.175040
0.175039
0.174521
0.174518
0.174312
0.175039
0.172192
0.169037
0.170597
0.175284
0.171038
0.173054
0.172924
0.170040
0.169069
0.172137
0.174041
0.176503
0.177475
0.176039
0.173969
0.178030
0.176039
0.176245
0.179543
0.164037
0.162854
0.158042
0.153559
0.173038
0.169317
0.179223
0.180040
0.174039
0.174039
0.176533
0.169267
0.168038
0.165235
0.162037
0.159036
0.161038
0.160253
0.162341
0.161346
0.128029
0.160036
0.155035
0.177958
0.172038
0.169039
0.163036
0.159793
0.160177
0.159035
0.160035
0.160391
0.161036
0.161036
0.160036
0.161036
0.161864
0.161036
0.160200
0.160050
0.160425
0.162116
0.162122
0.161036
0.166217
0.171237
0.171645
0.170411
0.171064
0.169078
0.160485
0.166543
0.160376
0.161036
0.141052
0.161036
0.161036
0.160115
0.160403
0.160089
0.155531
0.169970
0.172222
0.172527
0.172184
0.175040
0.171038
0.171038
0.175434
0.175109
0.178039
0.177203
0.158850
0.163036
0.328077
0.323762
0.338075
0.303242
0.290565
0.328041
0.322079
0.314436
0.309073
0.186156
0.173039
0.178372
0.176039
0.170038
0.167057
0.164220
0.161299
0.159034
0.159188
0.159365
0.159036
0.159385
0.158361
0.158197
0.157034
0.158420
0.159247
0.159662
0.162037
0.168038
0.170377
0.169038
0.159036
0.158370
0.158035
0.163273
0.168037
0.169038
0.169277
0.169180
0.170185
0.171037
0.171037
0.164037
0.163466
0.161186
0.158037
0.133031
0.159308
0.158093
0.156633
0.158378
0.159286
0.147685
0.170117
0.170179
0.170038
0.170038
0.172037
0.167038
0.176039
0.174040
0.139197
0.158036
0.158520
0.159119
0.158289
0.159035
0.160226
0.157034
0.160228
0.159128
0.159035
0.160239
0.159281
0.159318
0.163421
0.166465
0.168434
0.168941
0.169752
0.172483
0.171105
0.174494
0.178040
0.178040
0.177533
0.177040
0.166037
0.169311
0.169089
0.170084
0.173284
0.169270
0.169039
0.169316
0.172046
0.175380
0.172530
0.177931
0.179429
0.176067
0.177040
0.174039
0.169037
0.163400
0.163432
0.160037
0.159184
0.158729
0.158036
0.159036
0.159035
0.158319
0.158035
0.159148
0.159036
0.139071
0.160053
0.164227
0.168430
0.170060
0.169038
0.171378
0.171052
0.172139
0.172195
0.172091
0.175008
0.172039
0.173404
0.171113
0.176391
0.174558
0.174039
0.176124
0.168038
0.164289
0.160034
0.159156
0.160350
0.158550
0.127028
0.159137
0.160037
0.166474
0.168205
0.170163
0.170037
0.171126
0.172038
0.175038
0.172038
0.174039
0.167167
0.177039
0.176042
0.167538
0.163193
0.162036
0.168037
0.165386
0.164037
0.162075
0.163350
0.163036
0.161188
0.163310
0.163362
0.162410
0.163078
0.161404
0.164332
0.136170
0.172191
0.172339
0.172199
0.174159
0.160116
0.166514
0.170162
0.172481
0.173777
0.174126
0.170081
0.171170
0.169038
0.173038
0.178144
0.177039
0.177040
0.173416
0.179039
0.169375
0.166287
0.162442
0.162035
0.159842
0.158461
0.157493
0.158035
0.159037
0.159471
0.159139
0.158035
0.158838
0.167039
0.167064
0.167247
0.171177
0.168352
0.178131
0.180423
0.178039
0.177494
0.171154
0.173098
0.171038
0.175158
0.172038
0.174038
0.177510
0.175399
0.180390
0.181545
0.175788
0.169551
0.167225
0.160245
0.139072
0.158200
0.159291
0.158035
0.160500
0.161289
0.162463
0.163346
0.163161
0.163515
0.182040
0.179790
0.161575
0.122028
0.165186
0.162038
0.161356
0.158749
0.162059
0.165037
0.180270
0.171038
0.170247
0.179040
0.179040
0.172083
0.168037
0.164324
0.160379
0.157667
0.158844
0.159303
0.159035
0.163343
0.164421
0.164366
0.163036
0.163237
0.158947
0.160149
0.161527
0.162142
0.167370
0.169709
0.168287
0.169698
0.171434
0.174039
0.177040
0.177252
0.177561
0.178040
0.173332
0.173161
0.175040
0.175040
0.174038
0.183041
0.174879
0.169039
0.167037
0.163436
0.161037
0.162038
0.163036
0.162020
0.163214
0.163388
0.163144
0.163080
0.163192
0.160036
0.160036
0.164664
0.167088
0.152153
0.170483
0.171038
0.176039
0.175336
0.177042
0.176128
0.174039
0.170235
0.175056
0.175246
0.174540
0.176040
0.172512
0.178269
0.179040
0.170259
0.169250
0.167458
0.154036
0.157035
0.160350
0.161532
0.161037
0.149048
0.161036
0.161381
0.164731
0.168366
0.170244
0.169128
0.171038
0.169039
0.165606
0.164036
0.162036
0.167037
0.164038
0.152033
0.164038
0.164804
0.164401
0.162835
0.159035
0.157937
0.159165
0.160627
0.161035
0.163036
0.166037
0.167457
0.169037
0.171182
0.170425
0.160294
0.160274
0.162037
0.175287
0.175346
0.177039
0.182413
0.181185
0.178030
0.177040
0.175432
0.174039
0.173096
0.169102
0.169038
0.164037
0.164036
0.160143
0.169312
0.164423
0.162499
0.143657
0.163035
0.163464
0.162524
0.162643
0.163513
0.163403
0.165037
0.168406
0.172162
0.171237
0.172301
0.169086
0.168038
0.171391
0.164036
0.167508
0.169246
0.166415
0.173038
0.174113
0.176039
0.179485
0.178464
0.180423
0.181040
0.173478
0.170239
0.169118
0.163520
0.161036
0.159284
0.160309
0.161433
0.160035
0.161199
0.161448
0.144032
0.161312
0.161217
0.163138
0.169224
0.170490
0.171108
0.170038
0.172288
0.171040
0.171536
0.172077
0.172347
0.174313
0.161036
0.167419
0.170037
0.166037
0.175041
0.150094
0.162376
0.161465
0.160248
0.161232
0.161036
0.160715
0.161202
0.160038
0.160843
0.161035
0.162160
0.169038
0.164387
0.169169
0.170323
0.170038
0.170374
0.172040
0.179216
0.176039
0.181041
0.174494
0.169040
0.167447
0.164036
0.161037
0.161554
0.160290
0.161036
0.161037
0.162585
0.160006
0.160155
0.160304
0.161462
0.161105
0.148033
0.161264
0.161254
0.161276
0.161153
0.161371
0.161035
0.162214
0.166247
0.169401
0.170353
0.172053
0.163126
0.160037
0.160536
0.160396
0.151917
0.172038
0.169037
0.177039
0.174214
0.180272
0.183041
0.178040
0.171395
0.170044
0.165144
0.162187
0.161116
0.161150
0.164171
0.161326
0.162558
0.162288
0.162368
0.151035
0.164179
0.153034
0.168037
0.170139
0.172403
0.168037
0.170519
0.173039
0.174039
0.175433
0.174040
0.173041
0.161456
0.169122
0.170038
0.162722
0.161248
0.166384
0.171013
0.168038
0.176192
0.178204
0.175058
0.175402
0.176121
0.176039
0.178040
0.174039
0.144081
0.163479
0.167059
0.160193
0.157483
0.159036
0.160513
0.159498
0.158979
0.162400
0.156659
0.165036
0.164502
0.170037
0.172152
0.173617
0.173038
0.174364
0.170452
0.171202
0.167533
0.171038
0.175515
0.175077
0.176403
0.171134
0.175523
0.176038
0.172038
0.176040
0.170064
0.167255
0.164388
0.159369
0.160831
0.162115
0.160530
0.160351
0.163167
0.159378
0.160036
0.161037
0.161065
0.159320
0.160442
0.160222
0.161073
0.156793
0.177385
0.176100
0.181040
0.172412
0.168197
0.166217
0.161524
0.161333
0.163295
0.160347
0.160362
0.161379
0.161412
0.162482
0.162493
0.160035
0.161155
0.161457
0.154317
0.161035
0.165037
0.170038
0.170522
0.171038
0.173064
0.172200
0.166038
0.168978
0.170038
0.172040
0.171038
0.171090
0.172801
0.172346
0.172086
0.174437
0.174141
0.172169
0.175336
0.172039
0.176333
0.177343
0.164037
0.165502
0.175058
0.168217
0.163301
0.157035
0.159035
0.165521
0.163378
0.165037
0.164175
0.163506
0.160457
0.151805
0.160144
0.163473
0.167487
0.169037
0.169127
0.170387
0.161353
0.167038
0.174038
0.173107
0.173538
0.170486
0.169040
0.174149
0.174535
0.168236
0.168038
0.169577
0.174052
0.176039
0.176856
0.176041
0.172039
0.170385
0.170038
0.165107
0.160243
0.158376
0.162433
0.163049
0.163036
0.162150
0.162071
0.163465
0.144973
0.167285
0.165038
0.177039
0.177021
0.180040
0.177039
0.176243
0.158414
0.160036
0.162855
0.165510
0.170510
0.170320
0.172905
0.172141
0.173071
0.163127
0.162144
0.168037
0.169038
0.174356
0.173438
0.172115
0.174039
0.175038
0.159035
0.164258
0.162491
0.180112
0.181051
0.177040
0.171038
0.165511
0.160037
0.158774
0.158035
0.157209
0.159208
0.121464
0.160036
0.159353
0.162179
0.166038
0.163239
0.167037
0.171038
0.170038
0.171450
0.172038
0.170495
0.175040
0.174525
0.162238
0.161862
0.166179
0.169150
0.170295
0.173038
0.174279
0.173552
0.175041
0.162036
0.168103
0.169502
0.171911
0.171410
0.172527
0.173512
0.173167
0.175466
0.173438
0.175457
0.173040
0.170982
0.182040
0.171037
0.151479
0.164356
0.165527
0.163174
0.160394
0.160665
0.161122
0.161339
0.160037
0.159386
0.159058
0.160110
0.160036
0.160505
0.165445
0.167883
0.170341
0.169125
0.172377
0.173038
0.174039
0.178040
0.170340
0.170038
0.173038
0.172038
0.173978
0.173867
0.183262
0.172565
0.172039
0.174371
0.173765
0.175039
0.179040
0.177449
0.182112
0.179040
0.181279
0.173038
0.172039
0.173450
0.174177
0.172412
0.173407
0.173041
0.169817
0.165036
0.164437
0.161139
0.160262
0.160501
0.160530
0.159035
0.136436
0.159185
0.160220
0.161475
0.161036
0.161036
0.160173
0.160035
0.162352
0.167037
0.168461
0.171038
0.170038
0.173039
0.173074
0.172425
0.172038
0.175239
0.175129
0.175506
0.175170
0.171458
0.172038
0.176034
0.170323
0.172038
0.176039
0.171159
0.161518
0.160229
0.174039
0.173038
0.168428
0.179039
0.181042
0.176417
0.169198
0.119020
0.161036
0.160494
0.137711
0.163036
0.168449
0.171505
0.172038
0.171037
0.172246
0.173038
0.175515
0.174041
0.176039
0.179265
0.175086
0.176481
0.181205
0.171037
0.158036
0.166761
0.163823
0.163036
0.161574
0.164173
0.163041
0.164312
0.163036
0.164534
0.164036
0.163037
0.163610
0.162638
0.167037
0.168037
0.170038
0.171789
0.172488
0.162556
0.170162
0.172212
0.170085
0.170491
0.171038
0.170371
0.173038
0.181267
0.178098
0.177039
0.178040
0.177039
0.180200
0.181041
0.181041
0.171953
0.125508
0.143032
0.160163
0.163087
0.163534
0.162036
0.162315
0.162036
0.162309
0.171702
0.171158
0.171040
0.174038
0.175154
0.174172
0.171471
0.169622
0.170488
0.171038
0.171037
0.175039
0.168385
0.164036
0.158035
0.157475
0.161036
0.163036
0.162120
0.165037
0.163036
0.162036
0.164036
0.162035
0.164328
0.165509
0.172037
0.167834
0.167037
0.168161
0.180039
0.179040
0.177039
0.180260
0.179040
0.171454
0.167397
0.161532
0.158369
0.158236
0.164315
0.163035
0.163135
0.163260
0.163038
0.159419
0.160079
0.160037
0.153034
0.159351
0.163038
0.167038
0.168037
0.169055
0.172479
0.176040
0.174206
0.172038
0.174038
0.176847
0.178143
0.174039
0.178202
0.175198
0.177040
0.172038
0.180040
0.166042
0.166396
0.161140
0.161036
0.159168
0.161641
0.162143
0.161058
0.160035
0.160959
0.161036
0.161103
0.161521
0.163537
0.163038
0.163432
0.160406
0.161036
0.151275
0.173068
0.173038
0.171444
0.163382
0.161225
0.167037
0.169815
0.170923
0.171038
0.173055
0.173074
0.172038
0.175305
0.175039
0.175882
0.175040
0.174039
0.174155
0.175041
0.174038
0.177186
0.177200
0.177042
0.175039
0.179166
0.179524
0.177456
0.174039
0.179226
0.176053
0.170535
0.165497
0.168353
0.082923
0.077018
0.078065
0.077017
0.077017
0.074055
0.073856
0.075192
0.074950
0.075813
0.078017
0.078017
0.078017
0.078017
0.078018
0.079018
0.079018
0.077398
0.082019
0.081018
0.078017
0.084019
0.083018
0.079018
0.080107
0.085019
0.077018
0.073016
0.074816
0.076736
0.097372
0.088177
0.095021
0.127028
0.166039
0.143532
0.161823
0.165451
0.165103
0.146033
0.182041
0.085019
0.162037
0.172917
0.177040
0.147037
0.132488
0.151440
0.162036
0.165038
0.164036
0.158036
0.170048
0.178341
0.176041
0.178214
0.178378
0.177040
0.174497
0.175107
0.173040
0.173406
0.171383
0.172198
0.172350
0.170254
0.169038
0.168221
0.166550
0.177040
0.171449
0.178300
0.178234
0.179705
0.175578
0.176722
0.176041
0.175041
0.168318
0.179040
0.176039
0.177040
0.145095
0.157035
0.178739
0.175039
0.181041
0.180042
0.176429
0.177039
0.177463
0.179489
0.183041
0.183041
0.179040
0.141761
0.153034
0.165036
0.133029
0.169037
0.161035
0.162036
0.157035
0.177803
0.178334
0.180040
0.178040
0.169037
0.187120
0.173038
0.176273
0.175230
0.171098
0.178041
0.172059
0.163038
0.169038
0.167405
0.168326
0.167039
0.165094
0.164421
0.165313
0.165386
0.166386
0.165290
0.166037
0.165340
0.165376
0.166150
0.165605
0.165264
0.165033
0.166131
0.167187
0.165329
0.166476
0.166321
0.166481
0.166375
0.148034
0.162740
0.166036
0.171415
0.168157
0.168228
0.167444
0.166299
0.166560
0.167625
0.166052
0.165532
0.137576
0.155350
0.163603
0.166573
0.149192
0.166411
0.165242
0.164351
0.170203
0.170148
0.169039
0.170637
0.169119
0.165803
0.176039
0.178040
0.177040
0.146032
0.131456
0.155167
0.162802
0.165610
0.165508
0.165448
0.166411
0.167700
0.165038
0.165516
0.166516
0.166444
0.167177
0.166552
0.159936
0.173586
0.178040
0.177040
0.178040
0.177040
0.177039
0.176040
0.145385
0.153036
0.162692
0.165479
0.167500
0.166611
0.166196
0.165036
0.166758
0.166599
0.166450
0.165366
0.165038
0.166457
0.166189
0.166037
0.166038
0.165461
0.158632
0.161600
0.166452
0.165038
0.168589
0.166646
0.166271
0.166491
0.167042
0.167252
0.166815
0.167037
0.166392
0.167039
0.136077
0.162483
0.165625
0.165122
0.167197
0.165036
0.167505
0.169405
0.165380
0.140194
0.152634
0.164037
0.165037
0.167348
0.165363
0.166038
0.166038
0.167001
0.166432
0.165437
0.168037
0.165197
0.164037
0.165097
0.165410
0.165037
0.165186
0.166382
0.165037
0.158854
0.171448
0.179088
0.184079
0.177041
0.182041
0.154506
0.131029
0.155034
0.143488
0.169497
0.168039
0.168039
0.169344
0.169037
0.169652
0.169495
0.168492
0.170696
0.170458
0.169508
0.170442
0.168489
0.170434
0.169039
0.169039
0.163291
0.182040
0.158035
0.133656
0.161036
0.166443
0.166423
0.167671
0.165038
0.165312
0.166038
0.166494
0.166131
0.165921
0.168303
0.166041
0.166117
0.166905
0.165276
0.166829
0.127786
0.162037
0.165327
0.166039
0.166533
0.165038
0.165498
0.166145
0.160314
0.158036
0.170038
0.172039
0.171779
0.170240
0.170578
0.170039
0.170565
0.169212
0.168355
0.169038
0.170038
0.169117
0.167534
0.169923
0.168141
0.169046
0.169937
0.169598
0.168702
0.168039
0.169172
0.168154
0.169501
0.170350
0.166525
0.169433
0.168421
0.168383
0.172040
0.172039
0.173038
0.170425
0.169510
0.169039
0.168186
0.169060
0.169039
0.168048
0.167336
0.169122
0.170038
0.170141
0.166037
0.167268
0.168045
0.166037
0.166425
0.167052
0.171340
0.169037
0.170038
0.169661
0.170311
0.169038
0.168036
0.170240
0.173039
0.173040
0.171052
0.171489
0.172353
0.170038
0.168495
0.165038
0.173038
0.175039
0.175039
0.171194
0.173251
0.172519
0.171039
0.169037
0.169038
0.172334
0.171038
0.172349
0.172038
0.172039
0.171038
0.171496
0.170040
0.170038
0.169495
0.169039
0.169166
0.170040
0.168469
0.167162
0.172038
0.171384
0.170655
0.170039
0.169521
0.169038
0.168037
0.169336
0.169198
0.168175
0.168474
0.168588
0.168038
0.169034
0.168474
0.169490
0.164531
0.178041
0.176464
0.180042
0.175937
0.181041
0.177039
0.153034
0.163036
0.165037
0.165254
0.165270
0.164037
0.165037
0.169038
0.139188
0.161036
0.156035
0.165036
0.168160
0.168037
0.169037
0.169037
0.169038
0.168344
0.163957
0.171100
0.169608
0.172449
0.172512
0.173456
0.172569
0.167521
0.170228
0.170039
0.164135
0.162519
0.164219
0.164037
0.166335
0.167216
0.168037
0.165500
0.166269
0.162036
0.176171
0.175041
0.175263
0.172040
0.176273
0.173374
0.175345
0.175297
0.175038
0.174041
0.171255
0.178041
0.166036
0.166038
0.167123
0.166037
0.165038
0.167249
0.166037
0.166440
0.166086
0.167285
0.169310
0.169110
0.169531
0.170247
0.169039
0.170039
0.169235
0.171298
0.168686
0.169037
0.170038
0.169037
0.165037
0.181903
0.174082
0.173170
0.174039
0.176039
0.179039
0.180040
0.181040
0.175040
0.171037
0.179120
0.180708
0.180519
0.180537
0.184041
0.181043
0.178397
0.172040
0.169040
0.168226
0.154734
0.164530
0.169040
0.165596
0.143301
0.166181
0.164582
0.164349
0.163428
0.165037
0.170518
0.170320
0.170038
0.167039
0.166489
0.165038
0.166204
0.166497
0.167502
0.166368
0.166040
0.166508
0.167496
0.166334
0.165457
0.166037
0.166405
0.166096
0.166037
0.166346
0.168620
0.169103
0.168230
0.172116
0.172398
0.171038
0.172627
0.171719
0.171576
0.171268
0.171435
0.170038
0.170038
0.170450
0.165540
0.174434
0.173435
0.172238
0.171038
0.172038
0.172038
0.172367
0.170477
0.168232
0.174041
0.174185
0.174041
0.171080
0.182039
0.185271
0.177310
0.179614
0.173598
0.173297
0.177205
0.174946
0.175054
0.174038
0.173038
0.173039
0.174571
0.176554
0.169038
0.166037
0.169037
0.168038
0.166319
0.163282
0.152260
0.163037
0.165216
0.164585
0.166039
0.166037
0.165182
0.165238
0.165522
0.166362
0.165038
0.166360
0.166037
0.165601
0.165444
0.165039
0.166037
0.165400
0.167038
0.166039
0.146158
0.164686
0.167317
0.167228
0.168293
0.169182
0.168349
0.168131
0.169091
0.168820
0.169038
0.168038
0.173144
0.173038
0.173039
0.173061
0.171289
0.172038
0.172347
0.170668
0.171507
0.171038
0.171038
0.171038
0.171890
0.172038
0.172037
0.171038
0.171040
0.171040
0.170040
0.169491
0.170038
0.169038
0.170038
0.169525
0.169505
0.169646
0.169037
0.168037
0.169037
0.171038
0.171951
0.171038
0.172038
0.171091
0.170038
0.170334
0.170038
0.169038
0.169038
0.170038
0.168119
0.170038
0.169450
0.169113
0.169326
0.170173
0.168039
0.169223
0.170040
0.168988
0.171350
0.168687
0.166356
0.173200
0.170578
0.178455
0.162554
0.167039
0.167315
0.166039
0.165329
0.165156
0.166098
0.135065
0.162499
0.166347
0.165045
0.165291
0.125028
0.119026
0.164511
0.166835
0.167038
0.165865
0.165347
0.166038
0.165496
0.166404
0.166058
0.151603
0.162216
0.164526
0.165705
0.165038
0.166038
0.169234
0.169488
0.168523
0.168233
0.170106
0.169716
0.168352
0.168096
0.168123
0.169384
0.170047
0.171548
0.169644
0.169039
0.169039
0.170773
0.169038
0.170765
0.168038
0.167181
0.138921
0.166718
0.167527
0.167038
0.168283
0.165515
0.176164
0.175041
0.174038
0.173626
0.172038
0.173490
0.172506
0.170102
0.170338
0.169250
0.173406
0.172117
0.173478
0.174619
0.173142
0.173038
0.170168
0.169039
0.170439
0.169823
0.169056
0.169037
0.169767
0.169104
0.169932
0.170039
0.169038
0.168081
0.168313
0.166039
0.173211
0.177385
0.176399
0.173097
0.181020
0.182040
0.183041
0.177041
0.164039
0.169210
0.167417
0.166593
0.164256
0.166282
0.165526
0.166037
0.166248
0.166597
0.166038
0.167220
0.166505
0.166088
0.165428
0.165553
0.166038
0.168147
0.166251
0.166305
0.167487
0.165566
0.166038
0.167202
0.167143
0.166528
0.166131
0.166037
0.166093
0.167238
0.167176
0.167693
0.167522
0.165524
0.168153
0.166037
0.163336
0.154137
0.163520
0.168401
0.167530
0.167038
0.169159
0.167461
0.167451
0.167039
0.167516
0.167256
0.168038
0.170099
0.168069
0.169557
0.169271
0.168610
0.168037
0.169038
0.170378
0.169413
0.172038
0.172082
0.171038
0.170654
0.169081
0.166261
0.176108
0.176039
0.175040
0.175040
0.172039
0.170309
0.169039
0.170595
0.176347
0.174322
0.174169
0.171317
0.168037
0.169038
0.171040
0.171185
0.171039
0.170039
0.169521
0.170037
0.168037
0.168038
0.173038
0.174091
0.170038
0.167037
0.170038
0.171038
0.171436
0.171038
0.168363
0.166206
0.168422
0.166570
0.166228
0.167038
0.166594
0.163036
0.173146
0.174269
0.177039
0.175039
0.172453
0.171243
0.164405
0.152872
0.161177
0.164520
0.165205
0.164341
0.165870
0.167037
0.166538
0.167415
0.166349
0.167552
0.169185
0.166038
0.168223
0.167514
0.167462
0.168607
0.166471
0.168239
0.165158
0.153697
0.164540
0.167430
0.168023
0.166456
0.167037
0.168119
0.168038
0.167679
0.167038
0.167145
0.167570
0.166038
0.168039
0.166038
0.168240
0.168627
0.168635
0.155674
0.174038
0.179040
0.178039
0.179110
0.153034
0.133988
0.159035
0.165037
0.167506
0.166338
0.158037
0.163423
0.169375
0.168057
0.167324
0.167214
0.167513
0.167207
0.167122
0.160387
0.169070
0.171263
0.172074
0.171128
0.171309
0.169198
0.169973
0.167387
0.167720
0.166038
0.165290
0.166397
0.165108
0.166095
0.166795
0.166997
0.165414
0.168443
0.167037
0.167278
0.140419
0.156707
0.163934
0.168082
0.165608
0.167311
0.166087
0.166038
0.168220
0.160036
0.182041
0.177040
0.175040
0.174227
0.173385
0.172618
0.171040
0.169362
0.169347
0.169227
0.171038
0.170039
0.137068
0.173038
0.172093
0.172038
0.171490
0.171068
0.171037
0.170472
0.170135
0.168037
0.168295
0.169156
0.169151
0.169461
0.170201
0.168958
0.168542
0.169037
0.170336
0.169066
0.169072
0.170111
0.173038
0.168438
0.172132
0.173457
0.170936
0.171038
0.169039
0.166102
0.164060
0.173490
0.171325
0.180094
0.171523
0.176130
0.176446
0.177637
0.175368
0.178138
0.177039
0.173288
0.171302
0.167540
0.161356
0.164530
0.168238
0.170044
0.168038
0.169071
0.168405
0.169832
0.162801
0.161195
0.164206
0.165561
0.167274
0.156036
0.164196
0.167397
0.168039
0.168741
0.169204
0.167460
0.168108
0.168500
0.168847
0.167407
0.167037
0.167076
0.168905
0.169310
0.168493
0.168386
0.168453
0.168332
0.169038
0.168166
0.169153
0.147330
0.176757
0.173987
0.173048
0.173039
0.172991
0.171364
0.169411
0.170079
0.170653
0.170423
0.170052
0.173066
0.170311
0.168419
0.167441
0.166519
0.166170
0.165416
0.176105
0.171147
0.169038
0.169197
0.170026
0.169424
0.168560
0.168038
0.169038
0.170779
0.169407
0.170228
0.172572
0.174221
0.170583
0.168037
0.169069
0.167452
0.164039
0.173412
0.173038
0.172091
0.174359
0.173501
0.172502
0.172206
0.172326
0.171320
0.173038
0.174038
0.172526
0.172337
0.169185
0.168039
0.169039
0.168039
0.168243
0.166998
0.166556
0.168513
0.167089
0.169652
0.166038
0.166248
0.167779
0.168523
0.169390
0.171857
0.170038
0.169038
0.165036
0.164478
0.162480
0.177463
0.176040
0.173122
0.170801
0.168111
0.168039
0.168252
0.172690
0.171839
0.173103
0.171174
0.172039
0.172387
0.170251
0.171038
0.170040
0.167729
0.168487
0.169363
0.167220
0.167271
0.167293
0.168389
0.165103
0.175039
0.175039
0.175338
0.172038
0.172452
0.173914
0.174077
0.174246
0.171204
0.172660
0.171039
0.170394
0.169037
0.171537
0.169541
0.169039
0.170038
0.171100
0.171314
0.171468
0.174455
0.173040
0.168092
0.175043
0.172040
0.174431
0.177038
0.179096
0.176040
0.171038
0.172275
0.169058
0.167580
0.167489
0.168037
0.166037
0.169497
0.170038
0.171683
0.165036
0.174039
0.167207
0.168129
0.167037
0.163408
0.146033
0.168039
0.169276
0.167074
0.166446
0.165507
0.168041
0.166966
0.168638
0.167457
0.147382
0.167300
0.168390
0.167146
0.167038
0.167038
0.167173
0.167436
0.166825
0.166091
0.167594
0.168038
0.167854
0.167417
0.167447
0.167279
0.168233
0.168935
0.170102
0.168583
0.169478
0.171462
0.170357
0.167389
0.168473
0.168307
0.168531
0.166037
0.167229
0.168112
0.167571
0.167470
0.167428
0.166588
0.167717
0.168038
0.168378
0.168346
0.167037
0.167214
0.168411
0.169563
0.166037
0.168463
0.169496
0.168706
0.168056
0.166797
0.168301
0.167360
0.168216
0.169686
0.167408
0.168037
0.167172
0.168038
0.168147
0.166521
0.167234
0.169037
0.168070
0.167439
0.168039
0.168039
0.167501
0.167039
0.168038
0.169039
0.168039
0.168850
0.167039
0.169372
0.170743
0.170172
0.170387
0.169760
0.170304
0.171413
0.170039
0.172038
0.172528
0.173364
0.170565
0.170135
0.168037
0.167178
0.168386
0.172040
0.172037
0.172038
0.170124
0.167226
0.168338
0.167330
0.167258
0.168037
0.169057
0.167462
0.167037
0.168328
0.167697
0.167105
0.168387
0.170038
0.173540
0.172657
0.173185
0.168143
0.168037
0.169038
0.169441
0.167839
0.167172
0.169038
0.168038
0.169037
0.168391
0.169037
0.170038
0.168039
0.168373
0.170038
0.168141
0.167037
0.167037
0.292072
0.331438
0.344077
0.338503
0.336674
0.327076
0.184110
0.165038
0.163036
0.159334
0.157035
0.159480
0.159063
0.158418
0.157035
0.158990
0.157035
0.158035
0.158247
0.157457
0.158035
0.169038
0.167040
0.167081
0.166037
0.165039
0.165038
0.163449
0.163037
0.164813
0.163486
0.165221
0.164039
0.165676
0.163256
0.164414
0.164309
0.164204
0.165110
0.164585
0.164490
0.164038
0.165369
0.164762
0.162450
0.164370
0.164377
0.163036
0.164036
0.164037
0.163143
0.163036
0.163401
0.163444
0.163219
0.163036
0.163697
0.164220
0.164038
0.163481
0.164364
0.165229
0.164514
0.164331
0.164719
0.165216
0.164038
0.164504
0.164806
0.163460
0.145936
0.167945
0.170037
0.171090
0.168268
0.163253
0.167188
0.165356
0.170653
0.170826
0.167039
0.166610
0.167038
0.167330
0.166010
0.165299
0.167037
0.166039
0.167037
0.166541
0.167419
0.168160
0.171157
0.165374
0.165449
0.164622
0.164037
0.164418
0.168713
0.169296
0.170256
0.169699
0.171059
0.170197
0.172038
0.171038
0.170085
0.172266
0.169426
0.171417
0.168430
0.171894
0.169389
0.171330
0.171302
0.167417
0.166440
0.166437
0.166127
0.179727
0.178838
0.173545
0.174373
0.173038
0.177042
0.175381
0.173038
0.177436
0.177111
0.174038
0.174258
0.173384
0.172038
0.170037
0.167514
0.167244
0.168263
0.167201
0.167417
0.167342
0.167394
0.166394
0.167358
0.169256
0.168407
0.169039
0.163036
0.163436
0.164316
0.163462
0.165037
0.167037
0.165699
0.164452
0.166037
0.169037
0.170189
0.168513
0.167519
0.168670
0.169150
0.169282
0.167038
0.168218
0.167426
0.167439
0.168319
0.168281
0.168278
0.167098
0.169038
0.169632
0.169472
0.168038
0.168574
0.166508
0.168671
0.168288
0.170400
0.170039
0.169960
0.166037
0.165158
0.167065
0.170604
0.170039
0.171040
0.170863
0.170039
0.170173
0.171144
0.171158
0.166573
0.166547
0.166128
0.169507
0.170465
0.171788
0.170301
0.168149
0.166157
0.166294
0.168297
0.167038
0.167776
0.165439
0.166548
0.166792
0.166423
0.167174
0.167038
0.166297
0.167635
0.167037
0.166412
0.167039
0.165453
0.169438
0.171048
0.172521
0.172091
0.167377
0.168309
0.168757
0.166837
0.167471
0.167495
0.169037
0.167402
0.168093
0.170326
0.170306
0.173416
0.167777
0.167417
0.169377
0.171361
0.171271
0.172462
0.167284
0.168037
0.167457
0.172437
0.172603
0.171040
0.166129
0.166542
0.166159
0.168492
0.166538
0.167037
0.168203
0.169524
0.170038
0.170354
0.168468
0.169039
0.170094
0.170094
0.170537
0.171376
0.169890
0.171124
0.168348
0.167121
0.168240
0.169038
0.169039
0.170189
0.169058
0.170038
0.169769
0.171311
0.168408
0.168524
0.169472
0.170250
0.169184
0.169501
0.170430
0.169090
0.171423
0.170115
0.170334
0.170039
0.168457
0.170200
0.165036
0.166036
0.167037
0.171038
0.171040
0.165072
0.166409
0.163313
0.166102
0.165373
0.164037
0.164511
0.166037
0.166774
0.170038
0.170563
0.166122
0.167045
0.165088
0.165083
0.166386
0.165321
0.166238
0.166037
0.166100
0.167092
0.166177
0.165154
0.166521
0.167049
0.166173
0.165111
0.167072
0.164036
0.166425
0.166438
0.166038
0.167516
0.165421
0.165603
0.166038
0.165294
0.166066
0.166090
0.167243
0.166480
0.165379
0.165627
0.166150
0.166616
0.165436
0.166262
0.164155
0.166399
0.166731
0.166042
0.165258
0.165357
0.167142
0.167097
0.166101
0.168038
0.167644
0.165522
0.166280
0.165205
0.167037
0.166365
0.166038
0.168943
0.166036
0.166319
0.168039
0.166440
0.169335
0.168101
0.166553
0.166054
0.166433
0.168276
0.168537
0.168397
0.167515
0.167356
0.169039
0.167400
0.168395
0.163343
0.158035
0.167441
0.167037
0.165466
0.165318
0.164372
0.165224
0.165098
0.166037
0.165385
0.165289
0.165553
0.164472
0.164528
0.166664
0.165934
0.166265
0.167371
0.166242
0.165346
0.164350
0.165130
0.165038
0.164932
0.165037
0.164556
0.166526
0.166160
0.167610
0.166038
0.166371
0.167620
0.166358
0.166159
0.167577
0.166846
0.166558
0.165123
0.169038
0.166326
0.169172
0.167302
0.166611
0.164409
0.165302
0.165359
0.165504
0.167063
0.165750
0.165036
0.164178
0.164037
0.165537
0.165289
0.165450
0.164037
0.164478
0.165622
0.164515
0.165333
0.169039
0.168480
0.170281
0.169549
0.164320
0.164686
0.165316
0.164037
0.165357
0.165068
0.165148
0.166037
0.166590
0.144207
0.166217
0.166198
0.167039
0.165036
0.167056
0.166417
0.166342
0.166056
0.165319
0.166160
0.166038
0.167038
0.168039
0.167039
0.167264
0.170399
0.173451
0.173746
0.175040
0.170208
0.169150
0.169356
0.169193
0.168379
0.168037
0.169156
0.167435
0.168064
0.168092
0.169038
0.169248
0.169123
0.167433
0.168722
0.169039
0.172525
0.172610
0.167431
0.166038
0.167037
0.165052
0.165476
0.166474
0.172040
0.171504
0.168326
0.169038
0.170547
0.167087
0.168370
0.168511
0.168360
0.169122
0.168476
0.168461
0.169548
0.169416
0.171038
0.169075
0.169039
0.168507
0.170386
0.168039
0.168375
0.168039
0.168090
0.169225
0.168343
0.158313
0.175517
0.173055
0.177468
0.177039
0.173103
0.174441
0.170363
0.165038
0.164294
0.164454
0.165037
0.165387
0.166182
0.165079
0.166495
0.165337
0.168401
0.167689
0.168039
0.167476
0.168038
0.170021
0.168745
0.167037
0.168039
0.170040
0.168321
0.168496
0.168010
0.169674
0.170036
0.169038
0.169333
0.170612
0.168290
0.168037
0.168038
0.168214
0.168085
0.168204
0.167530
0.169953
0.168303
0.167037
0.168084
0.169037
0.170217
0.170038
0.170183
0.167391
0.169564
0.169789
0.169267
0.168465
0.168275
0.168357
0.169475
0.169296
0.170048
0.169039
0.168348
0.169696
0.168038
0.168553
0.168246
0.167046
0.168037
0.166218
0.167905
0.169039
0.167188
0.168149
0.167116
0.166426
0.165302
0.167039
0.166085
0.165036
0.167600
0.167524
0.165176
0.166420
0.167352
0.165538
0.166498
0.166203
0.160528
0.171520
0.172204
0.172038
0.170182
0.170867
0.169037
0.167310
0.168037
0.169422
0.168298
0.169039
0.170220
0.167413
0.167898
0.166035
0.167038
0.168038
0.167090
0.170038
0.168039
0.167129
0.166092
0.168037
0.167373
0.167037
0.168039
0.164038
0.176450
0.178041
0.176722
0.176456
0.173040
0.172040
0.172405
0.171039
0.166037
0.164407
0.165038
0.166526
0.166386
0.166104
0.166152
0.166038
0.165603
0.166263
0.165383
0.166457
0.166036
0.168038
0.168039
0.167492
0.167694
0.169147
0.167481
0.167259
0.166398
0.167037
0.167039
0.168161
0.167660
0.168039
0.168133
0.168037
0.168037
0.165510
0.167304
0.166748
0.167414
0.167428
0.166470
0.166039
0.166037
0.167455
0.166038
0.166036
0.166469
0.166294
0.167215
0.166037
0.167038
0.168037
0.168432
0.167223
0.168458
0.169038
0.167165
0.166632
0.168077
0.168176
0.168039
0.166438
0.169218
0.168965
0.171039
0.167105
0.167408
0.169037
0.169381
0.168209
0.168346
0.168371
0.168539
0.169100
0.169506
0.168157
0.168038
0.169174
0.168039
0.168461
0.168695
0.167069
0.168643
0.167559
0.169038
0.169473
0.169499
0.169037
0.168096
0.169417
0.168225
0.169225
0.168039
0.168304
0.169051
0.168787
0.165630
0.166038
0.166527
0.169469
0.168951
0.168257
0.168993
0.167038
0.168312
0.169205
0.167036
0.168181
0.168060
0.170038
0.169037
0.168037
0.167697
0.168037
0.168159
0.169198
0.170321
0.167037
0.167236
0.167854
0.168646
0.168493
0.170256
0.173039
0.173038
0.170437
0.170623
0.168505
0.169221
0.170359
0.169513
0.170476
0.169039
0.168555
0.169040
0.166779
0.176561
0.173079
0.173038
0.171537
0.173194
0.170678
0.169976
0.170072
0.169262
0.171038
0.168038
0.169038
0.169038
0.168381
0.168037
0.168037
0.168037
0.168634
0.169039
0.169037
0.168363
0.170527
0.168655
0.168742
0.168046
0.167378
0.168038
0.170114
0.167030
0.172264
0.171037
0.169981
0.170040
0.169110
0.170280
0.168004
0.170385
0.170407
0.168604
0.169039
0.168145
0.169039
0.169425
0.169187
0.169037
0.170482
0.170038
0.169038
0.168447
0.169037
0.170159
0.171037
0.170037
0.170038
0.169037
0.170038
0.167038
0.168333
0.169038
0.168328
0.169299
0.168126
0.170038
0.169204
0.170264
0.171038
0.169038
0.169055
0.169037
0.168364
0.168280
0.169211
0.169039
0.169793
0.170295
0.169330
0.173126
0.168037
0.168099
0.170504
0.173038
0.169993
0.170038
0.171213
0.169340
0.169038
0.170037
0.169038
0.171277
0.170309
0.170403
0.170663
0.170037
0.170038
0.170059
0.169038
0.171127
0.170475
0.170039
0.170398
0.170337
0.170435
0.171304
0.169039
0.170276
0.169806
0.170038
0.170301
0.169036
0.169039
0.170270
0.170037
0.170039
0.169392
0.168038
0.169234
0.170674
0.165331
0.156026
0.165036
0.165036
0.167037
0.167037
0.167146
0.167037
0.167204
0.165038
0.166327
0.098098
0.078017
0.077120
0.076016
0.075451
0.073583
0.074017
0.077017
0.078017
0.077017
0.077017
0.077017
0.077017
0.077017
0.076017
0.088020
0.077017
0.093492
0.077007
0.077017
0.076019
0.079017
0.077386
0.075386
0.074190
0.074551
0.075016
0.097022
0.091010
0.096020
0.118843
0.136030
0.144900
0.160035
0.155163
0.173038
0.140728
0.159365
0.159035
0.127028
0.182041
0.169665
0.167038
0.157197
0.156370
0.156442
0.160341
0.161583
0.158698
0.159268
0.156249
0.166355
0.169038
0.170037
0.174039
0.170038
0.174490
0.182041
0.171038
0.165036
0.162197
0.156034
0.157035
0.157186
0.158799
0.158627
0.157596
0.157324
0.156960
0.164421
0.168076
0.174525
0.175039
0.175344
0.173573
0.176040
0.178281
0.180040
0.171040
0.166260
0.161242
0.155530
0.156335
0.161036
0.160955
0.157035
