540	366	151	53
547	363	138	59
546	358	139	69
520	362	152	63
521	365	152	59
519	365	157	61
528	367	140	58
524	367	150	60
526	367	147	61
527	362	147	72
532	343	138	66
526	374	151	63
527	369	152	75
509	373	143	69
515	339	133	65
515	343	134	60
512	339	142	69
517	311	133	64
489	342	152	59
498	336	136	73
499	341	134	64
501	343	133	61
498	339	140	70
502	343	133	64
503	340	132	71
505	324	130	64
500	322	141	70
500	326	142	64
504	327	137	63
506	328	133	61
504	327	140	66
505	329	138	62
513	326	124	71
509	326	134	72
520	326	132	72
521	326	131	75
521	326	133	76
521	332	135	66
526	329	127	73
525	329	129	74
525	329	132	76
524	329	134	77
524	330	136	78
524	330	138	79
524	336	140	69
529	333	132	75
529	334	133	76
528	339	135	66
529	336	136	73
531	335	134	77
530	336	136	77
530	341	138	68
535	339	130	74
535	344	131	65
530	342	143	70
535	346	135	65
536	348	134	62
542	344	122	70
542	345	124	72
541	345	127	73
541	345	129	74
520	350	131	65
524	348	124	71
520	348	135	72
521	346	133	76
521	347	135	78
520	347	137	79
520	353	140	67
521	357	139	62
515	375	154	60
524	369	137	74
522	367	145	78
533	383	142	68
535	387	141	63
528	396	157	62
537	391	142	76
540	391	139	80
540	391	142	81
541	398	143	69
543	395	142	77
540	394	150	80
537	398	157	72
541	401	153	69
540	403	159	66
541	404	158	66
550	404	161	67
551	398	161	80
552	402	163	75
558	397	172	86
564	402	163	78
566	405	162	75
557	408	182	71
556	434	187	73
580	426	181	89
581	449	182	70
583	447	178	75
584	448	179	74
585	449	178	74
556	443	189	89
559	458	186	83
564	461	178	80
561	463	185	77
531	457	196	91
535	459	191	88
531	463	201	84
539	464	186	84
505	466	204	80
509	466	198	82
510	467	198	82
511	468	198	82
510	469	201	82
513	470	199	83
507	444	212	82
511	444	205	85
511	445	209	85
524	445	211	86
519	446	223	87
529	449	231	83
532	453	228	76
540	450	217	85
560	450	223	87
558	420	230	90
561	420	227	93
555	420	240	93
558	423	237	90
562	429	230	80
567	427	223	87
565	397	230	90
569	397	223	93
560	398	244	92
535	397	232	97
525	398	255	96
532	405	243	86
535	409	239	79
539	376	234	89
545	375	223	93
516	384	222	79
516	388	225	72
515	390	229	70
523	364	216	69
522	339	219	164
597	288	224	381
587	309	249	345
600	310	226	346
532	345	250	281
556	310	205	355
557	330	208	318
509	353	199	276
506	355	209	277
510	353	205	284
521	303	186	285
500	322	232	253
463	307	206	286
447	321	244	260
463	305	214	298
475	320	195	271
476	342	196	231
485	352	181	213
498	328	197	263
163	270	204	387
545	373	181	186
238	283	184	368
562	358	222	222
660	299	206	343
659	295	213	356
675	312	184	325
566	310	227	409
552	313	260	406
596	326	178	384
575	333	223	374
662	329	257	386
687	339	211	372
453	339	307	376
632	347	227	364
411	339	289	380
458	336	363	383
357	330	219	389
371	331	260	388
368	340	270	375
344	317	271	402
289	325	331	390
285	311	424	408
272	309	456	410
267	301	473	418
190	290	446	429
224	312	391	391
248	315	349	392
278	349	433	330
309	356	506	162
420	378	384	123
489	348	291	93
488	366	295	90
472	372	328	80
474	369	327	89
467	368	343	93
451	372	304	88
454	343	329	80
456	367	327	89
450	366	343	93
442	365	360	98
435	375	378	80
450	332	351	96
442	348	369	100
435	352	387	95
437	354	385	94
439	362	383	82
454	355	356	97
476	376	316	91
480	377	342	93
473	376	359	98
528	386	251	80
484	381	343	91
479	380	356	97
501	396	315	102
481	404	360	88
484	406	358	87
488	407	356	87
492	404	354	96
528	414	286	79
522	413	303	82
530	379	318	87
554	379	275	91
564	397	260	87
544	397	302	88
550	398	293	89
560	365	275	89
566	368	266	86
575	371	250	83
590	387	222	79
541	384	266	85
559	387	233	82
552	391	249	76
511	397	233	67
533	397	213	69
519	373	243	66
514	373	255	69
509	376	268	65
462	373	266	72
483	381	280	59
467	380	219	63
458	380	238	65
453	383	250	61
443	381	272	67
417	386	325	58
424	387	314	59
397	360	310	58
411	357	286	66
462	357	185	68
457	337	150	61
391	347	243	62
409	345	208	67
426	347	176	65
432	354	166	52
402	353	158	56
380	356	205	51
370	367	261	50
404	365	195	56
413	372	178	45
434	370	138	49
467	373	111	45
473	344	101	41
459	345	131	42
492	347	99	40
478	350	128	35
455	350	135	36
459	349	126	38
420	350	126	38
508	338	99	35
508	342	100	38
517	343	82	37
527	350	74	33
525	360	78	32
534	365	72	32
537	370	74	31
540	375	68	31
539	384	73	29
544	388	72	30
549	393	62	30
548	398	67	28
546	406	71	28
550	406	64	29
547	408	71	33
553	414	69	31
552	425	72	30
557	430	72	30
559	435	77	35
563	437	70	34
570	443	75	31
571	445	75	37
582	451	71	35
582	454	72	38
592	454	71	40
589	463	77	34
591	460	74	40
592	460	73	42
592	460	74	43
592	460	75	43
592	461	77	44
592	461	78	45
592	461	79	46
592	462	81	46
592	462	82	47
592	463	83	48
597	463	85	49
597	463	87	50
597	469	88	51
596	469	90	52
596	469	92	53
596	469	94	54
595	469	95	55
595	469	97	56
595	469	99	57
595	470	100	57
594	470	102	58
594	453	104	60
600	454	93	60
597	455	101	58
596	455	103	59
596	439	105	60
585	439	94	61
588	440	90	60
588	424	90	63
593	425	80	61
593	426	83	60
593	427	83	60
579	427	83	60
579	428	84	60
553	428	84	60
558	416	76	57
561	416	71	56
550	417	68	56
535	418	73	55
538	419	68	54
523	406	72	54
523	411	74	58
525	410	71	61
526	410	70	60
526	412	70	58
527	414	69	54
529	414	66	57
530	415	65	56
520	421	61	56
516	420	69	59
517	423	68	54
519	424	65	54
521	425	64	53
522	425	63	54
523	413	62	54
523	414	62	54
521	400	68	58
522	401	68	56
526	401	62	57
531	403	64	55
537	392	64	53
538	392	62	54
544	392	62	53
545	381	62	53
546	382	61	51
547	383	60	50
549	383	59	51
550	381	59	55
556	380	57	57
554	381	62	58
561	380	60	60
562	383	60	55
561	382	62	58
568	381	60	60
568	384	61	56
568	383	62	58
573	382	65	61
574	385	63	56
574	384	64	60
584	383	67	62
589	382	69	65
594	384	72	62
601	382	72	67
600	384	75	64
607	386	74	62
612	389	68	68
610	394	73	61
611	395	72	60
612	397	70	56
611	396	74	58
610	396	78	61
594	397	81	58
594	396	82	62
597	382	76	60
582	384	80	58
586	387	73	53
586	387	74	53
587	388	74	53
587	388	74	53
587	389	74	54
588	389	75	54
591	389	68	54
590	395	72	54
590	402	74	53
590	408	74	53
590	415	74	54
577	421	75	54
577	424	75	49
580	424	72	52
580	424	72	52
580	424	72	52
576	425	82	52
578	402	78	51
581	407	74	53
576	396	84	49
576	396	86	49
586	372	88	52
597	376	80	45
603	362	80	48
607	360	73	53
617	349	76	49
625	350	72	47
635	350	78	50
644	356	74	50
651	361	72	52
646	364	82	47
651	369	74	50
652	374	72	52
630	375	72	52
630	376	73	50
610	377	71	49
611	379	70	45
597	377	76	50
598	364	73	53
576	366	74	49
577	368	71	47
579	367	68	49
580	367	69	49
567	367	71	50
563	375	79	46
573	381	71	46
576	398	77	49
593	409	73	47
590	411	79	45
600	416	71	46
610	428	77	49
619	435	72	47
621	442	69	45
628	449	75	43
628	448	76	45
632	454	70	45
633	458	69	48
634	465	70	46
636	467	76	44
636	466	77	46
635	467	80	46
640	467	71	47
642	468	68	44
639	458	74	43
639	446	75	43
639	446	77	44
639	446	78	45
649	434	79	45
659	434	71	46
671	435	68	44
673	435	65	47
674	437	74	43
678	437	66	43
676	436	72	46
674	436	77	49
664	436	73	49
668	436	64	51
638	425	77	49
636	425	82	49
643	426	68	49
623	426	68	49
606	414	78	49
613	415	67	48
613	416	67	48
613	416	67	48
601	416	67	48
597	417	77	49
606	418	72	47
603	417	78	50
606	417	74	53
607	428	74	53
608	431	74	49
606	435	81	51
608	441	76	52
613	443	68	50
613	443	69	50
613	446	69	45
599	433	75	48
604	432	65	51
603	433	68	49
603	434	69	49
599	434	78	50
603	435	83	48
608	438	85	44
616	424	82	47
626	429	74	48
629	429	80	51
632	435	76	51
629	442	83	49
639	448	76	49
636	455	82	49
635	459	85	54
642	460	73	52
642	463	73	48
627	463	79	48
630	451	75	47
627	452	80	46
633	439	81	47
638	439	73	48
641	441	70	45
648	440	76	48
651	441	81	47
656	447	83	48
661	452	84	49
661	462	86	42
669	460	71	47
654	461	77	44
632	462	79	45
619	463	80	44
598	466	79	38
599	453	79	42
588	453	78	44
575	453	79	45
575	444	80	38
567	442	74	42
564	430	80	43
565	417	79	45
566	423	80	46
566	425	81	42
581	415	78	39
584	414	74	42
589	415	75	41
592	403	80	42
594	405	78	38
594	392	79	42
595	395	78	37
589	382	89	41
597	383	74	39
569	371	91	41
574	374	83	47
579	378	74	40
578	369	78	36
565	367	82	41
567	369	78	38
565	368	84	42
567	370	80	38
571	368	74	43
578	367	87	45
585	371	84	40
599	379	78	45
598	389	80	46
598	389	81	46
598	403	82	40
601	414	77	44
580	425	79	45
580	430	80	45
567	437	81	44
568	440	80	38
571	439	74	43
556	439	81	44
557	439	80	45
557	442	81	40
563	430	81	39
560	429	87	44
568	431	83	41
577	420	78	38
583	418	84	42
586	421	80	38
586	409	92	38
590	407	85	43
592	397	82	39
593	399	81	36
577	379	90	38
568	367	84	38
561	365	75	43
561	365	76	44
543	356	89	37
534	343	83	40
537	345	77	37
515	332	85	41
515	334	85	38
517	332	82	43
500	333	93	41
505	335	83	40
480	324	83	37
479	327	86	42
482	329	81	39
485	328	75	43
482	327	82	44
481	331	86	38
483	334	83	44
484	339	81	46
484	347	82	42
480	349	92	39
496	348	80	41
503	348	78	45
513	348	79	45
513	352	80	38
525	350	92	43
526	352	90	40
532	340	81	39
542	339	81	43
541	329	85	38
550	327	76	43
553	318	83	37
551	318	88	38
562	307	78	37
557	308	90	35
574	308	81	36
581	309	77	35
581	309	89	36
582	309	88	36
594	315	76	36
598	325	87	40
607	337	79	38
620	344	74	35
626	354	85	39
624	355	89	37
644	361	77	37
657	372	77	34
667	374	80	39
677	386	80	36
691	392	77	34
687	393	85	33
697	402	77	34
708	408	79	33
708	413	79	33
707	414	85	33
708	414	83	34
708	414	84	34
709	415	83	34
713	420	77	34
708	421	88	33
706	421	92	35
695	420	90	36
696	421	89	37
703	422	77	34
699	412	85	33
695	412	95	34
695	412	94	36
696	414	93	32
698	415	90	32
686	415	92	32
688	414	89	35
669	421	86	33
672	425	83	34
670	427	88	31
669	428	89	31
654	434	81	29
652	437	87	31
640	439	89	28
640	439	91	29
616	440	94	28
620	440	86	28
619	442	89	27
604	441	99	29
610	441	89	29
611	442	87	28
610	443	89	27
611	443	88	27
615	434	80	26
609	434	93	27
611	434	91	27
611	434	91	27
612	435	90	27
613	435	90	27
613	436	89	27
614	436	89	27
617	426	84	27
601	426	96	28
606	426	86	28
605	427	90	27
598	417	82	27
592	418	95	26
589	408	82	27
582	406	95	30
588	407	85	29
589	409	83	27
588	408	86	28
587	408	89	29
590	408	85	30
599	409	84	30
600	408	83	32
611	413	80	33
620	418	80	33
629	423	80	33
638	428	80	33
644	433	80	33
644	434	80	33
649	439	80	33
653	444	74	33
653	445	85	32
654	446	83	31
655	445	81	33
655	447	81	31
651	429	91	30
657	418	81	31
652	399	90	32
659	401	78	30
655	368	97	31
667	373	73	32
655	356	98	31
668	345	75	30
658	345	96	31
667	334	78	30
666	334	82	31
665	334	84	32
667	334	81	33
665	334	87	33
662	334	92	35
665	337	88	31
651	336	94	33
655	336	87	33
660	343	77	29
641	354	96	31
651	354	78	32
634	365	90	32
635	366	89	32
636	365	89	34
626	373	86	30
626	372	87	33
609	381	83	34
609	382	83	32
588	382	88	33
590	383	85	32
589	384	89	31
577	385	89	29
570	386	84	28
568	376	87	29
562	374	101	32
569	375	89	31
557	377	90	29
560	378	84	28
559	369	87	26
562	368	82	29
560	367	88	31
559	368	89	31
560	368	89	31
561	370	87	29
544	379	85	27
538	379	97	29
525	379	87	29
526	379	86	29
530	381	78	27
506	391	94	25
498	389	88	29
501	390	84	27
493	396	80	26
487	396	93	27
492	396	83	27
493	379	82	26
488	380	93	25
505	369	83	26
512	370	85	26
513	371	84	25
521	361	84	25
531	362	93	25
534	343	88	26
546	344	87	26
549	334	82	26
543	334	94	28
557	334	85	28
564	335	88	26
567	325	83	26
577	330	80	25
579	335	77	25
573	335	88	26
579	335	78	26
578	343	81	27
579	343	80	28
581	348	75	26
575	350	89	24
573	348	94	27
581	348	79	28
573	350	94	25
579	350	84	27
578	340	85	26
582	345	78	26
576	345	91	26
582	344	81	29
583	346	80	26
590	351	83	25
594	356	76	25
599	361	75	24
594	361	85	23
592	369	90	24
598	376	80	25
592	387	91	25
599	392	79	26
601	393	77	25
595	398	88	24
599	397	83	25
601	399	78	22
598	400	84	20
590	392	84	20
591	391	83	22
594	391	78	24
589	392	87	21
581	392	87	23
587	393	75	22
584	397	82	22
582	401	87	21
582	402	86	21
583	401	86	23
586	404	81	19
587	406	79	21
585	406	83	22
583	399	88	18
587	398	82	22
585	398	86	23
583	399	91	22
583	398	90	24
587	397	85	26
572	408	94	25
579	408	81	27
580	409	80	25
582	424	77	25
577	432	88	24
580	437	83	22
578	441	87	23
583	441	77	25
578	441	89	24
581	441	83	25
576	442	93	25
579	434	87	21
581	433	86	23
579	433	90	24
582	422	85	26
585	413	80	25
579	414	91	25
587	405	85	23
590	404	81	24
591	405	80	24
587	405	89	24
594	395	77	25
593	396	80	24
588	388	89	21
580	392	88	24
585	391	78	25
575	392	80	24
568	392	75	24
554	397	86	23
541	401	81	24
522	405	81	24
526	406	73	24
511	410	85	25
492	410	93	25
501	414	75	26
502	416	74	24
501	426	77	23
503	427	72	23
498	431	83	22
513	435	74	23
516	440	76	23
525	440	84	23
530	440	75	24
525	440	86	23
535	432	74	22
532	423	82	22
534	423	77	23
526	409	77	21
508	409	82	22
514	408	71	23
500	400	83	22
506	400	71	23
492	401	83	22
497	401	74	24
496	401	76	23
497	403	75	21
507	403	80	22
518	395	84	19
540	394	73	22
548	395	73	22
548	395	73	22
558	388	81	20
570	387	81	22
579	380	72	18
582	380	73	20
581	372	77	19
585	372	69	21
582	372	77	21
578	372	69	22
573	373	79	21
563	366	83	17
558	365	77	21
562	364	69	22
549	365	79	21
554	357	70	20
557	357	65	21
552	358	74	20
559	358	70	21
559	358	69	21
565	358	77	21
577	358	69	22
591	359	64	21
596	360	67	20
600	360	66	20
597	360	74	20
608	361	66	19
608	361	72	19
611	362	68	18
609	355	71	17
609	354	72	19
611	355	68	19
609	355	72	19
614	356	63	18
611	359	69	19
616	362	61	20
611	367	70	17
612	367	70	17
619	370	63	19
616	370	70	19
614	370	73	20
625	372	69	16
626	371	68	18
625	371	71	19
639	364	67	18
648	367	61	19
647	367	70	19
652	367	73	20
651	367	77	21
656	367	66	22
656	367	69	21
652	368	77	21
658	367	66	22
653	355	77	21
641	354	72	22
643	356	68	19
633	356	74	20
623	356	78	21
630	355	64	22
616	365	76	20
622	372	66	22
608	372	77	21
616	376	62	22
618	380	67	20
621	381	61	20
620	385	63	19
621	385	63	19
617	389	70	19
608	389	73	20
612	388	65	21
600	383	75	17
601	382	73	20
596	376	68	16
596	378	68	18
587	378	71	19
576	377	67	20
564	378	75	20
566	378	56	21
556	382	62	19
558	383	58	19
547	386	67	18
542	389	63	19
545	393	57	19
544	393	60	18
534	397	66	18
538	397	57	19
539	400	56	18
539	404	58	17
536	407	64	17
531	410	60	18
528	410	67	18
530	410	63	19
532	410	59	19
532	414	60	18
535	417	60	18
542	418	60	18
548	421	59	18
545	421	66	18
552	421	57	19
562	422	59	18
559	425	66	18
569	426	57	17
572	426	63	17
570	426	66	18
569	426	70	19
583	426	66	18
581	419	70	19
597	420	60	17
602	413	65	17
606	416	58	18
605	417	66	16
605	418	67	16
611	418	67	16
614	419	68	14
617	418	63	17
621	418	56	18
617	419	65	15
621	419	58	15
620	419	61	16
623	426	55	13
622	431	58	15
621	430	60	16
620	434	63	15
620	433	63	17
619	433	66	18
617	434	70	17
610	427	70	17
610	426	70	19
615	426	62	20
614	426	63	19
611	420	70	17
615	419	63	19
617	413	70	17
617	413	71	19
608	412	74	20
612	398	66	21
608	398	76	20
602	398	71	21
594	399	71	21
595	399	70	21
591	399	78	21
585	400	73	20
583	392	77	21
571	392	73	22
563	384	72	22
566	384	68	22
567	385	66	21
563	377	75	20
560	377	65	21
555	378	75	20
553	369	79	21
560	369	66	22
561	370	64	21
560	371	67	20
553	371	66	20
550	371	74	20
555	371	64	21
554	372	66	20
550	373	74	20
556	381	64	21
561	382	66	20
564	385	74	20
569	385	64	21
570	386	63	20
575	387	72	19
584	386	68	20
589	379	75	20
596	378	62	21
591	379	74	20
595	379	66	21
591	373	75	18
599	372	59	20
594	373	71	19
599	373	61	20
587	377	71	19
591	377	63	20
587	377	72	19
575	386	68	16
580	385	60	18
570	385	66	18
561	386	70	17
565	386	62	17
563	374	66	18
558	374	62	19
555	368	69	17
558	373	69	19
569	373	61	20
568	373	63	19
571	374	59	19
570	374	67	18
569	374	71	19
574	374	61	20
573	367	63	19
570	367	70	19
575	360	60	20
574	360	63	19
571	361	70	19
569	346	73	21
575	338	61	21
574	337	66	23
566	330	65	21
565	334	67	22
566	326	66	21
561	326	76	22
564	325	70	25
565	329	69	25
568	334	65	24
558	333	68	26
559	337	66	27
564	344	57	27
552	352	66	25
555	359	59	26
543	372	67	25
543	371	69	27
544	384	67	28
547	393	62	25
536	402	67	25
535	402	69	27
524	411	62	25
523	411	71	25
525	411	67	25
524	411	71	27
516	417	67	24
516	416	68	26
521	421	60	25
516	421	70	25
503	426	65	24
505	430	62	24
503	440	66	23
503	447	67	23
502	458	71	25
502	459	70	23
506	467	62	22
501	473	75	22
504	481	69	22
490	481	67	23
490	480	68	26
490	479	70	27
491	481	67	24
483	467	68	23
475	468	67	23
476	460	66	22
467	453	68	21
470	456	63	22
463	447	76	24
459	448	67	23
451	448	68	24
443	448	66	24
434	449	68	23
432	449	72	23
434	449	70	25
419	449	69	25
422	454	65	24
421	457	66	26
420	457	69	27
419	457	71	27
420	458	70	26
422	457	68	27
422	458	67	28
423	463	67	26
426	467	69	27
430	467	62	28
431	475	69	27
432	483	67	25
436	490	68	26
442	494	71	27
444	502	68	26
443	503	70	25
443	509	70	27
443	514	72	26
445	524	67	26
445	533	69	24
446	537	67	25
446	536	68	26
445	543	70	27
449	544	63	26
449	548	63	26
452	549	67	26
460	549	65	27
460	549	65	27
468	553	65	27
472	553	65	27
476	558	65	25
483	559	66	26
484	567	66	24
487	566	66	26
489	567	64	25
494	567	63	25
492	567	67	26
478	569	65	23
478	569	66	23
478	568	66	25
461	569	70	24
453	570	70	22
440	571	66	22
425	557	69	22
410	558	65	21
405	557	75	24
395	542	66	23
384	534	71	23
370	535	64	22
362	522	65	20
364	521	62	23
364	521	63	23
357	513	77	24
361	513	69	24
362	506	69	22
366	505	61	23
363	506	68	22
362	506	71	23
370	497	73	24
379	498	65	23
382	485	66	21
385	485	68	22
390	471	66	23
391	471	65	23
388	463	78	22
398	463	60	23
399	465	75	20
406	465	62	21
400	469	74	20
405	468	64	22
406	478	63	21
401	485	73	20
406	487	65	23
404	486	70	25
404	492	69	23
408	492	63	23
407	491	66	25
407	500	67	22
393	504	78	21
401	511	63	22
404	521	58	20
402	520	62	22
396	525	75	20
401	530	64	23
401	534	66	22
401	538	66	23
409	542	64	23
411	543	60	21
417	544	61	19
424	544	70	20
431	536	68	20
439	529	76	20
444	528	66	21
446	529	62	20
445	521	73	21
451	522	61	21
452	522	60	21
446	526	72	19
444	530	76	20
452	529	62	22
450	537	66	20
439	537	74	20
443	537	66	21
438	544	75	20
443	547	67	21
447	548	60	21
441	548	72	21
442	548	70	21
443	552	69	21
446	552	63	21
440	540	60	20
435	543	70	20
432	535	77	21
442	535	57	22
432	521	64	19
421	514	71	19
423	513	67	20
420	506	75	20
427	506	61	21
418	507	65	20
418	513	64	19
415	520	72	19
413	523	76	20
421	523	61	21
415	530	74	20
409	530	69	21
412	542	64	21
413	542	62	21
413	549	62	20
416	549	58	21
416	549	57	20
414	542	69	20
424	540	63	24
429	534	66	21
442	535	54	20
435	535	68	20
449	522	59	20
459	522	59	20
471	523	58	19
476	523	67	19
488	515	60	20
491	515	55	20
501	517	48	18
502	510	60	19
506	511	52	18
513	500	52	17
518	500	50	18
517	500	51	17
520	501	46	16
520	492	46	15
521	492	45	15
519	486	53	15
522	489	48	17
529	489	45	17
527	484	50	15
531	477	55	17
536	471	45	17
535	466	47	16
535	466	48	16
536	467	46	15
540	457	48	16
547	457	44	16
545	448	48	14
552	450	48	16
554	450	44	15
558	445	53	15
572	445	44	15
579	440	47	15
591	440	45	16
599	435	48	14
601	435	44	14
612	435	42	15
619	435	43	15
618	443	46	15
619	449	45	15
618	457	48	15
619	458	45	15
606	465	53	17
609	471	46	19
597	480	46	19
586	487	46	19
575	490	46	19
578	490	46	19
567	493	46	19
560	495	40	16
551	490	46	16
540	484	46	16
533	484	40	18
531	484	44	17
524	479	46	16
520	478	42	17
515	479	42	17
516	482	39	17
516	487	41	17
517	487	38	17
510	487	43	16
511	487	41	17
511	487	41	17
515	488	38	17
515	488	40	16
515	488	40	16
514	491	42	16
514	493	41	17
515	493	41	17
519	494	38	17
518	494	40	16
518	494	40	16
517	494	42	16
517	489	44	17
521	489	37	18
519	489	40	16
512	490	37	16
510	490	41	16
505	484	40	16
500	485	40	16
490	480	40	15
483	480	36	16
473	480	40	15
474	480	38	16
466	480	36	16
457	481	37	15
448	481	37	15
442	481	39	16
444	479	36	19
445	481	35	17
433	475	41	19
435	474	37	21
435	469	38	18
437	470	35	18
436	469	37	19
435	471	38	17
436	464	37	20
437	466	37	21
437	469	37	21
436	475	38	22
436	477	39	18
438	476	36	20
440	481	37	21
443	481	37	21
443	481	38	21
443	481	39	22
448	475	39	22
450	475	35	22
452	476	37	21
458	469	38	24
465	463	36	22
464	457	38	22
475	451	35	22
474	452	38	22
478	437	34	24
485	431	34	24
488	420	34	25
493	410	35	24
498	410	31	24
497	400	33	23
500	400	33	24
500	395	33	22
505	395	29	23
510	395	31	24
513	395	30	23
513	396	31	22
519	396	29	23
523	399	30	22
527	399	31	22
530	402	31	22
539	404	28	22
539	405	30	20
542	407	29	22
545	409	27	23
548	412	27	21
549	415	26	20
548	418	27	20
544	419	25	18
544	419	25	18
544	419	26	18
540	419	26	19
541	419	24	19
541	420	23	18
537	420	24	17
537	425	25	18
540	430	23	18
543	434	24	19
545	437	23	18
548	441	22	17
548	441	21	17
548	447	23	18
554	449	20	17
561	455	20	17
567	454	22	20
573	458	21	19
574	458	18	19
578	459	20	19
579	459	21	19
585	454	20	20
590	454	19	20
592	455	18	20
592	455	19	19
593	455	18	19
593	457	17	19
590	459	16	20
581	462	18	21
568	464	17	22
572	465	16	21
558	466	19	22
550	465	20	24
544	464	22	26
537	465	21	25
529	461	20	23
531	461	20	23
527	454	19	22
526	445	21	24
522	441	19	24
521	440	22	25
522	432	21	25
522	434	21	25
522	435	21	23
522	428	22	22
517	428	23	23
517	419	23	24
512	418	22	26
512	419	24	26
512	405	23	25
512	404	24	26
514	405	21	25
514	405	21	25
508	402	23	23
508	402	23	23
503	398	23	21
499	397	23	23
499	389	23	23
499	389	23	23
499	382	23	21
500	381	23	23
496	377	21	23
491	377	22	22
491	372	22	22
491	372	23	23
491	372	23	23
491	373	23	23
490	373	25	23
485	365	24	21
481	364	24	23
476	365	24	22
476	353	24	23
476	355	26	24
471	357	25	21
466	347	25	23
469	350	24	26
468	351	27	25
467	352	28	23
471	357	26	26
474	362	26	28
473	376	32	27
484	389	29	26
488	405	30	24
490	408	27	22
497	417	29	25
508	432	27	23
515	443	27	22
523	448	27	23
529	455	27	19
529	456	27	18
535	455	30	20
545	455	29	21
552	460	26	21
559	466	28	20
565	469	26	20
565	469	24	19
568	473	29	20
581	475	24	21
586	476	27	19
592	472	23	18
597	473	22	16
597	469	22	16
597	461	26	16
600	453	24	16
598	440	27	16
592	429	25	16
584	418	27	13
585	419	25	14
576	405	26	15
569	393	23	16
556	386	23	15
547	376	25	15
536	369	26	15
538	368	24	17
524	365	24	15
516	354	26	15
516	347	27	15
507	344	27	13
503	336	26	12
507	338	21	12
505	331	27	12
503	331	22	12
503	328	22	10
503	321	24	13
504	323	21	11
504	322	21	12
507	322	22	12
512	322	22	14
516	327	28	15
527	334	28	17
537	356	30	17
541	356	23	17
553	363	27	20
564	370	27	20
578	376	25	20
588	382	24	17
592	382	32	19
597	382	26	19
604	384	26	19
614	390	27	17
619	394	26	18
626	401	30	17
635	408	27	17
636	409	26	17
640	414	28	16
641	417	25	14
637	417	25	14
633	409	26	15
633	404	26	17
634	404	25	16
628	400	27	16
624	400	28	16
625	393	25	14
619	393	29	16
620	395	29	16
620	394	29	17
622	398	30	15
623	402	29	14
622	405	31	14
626	408	31	14
633	408	30	18
634	408	27	18
638	413	30	18
640	414	31	18
640	414	32	18
644	415	28	16
644	410	29	16
644	410	29	17
639	402	30	17
634	402	31	17
633	392	31	18
626	393	28	15
626	393	30	16
626	392	30	17
626	387	31	19
625	382	33	19
615	383	34	16
617	377	31	18
606	378	35	18
607	377	34	19
606	377	35	20
601	379	36	17
602	378	33	19
596	378	34	19
596	383	35	20
598	383	31	20
596	389	36	19
596	393	36	21
595	396	39	21
596	402	39	22
595	410	39	19
597	409	37	21
597	415	38	20
603	419	40	21
606	422	39	22
615	426	35	19
616	426	37	20
617	426	37	21
622	426	37	21
628	426	38	22
633	426	39	22
636	420	39	22
635	420	40	23
638	420	36	23
637	414	39	22
637	408	40	23
636	402	40	23
636	395	41	23
636	397	42	20
637	396	40	22
631	396	40	23
629	402	44	23
629	416	46	17
626	425	51	22
630	434	45	26
630	436	46	22
627	445	51	25
632	454	48	23
635	466	45	21
631	466	53	26
631	472	54	22
635	473	46	22
632	474	53	20
633	474	52	21
635	472	48	26
629	474	60	22
637	474	57	23
638	474	57	23
636	474	61	23
646	474	55	24
637	474	74	24
651	473	61	27
656	474	58	26
655	475	61	25
654	475	65	25
661	480	58	24
653	489	76	24
662	491	57	27
658	492	66	25
658	492	68	26
662	494	61	23
646	486	76	24
659	487	66	23
658	478	67	25
662	478	69	24
663	479	68	24
672	479	63	24
669	471	70	25
682	472	66	23
695	472	56	23
694	465	59	23
696	465	57	24
695	465	59	24
696	467	58	20
696	467	59	22
700	468	52	20
687	462	54	19
690	461	50	20
688	461	53	20
693	463	45	18
680	453	58	18
681	453	44	18
677	443	51	18
682	443	41	20
679	444	48	18
678	433	51	19
681	432	45	20
685	422	48	19
689	422	41	19
686	423	47	18
685	410	50	19
695	403	49	20
698	396	45	20
706	397	47	19
708	389	50	23
710	390	46	22
715	389	51	25
723	393	48	23
728	397	44	21
725	402	51	24
727	402	47	23
725	409	52	21
714	419	60	21
707	434	60	21
700	445	59	23
693	456	58	24
697	456	50	24
685	465	59	23
664	473	59	24
649	477	62	24
628	482	64	27
624	483	56	27
622	484	60	25
604	485	70	25
611	485	56	27
590	489	70	25
595	489	60	27
594	490	62	26
593	490	67	26
598	490	65	27
596	490	69	27
608	482	62	26
606	482	66	26
598	475	65	22
599	474	64	25
592	476	62	22
592	468	61	23
575	469	63	21
563	461	60	23
557	461	58	24
557	461	58	24
551	461	54	25
540	462	62	23
536	463	55	21
525	457	61	20
527	456	58	22
531	457	52	21
530	457	53	21
531	462	52	18
531	464	53	20
532	468	51	18
538	468	50	19
539	468	49	20
543	472	52	18
546	471	52	20
552	471	51	21
553	473	51	18
551	472	55	19
552	473	54	19
554	474	50	18
554	468	50	16
544	463	58	16
536	461	61	19
544	455	46	17
544	459	48	15
535	454	55	15
530	453	51	15
528	448	57	15
520	446	60	19
522	447	57	18
523	447	55	18
516	441	57	17
506	440	63	20
508	441	59	19
502	444	58	19
498	448	67	18
496	448	70	19
495	451	74	20
493	451	78	21
492	450	82	22
490	450	86	23
488	450	91	24
494	450	81	26
488	450	92	25
486	451	97	23
487	452	97	23
488	455	96	26
486	456	101	24
487	461	101	24
481	462	114	24
481	465	115	29
476	467	126	24
478	472	122	27
470	473	139	25
474	474	133	25
471	472	139	28
475	479	133	27
462	478	160	30
464	479	156	29
460	480	164	29
460	481	166	29
449	481	158	30
446	482	166	29
439	467	181	30
441	464	177	37
439	466	182	34
442	467	179	34
438	465	187	39
436	449	192	37
437	450	192	36
460	428	197	45
464	431	191	40
465	431	193	41
484	409	201	49
526	413	178	42
528	411	175	47
552	394	184	46
578	401	166	50
583	401	155	50
590	404	159	48
613	412	145	48
625	414	138	46
630	423	131	43
640	425	125	41
642	426	122	39
642	427	125	38
653	434	117	38
657	436	110	36
660	436	104	37
665	438	96	34
665	438	97	34
668	439	91	34
671	441	86	30
675	442	80	28
662	444	85	26
658	434	95	26
667	434	77	27
667	434	78	27
671	435	72	25
674	436	66	25
675	435	64	26
675	436	64	26
689	438	55	22
690	441	61	23
700	441	58	24
703	441	53	24
702	446	55	21
704	446	53	22
707	446	46	22
706	447	50	20
706	441	50	20
708	441	46	20
710	442	44	20
712	442	40	19
705	443	43	18
705	443	43	18
705	438	44	18
699	438	43	18
702	438	37	18
701	439	40	16
701	439	40	16
702	434	40	16
705	434	35	16
705	435	35	15
703	434	39	18
705	429	35	17
704	430	38	16
708	430	38	16
711	432	42	16
715	432	35	17
720	432	35	18
720	435	37	16
724	437	41	19
728	440	37	18
734	439	37	20
735	441	37	17
736	444	42	17
742	446	45	17
748	447	46	21
759	453	42	20
762	461	48	22
764	462	44	21
768	470	41	19
771	478	49	21
778	481	50	20
780	489	46	20
778	490	51	20
782	490	43	20
779	493	50	19
784	493	41	20
765	494	58	18
770	493	47	21
757	494	43	19
762	489	38	18
750	490	44	17
747	491	37	20
739	491	43	21
734	492	41	19
735	493	38	18
734	492	41	20
725	496	39	18
726	496	36	17
720	498	39	19
721	501	37	18
719	500	40	20
721	501	38	19
721	500	39	21
724	502	38	18
723	497	41	17
725	497	36	18
724	496	40	19
725	497	37	18
731	486	35	20
731	488	36	17
733	476	36	19
734	476	36	20
736	476	32	21
737	467	35	20
737	467	35	20
740	468	36	20
744	467	32	21
746	470	35	21
747	470	32	21
748	471	31	20
747	471	34	20
753	466	31	20
754	466	30	19
753	457	32	19
754	459	30	21
747	454	34	20
750	455	28	20
748	455	32	20
742	450	35	20
744	450	31	20
745	450	30	19
738	446	32	18
740	446	29	19
734	437	32	20
737	437	27	19
737	437	27	20
737	437	28	20
737	430	28	18
739	429	24	19
739	425	29	18
740	421	31	18
744	416	28	18
745	416	27	18
745	416	26	19
749	411	26	19
753	411	24	19
756	412	25	18
757	412	23	18
758	412	23	19
761	412	22	18
764	407	22	19
768	410	21	18
770	409	23	21
775	408	22	22
775	409	22	21
782	408	22	23
790	409	23	23
797	400	24	23
806	396	26	22
810	394	28	26
811	389	27	25
817	389	28	26
823	384	29	24
828	383	28	27
832	378	30	26
833	378	30	26
833	378	30	26
833	377	30	28
826	380	31	29
826	379	32	30
827	382	32	32
827	384	32	34
827	385	33	33
830	387	33	36
831	391	31	35
831	394	33	35
832	394	32	34
831	394	33	36
831	393	35	37
830	381	36	36
835	381	34	37
838	373	35	38
837	374	37	37
838	361	37	37
838	360	37	40
839	352	36	39
838	339	38	38
841	343	32	38
833	332	35	35
833	332	35	35
833	332	36	36
833	332	36	36
833	333	36	36
833	325	36	36
836	325	33	37
835	326	35	35
835	325	35	38
834	326	37	37
834	326	37	37
835	326	37	37
835	325	37	40
840	330	35	39
841	339	34	37
843	344	36	36
847	344	36	36
847	344	36	36
847	344	36	36
847	336	37	37
848	337	37	37
846	325	40	34
847	323	40	37
848	323	39	39
848	315	39	39
840	317	39	35
840	303	40	37
839	305	41	33
825	290	44	37
830	290	41	36
830	291	41	36
830	278	41	34
823	270	41	34
822	271	44	33
824	261	41	38
827	262	42	35
832	262	39	36
838	262	40	38
843	263	46	36
851	264	44	35
857	263	46	36
858	264	44	35
863	264	42	36
872	268	42	36
879	273	42	34
882	273	45	35
885	274	47	34
885	276	47	32
886	276	46	33
886	277	46	31
870	269	51	30
865	268	46	33
856	269	47	32
856	270	47	30
847	262	51	32
834	262	48	33
826	262	47	34
812	262	47	34
800	263	54	34
802	262	51	37
793	263	51	35
794	268	50	34
780	268	49	35
780	269	49	35
780	270	49	32
781	271	47	31
780	272	51	29
779	258	52	30
779	257	53	34
780	260	52	27
781	250	51	32
783	251	48	31
781	244	52	30
781	244	53	30
772	235	54	31
772	235	55	32
760	235	49	33
758	235	54	34
750	236	51	33
740	241	56	32
733	243	51	28
734	243	51	29
725	234	52	30
725	236	53	33
724	240	56	27
712	227	52	25
710	228	56	31
714	230	56	27
716	228	53	30
716	229	54	31
718	231	58	27
722	232	57	26
732	233	52	31
735	237	54	31
739	241	55	31
738	241	56	32
739	245	56	32
742	245	57	32
746	249	58	33
750	256	59	28
753	257	55	27
750	256	60	29
752	258	56	27
751	257	61	30
753	256	57	32
753	256	58	33
753	256	58	33
753	259	59	28
755	261	55	26
753	262	59	24
743	252	64	29
746	253	58	28
747	252	58	29
746	252	59	30
748	254	57	27
732	256	61	30
733	259	58	33
733	262	58	28
732	263	63	26
736	267	54	26
737	269	54	30
737	276	55	31
746	281	56	30
750	286	55	26
747	285	64	29
757	286	58	28
766	288	54	26
770	287	60	29
774	288	60	27
782	289	63	26
783	289	63	26
787	281	63	26
796	281	58	26
798	282	62	25
805	282	63	25
806	282	62	26
809	283	57	26
806	283	64	25
809	275	57	25
806	276	64	24
797	275	66	25
788	267	68	24
790	267	63	26
776	268	63	24
767	260	65	25
759	260	65	26
744	251	64	26
747	252	59	26
746	256	62	25
729	256	66	25
731	256	64	26
733	249	59	25
731	249	65	24
732	249	62	26
722	242	66	24
723	233	66	24
723	233	66	25
722	233	68	26
726	233	61	27
728	226	59	24
728	226	59	24
730	230	55	24
719	231	62	23
721	231	59	24
704	238	77	24
714	241	59	26
696	246	61	25
694	246	65	25
680	251	58	24
678	251	63	24
680	251	61	25
660	252	61	23
660	245	62	22
645	244	59	24
646	244	59	24
645	245	60	24
635	238	64	22
636	237	63	24
629	238	61	23
629	230	62	24
629	230	62	23
628	230	65	24
630	221	61	25
631	222	62	25
640	222	57	25
637	215	64	23
645	218	55	24
640	219	66	23
647	222	53	25
645	224	59	24
645	232	58	24
646	239	58	24
646	245	58	25
646	246	60	24
649	255	55	29
653	264	54	26
650	277	63	25
653	289	57	25
650	305	63	24
643	305	61	25
647	317	53	25
630	333	61	23
631	344	60	24
618	353	59	24
610	362	59	24
610	362	59	24
602	369	59	24
594	376	59	24
589	381	55	22
580	384	59	23
571	384	61	23
572	385	60	22
574	388	57	23
563	388	63	23
563	389	64	23
555	381	63	23
555	381	65	24
555	380	66	25
544	381	70	25
545	372	69	25
546	372	69	27
533	373	77	25
535	372	73	28
534	372	76	27
533	372	78	29
538	376	69	31
521	387	84	30
527	387	72	32
524	402	79	31
522	402	84	32
533	407	86	33
544	419	89	34
560	424	92	36
576	433	95	37
592	434	92	35
594	434	88	37
601	435	95	37
608	436	91	34
618	437	93	34
617	438	95	33
617	437	96	36
617	439	98	32
620	440	93	31
612	441	108	29
604	440	102	33
607	446	96	32
594	453	100	30
595	452	99	32
597	453	96	31
596	454	98	30
591	455	109	30
598	454	97	31
591	455	111	30
589	455	116	31
606	455	104	33
600	443	118	32
621	443	105	34
636	444	102	33
645	432	104	31
649	433	97	31
659	433	111	32
671	433	108	33
682	434	108	33
677	422	120	32
688	421	99	34
688	423	99	32
681	429	113	31
679	429	119	32
673	428	106	34
672	430	108	33
654	429	120	35
661	429	107	35
660	431	111	34
654	431	123	33
663	419	106	32
657	419	118	32
642	406	124	34
649	405	111	35
648	393	113	34
629	394	126	34
633	393	118	36
621	394	117	36
611	395	110	35
613	394	106	37
598	402	112	34
579	403	125	34
583	408	117	36
563	420	130	35
576	420	105	37
573	420	113	37
577	428	106	35
574	429	123	33
582	428	130	35
586	428	137	37
607	428	128	39
611	428	120	39
622	430	123	37
638	430	122	37
651	431	121	37
672	439	110	33
667	440	121	33
664	440	127	34
662	439	134	36
645	428	119	30
627	427	130	32
613	416	131	28
605	419	122	33
602	419	129	35
599	419	136	37
570	420	143	35
556	423	142	30
562	407	132	36
544	408	139	34
545	407	138	37
555	411	119	31
554	397	122	33
552	397	128	35
549	397	135	36
557	401	119	30
557	405	121	33
555	412	127	31
556	411	126	34
571	417	109	36
563	424	126	34
578	430	109	36
570	431	126	34
567	431	133	36
564	432	140	34
573	420	124	29
571	419	128	33
553	394	137	36
552	395	142	34
538	383	141	30
550	387	117	35
544	388	130	35
527	389	137	33
528	390	136	33
529	388	136	37
538	394	117	39
529	396	136	37
542	404	112	35
541	412	126	31
552	418	127	31
563	423	126	34
567	422	133	36
564	422	140	38
585	421	124	40
594	423	120	38
594	424	122	37
595	425	121	37
589	425	135	36
594	425	127	38
588	430	141	30
593	427	131	35
576	428	138	34
576	417	139	29
568	415	129	35
565	414	136	37
570	418	127	30
555	417	132	34
554	402	135	36
536	403	142	34
537	406	142	30
542	405	131	33
542	404	132	36
539	406	139	34
526	406	139	34
526	407	138	33
535	405	123	37
535	406	122	37
529	409	136	33
530	407	135	36
527	396	142	30
544	395	132	33
550	380	133	36
547	382	140	34
548	382	140	35
555	385	141	30
560	370	130	32
560	369	131	36
568	369	116	37
560	370	134	36
565	369	125	38
566	373	124	34
550	372	131	35
557	372	116	37
550	373	133	36
557	375	118	34
553	375	128	35
550	374	135	36
558	376	120	35
553	364	131	32
564	362	132	36
572	362	117	37
564	369	134	36
579	369	119	38
571	376	136	37
587	376	117	39
578	383	136	37
592	385	110	35
585	386	125	34
583	391	131	36
588	391	123	37
589	392	122	37
591	392	121	37
592	393	120	36
586	394	134	36
595	395	116	34
590	395	127	34
573	397	134	33
566	396	120	36
572	397	110	36
564	398	127	34
557	397	113	36
550	399	129	35
533	398	136	37
543	402	117	30
541	401	120	33
546	401	113	34
551	402	103	34
543	403	120	32
541	404	126	31
552	403	104	34
551	404	108	33
545	405	120	32
549	410	112	34
543	416	125	34
551	416	111	36
553	423	108	34
552	424	110	33
547	424	122	33
557	424	114	35
569	424	104	34
561	426	121	33
573	412	127	34
585	412	103	36
576	401	123	33
593	402	102	32
592	390	115	31
589	377	121	33
598	377	105	34
600	378	102	33
599	379	105	32
594	380	116	31
585	379	109	33
586	380	108	33
591	381	99	33
590	382	102	31
585	382	113	31
582	371	119	30
593	370	98	32
586	359	114	31
597	359	92	32
594	361	98	30
589	350	109	30
598	349	94	31
590	339	109	30
588	339	115	31
600	340	93	29
594	341	105	28
580	340	94	30
579	343	96	26
558	344	102	25
559	334	102	24
539	333	105	27
538	334	108	26
528	339	107	26
528	344	107	26
535	351	95	22
536	358	93	25
534	364	98	24
534	363	98	26
533	367	103	28
542	368	108	26
552	372	108	29
568	375	96	24
573	377	97	20
574	367	94	22
583	366	93	25
581	366	98	26
584	367	103	25
585	367	102	25
585	368	103	25
592	368	91	25
594	369	97	24
599	368	87	26
600	371	87	22
599	371	89	22
599	364	90	19
597	366	95	23
598	365	94	25
601	367	88	21
598	358	94	21
600	357	91	24
598	358	95	23
598	357	96	26
604	349	85	21
604	349	86	23
602	348	91	24
600	349	95	23
606	351	85	20
607	350	83	22
605	351	88	22
605	352	88	20
607	351	86	23
609	351	90	24
613	350	85	26
608	351	94	25
616	352	81	24
622	352	89	24
624	345	94	20
628	343	87	23
634	343	92	25
640	343	82	26
639	336	84	20
640	336	83	22
638	335	87	23
619	336	92	22
620	336	91	25
623	343	85	20
615	350	84	20
600	353	84	23
598	358	88	21
590	357	88	24
593	357	82	25
579	357	92	25
584	363	82	23
572	363	89	24
575	362	83	25
579	368	76	22
575	369	84	23
573	370	88	21
582	374	72	21
578	378	79	21
577	381	83	22
587	386	72	21
583	387	79	21
585	386	83	22
606	386	79	24
614	387	78	23
617	387	87	23
637	388	75	22
633	390	83	20
634	380	83	22
637	380	78	23
642	380	77	23
645	381	73	23
644	381	74	22
640	382	83	22
643	387	78	21
632	386	82	22
626	387	77	21
629	387	73	22
616	387	81	22
619	387	76	23
620	388	76	23
620	388	75	23
621	388	75	23
617	390	83	20
617	380	83	22
611	380	78	23
615	380	71	23
600	373	83	22
605	374	74	21
592	376	71	17
586	375	70	19
584	375	74	20
574	375	78	21
570	378	69	22
570	380	71	19
554	382	75	16
557	381	70	19
556	381	73	20
558	380	69	21
558	374	77	18
569	366	69	19
580	358	65	20
591	358	73	20
589	358	77	21
602	358	81	22
619	358	76	23
644	362	69	23
659	366	72	22
672	370	80	21
675	370	75	23
695	374	68	22
697	382	79	21
710	389	75	22
719	396	74	22
716	403	82	22
714	403	87	23
717	403	81	25
720	407	77	24
714	408	88	24
720	408	78	25
714	399	89	24
720	403	79	25
719	394	81	24
722	395	76	24
717	386	87	23
728	386	75	25
722	373	87	20
723	379	85	23
726	362	80	24
726	353	89	24
724	345	94	23
732	345	79	23
720	345	85	23
726	345	76	24
720	345	87	23
709	351	91	22
700	355	91	22
700	354	90	24
696	355	80	23
698	355	77	23
684	347	86	23
673	338	91	22
656	330	91	19
660	329	85	23
649	328	89	24
647	318	94	25
652	318	83	27
634	324	85	26
635	324	85	26
613	324	94	25
617	306	89	27
612	315	99	27
608	316	85	26
594	306	94	25
601	306	81	27
577	290	94	25
583	294	84	27
585	295	81	26
567	296	83	25
568	296	83	25
559	296	82	25
550	297	81	25
545	297	91	24
551	297	80	26
536	306	92	25
541	305	82	26
536	317	94	25
541	317	83	27
526	328	95	26
529	328	90	27
530	333	89	27
520	342	89	27
523	346	83	29
523	355	83	27
523	361	85	26
523	360	85	28
522	369	88	26
523	369	87	29
533	373	86	29
542	374	86	29
552	375	83	27
551	375	86	29
557	375	85	29
560	365	100	29
569	365	84	30
573	366	101	27
579	355	89	29
581	356	86	28
583	357	83	27
578	355	95	30
589	345	92	29
595	346	81	28
587	345	97	31
591	346	91	30
592	336	89	28
586	336	102	29
590	336	94	30
593	325	91	29
596	330	85	30
596	330	86	30
596	335	87	31
596	340	88	31
596	349	89	31
607	355	87	31
607	354	87	34
608	355	86	32
608	356	87	31
608	355	87	34
609	361	86	32
609	361	87	34
608	371	90	32
609	372	90	32
609	377	90	32
611	390	88	32
610	394	90	34
612	407	86	33
610	419	91	34
613	419	87	36
609	429	95	36
608	438	97	38
598	450	94	36
600	450	91	38
587	465	93	34
587	465	94	36
589	464	91	38
589	465	91	38
590	465	91	38
587	466	97	38
592	467	87	36
578	467	92	36
577	467	96	37
601	467	86	38
600	468	89	37
600	469	89	37
599	469	91	37
600	471	90	35
602	471	89	36
602	471	89	36
603	471	88	37
579	473	88	33
579	473	90	35
566	461	93	36
555	461	90	37
559	467	83	37
531	469	93	33
533	468	88	36
533	469	89	36
505	470	89	34
505	470	91	35
481	470	97	36
488	475	85	38
473	476	91	37
474	476	89	37
475	476	89	37
478	477	83	37
474	478	92	36
476	478	89	37
480	483	82	37
476	485	92	35
481	484	82	37
480	486	85	35
479	486	87	35
480	486	86	36
478	475	92	36
483	480	82	37
479	469	92	35
468	469	89	37
469	457	89	37
475	458	77	37
470	459	88	34
472	459	85	35
471	448	87	35
476	448	80	36
463	438	83	34
461	439	88	34
463	440	85	33
462	440	88	34
467	439	78	35
463	440	88	34
452	445	86	35
453	445	85	35
433	446	85	35
442	446	79	35
441	449	82	32
421	448	87	33
423	457	83	34
423	458	83	34
423	469	85	32
422	468	86	33
421	468	89	34
420	473	92	36
422	476	89	31
424	475	87	34
425	476	85	33
426	476	83	34
438	465	84	34
448	465	83	34
458	443	83	32
469	432	85	33
480	420	83	34
483	421	77	34
490	411	81	33
488	400	86	33
494	400	77	34
497	401	80	33
498	401	80	33
498	402	80	33
499	402	80	33
500	403	80	33
508	392	74	33
510	393	71	32
517	384	74	31
522	389	64	31
518	390	74	28
537	380	73	29
545	381	67	30
555	381	74	29
561	382	72	30
561	382	73	30
569	383	72	30
578	387	72	30
578	396	72	30
579	400	72	30
587	405	72	30
587	406	72	30
588	414	72	30
589	422	72	30
590	431	72	30
594	439	72	30
595	450	72	30
596	450	72	30
607	455	67	30
610	460	70	29
620	461	65	29
619	465	68	28
625	466	73	28
626	467	70	26
631	466	68	28
639	467	68	28
644	467	68	28
644	469	68	26
644	469	69	24
645	470	68	24
625	463	68	22
615	461	70	25
601	462	69	24
586	447	69	25
570	447	70	25
571	447	69	27
557	439	67	23
558	439	66	26
547	425	70	25
548	425	69	25
549	403	69	27
550	407	66	27
548	399	71	25
557	390	67	27
563	390	71	28
566	381	74	26
577	381	69	28
580	382	64	26
578	382	68	26
587	373	70	27
589	373	68	28
593	374	68	28
596	374	63	28
594	375	66	27
597	366	70	27
605	366	63	28
606	355	70	32
614	356	64	30
620	356	59	32
621	358	59	28
620	357	68	32
624	348	62	30
630	347	58	33
630	338	59	34
630	338	60	34
630	338	61	34
613	341	62	29
606	330	57	33
597	340	58	33
591	348	52	34
580	360	57	36
578	361	61	35
572	365	55	36
576	375	47	36
563	380	55	35
572	380	47	36
572	381	49	35
572	381	49	35
576	382	49	35
583	382	45	36
589	381	48	37
594	386	45	36
602	386	43	37
602	387	43	36
601	387	47	37
602	388	45	35
589	374	43	34
580	372	45	38
580	373	45	39
581	373	45	39
566	374	45	37
566	378	44	38
553	379	41	37
553	387	42	36
545	389	42	39
546	390	41	37
547	390	39	39
547	393	39	39
547	395	40	36
550	396	41	35
551	395	41	38
551	394	40	40
555	394	40	40
559	396	40	37
560	396	39	39
563	396	42	39
565	397	37	37
565	396	38	40
565	397	39	39
574	398	39	36
575	398	38	38
576	403	38	35
580	409	37	37
580	409	37	37
580	413	38	38
580	417	38	38
567	422	38	34
567	423	39	33
554	425	39	36
557	427	33	32
549	427	35	33
542	429	34	30
536	430	35	29
524	430	34	29
526	430	32	29
525	431	33	28
526	433	33	31
526	437	32	28
530	439	36	30
535	444	33	28
535	445	33	26
539	445	35	26
551	448	30	26
560	449	30	24
565	450	29	23
567	444	35	24
568	444	34	24
569	439	31	22
571	440	28	20
564	441	33	21
553	431	35	22
557	431	28	22
549	432	33	21
540	421	31	20
524	412	34	19
521	407	30	20
520	407	33	19
512	409	30	16
515	409	29	17
514	410	30	15
511	412	28	14
509	415	33	15
510	418	30	14
513	417	35	16
515	418	32	15
519	419	32	14
521	421	36	14
525	421	35	14
531	421	38	14
534	414	43	13
537	414	37	13
533	406	44	13
541	397	41	14
537	387	48	13
536	381	51	14
541	375	42	15
540	376	43	14
525	365	50	14
528	365	45	15
531	366	44	14
528	360	51	16
529	359	47	18
531	359	46	17
529	359	49	18
535	360	43	17
533	350	47	18
537	350	45	19
545	350	50	19
547	351	47	16
554	350	47	18
563	353	49	19
574	360	52	19
596	371	53	17
616	375	55	19
624	375	44	21
631	379	55	18
646	383	53	17
652	382	52	19
651	376	54	17
636	361	62	17
642	364	50	18
626	348	61	16
621	341	57	17
597	330	63	17
594	322	56	18
568	316	65	17
576	316	56	18
565	317	55	17
554	310	63	17
551	310	56	18
547	314	65	17
555	317	68	18
560	316	59	19
556	316	69	20
566	323	62	20
570	324	61	19
570	327	62	20
573	331	73	20
579	331	63	21
586	335	62	20
582	335	71	21
589	338	63	21
590	343	62	20
592	346	71	19
598	346	62	20
597	346	64	21
592	347	74	20
587	330	69	25
587	318	69	32
590	302	63	31
583	313	59	34
578	287	71	24
572	286	65	27
554	278	72	27
558	277	63	28
540	284	70	23
542	283	66	26
