0.002000
0.158171
0.157467
0.156994
0.156506
0.159035
0.167037
0.164166
0.163250
0.166214
0.164905
0.163943
0.163261
0.163036
0.163036
0.163194
0.162796
0.162462
0.161591
0.175921
0.176039
0.159036
0.167034
0.172038
0.167037
0.170943
0.172038
0.165946
0.161036
0.159969
0.162630
0.162355
0.162843
0.162232
0.162117
0.161667
0.161710
0.161796
0.164144
0.181040
0.173038
0.164036
0.175039
0.182877
0.179253
0.164705
0.159767
0.166230
0.166617
0.163001
0.168967
0.167934
0.162665
0.163235
0.175987
0.181135
0.180040
0.164671
0.160035
0.159035
0.159036
0.161385
0.159451
0.158131
0.159035
0.158476
0.161036
0.162266
0.162035
0.163036
0.162932
0.164036
0.164036
0.162112
0.167038
0.166479
0.165036
0.164036
0.172113
0.182086
0.180039
0.153520
0.163240
0.161184
0.160064
0.160734
0.161036
0.161036
0.161036
0.168037
0.168039
0.166158
0.165037
0.164131
0.166037
0.164947
0.165127
0.180040
0.181038
0.181040
0.181060
0.176367
0.185040
0.182416
0.181558
0.179182
0.175452
0.175165
0.171317
0.163308
0.162036
0.162191
0.163036
0.161036
0.162035
0.162035
0.182557
0.161036
0.162036
0.161036
0.160541
0.161294
0.162036
0.161356
0.161149
0.162036
0.161036
0.162036
0.179040
0.181040
0.177515
0.164036
0.162469
0.161036
0.161036
0.162036
0.159497
0.159429
0.160035
0.160250
0.160035
0.159491
0.170038
0.182039
0.161036
0.160064
0.159368
0.159115
0.161035
0.160035
0.160035
0.160387
0.160146
0.160035
0.160435
0.160471
0.160058
0.159810
0.160902
0.161070
0.160035
0.165315
0.165036
0.164586
0.162641
0.164319
0.162374
0.160036
0.161598
0.161138
0.159359
0.160111
0.166037
0.167518
0.165731
0.168057
0.164738
0.164037
0.162036
0.161477
0.161691
0.160403
0.161036
0.164037
0.165041
0.163118
0.161268
0.161069
0.162036
0.159035
0.161036
0.161734
0.165033
0.164037
0.163036
0.163036
0.162036
0.161368
0.159374
0.162094
0.167038
0.165036
0.166429
0.164064
0.163036
0.169270
0.166037
0.164361
0.163904
0.162195
0.161052
0.163842
0.166038
0.166526
0.165038
0.162036
0.167037
0.166036
0.164036
0.162911
0.162082
0.162208
0.161036
0.161516
0.160539
0.160342
0.162036
0.160035
0.158209
0.162135
0.169038
0.167037
0.164233
0.164037
0.162007
0.163037
0.163504
0.161036
0.162035
0.161161
0.160453
0.159035
0.161646
0.161491
0.164039
0.165037
0.163654
0.161809
0.160403
0.161036
0.162036
0.166581
0.164626
0.162364
0.162534
0.161744
0.161500
0.161627
0.164921
0.164257
0.164037
0.162479
0.162037
0.162036
0.161036
0.168326
0.165036
0.165136
0.178608
0.180377
0.179040
0.176738
0.173737
0.166656
0.160085
0.162130
0.162139
0.162035
0.161036
0.161055
0.161194
0.160034
0.160198
0.160735
0.162036
0.162035
0.162573
0.162036
0.161236
0.163036
0.163079
0.161052
0.162036
0.160363
0.165036
0.165068
0.164391
0.163150
0.163157
0.161154
0.160035
0.161167
0.162262
0.162974
0.157776
0.160036
0.162036
0.161036
0.161035
0.161035
0.165037
0.164036
0.163100
0.162355
0.162058
0.164108
0.164036
0.164037
0.164119
0.166036
0.165869
0.164379
0.162387
0.162616
0.161036
0.162036
0.161184
0.164165
0.164033
0.163036
0.162035
0.162036
0.096664
0.161568
0.163036
0.161575
0.160939
0.161036
0.161012
0.161035
0.162322
0.163417
0.162212
0.162571
0.162725
0.160075
0.162036
0.163738
0.163503
0.167296
0.165038
0.167457
0.166038
0.165037
0.163036
0.163038
0.160036
0.160036
0.162036
0.162035
0.159423
0.165338
0.164253
0.163036
0.163037
0.161079
0.161532
0.162507
0.166111
0.166037
0.164201
0.162161
0.161034
0.160035
0.159035
0.160036
0.164037
0.163036
0.161554
0.165385
0.164036
0.162036
0.159035
0.160173
0.159035
0.164303
0.162127
0.160094
0.160035
0.159035
0.160035
0.158492
0.166038
0.164037
0.163037
0.161035
0.160544
0.159035
0.160035
0.161077
0.160501
0.160323
0.161255
0.167161
0.164036
0.162118
0.160035
0.159527
0.158340
0.158035
0.159035
0.159320
0.164037
0.145663
0.165669
0.164648
0.165116
0.162532
0.159763
0.159034
0.159035
0.158035
0.158422
0.167059
0.182857
0.161228
0.157036
0.158035
0.159035
0.160036
0.160035
0.159553
0.159083
0.159985
0.160035
0.160035
0.160036
0.159493
0.159717
0.161035
0.159035
0.160036
0.158152
0.169127
0.181040
0.179040
0.179039
0.177039
0.179039
0.179509
0.178172
0.178040
0.161608
0.158785
0.169925
0.177039
0.166997
0.160403
0.161255
0.160774
0.159491
0.157357
0.159035
0.160035
0.159035
0.159859
0.159035
0.160776
0.158035
0.164054
0.177038
0.180040
0.176506
0.163027
0.164380
0.162049
0.164290
0.164036
0.167037
0.159035
0.161036
0.160035
0.159205
0.160035
0.160035
0.160378
0.160035
0.159035
0.165037
0.164497
0.164036
0.164036
0.162036
0.161035
0.159077
0.159035
0.159035
0.158147
0.158340
0.159868
0.158853
0.159874
0.159450
0.159817
0.158617
0.159035
0.157598
0.158035
0.161215
0.160667
0.160171
0.159766
0.160083
0.161036
0.163042
0.163036
0.161035
0.160035
0.167038
0.163036
0.162036
0.181040
0.181040
0.180040
0.181040
0.177039
0.182802
0.176267
0.180188
0.180565
0.181071
0.185041
0.170765
0.163036
0.162035
0.161294
0.145032
0.163036
0.162035
0.162036
0.162107
0.162036
0.161036
0.160035
0.122999
0.075689
0.073016
0.072043
0.074232
0.089257
0.071251
0.090379
0.072016
0.077198
0.074017
0.071939
0.077134
0.071015
0.076240
0.073059
0.071157
0.089320
0.075854
0.080187
0.086757
0.081208
0.079746
0.078482
0.087717
0.077170
0.072495
0.073818
0.096176
0.075268
0.076797
0.079921
0.076624
0.075541
0.074016
0.073237
0.071771
0.072100
0.072016
0.073698
0.073031
0.074016
0.072693
0.072816
0.076729
0.073697
0.072016
0.073163
0.071702
0.073250
0.088727
0.070926
0.071149
0.074781
0.073118
0.076016
0.074016
0.072015
0.076398
0.075112
0.073265
0.074964
0.077846
0.072690
0.073458
0.072016
0.077426
0.071894
0.071016
0.073805
0.073498
0.074016
0.086339
0.073890
0.072759
0.078173
0.089744
0.078017
0.072016
0.077551
0.071016
0.070979
0.071009
0.075226
0.072475
0.092020
0.070197
0.072262
0.073110
0.072237
0.073417
0.086678
0.070883
0.073664
0.074749
0.074839
0.072301
0.073144
0.074101
0.073550
0.078017
0.071835
0.072781
0.080289
0.072272
0.071624
0.091157
0.072404
0.072046
0.078119
0.071265
0.072467
0.072374
0.070807
0.071015
0.073240
0.072016
0.072783
0.088746
0.073278
0.072220
0.072118
0.077388
0.071996
0.073957
0.071804
0.077858
0.070580
0.077452
0.070883
0.088020
0.072016
0.074310
0.072459
0.072145
0.073142
0.070541
0.071894
0.071900
0.073611
0.071471
0.071016
0.077073
0.071493
0.074293
0.073416
0.071460
0.070962
0.071264
0.072016
0.074389
0.071016
0.077076
0.073214
0.072016
0.090327
0.070979
0.076094
0.077721
0.071015
0.078444
0.070859
0.071013
0.071015
0.070763
0.072224
0.071016
0.074017
0.073016
0.071291
0.071797
0.077518
0.076394
0.079476
0.073194
0.072577
0.071016
0.071665
0.074674
0.071015
0.087698
0.073252
0.074016
0.077016
0.071015
0.077093
0.073593
0.087928
0.072016
0.073132
0.071257
0.071702
0.072305
0.072358
0.077017
0.073067
0.072194
0.073016
0.070261
0.071831
0.073016
0.074017
0.072015
0.077163
0.070549
0.077087
0.072920
0.072015
0.085468
0.073615
0.071267
0.076971
0.072900
0.072937
0.071015
0.070985
0.070966
0.072033
0.072016
0.088802
0.071402
0.072016
0.071092
0.071419
0.071376
0.077129
0.073248
0.072016
0.072016
0.072394
0.084373
0.073941
0.071015
0.070015
0.077763
0.088312
0.070497
0.071227
0.071476
0.076780
0.073272
0.071560
0.079017
0.073101
0.071016
0.072512
0.071110
0.071015
0.082018
0.071219
0.072566
0.089622
0.071352
0.081053
0.071054
0.072558
0.072226
0.071812
0.072238
0.070365
0.071031
0.071250
0.072017
0.071699
0.073016
0.071644
0.072016
0.071536
0.071100
0.071016
0.077684
0.071799
0.070833
0.072360
0.073016
0.071266
0.077405
0.070015
0.071016
0.073469
0.089020
0.070167
0.071213
0.071567
0.074245
0.071197
0.072016
0.070685
0.072016
0.071015
0.074016
0.072235
0.070682
0.071119
0.072244
0.071016
0.092021
0.070782
0.089866
0.071259
0.071187
0.073217
0.087836
0.070894
0.070202
0.070656
0.071016
0.071368
0.071015
0.071143
0.072197
0.077120
0.071015
0.071313
0.072685
0.072016
0.071177
0.076035
0.077360
0.090820
0.071111
0.089021
0.071078
0.073666
0.071015
0.071394
0.077550
0.075904
0.070015
0.072016
0.073188
0.070015
0.071127
0.071223
0.078017
0.073282
0.080956
0.070547
0.072095
0.070171
0.070861
0.070716
0.074016
0.072016
0.072182
0.078017
0.071016
0.071016
0.088019
0.072500
0.071543
0.073016
0.072031
0.071443
0.070548
0.071322
0.073502
0.069986
0.072015
0.088758
0.089020
0.070091
0.078017
0.071015
0.078380
0.071015
0.071300
0.071016
0.090303
0.073305
0.071587
0.073125
0.090672
0.074450
0.077017
0.072317
0.071982
0.074016
0.074017
0.071016
0.073054
0.072016
0.074016
0.071015
0.070311
0.070992
0.070801
0.073017
0.073196
0.071983
0.084868
0.070224
0.087605
0.071736
0.077379
0.077061
0.072015
0.071753
0.072016
0.077738
0.073118
0.073992
0.088020
0.077076
0.088263
0.072067
0.070698
0.074062
0.072015
0.071016
0.092020
0.071069
0.070015
0.071207
0.072478
0.072211
0.070263
0.077624
0.071016
0.073004
0.072015
0.088019
0.070226
0.072016
0.090745
0.070258
0.089450
0.072473
0.073883
0.072015
0.070036
0.072422
0.078323
0.071159
0.071036
0.070015
0.070015
0.071220
0.073418
0.074614
0.072495
0.072016
0.074846
0.074076
0.078172
0.072231
0.070740
0.073077
0.074224
0.072721
0.070998
0.072016
0.076075
0.073016
0.072877
0.073761
0.074428
0.073414
0.074279
0.073503
0.073509
0.091115
0.072146
0.074681
0.084252
0.071586
0.084099
0.071929
0.077017
0.073687
0.073518
0.071015
0.072016
0.072016
0.077056
0.071119
0.073016
0.073231
0.075059
0.072318
0.071372
0.071535
0.071795
0.070016
0.073125
0.072016
0.074212
0.074642
0.072643
0.071015
0.071852
0.071181
0.072016
0.070776
0.074016
0.071283
0.071297
0.075012
0.074072
0.071143
0.070015
0.072275
0.073277
0.073016
0.071562
0.076422
0.070522
0.072168
0.072016
0.091020
0.071016
0.077017
0.071016
0.071609
0.073016
0.071016
0.071357
0.084075
0.071554
0.071015
0.071358
0.072137
0.072071
0.071015
0.071016
0.072016
0.076349
0.072015
0.072016
0.072433
0.072015
0.089118
0.071182
0.071366
0.072903
0.071015
0.088465
0.071307
0.071181
0.090168
0.070998
0.077017
0.070793
0.071870
0.071015
0.071094
0.077247
0.089356
0.071016
0.071245
0.090207
0.070289
0.075016
0.077541
0.088870
0.073110
0.071234
0.070107
0.071636
0.072015
0.074016
0.091610
0.072016
0.075079
0.071570
0.071015
0.089138
0.072799
0.078117
0.071798
0.071599
0.071015
0.071823
0.073510
0.071016
0.071180
0.071643
0.072160
0.088129
0.072015
0.071016
0.070145
0.071015
0.072720
0.072026
0.073046
0.072016
0.072334
0.071015
0.071016
0.073153
0.077016
0.071016
0.077698
0.070820
0.074394
0.072016
0.072016
0.072444
0.071015
0.071414
0.072146
0.072525
0.072795
0.072546
0.077016
0.071016
0.071471
0.071097
0.073152
0.071747
0.078546
0.088347
0.071015
0.089020
0.073040
0.072109
0.072016
0.090334
0.070453
0.071015
0.072016
0.071432
0.070770
0.070495
0.071169
0.090019
0.072701
0.072016
0.071015
0.072016
0.071192
0.092105
0.071030
0.071806
0.071992
0.070033
0.072683
0.074169
0.074061
0.080017
0.071016
0.074268
0.073015
0.071016
0.074016
0.088464
0.070152
0.071535
0.070922
0.077017
0.072016
0.071038
0.071016
0.071015
0.071317
0.072015
0.072197
0.071208
0.074036
0.086018
0.074257
0.093020
0.073580
0.084741
0.078515
0.071015
0.077018
0.075177
0.077017
0.072590
0.073016
0.072102
0.073312
0.089020
0.076016
0.071016
0.070819
0.071042
0.071396
0.071015
0.072147
0.090019
0.072176
0.090647
0.070634
0.070827
0.071016
0.074016
0.071281
0.071908
0.072279
0.088917
0.070640
0.071014
0.072016
0.079804
0.072340
0.074117
0.072374
0.070122
0.071596
0.090219
0.070015
0.076018
0.073016
0.090018
0.070015
0.073291
0.071977
0.071625
0.071307
0.074016
0.083104
0.071016
0.071016
0.072016
0.072016
0.078017
0.071015
0.073016
0.072016
0.071015
0.072016
0.072084
0.071015
0.071015
0.076017
0.072015
0.076017
0.070711
0.072016
0.070754
0.071087
0.071440
0.072187
0.077298
0.074016
0.076017
0.071179
0.089019
0.072284
0.071016
0.072022
0.071706
0.073577
0.072016
0.072113
0.071043
0.071115
0.077017
0.075613
0.070239
0.071016
0.089214
0.070015
0.075134
0.072749
0.072167
0.073876
0.073401
0.072016
0.077531
0.071019
0.072242
0.070889
0.072015
0.072389
0.071017
0.072584
0.071865
0.072609
0.076875
0.071016
0.071016
0.070103
0.073472
0.086019
0.075486
0.071687
0.072016
0.074336
0.071016
0.071041
0.072016
0.071111
0.071126
0.072016
0.071302
0.071277
0.071898
0.073016
0.091249
0.076279
0.071015
0.071917
0.077017
0.070843
0.073156
0.071248
0.070016
0.073660
0.071014
0.074016
0.071313
0.072015
0.090270
0.077596
0.076442
0.076185
0.076659
