0.002000
0.158035
0.156053
0.155034
0.155089
0.166186
0.181157
0.174560
0.158035
0.157035
0.161036
0.162035
0.165036
0.158467
0.159364
0.158035
0.139031
0.160036
0.158810
0.159461
0.179040
0.181436
0.180041
0.179040
0.176039
0.180040
0.175660
0.179039
0.179115
0.178040
0.177039
0.177625
0.177319
0.179093
0.179039
0.179040
0.179118
0.177118
0.176498
0.179039
0.173227
0.177041
0.173038
0.169172
0.164719
0.155227
0.173134
0.171120
0.183678
0.183896
0.184120
0.181295
0.177116
0.176478
0.176556
0.179487
0.177109
0.181198
0.180886
0.150988
0.157323
0.158197
0.156494
0.158258
0.123034
0.149215
0.140403
0.156035
0.183040
0.152033
0.128028
0.154034
0.158035
0.156034
0.156034
0.146049
0.153165
0.156794
0.157206
0.157433
0.156383
0.156619
0.138688
0.165815
0.160262
0.157999
0.155034
0.171896
0.186167
0.185183
0.150716
0.157543
0.164506
0.160949
0.159736
0.159471
0.159808
0.159667
0.158384
0.117726
0.136372
0.159532
0.157418
0.160447
0.158035
0.147244
0.165190
0.163216
0.160802
0.160732
0.161686
0.158173
0.157531
0.158557
0.158227
0.158326
0.159977
0.159281
0.159035
0.146643
0.136203
0.137030
0.148212
0.162035
0.162053
0.166039
0.167573
0.163157
0.159972
0.160045
0.157059
0.162677
0.161176
0.159772
0.157035
0.169037
0.167065
0.164036
0.161270
0.159268
0.159210
0.160317
0.158035
0.153034
0.172038
0.168494
0.162036
0.160223
0.157413
0.158048
0.159351
0.157528
0.160131
0.159239
0.160035
0.147346
0.176451
0.168879
0.174841
0.152480
0.161495
0.160752
0.159035
0.160035
0.148032
0.160035
0.160035
0.158435
0.147463
0.132112
0.153174
0.158210
0.158351
0.159268
0.158868
0.157745
0.157194
0.159458
0.157035
0.159035
0.158837
0.159265
0.159105
0.141031
0.155034
0.147985
0.162437
0.161387
0.159590
0.158691
0.158322
0.158035
0.157404
0.158332
0.156877
0.160250
0.158553
0.158054
0.151560
0.157035
0.170071
0.168037
0.165180
0.158034
0.170211
0.168037
0.165036
0.162036
0.159035
0.158034
0.165583
0.167037
0.161530
0.161036
0.160035
0.160035
0.159092
0.158807
0.159132
0.157500
0.159035
0.170070
0.168161
0.163035
0.159035
0.158328
0.156372
0.143667
0.148078
0.161064
0.163063
0.160197
0.158955
0.159353
0.157981
0.159092
0.157278
0.164510
0.171075
0.166173
0.164707
0.161356
0.167228
0.167099
0.165097
0.161858
0.161636
0.155278
0.172820
0.170940
0.164943
0.163428
0.158431
0.170805
0.166977
0.162333
0.160375
0.159448
0.158890
0.161058
0.158035
0.164394
0.167927
0.165642
0.169884
0.168596
0.172699
0.170496
0.165623
0.161122
0.170860
0.167428
0.164535
0.163727
0.162701
0.160530
0.159029
0.158406
0.166675
0.167191
0.168507
0.170263
0.163365
0.175151
0.169090
0.166894
0.163626
0.163102
0.159448
0.159618
0.162711
0.169093
0.167037
0.171447
0.167798
0.159610
0.177155
0.173677
0.170591
0.168037
0.164463
0.162035
0.171633
0.169037
0.164739
0.167197
0.163798
0.162880
0.160419
0.157374
0.172323
0.167816
0.165981
0.159341
0.172069
0.168037
0.161252
0.170077
0.171037
0.168037
0.164406
0.161193
0.159188
0.166037
0.164060
0.161128
0.170568
0.168037
0.165036
0.162238
0.162402
0.157604
0.171111
0.169132
0.164170
0.162113
0.161036
0.154034
0.178040
0.164036
0.162035
0.159035
0.157476
0.161226
0.161035
0.160035
0.160470
0.147871
0.142596
0.156122
0.152246
0.159035
0.149033
0.161036
0.160337
0.160355
0.126341
0.155987
0.159769
0.158438
0.160367
0.159338
0.154141
0.163178
0.170498
0.179215
0.174669
0.152359
0.124672
0.160136
0.155427
0.144220
0.157162
0.158827
0.157942
0.151959
0.165446
0.175435
0.175583
0.153166
0.129491
0.133563
0.144654
0.161239
0.159929
0.158609
0.159571
0.153570
0.175495
0.178893
0.176986
0.177954
0.176769
0.156295
0.135631
0.137736
0.156590
0.157719
0.158980
0.157962
0.131782
0.162143
0.161641
0.161700
0.164645
0.163383
0.158551
0.158284
0.159078
0.154477
0.172620
0.181293
0.146749
0.158134
0.114712
0.158788
0.159205
0.134667
0.173186
0.171303
0.165270
0.156659
0.178414
0.173996
0.169847
0.168251
0.167036
0.157035
0.158415
0.149415
0.156035
0.159284
0.140454
0.157155
0.159035
0.159129
0.159144
0.160196
0.158035
0.159034
0.159862
0.159235
0.160346
0.131052
0.138450
0.155216
0.158709
0.159200
0.159764
0.159323
0.159164
0.159744
0.159903
0.151338
0.156548
0.157686
0.156394
0.170090
0.168162
0.165702
0.156164
0.175810
0.173331
0.168787
0.168037
0.159034
0.148032
0.154671
0.163035
0.141400
0.158401
0.162103
0.161527
0.163036
0.163360
0.159033
0.158035
0.137030
0.153033
0.158035
0.165257
0.164035
0.160035
0.160053
0.160318
0.161120
0.135030
0.158035
0.160035
0.161130
0.162296
0.160035
0.161035
0.151033
0.158035
0.159035
0.145032
0.157101
0.159445
0.160308
0.160035
0.161035
0.162036
0.160035
0.162036
0.149033
0.156364
0.167037
0.165386
0.160036
0.174038
0.165823
0.169036
0.166037
0.164121
0.156034
0.171833
0.169868
0.165147
0.158916
0.167845
0.167124
0.163318
0.158376
0.170382
0.164800
0.165236
0.170056
0.168913
0.163404
0.162500
0.159891
0.166658
0.166999
0.164583
0.161892
0.159785
0.160383
0.159035
0.157684
0.169524
0.172256
0.165638
0.164472
0.171587
0.167556
0.164107
0.161175
0.158415
0.167899
0.169188
0.163727
0.160658
0.168042
0.166220
0.163208
0.159429
0.168940
0.168835
0.166567
0.164912
0.161771
0.160877
0.161817
0.160145
0.167642
0.166117
0.162301
0.161492
0.160858
0.159228
0.167248
0.170155
0.169518
0.165245
0.173363
0.168469
0.165036
0.165090
0.164111
0.164036
0.163036
0.164036
0.159035
0.171038
0.171684
0.166964
0.171743
0.167375
0.169486
0.166925
0.165041
0.163785
0.171333
0.180197
0.181244
0.178272
0.180403
0.179648
0.172072
0.158035
0.160625
0.157422
0.157343
0.156500
0.158536
0.150299
0.150655
0.156341
0.158988
0.144033
0.155086
0.158035
0.158065
0.157458
0.142787
0.159671
0.161545
0.161859
0.160035
0.160349
0.161036
0.155034
0.170038
0.170038
0.172038
0.169037
0.175039
0.173038
0.164628
0.171038
0.168408
0.165501
0.164291
0.161412
0.156258
0.170426
0.172198
0.171509
0.168833
0.166463
0.162235
0.161081
0.161269
0.157459
0.171197
0.169540
0.165037
0.168038
0.169037
0.168451
0.171219
0.169445
0.172038
0.157341
0.166563
0.166037
0.164036
0.160160
0.166756
0.169466
0.175490
0.177039
0.174066
0.171038
0.168548
0.174531
0.173487
0.169398
0.167239
0.165039
0.163036
0.161284
0.157035
0.168037
0.166116
0.157531
0.178039
0.160470
0.143371
0.155351
0.157979
0.159347
0.159479
0.158469
0.158469
0.156446
0.159654
0.146501
0.154273
0.157948
0.157034
0.144513
0.154715
0.158035
0.159141
0.159374
0.159308
0.154034
0.167037
0.167037
0.161574
0.170468
0.168212
0.166036
0.165036
0.162657
0.161035
0.154467
0.176583
0.177344
0.176356
0.172083
0.170037
0.168570
0.163490
0.170038
0.170847
0.167037
0.166037
0.162036
0.162035
0.162036
0.159313
0.158214
0.162716
0.174510
0.176038
0.177038
0.156552
0.135441
0.139994
0.156053
0.158035
0.158477
0.159300
0.158107
0.157051
0.160571
0.128134
0.165097
0.163422
0.162950
0.162239
0.160508
0.153360
0.177698
0.176038
0.180037
0.178775
0.178040
0.157437
0.135824
0.136371
0.155332
0.159038
0.159204
0.159209
0.160409
0.158541
0.158185
0.137203
0.159413
0.160160
0.159585
0.158728
0.159471
0.160522
0.158711
0.158377
0.158119
0.157611
0.154059
0.170272
0.181040
0.180040
0.178039
0.177038
0.136030
0.138527
0.154341
0.158035
0.158035
0.158036
0.160034
0.159035
0.159074
0.159053
0.159271
0.149033
0.137029
0.159163
0.157580
0.161035
0.153291
0.176716
0.177510
0.172249
0.169976
0.166394
0.164459
0.161303
0.159092
0.160418
0.159035
0.158035
0.164404
0.165787
0.170339
0.172685
0.172703
0.169168
0.162342
0.168104
0.165036
0.163036
0.161162
0.159035
0.162035
0.161112
0.165258
0.159148
0.167409
0.162391
0.160437
0.160007
0.159449
0.169803
0.166036
0.163035
0.161184
0.158438
0.158514
0.159291
0.154435
0.164540
0.163592
0.163889
0.163444
0.162897
0.159997
0.165448
0.163322
0.167496
0.168881
0.164499
0.169987
0.166036
0.161797
0.158386
0.158732
0.157828
0.168605
0.167037
0.162423
0.161216
0.158766
0.158995
0.155458
0.166542
0.168689
0.165129
0.164229
0.161056
0.164037
0.158191
0.158295
0.170038
0.167122
0.161382
0.159177
0.313022
0.302986
0.286433
0.322708
0.340074
0.325922
0.329883
0.336732
0.190993
0.170608
0.177616
0.173337
0.169037
0.168037
0.163647
0.099370
0.152707
0.157035
0.144167
0.163036
0.170038
0.165036
0.163782
0.159430
0.156496
0.155416
0.168726
0.165778
0.163036
0.159319
0.160450
0.158524
0.155120
0.163821
0.163404
0.161746
0.159035
0.155991
0.168482
0.165554
0.162035
0.160035
0.158369
0.159925
0.159464
0.155236
0.170403
0.167975
0.168997
0.167980
0.165378
0.159938
0.167944
0.167300
0.164356
0.161561
0.160546
0.156188
0.167543
0.166272
0.159616
0.167319
0.166040
0.163489
0.160114
0.170116
0.162035
0.179066
0.180039
0.178039
0.180307
0.179039
0.179039
0.152781
0.154533
0.145365
0.153339
0.157094
0.153449
0.139029
0.152188
0.156034
0.159035
0.162035
0.161425
0.161457
0.138496
0.165137
0.163235
0.160035
0.164409
0.161402
0.165136
0.165036
0.161276
0.163036
0.165349
0.163365
0.163589
0.164934
0.171607
0.167700
0.163036
0.160223
0.159292
0.166052
0.166089
0.161036
0.160191
0.159345
0.170038
0.166443
0.163437
0.160300
0.160506
0.158238
0.159035
0.141294
0.154034
0.154034
0.166036
0.160491
0.157494
0.158035
0.157331
0.159035
0.158283
0.158300
0.160474
0.121287
0.154224
0.159035
0.159035
0.157035
0.153132
0.146182
0.164270
0.169352
0.167967
0.165036
0.163201
0.160452
0.158034
0.166254
0.167038
0.162516
0.159122
0.171053
0.167508
0.162359
0.170035
0.166608
0.166377
0.164036
0.166081
0.166037
0.161035
0.161035
0.156034
0.173055
0.168066
0.166036
0.163332
0.159035
0.165511
0.165036
0.160036
0.171298
0.169502
0.163420
0.161035
0.160036
0.159532
0.156466
0.169618
0.170038
0.165528
0.162035
0.157504
0.172075
0.171618
0.166722
0.164345
0.161730
0.161179
0.160035
0.159508
0.156928
0.169095
0.168323
0.165036
0.163036
0.163036
0.160035
0.162054
0.168522
0.168036
0.162035
0.161035
0.158035
0.169037
0.168036
0.167637
0.164035
0.162035
0.160036
0.161036
0.160036
0.157105
0.169523
0.170037
0.169037
0.165036
0.161036
0.166037
0.167037
0.162510
0.160077
0.168537
0.169037
0.166396
0.162036
0.160515
0.161036
0.162036
0.167197
0.169477
0.166037
0.173506
0.170037
0.167037
0.166036
0.163036
0.160723
0.162065
0.161036
0.160195
0.160048
0.169185
0.170145
0.165161
0.164036
0.161452
0.169037
0.169343
0.166036
0.164037
0.162710
0.171463
0.165037
0.171038
0.170074
0.167334
0.164036
0.162694
0.161035
0.159774
0.169037
0.168312
0.164036
0.163036
0.161035
0.161035
0.161036
0.171183
0.169474
0.164036
0.164036
0.165036
0.162261
0.169472
0.164726
0.163035
0.158168
0.171038
0.167037
0.164100
0.161416
0.169492
0.168037
0.167037
0.164325
0.162054
0.159035
0.159626
0.159685
0.169087
0.169037
0.165036
0.163556
0.161118
0.161035
0.162036
0.169236
0.169037
0.166036
0.163036
0.160035
0.166425
0.162036
0.161099
0.157034
0.174038
0.171038
0.167037
0.165203
0.159181
0.170533
0.167660
0.165070
0.162036
0.162036
0.159362
0.159242
0.160103
0.159035
0.160036
0.159034
0.166038
0.169037
0.169037
0.165037
0.161229
0.164247
0.172184
0.170038
0.164523
0.177428
0.181040
0.177038
0.176037
0.176038
0.180040
0.176052
0.173054
0.173347
0.169130
0.167317
0.151489
0.157423
0.139577
0.155524
0.159248
0.159236
0.159041
0.160363
0.139030
0.157035
0.160100
0.158833
0.159035
0.159444
0.160345
0.160035
0.160035
0.161036
0.160465
0.161164
0.138590
0.162035
0.162111
0.160035
0.160036
0.159495
0.153375
0.169077
0.164070
0.160482
0.161036
0.159900
0.158090
0.160243
0.171402
0.167199
0.164387
0.157961
0.170354
0.162230
0.159035
0.160035
0.159676
0.159035
0.159035
0.159478
0.159544
0.159161
0.158530
0.143031
0.156035
0.159108
0.157035
0.165404
0.171038
0.168099
0.164036
0.160190
0.167037
0.167552
0.165112
0.162036
0.162035
0.160088
0.163156
0.163288
0.164899
0.170258
0.165099
0.172892
0.172559
0.167037
0.164036
0.163101
0.161035
0.159347
0.160321
0.159035
0.155725
0.171142
0.168054
0.165036
0.162036
0.169097
0.162037
0.165157
0.165036
0.165452
0.170038
0.168037
0.165036
0.159698
0.169038
0.168037
0.163641
0.160295
0.158342
0.161035
0.158035
0.159257
0.161036
0.159420
0.160069
0.161035
0.144163
0.159054
0.155233
0.171038
0.166281
0.165495
0.161283
0.160035
0.168806
0.167530
0.162448
0.172241
0.168448
0.164250
0.162185
0.160504
0.159484
0.159456
0.156035
0.168518
0.167487
0.164294
0.161036
0.160035
0.154822
0.171037
0.166445
0.164459
0.162036
0.161035
0.160036
0.160035
0.160038
0.159035
0.158479
0.156059
0.171328
0.167143
0.164036
0.160373
0.168037
0.168113
0.165036
0.160035
0.160035
0.159035
0.167164
0.168037
0.164038
0.163083
0.161469
0.160035
0.160069
0.159252
0.158389
0.166037
0.168037
0.168037
0.162036
0.172057
0.167037
0.163036
0.162035
0.160036
0.160035
0.161036
0.160035
0.159035
0.161036
0.158034
0.170037
0.166037
0.172038
0.169037
0.167037
0.166449
0.163115
0.161050
0.161036
0.158756
0.169037
0.165863
0.164037
0.164052
0.162036
0.157034
0.174038
0.171038
0.168372
0.165036
0.160036
0.159035
0.159112
0.159035
0.160036
0.146410
0.164036
0.169037
0.169037
0.166035
0.160629
0.172038
0.171038
0.166037
0.163036
0.162035
0.163036
0.161215
0.160035
0.160348
0.157035
0.174038
0.171037
0.144032
0.163036
0.173546
0.181275
0.182040
0.182040
0.179040
0.182040
0.181040
0.178061
0.181931
0.178039
0.182040
0.177039
0.179024
0.176518
0.178317
0.181039
0.181040
0.144032
0.137030
0.156034
0.158035
0.159326
0.160035
0.159035
0.145685
0.159564
0.160111
0.136918
0.170038
0.168037
0.166036
0.164109
0.162036
0.162122
0.160279
0.160833
0.153050
0.180040
0.180040
0.182624
0.182039
0.183086
0.181040
0.179039
0.181334
0.143341
0.120733
0.144032
0.160105
0.158035
0.159297
0.159529
0.161035
0.160035
0.171038
0.167037
0.175038
0.180314
0.168105
0.166134
0.167037
0.165036
0.154033
0.159035
0.161036
0.156034
0.144288
0.156717
0.161035
0.161070
0.149137
0.157034
0.156317
0.155034
0.168477
0.168036
0.164036
0.162324
0.160592
0.131076
0.158069
0.160035
0.159035
0.168037
0.167037
0.165037
0.163036
0.161102
0.162036
0.162036
0.160709
0.162036
0.171144
0.167354
0.165728
0.161036
0.173040
0.170038
0.173038
0.169037
0.164036
0.168341
0.166036
0.166649
0.166219
0.162961
0.164343
0.165065
0.171544
0.167705
0.168140
0.169799
0.159510
0.154664
0.167001
0.168709
0.164832
0.164690
0.164000
0.163461
0.161259
0.162622
0.161545
0.159099
0.171460
0.166550
0.168122
0.167847
0.162229
0.165274
0.171690
0.166803
0.163564
0.159689
0.168401
0.164375
0.165253
0.163147
0.167641
0.165800
0.164539
0.170277
0.167156
0.162037
0.161036
0.162036
0.166036
0.170038
0.165036
0.163748
0.158299
0.169529
0.168329
0.164036
0.162036
0.160401
0.168037
0.164036
0.161036
0.161036
0.160162
0.160114
0.161036
0.154034
0.173038
0.170038
0.166036
0.161036
0.153164
0.155428
0.159530
0.153034
0.166815
0.170455
0.167442
0.159574
0.170847
0.166722
0.165193
0.160540
0.169542
0.167483
0.163422
0.162012
0.160931
0.160167
0.159298
0.157477
0.158427
0.169067
0.168078
0.165862
0.162232
0.160255
0.160911
0.159134
0.159077
0.155911
0.170454
0.168037
0.165235
0.164036
0.158469
0.159856
0.155864
0.168037
0.169038
0.162750
0.160172
0.160085
0.159034
0.159677
0.159838
0.157816
0.167939
0.169306
0.165194
0.164664
0.161726
0.159527
0.159353
0.161161
0.169137
0.168780
0.165036
0.161395
0.159676
0.156194
0.168850
0.169487
0.166002
0.164441
0.161270
0.160526
0.160349
0.159776
0.158506
0.165942
0.162501
0.159688
0.159286
0.159765
0.157437
0.168801
0.167707
0.164630
0.162564
0.160812
0.159035
0.159710
0.157655
0.167444
0.165786
0.160948
0.172771
0.169132
0.166599
0.163998
0.161221
0.158938
0.160012
0.159254
0.159120
0.161035
0.159721
0.159035
0.155034
0.160062
0.158035
0.170037
0.168312
0.161897
0.170692
0.167369
0.163036
0.163223
0.161801
0.161565
0.160035
0.159163
0.159417
0.158841
0.164522
0.175978
0.177025
0.171315
0.169980
0.167531
0.167888
0.154547
0.143180
0.157109
0.160035
0.159498
0.158797
0.159270
0.161328
0.160922
0.159986
0.160325
0.147452
0.155866
0.159974
0.159902
0.159673
0.161063
0.161065
0.152034
0.142031
0.155034
0.159915
0.160225
0.158630
0.160142
0.159199
0.159918
0.159654
0.160508
0.146653
0.155460
0.160287
0.159714
0.158419
0.160545
0.146583
0.165127
0.166494
0.163036
0.161035
0.160035
0.159967
0.156087
0.161883
0.160035
0.160331
0.159305
0.160057
0.160299
0.160992
0.159923
0.161391
0.126465
0.157837
0.158861
0.158724
0.167845
0.169037
0.163262
0.161980
0.161021
0.160512
0.160329
0.158604
0.159956
0.161657
0.160752
0.160997
0.159301
0.148832
0.176406
0.173043
0.169538
0.166167
0.161597
0.160319
0.156085
0.171055
0.166301
0.171956
0.169426
0.166052
0.164931
0.163241
0.163126
0.159699
0.160314
0.159614
0.160616
0.157762
0.170166
0.170125
0.164404
0.159039
0.175259
0.173965
0.171792
0.167745
0.163885
0.163048
0.159867
0.159849
0.161226
0.159213
0.159133
0.157035
0.171535
0.167830
0.163312
0.163217
0.174739
0.169577
0.167517
0.163036
0.161099
0.159324
0.158516
0.160035
0.155034
0.169221
0.172038
0.165036
0.175039
0.172985
0.170046
0.167572
0.164761
0.161376
0.160887
0.160628
0.159567
0.160022
0.157875
0.169841
0.165575
0.162308
0.161444
0.159320
0.158432
0.159819
0.158892
0.160501
0.160364
0.159035
0.159903
0.159686
0.161454
0.161911
0.159398
0.159114
0.160208
0.160860
0.160687
0.159708
0.160495
0.159515
0.162433
0.159803
0.161125
0.162036
0.162379
0.160471
0.161119
0.160751
0.160419
0.161370
0.161284
0.160039
0.159812
0.161726
0.160839
0.160308
0.160048
0.161831
0.160505
0.162477
0.160238
0.160887
0.160874
0.160046
0.162036
0.163035
0.160716
0.161197
0.162514
0.160501
0.160590
0.161855
0.160035
0.160035
0.160035
0.162036
0.161582
0.161407
0.162197
0.161625
0.161053
0.162205
0.160409
0.161787
0.161061
0.160975
0.160837
0.161386
0.161904
0.161281
0.159685
0.159124
0.160232
0.160099
0.158946
0.158504
0.159831
0.160214
0.160528
0.160398
0.161830
0.160384
0.161415
0.160035
0.160831
0.159731
0.160367
0.161036
0.160035
0.160126
0.161036
0.161035
0.164034
0.161036
0.161035
0.160859
0.161035
0.161035
0.158989
0.172053
0.168453
0.165997
0.163388
0.163112
0.161762
0.160998
0.159154
0.157864
0.159220
0.160985
0.161219
0.161807
0.161572
0.161668
0.157617
0.174748
0.183892
0.185499
0.181237
0.179711
0.178160
0.175737
0.180539
0.180647
0.182733
0.184555
0.182101
0.183853
0.181919
0.181804
0.178406
0.177105
0.181040
0.176459
0.181039
0.186041
0.184040
0.182329
0.184946
0.184325
0.185188
0.182427
0.170038
0.170205
0.167933
0.165036
0.165102
0.166880
0.165192
0.164195
0.162641
0.162730
0.163710
0.162110
0.161302
0.162231
0.160849
0.161036
0.162291
0.162771
0.159654
0.161664
0.158145
0.158774
0.155702
0.156645
0.157309
0.161057
0.169550
0.164044
0.159053
0.159145
0.158405
0.160330
0.157618
0.139297
0.158798
0.159182
0.159881
0.158113
0.159163
0.160205
0.158536
0.159332
0.158481
0.158363
0.159167
0.160677
0.158800
0.157878
0.159723
0.158730
0.159070
0.158720
0.159354
0.159035
0.159056
0.160437
0.159775
0.159932
0.160296
0.158512
0.159289
0.159623
0.159108
0.159658
0.157403
0.159015
0.158177
0.158057
0.160002
0.159382
0.158746
0.158035
0.158450
0.160233
0.159109
0.158808
0.159638
0.159470
0.158454
0.158184
0.159981
0.158945
0.157529
0.160329
0.159413
0.159319
0.159314
0.160394
0.160036
0.160035
0.159853
0.158858
0.159347
0.159035
0.160036
0.160263
0.160703
0.159678
0.159243
0.159802
0.160383
0.160716
0.160668
0.160938
0.161103
0.160291
0.159393
0.160170
0.159891
0.159222
0.161834
0.159040
0.160641
0.160865
0.160403
0.159157
0.159397
0.160291
0.158648
0.159648
0.160949
0.159433
0.159780
0.161627
0.157965
0.158035
0.158907
0.159365
0.159286
0.159360
0.160115
0.158841
0.159411
0.159929
0.159633
0.160002
0.159333
0.158996
0.158890
0.158878
0.159156
0.162083
0.161414
0.160351
0.161343
0.160660
0.161357
0.161306
0.161214
0.162296
0.161178
0.160511
0.160456
0.159990
0.160571
0.159775
0.161085
0.160454
0.160035
0.159654
0.160463
0.160575
0.159908
0.161582
0.158500
0.160571
0.161380
0.160677
0.154382
0.169320
0.164036
0.163647
0.161036
0.162166
0.161649
0.162090
0.160036
0.161100
0.160035
0.160057
0.159197
0.160200
0.159035
0.160177
0.158672
0.161488
0.160404
0.161035
0.160231
0.160103
0.162036
0.159700
0.160426
0.161803
0.162549
0.160473
0.161036
0.160343
0.159921
0.161411
0.160289
0.158035
0.160065
0.161036
0.161035
0.160035
0.160230
0.159380
0.160201
0.160231
0.161034
0.161164
0.161035
0.161595
0.161036
0.162035
0.162035
0.161036
0.162036
0.159950
0.170039
0.166036
0.163412
0.166517
0.161035
0.162176
0.162089
0.161036
0.158223
0.174038
0.172038
0.169037
0.165727
0.163471
0.162176
0.161639
0.161035
0.161867
0.163036
0.162090
0.162652
0.162058
0.162888
0.161565
0.162862
0.161416
0.163486
0.162812
0.161568
0.162104
0.162600
0.161711
0.162917
0.163977
0.160887
0.160890
0.162845
0.162307
0.162084
0.161946
0.161023
0.161337
0.162035
0.161619
0.162647
0.164088
0.161311
0.161449
0.160919
0.161096
0.162035
0.161195
0.163036
0.161036
0.160035
0.161466
0.161096
0.163435
0.161035
0.161036
0.161540
0.162047
0.160538
0.161256
0.159034
0.161296
0.160433
0.161386
0.161047
0.160035
0.159035
0.160839
0.161273
0.161375
0.162036
0.161035
0.160035
0.159550
0.159034
0.160658
0.161183
0.160090
0.159223
0.160636
0.161283
0.161257
0.159542
0.155045
0.160067
0.166036
0.160450
0.159526
0.161342
0.159831
0.159829
0.158616
0.159557
0.160045
0.160035
0.160129
0.161193
0.160811
0.160589
0.160634
0.160090
0.161036
0.161515
0.159718
0.160192
0.159691
0.158633
0.160295
0.160670
0.161195
0.159104
0.161384
0.162340
0.161680
0.159487
0.160483
0.160624
0.160200
0.160148
0.161360
0.160017
0.160949
0.159312
0.159824
0.158491
0.160162
0.158707
0.161389
0.140506
0.161256
0.160536
0.160981
0.160753
0.159917
0.159421
0.160455
0.160099
0.161192
0.162035
0.159179
0.158538
0.160888
0.159617
0.160629
0.159148
0.161028
0.159764
0.160682
0.160942
0.160365
0.160498
0.161318
0.160035
0.160516
0.162297
0.160769
0.161010
0.160972
0.160851
0.161181
0.160553
0.160533
0.159755
0.161449
0.160035
0.136030
0.159085
0.160035
0.160175
0.160035
0.160035
0.160589
0.161036
0.160035
0.160035
0.161058
0.161035
0.161036
0.159035
0.159277
0.159035
0.160215
0.148149
0.078017
0.077136
0.077017
0.075468
0.076138
0.077103
0.075806
0.079448
0.078016
0.078017
0.077017
0.079016
0.078017
0.077014
0.077017
0.080380
0.085008
0.080017
0.077017
0.076017
0.077500
0.077980
0.077872
0.076859
0.074039
0.077925
0.074457
0.075021
0.072281
0.093189
0.073024
0.073227
0.071816
0.073884
0.075017
0.075431
0.073233
0.070645
0.073056
0.081036
0.092601
0.095156
0.154400
0.154099
0.154153
0.155587
0.150033
0.172038
0.169168
0.166251
0.172128
0.168543
0.167945
0.163427
0.164036
0.164036
0.162194
0.163797
0.164069
0.158105
0.176921
0.175038
0.146032
0.114025
0.161035
0.153034
0.164036
0.172058
0.161036
0.159944
0.157485
0.157133
0.114779
0.140809
0.160443
0.161035
0.163293
0.162036
0.162667
0.162695
0.161811
0.161143
0.183041
0.181040
0.167038
0.175038
0.182877
0.176929
0.151051
0.122403
0.133853
0.164824
0.158062
0.159280
0.173459
0.170608
0.163394
0.159033
0.175987
0.180040
0.180040
0.151033
0.156034
0.140031
0.152034
0.135379
0.151449
0.154034
0.155130
0.154034
0.156476
0.158035
0.161265
0.161036
0.162304
0.163550
0.164036
0.163036
0.162225
0.167247
0.167985
0.168831
0.165819
0.174658
0.181086
0.180039
0.163036
0.161613
0.163059
0.161471
0.161859
0.162036
0.161034
0.156255
0.170889
0.172627
0.168798
0.168536
0.162759
0.171484
0.168455
0.163540
0.179096
0.180038
0.180040
0.181060
0.176367
0.184041
0.181416
0.180052
0.178039
0.170560
0.166203
0.163748
0.160035
0.159307
0.131184
0.122026
0.162036
0.160036
0.161035
0.156463
0.181557
0.145033
0.119026
0.141031
0.157541
0.159035
0.160035
0.161036
0.161356
0.161546
0.162036
0.161036
0.156184
0.179482
0.181040
0.176039
0.152155
0.124460
0.143489
0.155035
0.149033
0.163036
0.159497
0.160429
0.160035
0.160250
0.161036
0.156406
0.172480
0.182039
0.142031
0.138030
0.156396
0.158092
0.158057
0.158035
0.158034
0.158035
0.157146
0.157035
0.143032
0.154238
0.156661
0.155402
0.159565
0.160835
0.162036
0.157349
0.170485
0.169927
0.167529
0.165746
0.164212
0.162374
0.162054
0.162126
0.161352
0.160035
0.158536
0.169467
0.171969
0.169246
0.174294
0.168272
0.167662
0.164054
0.162539
0.161726
0.160310
0.159197
0.167297
0.167485
0.164923
0.163290
0.162068
0.161035
0.160035
0.161092
0.159276
0.170434
0.167432
0.165036
0.163035
0.162036
0.161368
0.159432
0.158890
0.170726
0.170440
0.168340
0.166652
0.161755
0.173368
0.170824
0.166675
0.165946
0.164762
0.161925
0.162930
0.168997
0.169238
0.166675
0.162278
0.172040
0.170884
0.167154
0.165234
0.163936
0.162036
0.162036
0.162080
0.161438
0.161141
0.163036
0.163209
0.159034
0.156998
0.173230
0.173891
0.169699
0.166151
0.165325
0.164504
0.164036
0.161035
0.162036
0.161161
0.161453
0.159292
0.162786
0.162180
0.167071
0.166850
0.166104
0.163743
0.160035
0.162058
0.160991
0.171285
0.167244
0.165497
0.164533
0.160895
0.160990
0.159608
0.171538
0.168016
0.165283
0.163902
0.161036
0.162035
0.158742
0.172487
0.170840
0.163296
0.178608
0.179073
0.180039
0.170059
0.167037
0.159199
0.153035
0.137174
0.154137
0.158035
0.159035
0.158035
0.158459
0.159035
0.158035
0.158378
0.140548
0.157035
0.162036
0.162572
0.162236
0.162036
0.162449
0.163111
0.161035
0.161036
0.158507
0.170611
0.169156
0.165938
0.165193
0.163820
0.160370
0.161036
0.160167
0.162262
0.162404
0.157345
0.159034
0.161036
0.160035
0.159035
0.158111
0.171610
0.166998
0.165523
0.163307
0.162564
0.164292
0.168097
0.167514
0.164184
0.171324
0.168216
0.166627
0.165035
0.163617
0.160035
0.160035
0.160875
0.164953
0.166271
0.165036
0.163036
0.161576
0.160342
0.127259
0.154034
0.158035
0.158481
0.151033
0.153011
0.155764
0.162475
0.165030
0.164572
0.163036
0.163725
0.160488
0.162701
0.164644
0.162894
0.172424
0.164474
0.172224
0.170702
0.169526
0.165279
0.164036
0.161036
0.161036
0.160035
0.162336
0.158206
0.170536
0.167547
0.167504
0.164452
0.162304
0.161643
0.160392
0.169057
0.169553
0.165810
0.165037
0.161321
0.161036
0.159035
0.160419
0.165750
0.167544
0.163286
0.170630
0.167785
0.166037
0.161036
0.160463
0.157642
0.168485
0.166127
0.162095
0.160035
0.159035
0.160035
0.157366
0.169205
0.169165
0.165036
0.162036
0.160162
0.159035
0.159035
0.160077
0.160127
0.160543
0.158139
0.172038
0.168755
0.165119
0.162035
0.160529
0.160239
0.159035
0.159034
0.155338
0.166600
0.151484
0.168034
0.168995
0.172054
0.167971
0.161474
0.160035
0.159035
0.160036
0.152983
0.169796
0.179771
0.122782
0.159228
0.159034
0.156034
0.158406
0.159035
0.158552
0.160036
0.159456
0.159035
0.157035
0.159035
0.157034
0.158180
0.130488
0.157034
0.159035
0.160311
0.149007
0.170606
0.181040
0.179040
0.179039
0.177039
0.179039
0.180510
0.178172
0.175038
0.151238
0.121421
0.123481
0.171128
0.177039
0.155034
0.131029
0.141183
0.150700
0.157591
0.158071
0.157081
0.158035
0.157035
0.158035
0.158858
0.158776
0.154034
0.151481
0.162359
0.177075
0.181040
0.175506
0.151033
0.160154
0.160049
0.163290
0.163036
0.135030
0.158035
0.159035
0.158035
0.158204
0.158035
0.159035
0.157376
0.157034
0.159035
0.162036
0.161036
0.163496
0.162035
0.163036
0.149033
0.155724
0.160272
0.159035
0.158036
0.155071
0.156700
0.165381
0.160343
0.161035
0.159621
0.158645
0.157616
0.159053
0.158579
0.157745
0.162370
0.161107
0.160169
0.159773
0.160076
0.159170
0.166561
0.165546
0.162370
0.158301
0.171885
0.167392
0.159421
0.180200
0.180040
0.179038
0.180039
0.178039
0.180801
0.176267
0.179188
0.179564
0.180070
0.184041
0.160729
0.145033
0.157035
0.160293
0.161035
0.162036
0.134030
0.157034
0.160035
0.161107
0.161035
0.162036
0.160035
