367	101	41	16
364	101	46	14
362	104	44	14
361	109	44	14
361	111	44	15
361	113	45	14
362	116	46	15
362	117	47	15
363	119	45	15
357	119	48	15
356	120	45	15
359	121	44	15
359	124	45	14
360	123	43	15
360	125	45	16
357	126	45	15
354	126	45	14
352	127	44	14
351	126	43	14
349	126	43	15
346	126	45	15
346	122	43	16
345	123	45	15
346	123	44	15
343	124	46	15
344	123	45	16
344	125	46	16
342	126	46	16
339	126	46	15
337	127	47	17
338	126	46	16
340	127	47	16
340	127	46	16
340	125	46	17
340	125	45	16
341	128	48	16
344	128	46	16
347	133	47	15
348	133	48	15
349	136	47	15
350	136	45	15
350	138	45	15
351	138	44	15
351	139	44	15
350	140	46	16
354	145	51	15
361	146	48	14
363	148	49	14
367	150	47	14
367	152	47	15
367	155	45	14
367	155	46	14
366	158	46	15
365	160	46	14
362	160	46	14
363	159	45	14
363	159	46	15
363	162	46	15
363	162	45	15
360	162	46	14
361	160	45	14
360	161	46	14
362	162	46	15
361	161	46	14
354	161	49	15
353	164	46	14
354	163	49	13
355	163	48	14
352	163	47	13
351	162	46	13
351	159	45	14
350	159	46	14
350	161	46	14
349	160	46	14
347	163	47	14
345	163	48	13
342	163	49	13
342	163	47	13
338	164	51	14
341	166	49	14
340	166	50	15
339	166	46	14
338	165	46	15
340	167	47	14
341	168	47	14
337	170	46	13
337	168	47	14
339	170	47	14
339	170	47	15
337	172	49	15
335	170	47	14
334	167	49	15
335	167	48	15
334	164	48	15
332	163	49	16
329	165	50	15
329	165	49	16
330	166	48	15
330	166	48	15
328	168	48	14
326	170	50	14
328	170	46	14
327	168	48	15
327	166	47	16
327	167	49	16
327	168	49	14
327	166	49	15
328	167	48	15
330	168	49	15
326	171	49	15
323	170	50	16
325	167	50	15
329	169	52	15
330	170	50	16
331	171	48	15
330	168	50	15
330	167	49	16
331	168	50	16
331	169	51	16
333	168	48	16
332	168	50	16
331	167	49	17
327	164	51	19
323	164	50	16
327	163	49	16
328	163	48	16
324	162	50	16
320	160	51	16
320	158	51	16
321	158	50	17
320	157	51	16
323	160	50	15
323	162	51	16
324	160	51	17
322	165	52	17
310	160	52	20
321	165	52	15
317	165	51	16
320	162	51	17
323	159	50	17
324	160	52	15
327	165	51	15
323	167	53	15
320	168	51	15
324	170	51	16
322	170	51	16
322	170	52	16
317	171	54	17
314	171	53	17
314	173	54	17
315	173	52	17
314	173	51	17
314	171	50	18
310	170	53	18
307	170	50	18
306	169	54	17
307	166	52	17
307	166	53	17
308	166	51	17
307	167	53	17
307	167	54	16
304	165	54	17
306	163	54	17
308	165	51	15
305	163	57	16
303	163	54	15
307	163	53	16
307	162	54	17
306	161	54	16
308	161	51	15
309	160	51	16
305	160	52	16
305	160	52	16
307	161	52	16
305	162	53	15
306	161	51	16
306	160	52	16
301	160	55	16
303	158	53	17
300	159	53	15
302	159	55	16
303	159	54	17
303	159	54	17
297	159	54	17
300	160	55	15
302	159	56	18
303	160	54	16
302	161	57	17
299	163	55	16
303	163	57	16
305	163	55	17
306	163	53	17
301	162	57	17
302	162	55	17
302	160	55	17
302	161	55	15
301	159	58	19
303	161	54	17
307	162	58	15
311	162	56	16
311	164	57	17
312	167	54	16
312	169	55	17
308	169	57	17
309	169	56	18
307	169	56	17
305	171	57	18
305	171	57	18
305	174	57	17
308	177	56	16
309	177	55	17
309	177	55	18
309	177	55	18
309	177	56	19
310	177	54	18
308	177	54	18
308	176	55	18
308	174	56	18
309	174	58	19
312	174	54	19
310	173	57	21
306	176	57	17
303	175	57	19
304	176	55	19
305	176	55	19
305	176	54	19
306	172	57	20
302	174	55	17
302	169	56	20
301	169	55	19
297	166	59	19
295	162	57	19
293	161	59	19
291	158	59	18
290	149	59	19
293	145	57	20
290	144	60	18
286	141	60	17
290	139	57	21
293	135	56	21
293	138	55	17
292	137	59	17
293	136	58	21
296	137	57	20
291	131	57	23
285	130	58	24
286	130	58	25
288	133	59	19
288	132	60	22
284	138	59	17
288	143	59	15
285	142	60	17
285	140	61	21
284	133	58	36
283	143	62	16
290	143	59	18
287	141	60	19
290	139	60	22
291	133	59	37
289	128	63	47
290	147	63	20
291	144	61	18
291	144	61	19
287	139	61	23
288	141	60	18
286	148	64	17
286	142	62	22
287	138	60	30
287	147	62	17
286	140	60	33
278	157	60	60
278	149	60	18
282	143	64	17
286	144	61	16
284	145	65	18
283	137	59	35
282	145	61	19
286	144	61	23
287	147	60	15
282	147	62	17
285	147	61	16
283	148	64	16
283	148	65	16
283	148	65	16
283	149	66	16
282	144	60	26
281	149	64	17
281	148	67	20
284	150	62	16
281	148	61	16
283	147	62	18
283	148	62	16
282	148	65	16
287	148	61	19
287	144	60	27
278	154	65	20
283	150	66	17
290	151	61	16
289	147	62	25
289	151	64	16
288	151	66	16
283	152	66	16
288	152	61	16
287	153	64	16
287	153	65	16
285	149	65	17
287	149	68	17
290	156	69	16
289	156	64	16
282	158	66	17
286	158	64	17
290	157	62	19
285	157	63	20
291	160	58	20
288	162	64	16
287	162	65	16
284	161	65	19
289	162	64	18
292	163	68	22
291	166	65	17
290	159	68	22
297	168	63	17
287	163	66	26
287	163	68	28
291	166	71	22
301	171	63	19
297	173	71	17
297	177	72	18
297	175	64	18
295	170	69	27
295	191	70	44
295	176	69	20
302	176	68	21
306	168	65	19
310	169	65	18
302	168	68	15
302	168	68	16
302	161	69	19
304	162	65	18
298	159	70	17
300	159	70	17
300	154	71	20
304	158	69	19
302	158	67	18
304	159	70	17
296	159	71	28
295	179	72	36
303	163	68	18
309	166	71	21
315	167	69	19
309	168	74	18
312	166	67	22
311	164	70	26
312	156	69	43
320	160	54	36
317	165	60	26
318	163	73	20
322	164	77	25
316	159	89	35
404	62	76	38
331	158	61	25
322	170	69	19
320	175	74	18
312	166	75	25
315	162	69	34
317	178	66	33
308	169	75	19
307	168	77	25
301	170	76	22
298	167	83	27
292	162	97	38
387	157	61	49
391	234	144	55
404	242	180	60
390	237	209	69
435	248	121	50
402	242	188	63
409	247	175	54
399	189	196	41
408	233	179	72
422	241	152	57
405	209	187	46
406	227	187	75
421	226	159	79
426	234	151	64
403	234	198	66
432	199	207	92
370	220	221	79
392	228	177	66
373	218	218	87
414	207	185	110
412	228	191	71
385	230	188	69
403	227	153	76
371	189	218	109
356	222	248	77
459	186	139	111
371	221	200	83
384	231	173	64
397	228	170	71
373	228	221	73
416	170	205	128
355	210	217	81
389	218	178	66
368	177	219	109
375	205	207	77
408	181	170	127
395	211	197	69
356	229	234	58
377	212	234	94
396	223	199	74
397	182	196	122
372	206	249	77
403	199	186	93
408	181	176	132
395	210	205	76
397	207	201	100
384	223	229	71
395	208	205	102
402	224	195	73
439	192	119	95
394	227	172	71
370	227	223	74
353	233	258	64
418	215	129	54
399	186	168	112
373	197	221	92
388	218	191	71
405	186	156	94
402	206	162	81
369	221	230	76
377	216	214	89
392	206	185	111
388	214	192	96
408	212	182	78
380	204	238	95
425	216	151	75
394	218	215	71
419	214	166	83
409	217	189	79
406	208	197	72
409	204	192	80
384	204	199	83
398	214	172	64
379	185	212	85
377	184	216	90
470	145	140	140
439	204	140	70
392	206	199	66
415	223	154	57
398	183	190	63
383	210	220	73
409	224	170	47
415	218	179	60
421	214	167	69
418	213	173	72
373	213	224	75
413	214	173	74
386	193	228	76
395	187	212	88
390	163	220	137
385	190	233	87
360	197	279	71
387	198	227	70
443	165	196	101
385	191	227	81
408	197	181	68
388	212	223	55
388	202	224	74
414	202	173	77
408	196	185	58
404	195	166	61
366	196	243	81
393	201	188	70
373	198	231	77
399	184	179	107
396	203	186	69
377	209	183	57
366	161	205	102
388	192	194	72
389	199	191	59
378	211	213	71
386	185	199	99
391	178	188	58
391	204	211	84
476	183	134	89
373	216	220	73
357	227	255	53
427	233	117	43
425	219	171	71
437	227	148	55
386	228	218	73
368	234	253	63
368	240	254	53
403	239	187	58
392	232	209	52
372	231	251	52
382	232	230	76
432	223	133	41
415	229	193	74
416	227	193	80
413	232	200	71
418	233	192	71
400	235	187	69
418	234	153	47
432	239	172	68
407	237	175	73
413	246	226	56
379	238	226	75
386	252	211	49
401	227	204	51
367	234	237	82
393	230	187	50
399	234	195	65
460	201	75	41
465	236	133	56
446	236	174	58
432	221	202	67
370	216	234	78
393	227	217	56
391	229	223	55
391	229	224	56
467	193	75	40
458	222	132	55
438	216	172	68
415	215	175	73
390	223	227	56
391	223	228	57
429	222	152	57
411	220	188	62
377	216	218	72
360	221	253	63
406	222	203	63
395	226	228	57
395	217	228	76
405	212	212	88
419	223	183	68
421	197	180	90
409	211	205	64
435	210	153	68
392	203	204	82
391	212	208	65
430	216	156	58
398	207	221	76
421	213	174	65
402	215	214	63
392	208	233	78
420	223	181	50
415	231	192	56
406	210	209	70
451	215	121	60
426	211	172	68
403	213	219	64
434	216	159	59
416	208	195	78
419	217	166	62
399	214	204	68
408	218	189	59
397	213	213	71
422	231	164	61
414	219	201	67
398	220	187	67
414	221	180	66
374	218	262	73
412	208	186	64
395	222	219	73
420	217	169	84
409	212	193	71
413	214	188	69
415	210	184	76
429	220	159	59
392	211	233	78
377	217	217	67
401	211	195	81
373	228	253	47
424	218	175	45
422	220	180	72
356	218	273	76
348	201	290	54
407	197	201	62
373	210	266	75
413	219	189	59
385	214	245	71
421	218	176	66
401	215	217	72
410	221	202	63
377	224	227	56
419	215	182	76
393	224	236	59
369	228	237	49
379	207	218	45
388	251	200	80
408	198	203	84
445	185	132	47
432	208	160	63
411	207	203	67
435	211	157	58
417	209	193	64
402	216	224	74
428	209	173	65
409	217	213	71
434	200	165	46
429	212	175	70
406	210	223	74
389	205	250	86
442	171	147	53
436	202	177	71
436	213	180	75
410	195	229	78
436	202	179	67
442	199	146	73
393	202	207	69
413	211	193	69
432	196	154	58
396	198	227	76
445	195	132	55
434	203	171	68
412	201	218	72
421	207	202	63
389	194	226	90
431	182	143	52
402	199	203	69
387	271	191	59
409	187	214	85
426	203	182	56
436	197	163	68
413	196	211	70
421	214	196	61
390	213	220	88
431	201	140	52
416	232	171	57
413	201	199	79
388	209	251	63
388	209	251	63
388	199	251	84
416	184	195	73
393	198	240	71
409	202	210	65
397	205	235	58
398	218	236	59
422	185	190	79
435	193	164	61
417	190	202	67
424	208	187	58
371	282	210	52
389	215	211	84
428	184	179	67
408	185	220	88
425	194	186	69
416	192	183	76
388	190	237	79
439	180	137	51
391	173	169	67
416	189	214	71
387	190	248	71
444	183	133	49
397	181	164	54
398	203	227	76
407	182	211	66
434	181	158	70
407	181	211	70
432	185	163	61
413	183	201	67
420	179	187	77
392	187	242	60
392	187	243	60
391	187	244	61
415	188	196	61
425	171	176	73
400	169	228	76
448	157	132	49
415	173	162	64
424	172	206	68
408	185	231	59
407	176	232	78
434	167	181	67
413	169	178	65
405	166	217	72
430	172	168	63
394	232	103	82
400	236	93	74
401	149	217	83
400	148	180	56
349	204	203	81
431	140	171	85
419	166	195	61
430	161	175	73
406	160	181	75
392	169	235	58
432	168	157	59
414	166	193	64
354	161	224	74
382	156	257	86
410	166	200	69
416	162	189	79
389	160	246	82
442	167	142	71
372	169	203	67
396	165	235	78
406	171	218	68
394	165	245	81
421	172	189	71
424	168	186	77
420	172	193	71
423	170	189	78
420	156	196	72
401	158	191	71
393	155	233	78
419	143	181	63
402	158	216	72
410	163	200	62
398	158	225	75
423	164	174	65
403	154	214	85
375	163	264	67
374	140	265	89
403	146	206	77
443	154	127	63
417	150	179	72
417	148	183	76
389	146	237	79
440	124	137	57
412	157	212	71
437	162	165	61
400	160	203	67
421	160	188	69
422	161	184	68
403	157	225	75
451	142	130	54
406	168	221	67
419	173	197	61
408	166	221	73
434	172	171	64
415	170	210	70
439	170	162	72
412	170	218	72
458	176	126	63
433	172	179	71
420	170	182	76
433	179	157	59
415	176	194	64
434	171	180	75
432	169	187	77
446	168	161	80
412	163	227	91
454	174	144	72
405	180	234	82
430	188	186	69
444	189	183	67
447	187	179	74
459	186	154	77
427	200	212	73
408	195	231	83
236	163	139	51
230	153	85	31
205	142	136	41
197	145	152	37
205	145	152	38
205	138	153	38
205	138	153	38
223	139	102	38
192	128	164	42
242	132	66	34
200	131	126	38
180	133	168	35
180	132	184	38
216	134	113	35
120	116	254	42
223	119	83	37
153	121	225	33
237	120	58	36
206	120	120	36
133	116	267	44
224	114	87	50
201	123	134	33
201	122	134	33
235	130	67	33
168	122	191	38
236	131	57	31
174	121	172	43
218	127	86	32
155	122	212	42
224	126	76	35
158	118	207	41
221	122	62	34
159	109	187	37
169	107	168	41
211	108	84	42
175	97	157	47
211	110	87	32
182	99	145	42
216	113	79	33
153	103	205	41
219	113	73	33
157	104	199	39
211	113	71	33
157	99	196	49
217	106	78	36
127	115	216	36
209	112	70	44
183	112	134	45
173	115	156	39
220	116	62	39
178	110	129	39
171	106	145	48
143	110	200	41
207	108	73	45
168	102	152	46
210	108	67	35
169	101	127	39
197	97	71	47
170	91	139	46
208	88	64	54
181	92	118	47
211	95	75	43
134	103	229	38
211	100	75	46
196	100	119	47
179	105	152	37
173	99	181	50
226	105	77	40
218	116	112	37
209	110	130	43
237	113	75	37
203	103	143	43
244	105	63	39
216	101	120	40
214	94	140	55
240	107	89	41
224	108	121	40
208	112	168	47
248	117	71	37
180	110	207	41
246	108	74	46
231	112	118	47
253	111	75	50
250	112	82	49
227	115	127	42
216	112	148	49
263	109	57	57
205	115	138	46
235	112	80	53
231	113	87	43
234	111	83	49
248	114	64	43
227	109	106	42
213	108	136	45
250	105	63	52
214	102	115	46
242	101	58	49
213	98	128	43
203	90	149	59
240	97	76	47
210	101	157	48
236	104	69	43
225	98	111	44
211	100	141	47
249	97	65	54
211	94	120	48
241	93	61	51
221	88	112	44
207	87	143	57
233	94	90	45
191	96	153	42
227	81	81	54
201	97	134	44
230	85	78	52
193	86	166	51
223	89	74	46
211	89	117	47
196	88	149	49
228	88	86	51
204	92	134	44
194	95	156	38
180	95	156	39
220	96	78	39
199	94	132	44
188	97	154	38
188	98	155	38
227	98	77	38
211	96	109	44
220	95	93	46
200	97	132	44
229	89	77	51
225	94	84	50
235	90	65	43
188	103	141	43
220	94	78	44
230	106	59	39
202	107	97	39
210	106	83	41
182	108	141	47
212	109	82	46
200	112	82	31
196	110	121	40
214	107	70	42
184	112	130	43
198	100	76	38
213	107	72	43
193	106	112	44
214	106	71	47
191	98	117	39
216	96	68	45
214	109	74	37
188	101	106	42
219	92	67	45
222	109	74	37
196	100	126	42
222	100	73	43
212	94	113	45
233	93	72	48
231	77	79	39
214	91	112	45
235	90	71	47
232	95	78	39
204	93	111	44
213	92	94	47
227	79	67	33
216	104	95	38
173	90	158	48
209	95	88	40
213	94	80	30
204	89	98	39
212	95	83	29
220	92	66	24
172	88	163	32
205	90	97	30
199	87	109	36
212	90	84	31
202	89	104	34
194	87	121	40
208	94	94	35
209	98	92	28
204	95	104	34
185	92	121	28
193	87	118	39
218	90	68	34
194	102	116	32
184	94	138	30
161	84	131	32
198	93	87	37
184	98	115	28
193	86	116	38
185	91	135	39
216	93	73	36
201	85	104	41
170	94	133	33
200	94	89	33
196	97	109	36
172	94	127	42
211	87	73	49
214	87	80	48
217	93	83	50
201	97	130	43
229	89	75	50
129	90	249	49
209	100	89	46
222	102	86	43
191	104	123	41
217	101	95	47
198	103	135	45
188	106	157	39
188	107	158	39
188	107	158	39
228	101	79	53
180	107	145	43
181	109	160	39
182	109	160	40
209	111	107	37
183	109	128	42
203	112	99	37
192	109	122	30
167	104	122	40
170	114	142	35
170	114	143	35
169	115	143	35
193	115	96	35
176	114	118	39
195	101	91	45
144	103	169	52
198	110	94	39
150	106	159	49
195	112	89	37
182	108	115	46
167	107	147	49
174	111	114	42
185	115	93	35
180	110	115	32
176	107	123	49
160	112	157	39
160	113	158	39
200	101	79	45
162	110	156	48
167	101	116	43
166	102	143	57
131	108	181	45
130	110	182	42
116	110	212	44
125	109	195	48
125	109	196	48
175	110	98	49
118	112	182	46
179	115	92	40
152	112	122	40
130	104	190	56
173	107	104	52
151	101	148	49
151	106	115	51
145	107	154	51
178	111	89	44
136	108	151	50
123	109	176	50
164	111	94	47
89	108	268	38
111	103	162	50
93	98	218	61
145	108	115	43
130	109	169	56
159	111	112	46
129	106	172	57
166	112	100	47
111	108	180	55
152	115	100	43
77	110	265	53
163	116	95	44
138	109	129	43
136	114	151	50
168	105	87	50
80	110	265	53
153	116	119	44
140	114	146	48
171	105	84	48
149	110	128	51
173	108	82	46
152	107	124	49
162	106	105	52
166	112	100	42
138	112	131	43
154	112	101	43
171	108	89	53
121	112	165	46
146	119	117	43
145	109	144	48
144	110	111	47
152	110	98	49
155	111	93	46
157	113	88	44
151	104	100	62
154	114	106	53
132	123	151	37
142	118	101	37
141	117	124	41
162	106	96	48
129	119	137	45
145	118	106	47
127	119	142	47
144	110	110	55
147	120	104	52
151	109	99	59
149	116	102	61
148	111	106	53
151	113	101	60
163	109	78	52
138	110	128	51
110	114	164	54
154	125	95	47
135	126	135	45
110	114	157	52
143	118	121	45
115	117	149	49
141	113	115	57
145	116	109	54
148	112	104	62
137	117	108	54
141	132	102	51
119	114	145	58
146	107	92	74
142	116	83	66
159	125	74	49
124	122	122	40
158	127	71	47
135	128	116	46
124	132	118	49
133	125	102	45
161	121	68	54
123	124	147	49
142	127	85	57
115	111	140	70
136	124	99	59
140	134	103	38
135	121	63	42
140	129	116	52
117	134	125	52
126	128	108	46
152	124	71	56
98	120	127	51
140	133	81	54
114	134	133	53
125	125	113	56
120	113	107	64
141	131	83	55
114	117	137	54
130	124	87	58
118	122	143	47
149	118	83	55
109	119	135	54
119	103	115	69
117	102	119	71
116	91	124	74
131	105	96	64
100	106	158	63
113	105	134	67
107	93	127	76
106	106	132	66
125	107	93	75
117	117	112	56
142	124	79	53
101	119	130	52
139	122	83	55
105	128	136	45
121	113	105	52
100	115	150	60
128	119	95	54
128	114	96	48
115	121	137	45
104	110	159	53
125	100	92	74
125	118	111	55
107	114	126	46
132	115	77	61
115	123	111	46
105	122	115	48
126	111	100	59
99	110	155	62
106	105	113	65
129	115	86	57
89	116	141	56
130	119	90	51
95	108	136	54
106	129	115	43
107	114	113	56
111	122	108	54
95	111	122	51
112	111	106	63
83	116	165	55
102	126	128	54
117	120	112	49
98	132	150	50
116	121	116	58
119	132	110	55
112	129	125	62
116	122	119	51
124	130	104	52
102	119	118	59
129	126	84	56
137	132	69	46
121	115	113	56
108	131	108	54
106	124	122	51
120	118	106	63
119	117	110	66
100	117	114	68
113	116	118	71
111	122	123	73
110	135	127	47
122	128	104	62
103	128	123	54
119	128	110	65
97	133	136	57
136	123	88	59
75	124	173	72
114	133	113	56
118	130	107	64
89	129	166	66
119	132	105	62
98	114	130	65
108	136	123	53
107	124	108	54
127	121	103	61
109	121	107	64
113	128	111	66
100	128	138	57
119	142	102	59
52	125	205	62
117	131	114	53
96	140	157	52
130	126	91	60
116	139	120	59
120	123	113	68
118	128	118	59
122	125	112	67
120	124	116	69
119	113	120	72
113	137	94	55
124	122	72	58
128	116	87	65
103	131	121	60
107	109	115	68
106	129	119	59
110	112	113	67
108	131	117	58
101	118	133	66
86	121	126	63
131	107	89	71
102	119	107	64
101	110	111	83
99	141	129	55
87	125	136	68
98	110	129	77
97	133	114	66
120	113	88	70
92	126	126	63
120	109	89	71
44	121	210	64
122	114	93	66
109	116	106	63
107	124	110	65
94	113	136	68
87	131	129	64
106	105	122	73
16	120	227	63
105	132	120	56
111	111	111	66
99	116	115	69
103	115	119	71
102	115	124	53
124	122	81	65
116	116	97	58
115	108	101	75
113	111	88	70
94	107	126	79
91	130	134	67
131	113	76	63
82	111	140	70
96	119	114	75
117	106	93	74
93	130	111	55
85	120	126	63
95	116	120	71
93	126	124	53
120	109	81	81
120	108	82	65
103	112	118	73
87	134	125	62
105	126	89	59
133	120	58	72
61	124	171	65
76	148	142	53
110	122	87	69
101	119	105	78
47	143	181	60
79	137	141	60
110	120	92	74
86	144	111	55
146	128	52	63
92	121	115	77
103	138	95	76
66	133	171	68
98	148	108	54
83	137	123	77
122	126	78	78
56	134	156	78
83	158	127	55
90	148	113	56
130	145	80	64
134	133	72	72
58	145	188	72
107	147	117	69
120	147	90	72
84	143	163	81
88	167	154	57
35	148	226	76
144	128	87	75
115	139	109	81
123	149	94	75
137	153	85	68
129	149	102	76
0	142	322	71
96	154	152	70
131	155	104	69
98	153	171	85
124	162	121	69
0	150	353	73
113	164	129	65
116	150	123	73
115	159	127	76
113	153	132	66
30	150	224	75
38	156	208	65
84	150	156	78
151	135	73	73
83	135	176	84
119	132	123	82
110	140	101	67
133	123	83	83
92	137	167	83
97	140	158	79
102	151	149	74
125	159	106	60
146	146	64	64
163	127	51	86
156	130	67	67
110	140	161	77
93	154	149	74
98	144	141	70
68	128	201	80
16	150	205	64
122	155	115	68
160	136	59	71
183	130	52	74
121	141	125	62
33	143	233	71
77	143	172	74
138	141	75	64
165	139	56	70
106	132	151	84
41	144	227	75
132	126	105	82
91	140	187	75
94	156	158	68
129	144	104	69
62	124	171	85
114	131	121	97
103	144	145	72
108	147	138	69
65	166	156	65
98	147	135	81
125	141	105	84
46	146	189	75
87	162	160	71
13	147	256	71
52	167	181	77
109	153	119	79
153	143	65	78
64	158	187	71
80	166	155	58
63	164	191	63
116	169	110	55
0	166	297	62
67	158	183	81
56	144	245	81
50	150	189	71
29	148	233	78
55	134	181	77
71	134	190	79
84	153	164	82
63	143	232	77
72	132	216	69
107	151	164	73
180	127	73	88
52	139	221	81
56	155	215	67
130	159	121	60
106	150	171	68
62	149	260	72
48	124	221	92
54	145	229	82
60	135	220	92
76	146	191	72
31	143	234	78
88	139	182	77
19	139	238	79
51	139	221	81
82	147	180	67
61	124	222	88
38	139	211	80
69	146	209	82
109	151	132	75
75	138	199	80
82	141	203	75
36	138	247	82
103	144	143	72
20	140	240	82
51	138	225	70
64	132	202	84
100	150	175	77
185	147	58	69
75	141	255	64
100	157	171	76
37	144	228	76
33	146	264	75
86	149	190	71
65	146	233	78
46	135	217	90
43	139	225	72
75	148	205	80
47	131	207	86
53	145	214	79
29	118	261	104
50	142	221	77
118	132	131	87
34	148	214	71
99	156	166	71
74	144	219	73
27	152	226	72
133	151	128	76
29	144	259	79
43	136	230	85
47	147	225	80
66	143	216	90
48	126	224	93
74	133	194	83
87	138	170	75
48	145	226	75
52	140	262	87
61	133	203	76
25	139	248	83
49	130	231	85
110	140	141	66
123	126	130	97
113	141	150	90
43	135	234	78
25	124	272	90
57	123	210	93
84	139	188	80
55	139	247	82
36	145	229	71
36	145	256	73
27	121	276	92
60	132	213	91
142	129	112	80
66	132	189	76
41	131	241	80
64	126	224	80
88	136	179	89
25	139	254	85
35	124	236	98
32	129	245	90
36	133	239	85
42	132	229	90
42	136	231	82
47	138	221	82
50	140	217	80
107	155	132	66
52	147	224	62
105	149	159	59
29	141	233	78
79	142	181	77
130	148	118	67
80	146	179	72
55	132	228	76
65	145	212	78
133	141	103	76
43	144	213	71
108	142	165	77
57	131	228	76
66	134	211	88
43	139	219	81
86	142	179	76
47	129	235	78
56	138	218	78
100	127	174	77
71	140	187	78
175	140	60	69
108	142	65	65
186	149	52	52
87	146	209	70
46	127	195	81
46	135	252	84
90	127	195	83
58	134	205	85
180	147	66	62
210	140	51	51
221	140	30	52
220	130	32	40
222	144	29	36
235	136	26	52
240	144	29	37
238	140	33	33
241	140	27	33
225	142	61	30
230	115	29	58
231	111	27	33
235	123	20	40
236	131	28	38
237	114	26	44
237	101	27	55
238	102	26	63
228	113	27	41
231	128	22	33
233	98	18	55
238	97	25	64
234	114	32	54
234	97	34	56
229	127	44	44
237	108	29	59
235	110	33	56
237	99	29	58
236	115	33	55
235	97	34	58
235	110	36	60
234	95	37	75
235	106	35	53
239	115	29	58
242	97	23	55
239	122	29	49
230	101	38	61
230	112	39	48
227	115	43	43
224	105	29	44
227	74	24	58
228	77	22	60
225	96	29	49
224	80	30	61
225	107	43	43
221	90	35	58
224	88	30	61
207	97	29	43
222	73	21	63
220	82	24	59
217	100	38	51
219	112	35	35
216	78	28	57
217	79	27	54
218	80	26	52
219	77	24	59
220	89	30	61
218	111	35	43
216	118	39	39
223	95	26	52
218	79	18	60
219	79	22	67
215	100	31	52
219	106	32	40
213	82	29	58
215	84	27	55
215	92	26	39
218	86	21	52
218	89	22	45
220	113	32	43
218	115	37	37
222	101	30	50
217	79	26	63
209	100	27	40
210	87	26	66
223	118	34	42
214	98	38	51
215	122	35	35
203	122	85	35
113	112	222	55
107	110	178	74
120	96	154	77
161	110	109	87
118	104	157	78
171	102	89	74
119	124	164	65
133	104	138	83
104	106	172	72
146	106	112	74
119	98	147	92
115	92	155	77
128	106	147	88
102	92	152	91
146	91	118	95
135	103	142	71
125	99	135	81
134	109	140	84
120	104	145	87
110	103	181	90
158	113	128	85
117	117	140	70
190	120	66	57
143	133	161	61
110	110	160	100
168	113	101	84
135	128	149	74
113	113	170	106
122	116	154	90
121	115	158	94
119	108	164	98
130	135	170	72
119	122	149	89
117	124	154	77
118	120	176	88
144	123	125	83
139	131	136	82
123	126	170	85
129	129	161	80
134	132	152	76
139	141	144	72
118	137	164	82
113	127	175	93
116	132	171	85
121	135	162	81
111	125	184	92
139	137	131	87
111	126	163	86
154	130	119	79
149	132	130	78
129	119	101	81
133	130	146	91
116	125	154	92
147	138	120	68
133	108	121	91
131	119	141	105
121	122	163	81
126	123	154	103
120	134	169	84
120	131	160	80
120	122	151	91
118	128	157	94
116	135	163	81
121	130	154	92
119	133	160	89
106	125	160	96
165	145	99	58
120	144	153	76
125	135	145	87
99	129	171	90
123	134	166	83
114	137	158	79
127	147	149	74
119	150	141	70
99	131	161	100
107	140	170	85
112	143	161	80
107	133	153	92
133	140	119	79
104	128	156	98
113	128	166	99
119	143	172	86
107	135	163	81
124	131	154	92
122	138	160	80
103	128	172	91
106	132	167	74
116	128	149	74
107	124	170	70
127	136	147	63
117	115	154	96
114	118	163	81
119	114	155	93
129	121	160	80
106	111	183	76
119	136	158	79
117	119	149	89
123	138	155	69
106	131	166	83
111	134	157	78
116	137	149	74
119	133	159	84
122	145	155	77
104	136	167	88
107	140	163	81
112	122	154	92
110	137	160	80
95	119	165	91
105	116	164	98
103	124	170	85
108	134	161	80
100	105	153	114
97	126	177	88
111	129	151	84
97	127	172	90
100	117	167	83
105	120	158	79
82	115	180	90
101	126	170	85
107	115	161	80
112	113	153	76
102	120	174	87
107	109	164	98
105	117	170	85
111	134	161	69
108	127	170	85
121	130	161	80
111	125	183	91
111	129	173	86
108	126	164	82
124	137	155	77
115	133	176	88
120	136	167	83
126	131	158	95
124	147	164	82
129	150	156	78
119	164	177	73
125	142	167	92
126	148	166	83
111	126	171	118
112	132	171	95
122	150	171	85
127	137	162	97
110	136	168	100
108	135	174	104
100	138	181	90
127	149	171	85
132	145	162	97
130	146	168	84
117	142	181	95
120	140	176	88
126	144	167	83
131	134	158	95
121	141	179	82
125	129	174	97
126	121	174	104
123	129	181	90
129	139	171	85
135	129	162	97
133	137	168	84
122	132	191	95
135	129	167	90
123	126	164	98
121	120	170	102
119	128	177	88
124	131	167	83
122	121	173	95
136	107	172	103
143	130	179	84
120	117	197	82
134	117	170	85
115	112	183	96
118	105	178	89
102	100	184	101
111	112	183	78
113	113	180	80
124	100	161	96
116	115	167	83
106	110	190	79
89	101	197	98
95	94	187	83
106	106	166	83
96	80	189	79
109	111	164	72
104	107	175	73
102	106	182	75
115	81	157	78
120	102	149	74
111	94	169	84
86	101	193	96
101	118	182	64
106	121	174	72
104	120	181	75
117	112	156	93
99	94	194	76
115	124	163	72
117	125	174	72
114	124	181	75
112	77	188	78
115	123	183	81
109	110	196	81
124	109	169	84
113	112	192	80
96	103	199	99
112	118	189	71
114	116	187	77
103	116	193	80
114	92	201	100
120	86	190	114
118	115	197	87
96	110	211	88
111	109	183	91
115	112	194	86
127	112	173	77
108	125	186	77
121	110	160	80
128	117	152	65
115	126	199	80
114	125	203	84
129	116	175	105
108	118	219	91
138	129	189	70
105	130	186	93
111	124	176	75
134	137	154	66
73	130	242	81
105	132	225	80
111	133	216	68
122	133	195	69
113	122	187	93
119	132	177	75
116	132	186	77
113	136	193	71
92	125	236	94
151	108	119	70
128	127	92	74
107	150	209	83
198	139	88	40
110	137	143	80
112	135	215	71
120	116	200	83
155	120	129	76
122	126	100	66
97	137	196	82
114	125	85	55
19	142	275	68
116	122	184	78
87	132	242	61
128	130	162	81
118	114	92	77
119	138	198	84
118	109	173	104
122	111	134	90
134	127	110	73
99	138	181	72
117	118	76	76
96	140	215	103
114	112	119	99
134	136	146	87
116	107	91	91
89	134	218	91
57	111	284	94
118	129	82	61
102	140	186	95
143	114	106	89
115	143	195	98
106	105	82	92
105	142	205	87
135	101	107	90
107	141	197	99
104	97	93	104
88	136	232	99
116	105	101	101
100	123	243	81
119	124	94	80
95	140	209	87
105	124	136	90
118	151	148	74
88	125	210	84
116	124	107	89
84	146	230	78
99	104	135	108
82	131	194	97
89	139	184	81
58	132	246	98
78	130	208	104
48	111	237	118
70	147	134	84
32	124	246	106
59	121	81	92
21	136	260	116
83	109	139	99
43	120	236	118
78	133	168	96
61	131	204	102
77	137	85	72
45	147	211	79
43	108	258	129
27	158	147	92
52	145	233	93
51	116	238	118
53	107	168	99
46	114	259	130
85	119	184	123
57	121	242	121
68	154	172	114
52	113	225	141
76	151	179	102
67	120	217	136
62	132	230	115
69	118	218	130
67	139	226	113
74	133	214	128
71	131	222	133
32	123	262	138
89	158	191	109
52	118	232	145
65	151	210	105
51	145	239	119
36	119	272	135
45	142	257	114
37	116	275	137
46	144	260	111
30	113	274	137
71	178	194	97
32	117	275	138
40	122	261	130
24	146	296	123
44	196	256	90
19	110	306	122
54	180	194	97
28	112	276	137
37	167	261	116
36	120	265	139
40	199	257	96
43	109	253	140
45	168	253	108
20	134	266	110
16	102	276	137
3	127	261	130
55	206	247	92
27	110	243	121
35	173	230	115
0	110	314	130
21	185	271	101
24	123	266	111
21	181	276	115
17	123	287	143
26	150	272	120
41	185	242	90
30	126	296	119
9	143	302	125
31	151	261	111
25	115	274	137
34	120	260	130
18	113	295	147
27	109	280	140
36	174	265	99
7	127	326	130
9	125	276	138
35	111	130	111
12	127	316	121
40	123	262	131
24	128	297	124
20	127	309	128
42	139	267	133
0	160	295	94
41	181	268	112
3	143	347	103
46	199	112	94
15	145	290	103
5	158	348	116
25	167	269	100
28	119	265	132
67	192	251	107
10	115	300	131
42	116	266	133
25	121	303	126
21	133	314	130
15	109	325	135
37	130	281	125
85	182	251	111
25	97	305	149
34	127	286	122
41	114	300	150
72	142	284	126
29	115	304	126
23	127	315	131
81	187	272	103
23	114	306	134
13	156	325	120
18	110	318	132
27	110	330	137
23	109	342	142
48	118	296	126
1	110	389	129
47	109	301	133
65	118	268	119
19	98	359	119
61	158	278	123
53	113	297	124
49	112	309	128
43	111	320	133
37	110	332	138
30	134	345	123
60	141	331	138
41	115	322	143
60	117	287	143
40	100	326	163
49	125	309	116
65	108	305	152
58	93	216	136
58	105	275	114
73	104	286	142
53	109	325	135
49	99	337	140
71	150	291	112
35	121	364	121
50	113	337	140
43	122	350	125
52	130	336	140
74	147	290	108
90	107	119	119
62	108	328	119
69	103	318	132
90	102	275	137
73	107	312	130
67	105	323	119
99	113	263	131
44	122	373	117
64	87	336	140
88	119	291	124
43	97	382	127
87	146	295	126
80	118	311	129
35	94	403	134
81	154	311	117
6	111	385	128
74	120	298	112
61	117	327	122
78	113	322	134
87	112	334	139
39	121	346	123
45	99	332	123
76	104	271	116
82	102	118	118
84	103	294	119
81	156	301	125
96	112	312	130
51	102	405	135
97	128	313	118
0	101	371	128
104	141	293	125
75	82	96	110
82	95	236	118
79	80	111	111
80	97	263	128
47	114	369	123
62	123	171	106
46	108	341	108
95	119	309	128
170	148	160	114
66	96	367	136
72	116	359	128
0	118	430	127
57	90	313	134
112	94	275	129
61	97	378	126
77	106	351	109
28	97	394	131
112	112	304	135
63	113	406	136
108	115	314	134
14	115	414	138
90	98	160	119
96	90	325	139
90	114	341	122
55	118	410	117
101	117	352	146
108	101	228	130
0	110	327	115
107	88	115	115
38	76	232	116
88	117	358	131
0	122	400	124
86	129	149	113
74	103	305	130
111	89	133	114
92	83	124	99
80	85	148	111
39	77	258	129
109	107	122	108
89	81	116	116
94	93	155	116
100	82	108	108
93	86	144	124
45	95	269	107
71	110	400	136
131	106	187	118
106	89	119	119
46	89	240	120
25	105	400	114
142	102	171	122
112	90	116	116
64	102	293	116
103	107	124	110
107	87	117	117
93	107	275	117
109	86	120	120
61	87	242	121
57	119	403	114
44	116	432	123
0	95	461	117
100	138	311	133
107	77	136	136
12	92	326	109
112	116	126	126
90	85	169	127
97	100	345	147
145	117	113	116
71	90	230	115
133	94	109	109
78	95	218	109
93	114	378	124
66	115	435	124
160	113	155	133
123	86	115	115
101	87	185	116
47	87	295	117
101	146	107	110
113	81	164	125
23	87	342	114
0	87	394	117
126	100	144	123
39	81	319	107
92	115	421	124
148	90	153	123
122	89	138	110
98	92	247	124
132	95	117	117
73	95	236	118
124	100	134	111
122	81	164	123
62	101	284	114
152	117	107	120
130	79	152	130
65	103	283	113
155	126	102	106
102	88	208	119
144	95	127	106
114	83	186	116
149	83	118	118
138	74	158	119
79	78	276	110
122	128	411	140
158	84	111	124
135	71	157	118
77	76	274	109
58	85	348	116
184	98	100	119
146	81	147	110
155	73	127	127
133	74	171	128
159	80	119	119
140	63	159	119
175	68	92	110
154	74	135	122
171	71	129	129
172	85	129	103
148	79	155	116
131	84	135	108
160	78	161	121
145	71	160	125
170	78	113	113
155	78	183	114
160	78	116	116
160	79	155	116
152	84	135	108
159	79	121	121
172	79	121	121
173	80	122	122
152	66	163	122
173	72	95	113
174	80	139	119
180	76	129	129
169	71	130	130
169	85	130	104
135	79	279	117
179	66	121	145
187	72	133	133
188	86	133	107
175	80	160	120
166	86	139	111
173	80	167	125
185	85	145	116
184	64	149	130
184	74	112	112
184	93	150	112
195	70	130	130
195	71	131	131
195	72	131	131
196	72	132	132
130	73	265	132
281	161	111	125
179	86	158	118
190	91	137	110
190	85	165	123
202	91	143	114
210	97	129	103
149	92	276	116
203	91	120	120
132	92	287	120
204	91	106	124
200	80	115	115
193	99	155	116
181	72	180	134
192	76	104	125
197	94	183	114
200	79	145	145
201	95	146	117
210	70	131	131
209	71	131	131
210	71	132	132
224	71	106	132
171	91	238	119
200	83	113	135
188	88	247	124
211	61	117	140
205	81	172	129
241	177	100	119
182	109	219	110
230	103	124	124
210	86	166	125
197	91	193	116
218	90	150	120
226	96	135	108
186	90	241	121
250	112	114	137
206	92	168	126
217	98	146	116
226	73	131	131
225	74	131	131
225	74	132	132
158	75	265	132
325	163	125	125
220	79	168	126
187	100	234	117
239	104	133	111
208	85	195	122
203	86	207	124
227	85	161	128
211	92	192	115
232	91	149	119
232	85	179	134
238	91	124	124
197	91	250	125
232	83	142	142
305	153	142	114
227	91	128	128
201	91	257	128
270	107	121	121
219	90	163	122
175	110	284	113
266	108	103	120
206	100	222	111
240	94	158	126
249	102	142	113
218	81	204	127
266	120	108	129
224	96	158	118
204	111	322	137
282	145	211	141
248	100	115	129
202	103	293	123
287	122	127	127
179	108	255	127
266	113	121	121
231	125	316	139
306	117	168	140
129	121	402	154
274	129	166	142
172	123	370	124
309	137	172	143
254	107	157	126
207	99	282	141
328	149	134	134
252	122	179	134
156	128	372	124
309	155	216	144
250	116	141	118
223	111	259	130
279	157	147	123
177	136	352	135
272	147	292	146
267	106	138	138
197	121	278	139
270	146	131	131
204	128	263	132
334	175	150	150
231	123	378	150
268	132	239	136
188	129	363	145
281	111	115	131
253	128	322	123
214	132	399	160
289	148	254	131
307	154	244	146
291	117	126	126
202	117	303	127
344	160	157	157
265	122	126	126
274	163	297	127
292	140	130	130
227	141	261	130
313	152	185	148
251	154	388	133
283	128	115	134
274	152	304	143
322	151	209	131
260	151	333	133
327	128	141	132
288	141	110	110
261	141	276	147
283	169	324	135
254	144	280	140
269	163	318	132
278	162	330	137
299	144	142	126
280	155	351	134
257	151	349	145
253	183	362	129
260	168	347	145
302	134	128	116
284	179	319	122
286	153	318	132
322	143	165	137
292	177	342	120
334	138	136	136
276	161	333	136
302	180	286	126
274	172	365	127
314	165	289	144
253	151	328	129
321	148	137	137
283	171	356	138
306	156	222	120
221	152	329	131
323	140	123	139
281	145	343	131
317	132	142	142
241	157	372	114
312	160	276	138
305	134	157	130
301	152	338	143
299	160	295	131
290	152	316	131
317	142	204	136
219	156	336	112
309	148	155	129
245	157	286	114
206	155	363	121
283	147	281	140
290	152	265	132
299	157	251	125
307	162	238	119
234	159	338	112
324	151	157	130
231	160	343	115
303	153	199	133
239	166	327	109
341	159	126	126
315	145	127	127
262	145	304	127
283	158	263	131
354	154	124	124
275	155	326	125
291	165	325	135
256	140	337	140
274	153	349	145
221	140	302	122
308	139	192	128
231	141	316	126
303	152	200	134
293	154	328	131
198	143	418	139
312	145	242	138
327	143	122	122
297	163	320	123
326	160	265	132
327	156	188	125
222	159	368	123
251	151	343	143
275	150	296	148
320	155	210	140
305	150	172	138
231	183	355	124
326	163	168	120
247	157	286	114
246	162	290	145
208	167	412	137
208	177	318	120
268	173	315	131
329	149	136	136
290	172	349	136
324	125	109	137
255	159	288	123
307	159	189	126
208	171	389	155
271	160	164	124
311	182	302	143
337	162	167	139
317	171	102	122
284	195	293	112
285	164	182	146
299	173	109	131
239	179	313	120
280	167	155	129
171	185	372	142
275	156	115	132
260	181	290	124
254	169	305	127
293	159	131	131
186	160	344	132
251	156	214	143
276	170	117	117
272	171	275	117
278	150	120	120
214	151	316	121
279	147	131	131
243	157	308	131
269	148	134	134
248	148	269	135
173	141	383	153
269	148	139	143
255	164	340	113
281	133	131	131
224	143	315	132
290	133	102	136
277	168	285	118
289	138	92	123
253	154	246	107
280	143	96	130
265	153	264	112
297	141	115	138
305	148	101	127
287	163	281	114
291	128	102	143
226	153	317	122
288	140	117	131
235	145	249	124
237	167	283	141
284	149	134	134
254	149	315	134
290	140	118	138
256	146	256	128
299	151	121	145
315	158	89	133
324	148	73	109
320	163	216	120
318	141	92	129
303	159	257	109
289	148	225	134
317	147	100	139
248	157	237	118
317	150	99	134
324	160	262	116
317	126	88	130
316	157	253	108
321	135	110	132
328	140	97	121
305	140	255	125
302	132	119	143
320	139	175	131
195	145	305	152
275	172	144	144
291	143	290	145
323	149	102	137
334	134	79	119
284	129	233	130
312	126	117	140
319	170	102	128
308	153	270	115
329	121	88	141
308	148	268	112
315	136	116	139
301	143	299	127
325	121	98	157
337	158	285	124
331	138	108	151
332	150	256	128
343	147	91	121
344	159	247	120
342	140	115	138
329	160	254	127
336	153	241	144
270	142	369	125
298	155	143	143
318	170	289	115
330	156	122	146
303	135	269	134
310	153	254	127
185	164	361	144
319	161	229	153
326	164	125	150
321	151	276	137
335	144	130	156
307	149	287	114
357	135	108	146
370	146	84	126
372	158	237	103
404	132	104	157
277	139	257	171
323	201	169	141
337	156	248	155
305	134	315	157
312	147	149	178
341	173	218	130
333	137	271	135
329	122	128	192
343	138	211	126
367	137	218	131
392	153	170	135
356	128	122	152
280	143	274	183
344	197	150	150
351	160	241	150
354	133	153	191
334	161	229	137
320	140	118	142
349	146	260	174
338	149	285	171
394	137	177	147
353	147	260	129
358	139	123	147
332	146	271	135
371	151	192	153
348	143	276	172
374	158	146	146
316	159	146	146
373	138	235	147
333	139	249	149
361	149	194	129
342	151	106	127
374	149	233	133
371	134	177	141
395	143	244	127
377	137	141	141
306	169	285	142
370	174	202	135
361	143	221	132
404	142	137	137
403	126	92	138
356	158	265	113
411	135	86	139
343	132	221	147
417	135	181	144
367	143	217	130
240	179	337	134
302	195	214	107
365	142	243	152
392	142	193	154
374	152	231	138
391	135	120	143
409	150	176	132
447	156	102	122
407	130	74	149
375	153	212	106
298	147	302	150
308	187	286	143
356	171	101	120
392	158	221	147
382	140	242	145
364	151	188	150
432	171	169	112
416	143	92	138
388	156	227	113
384	150	107	129
422	156	189	118
430	139	120	120
362	143	96	138
401	155	232	116
408	148	220	132
416	147	171	136
414	155	122	122
395	156	244	123
399	149	174	139
330	152	309	156
374	158	221	147
363	173	241	120
412	177	227	114
354	155	216	162
369	187	188	125
414	165	205	102
345	159	292	116
388	145	247	148
401	144	153	153
446	160	154	123
413	167	110	110
386	152	222	111
418	171	158	126
383	162	227	113
312	175	293	161
373	206	174	102
368	180	269	107
434	167	136	136
424	165	109	109
421	166	176	110
417	152	187	140
338	169	216	129
409	174	224	99
362	165	200	120
407	163	208	124
366	162	161	129
388	193	232	116
395	178	220	110
339	182	208	124
408	167	216	108
412	160	153	122
428	175	184	110
407	175	228	114
432	149	81	129
370	163	206	103
429	166	195	117
315	180	304	121
418	194	193	96
381	169	219	109
273	200	311	124
385	191	157	98
407	161	200	125
365	197	159	106
372	167	260	130
412	188	185	92
376	169	210	131
447	181	167	111
410	169	182	136
374	174	254	126
382	163	240	120
418	178	170	113
435	164	139	111
380	167	251	125
406	134	233	142
402	156	237	122
436	178	171	114
327	165	280	140
378	167	261	113
422	168	173	115
411	153	227	113
445	168	161	107
385	142	176	132
431	148	204	122
418	156	106	106
396	156	212	106
439	149	200	120
428	148	156	124
451	208	112	93
329	215	82	82
409	135	132	132
432	158	176	106
329	183	275	137
437	139	195	130
418	168	107	107
365	202	215	107
385	143	244	122
392	164	231	138
389	175	240	120
424	160	170	113
361	161	186	111
403	160	232	116
409	164	220	110
442	168	156	104
308	209	256	102
426	131	213	130
392	177	223	111
415	171	211	126
413	181	219	109
276	158	363	155
181	226	238	99
386	187	155	123
302	218	139	111
394	174	124	99
345	179	224	89
393	168	227	113
443	233	129	80
474	233	68	82
389	139	179	120
254	252	98	73
260	147	85	114
413	130	79	113
269	258	95	95
377	127	127	127
262	227	102	85
374	144	125	125
354	144	251	126
392	147	238	119
445	163	135	113
269	213	323	124
231	225	134	100
366	163	155	116
365	127	246	135
450	169	183	91
326	149	260	130
272	232	123	109
369	183	186	116
255	243	118	98
385	166	145	108
276	284	63	63
328	301	36	50
281	301	43	57
317	299	33	50
299	297	27	54
297	299	31	52
313	301	32	54
336	307	28	42
302	301	27	46
352	304	28	47
298	304	29	49
351	307	25	38
299	301	25	51
298	302	29	48
297	305	30	43
298	299	29	48
298	298	30	50
298	297	31	52
277	303	81	54
343	294	39	53
280	298	74	61
295	302	45	54
298	305	39	49
296	307	44	44
301	307	36	45
305	302	27	46
291	302	28	47
230	304	24	49
283	305	28	47
291	304	24	49
289	309	23	46
297	307	26	44
352	308	27	46
296	308	28	47
358	310	24	44
302	307	26	50
301	308	29	49
360	310	25	46
303	310	23	46
357	311	22	44
304	308	21	50
293	312	26	43
292	311	22	45
300	308	25	43
293	308	26	44
289	309	27	46
291	311	24	48
288	312	23	46
294	310	26	43
289	312	27	45
290	318	23	40
297	317	24	41
287	315	25	38
276	317	25	36
284	320	27	39
290	318	22	41
285	321	24	36
288	319	24	40
295	315	25	41
296	314	21	43
297	315	24	41
297	308	25	43
297	308	26	44
288	303	27	46
282	309	29	41
283	307	28	46
283	306	29	48
282	306	30	50
279	302	26	52
277	300	30	50
261	303	31	52
264	306	27	46
273	306	23	47
267	307	27	45
261	309	28	46
256	308	24	48
256	313	23	46
262	314	26	44
259	317	22	39
263	317	24	40
260	318	21	37
266	318	22	38
262	320	23	39
268	315	24	41
263	318	25	37
270	316	24	41
263	321	21	35
269	319	28	37
257	314	26	43
243	314	27	45
227	318	26	41
221	317	22	38
216	322	23	35
204	320	25	38
195	322	25	36
201	322	24	36
203	325	24	34
212	326	25	32
216	326	23	33
215	326	24	33
210	326	23	33
210	327	27	31
210	328	24	30
209	326	27	33
215	327	24	30
214	329	21	27
212	331	24	28
214	330	26	29
218	331	22	28
219	332	20	25
214	333	23	26
213	334	24	24
218	334	20	25
219	330	22	29
220	330	20	29
220	331	25	28
222	332	21	27
229	331	24	27
235	332	21	26
236	330	23	29
237	331	21	26
230	333	24	26
226	333	25	25
230	334	20	25
229	333	23	26
225	331	24	28
224	332	26	26
231	332	21	27
230	332	24	27
229	330	26	26
224	329	26	30
223	330	22	28
218	333	25	25
211	334	26	25
207	334	26	25
208	334	26	25
208	334	26	25
212	328	26	30
211	324	22	35
214	324	25	35
224	324	26	35
232	322	24	37
225	321	24	36
219	322	24	36
