1.743897
4.243789
0.146781
0.158430
0.163036
0.169038
0.166037
0.167037
0.168037
0.167037
0.169170
0.169038
0.145122
0.152034
0.160035
0.167237
0.166037
0.167037
0.158222
0.165037
0.171298
0.153034
0.158030
0.149034
0.153509
0.123620
0.162678
0.151463
0.151034
0.151278
0.157664
0.154034
0.150433
0.153875
0.116145
0.151353
0.160444
0.164615
0.165509
0.166543
0.164037
0.164775
0.166037
0.166109
0.162130
0.167271
0.164036
0.166059
0.166491
0.165036
0.167856
0.166037
0.145458
0.150174
0.152034
0.150126
0.150127
0.152034
0.150033
0.150149
0.153034
0.160324
0.163774
0.165833
0.169070
0.169587
0.157035
0.162297
0.165062
0.168085
0.168315
0.164037
0.162036
0.159772
0.155259
0.151034
0.150392
0.152215
0.152035
0.151051
0.152034
0.154728
0.162680
0.165152
0.167800
0.169863
0.168924
0.172258
0.164339
0.158526
0.147387
0.151034
0.151107
0.153494
0.149548
0.152006
0.149486
0.151054
0.160848
0.163541
0.167296
0.169099
0.169760
0.170645
0.169038
0.160249
0.158301
0.152034
0.154034
0.133596
0.154034
0.153034
0.153034
0.154034
0.162146
0.166480
0.162468
0.167616
0.163037
0.158274
0.153034
0.152034
0.153034
0.153034
0.154034
0.152034
0.154034
0.152337
0.153063
0.164613
0.166875
0.166807
0.169214
0.170653
0.172925
0.172323
0.159345
0.154044
0.152034
0.153034
0.154680
0.153401
0.153054
0.155364
0.154748
0.152204
0.152461
0.152534
0.167124
0.168668
0.164980
0.159836
0.154349
0.152109
0.153898
0.154951
0.153173
0.154607
0.151261
0.153276
0.158907
0.164699
0.154022
0.161411
0.164079
0.166031
0.164906
0.175865
0.169534
0.162940
0.159241
0.152825
0.154812
0.155035
0.153267
0.154342
0.154428
0.153325
0.154777
0.158178
0.156035
0.152818
0.158161
0.164182
0.164676
0.162462
0.155122
0.155658
0.153288
0.152939
0.152781
0.156035
0.156511
0.155659
0.154188
0.153404
0.156342
0.164107
0.155437
0.160193
0.164021
0.167007
0.165918
0.168275
0.165623
0.174654
0.166100
0.162329
0.157310
0.153764
0.155349
0.155705
0.155964
0.153144
0.152147
0.153034
0.155405
0.155833
0.155774
0.155223
0.158625
0.163518
0.166194
0.164516
0.170569
0.176450
0.171624
0.161850
0.159214
0.155522
0.154863
0.154746
0.154810
0.155151
0.156225
0.155073
0.154655
0.156201
0.154744
0.155195
0.157499
0.163309
0.162295
0.171703
0.176624
0.168700
0.162666
0.160120
0.156039
0.155528
0.154046
0.156458
0.156803
0.155454
0.155247
0.156273
0.155399
0.154250
0.155656
0.155035
0.156034
0.157903
0.172750
0.178039
0.171570
0.163548
0.159105
0.158312
0.156658
0.156403
0.160809
0.156433
0.155515
0.156962
0.155035
0.156537
0.155034
0.156149
0.156192
0.156633
0.146733
0.170369
0.173151
0.172514
0.171703
0.171274
0.165953
0.169880
0.165682
0.162790
0.159189
0.155857
0.157328
0.155744
0.154257
0.155744
0.156272
0.157957
0.157035
0.144161
0.168164
0.168520
0.172667
0.171607
0.168654
0.165979
0.172684
0.163906
0.160848
0.159891
0.157491
0.157207
0.158518
0.155715
0.157035
0.158114
0.155798
0.155565
0.139292
0.174441
0.172100
0.164037
0.162037
0.159234
0.159036
0.157035
0.157097
0.158035
0.157035
0.156035
0.157035
0.158035
0.157595
0.157047
0.158616
0.154824
0.163185
0.163582
0.167479
0.169631
0.169753
0.169815
0.161508
0.165664
0.167315
0.167580
0.167307
0.167545
0.167968
0.168844
0.170016
0.171717
0.169422
0.169740
0.173616
0.168866
0.170077
0.168098
0.160405
0.159145
0.171857
0.166156
0.162306
0.159539
0.158243
0.159035
0.157035
0.157035
0.156369
0.157035
0.158036
0.158035
0.157035
0.156553
0.150928
0.170488
0.171926
0.171428
0.170301
0.172314
0.171935
0.170563
0.172240
0.172572
0.173476
0.169594
0.171647
0.176039
0.170342
0.168037
0.165663
0.160144
0.157830
0.133099
0.158156
0.157035
0.157930
0.156498
0.156085
0.156943
0.157493
0.170785
0.157779
0.156621
0.157628
0.159086
0.161266
0.163670
0.166356
0.167247
0.166880
0.166183
0.172927
0.172059
0.164271
0.165341
0.166872
0.167162
0.169269
0.169088
0.169345
0.170874
0.171075
0.170194
0.170491
0.170834
0.172833
0.171571
0.172322
0.171764
0.173848
0.174583
0.173869
0.167161
0.163414
0.158193
0.157776
0.157665
0.156214
0.158024
0.158213
0.156545
0.156539
0.159087
0.156946
0.156560
0.158809
0.158973
0.162682
0.169735
0.159028
0.157112
0.162942
0.165735
0.166997
0.168862
0.167504
0.167554
0.169535
0.168209
0.171905
0.171976
0.171027
0.172203
0.172548
0.173709
0.170426
0.166324
0.169646
0.165382
0.162307
0.159105
0.159545
0.157547
0.156035
0.157035
0.157738
0.157259
0.158234
0.156410
0.158558
0.157500
0.157073
0.160080
0.164013
0.164461
0.158036
0.162036
0.165722
0.167028
0.168363
0.168815
0.170178
0.169356
0.170326
0.169003
0.171995
0.171838
0.169308
0.169561
0.175060
0.169414
0.168200
0.167659
0.169376
0.168181
0.168738
0.172203
0.172344
0.172166
0.170559
0.171730
0.171874
0.173520
0.175105
0.175504
0.176513
0.177401
0.167691
0.165133
0.162871
0.158752
0.134236
0.156647
0.157035
0.157035
0.158035
0.157035
0.158035
0.158035
0.163145
0.166249
0.167815
0.167037
0.167951
0.167258
0.168487
0.167947
0.168593
0.170470
0.156469
0.171157
0.169967
0.167097
0.166856
0.168836
0.166990
0.169252
0.168491
0.170129
0.168402
0.169846
0.168841
0.168393
0.169203
0.170874
0.170066
0.170859
0.161659
0.167702
0.168765
0.168243
0.168308
0.169915
0.170280
0.169652
0.166887
0.174236
0.169203
0.165385
0.162094
0.158537
0.158397
0.158377
0.158159
0.157580
0.159978
0.136622
0.158774
0.157889
0.159975
0.159590
0.156964
0.157179
0.158854
0.161872
0.164131
0.166385
0.166875
0.167024
0.170106
0.168363
0.168325
0.169012
0.166871
0.163218
0.172976
0.175994
0.179060
0.175998
0.168620
0.164655
0.161611
0.159132
0.159510
0.159713
0.155384
0.157521
0.157035
0.158059
0.158343
0.158203
0.159436
0.157035
0.152034
0.157151
0.166313
0.159035
0.159123
0.156079
0.157035
0.158085
0.157617
0.158035
0.157883
0.159035
0.158193
0.158035
0.158081
0.158035
0.158035
0.160036
0.157161
0.174039
0.168037
0.164956
0.161598
0.157959
0.158926
0.158739
0.158826
0.158382
0.159260
0.156517
0.159235
0.157386
0.158521
0.156860
0.159584
0.156921
0.158209
0.148340
0.165167
0.165852
0.170362
0.169696
0.168913
0.170170
0.171433
0.170922
0.170694
0.170573
0.171475
0.171419
0.170583
0.172065
0.159921
0.158036
0.161649
0.165267
0.173304
0.172152
0.173249
0.172908
0.172273
0.175146
0.173039
0.174639
0.175589
0.174655
0.171839
0.166458
0.165634
0.163225
0.162910
0.161290
0.158306
0.159215
0.123716
0.158036
0.156288
0.162036
0.165037
0.164163
0.167522
0.167713
0.167080
0.169135
0.168502
0.169741
0.169558
0.169116
0.162294
0.165167
0.167729
0.169136
0.166442
0.173605
0.171579
0.172746
0.170901
0.173246
0.174026
0.174121
0.174151
0.174821
0.174448
0.173371
0.174917
0.175332
0.165672
0.167022
0.168363
0.169303
0.165287
0.174373
0.174621
0.177464
0.178943
0.179733
0.175040
0.167303
0.162458
0.160036
0.159035
0.158035
0.160183
0.159182
0.158087
0.157181
0.159035
0.158035
0.160036
0.125023
0.162036
0.166323
0.166864
0.166271
0.167812
0.168943
0.168658
0.170515
0.169187
0.170732
0.171139
0.171114
0.161036
0.165637
0.168315
0.168919
0.168553
0.165964
0.173336
0.177531
0.177863
0.169640
0.165632
0.163585
0.157853
0.158621
0.157035
0.158035
0.157435
0.157829
0.159373
0.157537
0.158852
0.157294
0.158332
0.158035
0.155322
0.157731
0.159571
0.159866
0.159847
0.164712
0.166738
0.168187
0.170236
0.168995
0.168986
0.169253
0.158784
0.159257
0.166346
0.166337
0.168677
0.168526
0.165982
0.170269
0.172223
0.171206
0.174142
0.173550
0.175586
0.172425
0.174186
0.173758
0.172632
0.175299
0.173417
0.174826
0.175013
0.174212
0.174748
0.170257
0.173204
0.173861
0.166515
0.163107
0.159803
0.157100
0.159311
0.161103
0.158496
0.156035
0.157100
0.157900
0.160254
0.157719
0.157477
0.157244
0.156993
0.158788
0.158831
0.145843
0.168565
0.169757
0.168434
0.171894
0.171737
0.173453
0.170915
0.171161
0.173199
0.174092
0.161270
0.164769
0.165983
0.170076
0.170364
0.169863
0.172310
0.168512
0.175039
0.169454
0.161383
0.158756
0.156416
0.158036
0.157070
0.158035
0.158035
0.158035
0.159035
0.158035
0.158035
0.160073
0.158035
0.157406
0.158556
0.159530
0.155516
0.172143
0.171241
0.171091
0.173143
0.172310
0.171375
0.173155
0.174021
0.174155
0.163646
0.165736
0.167119
0.168378
0.169456
0.169516
0.169746
0.170475
0.147438
0.158352
0.158583
0.158361
0.163985
0.166198
0.168583
0.169768
0.168560
0.169262
0.159173
0.159279
0.162878
0.167193
0.168635
0.169201
0.170470
0.170229
0.165894
0.174829
0.178215
0.174039
0.164415
0.163757
0.160772
0.157313
0.158551
0.159160
0.161010
0.159384
0.158649
0.158035
0.158552
0.159168
0.157765
0.159088
0.158516
0.137031
0.164355
0.167582
0.167605
0.168004
0.169272
0.169446
0.169399
0.168671
0.159035
0.164052
0.166383
0.167939
0.168076
0.168683
0.170470
0.168001
0.170342
0.165414
0.169801
0.166038
0.161225
0.157951
0.157035
0.158291
0.157227
0.157203
0.161316
0.160151
0.158290
0.159545
0.160482
0.158035
0.159035
0.160172
0.159035
0.159493
0.135030
0.168669
0.166120
0.167922
0.167826
0.169571
0.170304
0.170934
0.163816
0.168600
0.166636
0.169375
0.168721
0.169724
0.169093
0.168729
0.169059
0.169501
0.165203
0.173173
0.171067
0.174742
0.174408
0.181030
0.175856
0.170267
0.169890
0.167472
0.162099
0.160501
0.158571
0.160337
0.159527
0.159813
0.158464
0.160036
0.159316
0.134280
0.160808
0.163162
0.166326
0.167610
0.167969
0.167922
0.160529
0.165589
0.168548
0.169235
0.168279
0.167843
0.169297
0.169703
0.170378
0.172214
0.169076
0.169407
0.170856
0.173021
0.175112
0.172243
0.172161
0.173699
0.164396
0.165101
0.168090
0.168451
0.168778
0.168499
0.167260
0.168818
0.169374
0.169753
0.168235
0.164819
0.173983
0.173924
0.174599
0.173528
0.179206
0.177184
0.176039
0.168038
0.164400
0.162581
0.160752
0.159899
0.159099
0.159531
0.159167
0.137239
0.158863
0.159112
0.157013
0.155254
0.158113
0.159935
0.160804
0.166112
0.161076
0.158035
0.159035
0.158035
0.159035
0.161036
0.165036
0.166593
0.167783
0.168732
0.168219
0.168514
0.150344
0.178193
0.176481
0.177039
0.175137
0.170038
0.173645
0.167812
0.165586
0.161985
0.157718
0.159632
0.160072
0.159279
0.159035
0.158839
0.157141
0.158807
0.160746
0.154597
0.158220
0.158561
0.163413
0.166360
0.161036
0.159035
0.158035
0.163036
0.166651
0.168288
0.167068
0.169614
0.169037
0.169448
0.168486
0.168173
0.171703
0.166411
0.179522
0.171677
0.167725
0.163630
0.165668
0.164036
0.161139
0.159035
0.158035
0.159774
0.160182
0.158035
0.158035
0.160035
0.159802
0.159676
0.160440
0.159695
0.141066
0.175733
0.172002
0.176345
0.165530
0.167972
0.170013
0.169636
0.168128
0.169175
0.167883
0.169860
0.170102
0.171668
0.170547
0.171369
0.170589
0.169739
0.170322
0.172019
0.172215
0.171738
0.158149
0.163096
0.165852
0.166952
0.168207
0.169294
0.167888
0.168616
0.169870
0.168004
0.172147
0.171941
0.161007
0.159371
0.131697
0.159011
0.159296
0.159072
0.160849
0.159149
0.159035
0.160807
0.165903
0.167775
0.170233
0.168759
0.170047
0.168797
0.170333
0.170918
0.170679
0.171725
0.172364
0.173076
0.173282
0.174554
0.169132
0.169379
0.169806
0.169559
0.171113
0.166015
0.171782
0.166528
0.165216
0.161017
0.158110
0.159305
0.159864
0.157878
0.158195
0.141101
0.157551
0.160363
0.159913
0.160195
0.159379
0.158568
0.158094
0.163630
0.167737
0.168894
0.168805
0.170865
0.167459
0.169558
0.169374
0.169908
0.169793
0.166649
0.174470
0.173033
0.159736
0.158463
0.161313
0.166264
0.168240
0.168717
0.169149
0.168606
0.168458
0.168504
0.170033
0.169772
0.170171
0.172164
0.172208
0.171399
0.172578
0.169298
0.171920
0.169963
0.164582
0.161176
0.157660
0.159080
0.158503
0.158301
0.158605
0.158072
0.159638
0.159271
0.157048
0.155683
0.158519
0.158312
0.158265
0.179267
0.174004
0.170613
0.165425
0.162036
0.158035
0.159074
0.159035
0.158035
0.159168
0.159415
0.160817
0.158682
0.157658
0.159639
0.158571
0.158667
0.159035
0.162808
0.168656
0.169235
0.168737
0.169979
0.169271
0.168952
0.164132
0.174491
0.170466
0.166026
0.162490
0.161159
0.158058
0.158660
0.159081
0.159133
0.157969
0.160004
0.156999
0.164172
0.164351
0.160848
0.157795
0.158837
0.159589
0.160466
0.165161
0.168241
0.168953
0.166807
0.175310
0.178020
0.175808
0.168143
0.169293
0.168244
0.150033
0.166163
0.169124
0.171038
0.169911
0.168107
0.169088
0.171197
0.168885
0.169742
0.168953
0.170393
0.170014
0.172286
0.170215
0.170578
0.170389
0.171094
0.161672
0.173892
0.170446
0.173895
0.172884
0.173174
0.174834
0.173688
0.175564
0.173572
0.175787
0.174597
0.173590
0.173254
0.172372
0.176439
0.180335
0.174500
0.174694
0.147053
0.157035
0.158035
0.161036
0.160036
0.159035
0.159109
0.158230
0.158035
0.159035
0.160036
0.158035
0.159035
0.162292
0.168923
0.173657
0.174093
0.168410
0.164905
0.177854
0.178412
0.179124
0.180290
0.175197
0.168398
0.166330
0.164233
0.173077
0.167037
0.163037
0.159730
0.159780
0.158607
0.160194
0.159925
0.158414
0.158460
0.155364
0.161934
0.159958
0.160691
0.160178
0.160036
0.161906
0.167291
0.169690
0.169466
0.169920
0.169483
0.170707
0.170548
0.169522
0.170289
0.162595
0.167723
0.163534
0.175653
0.178903
0.173532
0.170379
0.166549
0.164165
0.160081
0.160513
0.159950
0.159035
0.159382
0.159328
0.159035
0.159035
0.159549
0.161770
0.158503
0.158700
0.150803
0.159609
0.159540
0.158823
0.158052
0.158501
0.159715
0.162095
0.165792
0.167945
0.167665
0.169322
0.169537
0.167338
0.170731
0.159495
0.158292
0.161412
0.161214
0.173153
0.176055
0.179055
0.180185
0.171799
0.167332
0.162895
0.160334
0.157099
0.157955
0.157810
0.155179
0.156847
0.158362
0.160652
0.155087
0.158614
0.157895
0.121682
0.173155
0.174511
0.175370
0.171742
0.170726
0.171247
0.170075
0.171293
0.177677
0.176808
0.172209
0.176307
0.171515
0.176182
0.170270
0.166412
0.165254
0.161252
0.137218
0.160093
0.158460
0.158344
0.159983
0.159086
0.157976
0.160591
0.166145
0.168564
0.171161
0.171209
0.170084
0.161031
0.166704
0.168239
0.168992
0.169609
0.168778
0.175882
0.174945
0.176523
0.177143
0.172608
0.179909
0.173233
0.168142
0.163157
0.159509
0.157761
0.142263
0.159755
0.157463
0.158859
0.159541
0.156595
0.158342
0.148282
0.171209
0.172071
0.173436
0.171107
0.172649
0.173259
0.174133
0.175238
0.175158
0.175781
0.176218
0.158064
0.164797
0.167405
0.168577
0.169129
0.170356
0.171214
0.173174
0.173757
0.177971
0.179182
0.178828
0.175670
0.175913
0.176753
0.175878
0.179109
0.180573
0.175568
0.166911
0.167144
0.161315
0.158699
0.159067
0.159247
0.140956
0.159019
0.157469
0.158046
0.158353
0.158061
0.166181
0.172262
0.173834
0.170046
0.170389
0.160152
0.159015
0.159155
0.159810
0.158746
0.158144
0.159220
0.137931
0.167741
0.167269
0.170062
0.171018
0.174825
0.174022
0.173488
0.174343
0.169347
0.170655
0.166329
0.168558
0.168379
0.168371
0.170361
0.170247
0.335047
0.348759
0.324826
0.319886
0.313324
0.339616
0.176486
0.158035
0.158424
0.158267
0.158035
0.162036
0.158035
0.158035
0.158035
0.157035
0.158035
0.159035
0.159101
0.159136
0.151583
0.168293
0.169023
0.170075
0.170769
0.163900
0.166241
0.167930
0.166953
0.170382
0.159035
0.165459
0.166605
0.168842
0.168632
0.170489
0.169078
0.168507
0.167350
0.171656
0.167277
0.163331
0.158381
0.156282
0.159370
0.158733
0.157035
0.156034
0.162304
0.157581
0.159342
0.158607
0.159417
0.158056
0.136959
0.158094
0.159860
0.159384
0.175511
0.175560
0.174412
0.179199
0.177963
0.169774
0.164182
0.160643
0.163263
0.160796
0.158549
0.158780
0.157892
0.157708
0.156034
0.157275
0.158977
0.158876
0.148179
0.161650
0.164781
0.169037
0.167424
0.168268
0.169984
0.168502
0.166351
0.167927
0.167938
0.168758
0.171090
0.161945
0.157174
0.158228
0.158619
0.158427
0.149033
0.159035
0.158035
0.158035
0.160036
0.163256
0.165362
0.168368
0.159349
0.158430
0.171298
0.171616
0.172951
0.171952
0.178450
0.179759
0.172335
0.176072
0.174901
0.174923
0.166052
0.164269
0.160112
0.158035
0.158346
0.159191
0.160037
0.158035
0.158035
0.159035
0.158035
0.158110
0.157035
0.158559
0.158036
0.157340
0.157439
0.152611
0.176609
0.176564
0.170498
0.167038
0.163332
0.159036
0.163036
0.158324
0.156314
0.158487
0.158220
0.158457
0.159323
0.159660
0.158164
0.158076
0.155034
0.158005
0.157437
0.170972
0.171725
0.171721
0.171061
0.170432
0.159036
0.158472
0.164516
0.167483
0.168438
0.170547
0.168528
0.170151
0.168968
0.169691
0.169674
0.169529
0.170742
0.171954
0.174865
0.172089
0.173039
0.165037
0.167083
0.165206
0.160869
0.160188
0.157802
0.163085
0.163811
0.162036
0.159098
0.159852
0.159535
0.158950
0.159190
0.148486
0.171865
0.172357
0.174140
0.170926
0.162036
0.164263
0.168143
0.168700
0.169983
0.169323
0.171727
0.170477
0.169276
0.171782
0.171692
0.170485
0.172851
0.171154
0.175049
0.175771
0.173754
0.172548
0.171314
0.171408
0.166176
0.178793
0.178745
0.175942
0.168689
0.163030
0.159564
0.158202
0.163584
0.163036
0.162036
0.163083
0.126028
0.164348
0.166482
0.168219
0.159037
0.158035
0.158035
0.161521
0.165927
0.158400
0.160036
0.162395
0.166870
0.167688
0.170538
0.168729
0.169312
0.167425
0.166356
0.174088
0.172974
0.172821
0.159596
0.159036
0.158035
0.164511
0.166690
0.167415
0.168160
0.168056
0.168907
0.169592
0.168954
0.168496
0.169966
0.169298
0.167384
0.172725
0.162036
0.165037
0.166507
0.166037
0.168615
0.168474
0.170653
0.170616
0.171050
0.169619
0.170177
0.171473
0.171121
0.172097
0.171421
0.169548
0.168091
0.176434
0.175555
0.176271
0.172211
0.175405
0.171522
0.179109
0.173912
0.175727
0.175437
0.175146
0.175282
0.175097
0.176393
0.173316
0.174598
0.175226
0.171875
0.175218
0.165714
0.164221
0.164450
0.161169
0.159308
0.159214
0.165075
0.165480
0.162459
0.160458
0.159708
0.161746
0.161711
0.160877
0.160903
0.161103
0.161413
0.152304
0.172645
0.173536
0.162099
0.166074
0.168276
0.169139
0.170075
0.170484
0.170668
0.170406
0.170902
0.168072
0.168067
0.169307
0.168757
0.169081
0.175475
0.170472
0.179680
0.181159
0.179160
0.179214
0.180685
0.177553
0.178055
0.171673
0.165391
0.164229
0.160423
0.158379
0.163036
0.162211
0.162036
0.162761
0.163387
0.164036
0.128355
0.160036
0.160036
0.164303
0.166254
0.167483
0.164129
0.165037
0.167806
0.166324
0.169198
0.170137
0.169854
0.170990
0.168892
0.170208
0.169430
0.170739
0.167569
0.172060
0.165037
0.167785
0.168428
0.170628
0.168263
0.169614
0.170703
0.169887
0.169843
0.169557
0.169497
0.169597
0.170636
0.168511
0.168163
0.169459
0.169127
0.170398
0.160103
0.166142
0.167697
0.166296
0.167438
0.169780
0.168826
0.169527
0.169997
0.170687
0.170644
0.171293
0.169546
0.169023
0.170109
0.169445
0.165688
0.175606
0.174287
0.176042
0.175279
0.172165
0.176373
0.173874
0.175289
0.175395
0.173897
0.175461
0.178119
0.177704
0.175045
0.173137
0.173753
0.174628
0.172103
0.165124
0.167237
0.163233
0.162407
0.168191
0.167184
0.160948
0.162341
0.160352
0.161796
0.162534
0.160163
0.160791
0.161083
0.160134
0.162036
0.162036
0.162036
0.152034
0.163036
0.162106
0.162102
0.161036
0.166036
0.168037
0.169209
0.169037
0.166037
0.163683
0.172038
0.175039
0.177315
0.175039
0.177039
0.171038
0.171038
0.167573
0.177039
0.175039
0.176039
0.176039
0.172884
0.173039
0.172721
0.172037
0.176450
0.175039
0.172083
0.172038
0.169313
0.170038
0.173329
0.172459
0.172038
0.169732
0.171327
0.170221
0.162723
0.161979
0.161070
0.160611
0.161364
0.162369
0.162504
0.163503
0.162036
0.161231
0.162368
0.163373
0.161036
0.161997
0.162477
0.152366
0.169320
0.171287
0.169590
0.170029
0.167904
0.168422
0.168614
0.169030
0.175502
0.174079
0.169560
0.168761
0.172131
0.167157
0.171038
0.169315
0.170987
0.165638
0.170633
0.171038
0.169600
0.170009
0.169685
0.170497
0.169533
0.170461
0.170119
0.170600
0.168870
0.171282
0.170418
0.169314
0.170695
0.169558
0.170303
0.165666
0.178180
0.174641
0.167459
0.166060
0.164179
0.164969
0.162040
0.164379
0.163648
0.163741
0.163134
0.162754
0.164404
0.163534
0.160043
0.157464
0.159036
0.159646
0.147483
0.161250
0.160297
0.159439
0.160426
0.161527
0.160274
0.167161
0.163163
0.161662
0.161036
0.162346
0.161028
0.160830
0.161944
0.161111
0.163120
0.167524
0.157502
0.158035
0.168099
0.166800
0.168163
0.168962
0.168670
0.168882
0.169259
0.169661
0.170218
0.169940
0.169448
0.170346
0.169970
0.170400
0.169794
0.170181
0.148440
0.164657
0.168489
0.167742
0.169996
0.171154
0.170540
0.171120
0.169910
0.169763
0.171796
0.170292
0.170403
0.170967
0.171856
0.171523
0.170555
0.169929
0.155545
0.177851
0.178426
0.175133
0.172017
0.167446
0.166872
0.162265
0.161061
0.160650
0.161826
0.161837
0.161036
0.161191
0.161910
0.161981
0.160914
0.161463
0.162420
0.157035
0.159549
0.160191
0.159868
0.161357
0.161188
0.161532
0.161741
0.166232
0.166892
0.168342
0.168582
0.168653
0.170389
0.169217
0.170734
0.170875
0.163301
0.152034
0.164365
0.167037
0.167633
0.167643
0.168086
0.168900
0.168500
0.169155
0.169024
0.168875
0.170585
0.169694
0.169963
0.169874
0.169367
0.170016
0.168591
0.138813
0.161509
0.162056
0.162172
0.161349
0.161693
0.162036
0.161554
0.161433
0.162417
0.166418
0.167289
0.167696
0.168865
0.169877
0.170358
0.169332
0.163168
0.154438
0.171366
0.169063
0.170351
0.171078
0.171204
0.169572
0.170596
0.171556
0.170021
0.170345
0.170100
0.161721
0.161971
0.163876
0.167044
0.168260
0.162086
0.150787
0.171978
0.172025
0.170721
0.171047
0.169899
0.169665
0.169863
0.170672
0.167556
0.169559
0.169689
0.170476
0.171046
0.169037
0.170038
0.171038
0.162343
0.146899
0.168655
0.168408
0.169359
0.170455
0.168532
0.168833
0.171038
0.169893
0.169480
0.170624
0.170852
0.170755
0.169722
0.170800
0.170702
0.171296
0.163109
0.147694
0.167581
0.168769
0.169748
0.170110
0.168196
0.168799
0.171174
0.168814
0.168961
0.175528
0.172308
0.161481
0.161036
0.165134
0.167667
0.167303
0.161036
0.153411
0.177360
0.178292
0.177398
0.175050
0.164036
0.165037
0.166235
0.167738
0.168768
0.169576
0.168691
0.171267
0.170496
0.170490
0.171014
0.170825
0.161512
0.150955
0.173703
0.177693
0.177353
0.181156
0.175400
0.172683
0.169027
0.165438
0.163759
0.161515
0.159752
0.161121
0.161049
0.160194
0.160791
0.161893
0.162996
0.161555
0.147524
0.161983
0.160331
0.161078
0.162036
0.141493
0.169308
0.168097
0.168785
0.169581
0.169769
0.170169
0.170342
0.170371
0.170581
0.169436
0.160977
0.164541
0.165480
0.171995
0.170580
0.170041
0.169834
0.171069
0.170653
0.169727
0.168421
0.171326
0.171486
0.171164
0.170128
0.170707
0.170664
0.170111
0.161704
0.161383
0.148025
0.170211
0.169437
0.172213
0.168999
0.170304
0.169873
0.170195
0.169171
0.169364
0.171115
0.170511
0.170584
0.170818
0.168923
0.170542
0.164041
0.160318
0.142457
0.162450
0.161159
0.162635
0.161951
0.160342
0.161386
0.161516
0.162036
0.162369
0.161698
0.160592
0.162983
0.166885
0.169263
0.168512
0.163142
0.160731
0.155212
0.161484
0.160988
0.161183
0.161350
0.162082
0.160718
0.164034
0.166147
0.167642
0.168802
0.167320
0.168704
0.170110
0.169331
0.169948
0.161199
0.165312
0.164481
0.176002
0.177472
0.175574
0.173955
0.172953
0.173162
0.174706
0.173354
0.174665
0.177395
0.175803
0.172323
0.169353
0.172212
0.174742
0.170746
0.172401
0.168161
0.173529
0.176986
0.177524
0.180139
0.179875
0.174793
0.168825
0.167037
0.164438
0.163144
0.162250
0.158505
0.162036
0.161048
0.160925
0.167338
0.163771
0.161387
0.140510
0.162036
0.162036
0.162281
0.161103
0.161849
0.162344
0.162353
0.161607
0.162381
0.162343
0.160837
0.163250
0.161604
0.165080
0.161804
0.162632
0.162694
0.164308
0.174255
0.171225
0.171821
0.172260
0.172251
0.172683
0.172142
0.152987
0.172925
0.171132
0.173879
0.173933
0.172374
0.174211
0.162826
0.166337
0.169369
0.165702
0.178914
0.177566
0.177540
0.171633
0.176695
0.174442
0.175539
0.176880
0.179239
0.175936
0.172628
0.174266
0.170970
0.174435
0.164196
0.167114
0.169121
0.167662
0.174752
0.172318
0.175151
0.175656
0.171767
0.172244
0.171621
0.170521
0.167038
0.164362
0.161481
0.160036
0.160181
0.160035
0.161036
0.160035
0.159360
0.160406
0.150831
0.159355
0.161445
0.160037
0.160035
0.159966
0.161036
0.159473
0.160207
0.159429
0.165236
0.168654
0.168159
0.160035
0.163037
0.161182
0.161521
0.160208
0.141032
0.160036
0.152637
0.169803
0.169536
0.169832
0.170011
0.168588
0.169579
0.170642
0.169375
0.169099
0.169163
0.169811
0.161668
0.160345
0.160744
0.163306
0.162738
0.172606
0.175838
0.173000
0.177382
0.176914
0.175370
0.171984
0.175035
0.173309
0.169220
0.168513
0.165221
0.161774
0.164984
0.163275
0.165053
0.164675
0.166141
0.140732
0.160730
0.160787
0.159487
0.160224
0.159498
0.160883
0.162328
0.166323
0.167216
0.166816
0.168698
0.169454
0.160885
0.162586
0.165645
0.166517
0.168955
0.166632
0.177911
0.177739
0.172857
0.178228
0.179574
0.174586
0.169555
0.169995
0.144839
0.164439
0.164037
0.160424
0.162037
0.160323
0.159652
0.160036
0.159657
0.160851
0.134393
0.160945
0.165364
0.166710
0.169223
0.168990
0.169410
0.170229
0.169858
0.168889
0.168364
0.170576
0.160140
0.158882
0.160536
0.167553
0.167690
0.167796
0.165585
0.181653
0.175536
0.171980
0.169283
0.165962
0.162663
0.161170
0.162035
0.161898
0.162827
0.161395
0.162026
0.159868
0.162036
0.162036
0.161400
0.159695
0.162228
0.149166
0.161500
0.162050
0.162493
0.161206
0.161324
0.162037
0.161036
0.162114
0.161579
0.163036
0.162299
0.156511
0.171074
0.168829
0.171026
0.170687
0.170783
0.169996
0.173655
0.174528
0.172479
0.173810
0.173228
0.173953
0.173017
0.173077
0.172818
0.174179
0.162115
0.163078
0.167053
0.168473
0.169430
0.170044
0.162074
0.147870
0.171422
0.170535
0.171162
0.171737
0.171042
0.170362
0.170264
0.172427
0.171630
0.171041
0.162086
0.165041
0.168663
0.169754
0.171456
0.170842
0.170632
0.167243
0.174956
0.171666
0.175571
0.175347
0.174996
0.174950
0.176682
0.174581
0.172831
0.176152
0.178109
0.174434
0.176353
0.175370
0.178236
0.179859
0.173220
0.167199
0.149502
0.157554
0.158637
0.160055
0.160043
0.159608
0.158139
0.159904
