0.002194
0.165036
0.224005
0.182040
0.159035
0.157035
0.150033
0.161036
0.162036
0.160501
0.161058
0.162035
0.166038
0.183519
0.180542
0.179211
0.167039
0.162711
0.158353
0.156596
0.155776
0.156867
0.128262
0.159305
0.157671
0.158384
0.155317
0.145801
0.157309
0.158020
0.158092
0.158022
0.157563
0.157471
0.158314
0.158811
0.134300
0.155080
0.161863
0.162203
0.162122
0.162616
0.161686
0.162964
0.143089
0.156470
0.156023
0.156882
0.158960
0.160244
0.158542
0.157604
0.159035
0.158186
0.159035
0.139030
0.156035
0.158035
0.158100
0.158216
0.146032
0.155034
0.160036
0.158034
0.161036
0.179039
0.178039
0.180040
0.175039
0.179040
0.177036
0.180040
0.174039
0.177039
0.155224
0.131029
0.152034
0.155034
0.148033
0.159035
0.165036
0.159202
0.157034
0.158035
0.159035
0.138156
0.169037
0.164037
0.163036
0.161036
0.160035
0.156035
0.167037
0.181221
0.180665
0.181789
0.177039
0.177039
0.181178
0.180039
0.181040
0.177039
0.177146
0.177035
0.176039
0.182039
0.181040
0.147033
0.114813
0.139031
0.152056
0.181332
0.177039
0.181040
0.180039
0.178039
0.177039
0.181104
0.177039
0.180423
0.143523
0.157035
0.157034
0.157035
0.158035
0.158073
0.157035
0.159035
0.158338
0.130029
0.143090
0.155367
0.140030
0.170038
0.166035
0.162035
0.160035
0.160622
0.160036
0.153100
0.172038
0.176039
0.177038
0.179039
0.174039
0.180040
0.177039
0.179314
0.177116
0.154034
0.161012
0.159035
0.118026
0.136030
0.155218
0.158195
0.156034
0.158035
0.158035
0.157034
0.157426
0.153589
0.168523
0.166037
0.161035
0.159209
0.151929
0.176039
0.180040
0.143031
0.115025
0.144031
0.161036
0.159092
0.152034
0.171038
0.165382
0.163036
0.161035
0.160280
0.145032
0.163036
0.176039
0.182040
0.179419
0.174039
0.179039
0.158391
0.137031
0.150091
0.152034
0.150615
0.133029
0.147032
0.163036
0.162553
0.162036
0.161598
0.162036
0.163036
0.161036
0.162098
0.161480
0.162036
0.157034
0.158034
0.144031
0.161318
0.180040
0.168188
0.146032
0.134030
0.134029
0.140031
0.156517
0.165036
0.164036
0.167037
0.164037
0.160174
0.160320
0.158035
0.158035
0.160035
0.164036
0.180040
0.176999
0.181040
0.179040
0.180166
0.176039
0.174038
0.176039
0.179039
0.179040
0.179173
0.175552
0.179039
0.159035
0.139030
0.146032
0.156101
0.160036
0.161036
0.160035
0.159035
0.149033
0.157035
0.161036
0.161035
0.141031
0.156034
0.160036
0.160036
0.160136
0.161035
0.163036
0.161036
0.160031
0.161092
0.132546
0.141031
0.156035
0.160035
0.160036
0.159035
0.159035
0.160036
0.156182
0.140783
0.156035
0.168212
0.166211
0.162036
0.161035
0.113814
0.135030
0.158035
0.156812
0.158035
0.156034
0.158035
0.161035
0.160036
0.146033
0.169037
0.179456
0.141030
0.129028
0.133029
0.152033
0.156502
0.157035
0.157034
0.156033
0.156099
0.157034
0.156396
0.149032
0.181111
0.124028
0.134030
0.154034
0.157035
0.157035
0.158035
0.157035
0.157035
0.158035
0.154412
0.148032
0.162035
0.158035
0.150033
0.173039
0.180372
0.178040
0.179039
0.180040
0.180040
0.180390
0.180040
0.176039
0.180040
0.177040
0.178500
0.180038
0.141081
0.114025
0.143031
0.161036
0.158035
0.152034
0.181040
0.176040
0.182040
0.179039
0.180053
0.175059
0.175039
0.152034
0.125027
0.133009
0.144032
0.165036
0.160035
0.159035
0.159326
0.162036
0.164036
0.162036
0.156103
0.171038
0.180040
0.175536
0.153034
0.130028
0.113211
0.165037
0.164160
0.162190
0.161035
0.163036
0.163036
0.161036
0.106846
0.149470
0.158517
0.179039
0.175038
0.176039
0.175038
0.178039
0.156034
0.133029
0.149033
0.158035
0.160035
0.134446
0.161036
0.160035
0.159035
0.161036
0.160996
0.159035
0.157034
0.151808
0.167717
0.156034
0.160035
0.159050
0.121708
0.134702
0.152034
0.157035
0.158035
0.160576
0.161695
0.161036
0.161036
0.154034
0.173076
0.165100
0.174060
0.168037
0.163035
0.160035
0.157035
0.165036
0.173180
0.168037
0.164036
0.165036
0.163215
0.153286
0.172054
0.173038
0.170038
0.167037
0.165036
0.158125
0.183041
0.180040
0.183040
0.183076
0.180383
0.176039
0.176039
0.179040
0.177039
0.180196
0.141031
0.151033
0.157035
0.158035
0.157272
0.158422
0.157035
0.157035
0.157034
0.157034
0.141032
0.136030
0.152034
0.157035
0.156174
0.155304
0.157034
0.159035
0.162066
0.159667
0.147032
0.176039
0.175039
0.171038
0.166036
0.160036
0.153034
0.177039
0.154034
0.130569
0.152363
0.158035
0.162036
0.160035
0.162036
0.161105
0.146276
0.157035
0.161036
0.161036
0.161036
0.161089
0.156523
0.145031
0.141030
0.154757
0.179038
0.180040
0.179040
0.150123
0.158123
0.162036
0.163037
0.161634
0.160481
0.116025
0.153033
0.145031
0.164037
0.169051
0.166461
0.173038
0.169081
0.163036
0.161036
0.161035
0.159034
0.155034
0.167037
0.165037
0.165010
0.164180
0.162483
0.161036
0.160035
0.160861
0.159035
0.160036
0.169994
0.161095
0.161035
0.161036
0.159949
0.160035
0.156422
0.172037
0.175039
0.152034
0.124027
0.152095
0.157191
0.160035
0.160035
0.144032
0.164037
0.163178
0.161494
0.160122
0.162036
0.160034
0.161082
0.159035
0.161171
0.162034
0.157034
0.171038
0.179405
0.174038
0.149397
0.120651
0.142031
0.157034
0.181040
0.175087
0.154094
0.132029
0.138031
0.155034
0.157387
0.158035
0.158307
0.158035
0.159035
0.158055
0.154034
0.159200
0.147730
0.170038
0.177039
0.136029
0.140746
0.154546
0.160036
0.158339
0.157044
0.159035
0.160036
0.160035
0.160036
0.139884
0.155034
0.160035
0.158035
0.150876
0.171038
0.157583
0.160035
0.158978
0.162036
0.161034
0.119026
0.152595
0.147217
0.157035
0.158035
0.160035
0.159203
0.156442
0.171038
0.162413
0.171038
0.173218
0.171037
0.170259
0.167111
0.166037
0.162036
0.161036
0.157129
0.167037
0.169037
0.177039
0.167586
0.171038
0.177594
0.180039
0.181040
0.179039
0.183040
0.179039
0.183189
0.182050
0.177039
0.151033
0.123462
0.143176
0.147746
0.161035
0.161042
0.153034
0.174038
0.179039
0.178039
0.179040
0.179118
0.179078
0.180163
0.137428
0.132535
0.147031
0.155034
0.158035
0.159035
0.144968
0.177039
0.173038
0.169036
0.168037
0.164102
0.164379
0.168037
0.167037
0.156034
0.179039
0.177039
0.180357
0.176088
0.180040
0.141031
0.116098
0.142730
0.161006
0.160035
0.160035
0.159035
0.151477
0.177039
0.179771
0.139031
0.130029
0.138030
0.153034
0.158142
0.156569
0.157035
0.157858
0.158035
0.158035
0.152033
0.175359
0.178319
0.156089
0.152034
0.143031
0.158035
0.160089
0.161036
0.162097
0.160035
0.157034
0.131518
0.153446
0.154087
0.168037
0.167037
0.163361
0.163036
0.163134
0.167037
0.163035
0.170038
0.177039
0.181040
0.181237
0.181040
0.178066
0.156034
0.158035
0.158146
0.100022
0.156034
0.159035
0.164037
0.165036
0.164036
0.172038
0.168107
0.161709
0.168037
0.168037
0.161036
0.178503
0.183041
0.183040
0.184041
0.178039
0.177039
0.178040
0.181040
0.178040
0.157035
0.133531
0.111024
0.157565
0.136030
0.170038
0.166037
0.163036
0.162035
0.161036
0.159035
0.158035
0.158209
0.154418
0.167037
0.146032
0.172139
0.169216
0.164036
0.180282
0.184040
0.183040
0.180131
0.181102
0.174206
0.150033
0.114025
0.141173
0.153961
0.157034
0.157363
0.156288
0.158035
0.150038
0.172038
0.179080
0.197368
0.188040
0.158035
0.120026
0.140374
0.153034
0.157035
0.159035
0.158035
0.160035
0.159036
0.158090
0.145965
0.169302
0.181040
0.164036
0.164036
0.162035
0.160419
0.159035
0.160035
0.159035
0.158035
0.158035
0.160036
0.137184
0.158035
0.157035
0.158435
0.123027
0.154522
0.160036
0.160036
0.159035
0.157034
0.150231
0.154034
0.159035
0.151033
0.154034
0.145689
0.162036
0.162036
0.159035
0.156034
0.169037
0.165720
0.165149
0.162101
0.158457
0.159035
0.159035
0.158035
0.152034
0.167037
0.177038
0.181215
0.087019
0.163036
0.160036
0.160463
0.159200
0.152033
0.168265
0.181040
0.180040
0.177730
0.181040
0.177039
0.157035
0.136030
0.139083
0.157115
0.157781
0.158527
0.160035
0.135030
0.153034
0.182041
0.181040
0.177087
0.158336
0.164036
0.161056
0.161161
0.162107
0.158035
0.160035
0.159035
0.159035
0.160156
0.160035
0.160035
0.132029
0.143031
0.133513
0.156118
0.159035
0.160035
0.159035
0.160036
0.160168
0.159072
0.160035
0.160036
0.159095
0.146032
0.161672
0.177595
0.159046
0.163511
0.164036
0.164037
0.139122
0.148329
0.158035
0.158172
0.156034
0.157035
0.129028
0.158061
0.158189
0.159076
0.158035
0.147329
0.175250
0.179039
0.175062
0.170038
0.163036
0.169037
0.167037
0.164926
0.161036
0.159035
0.166036
0.165037
0.165226
0.160494
0.159035
0.158035
0.158035
0.154780
0.164036
0.162853
0.165037
0.166050
0.176039
0.175039
0.149033
0.120027
0.138030
0.155034
0.159035
0.157549
0.158226
0.157557
0.157261
0.159668
0.158035
0.148032
0.182040
0.175117
0.176441
0.175039
0.151034
0.122027
0.136031
0.157132
0.163036
0.163036
0.160035
0.159035
0.158271
0.159389
0.147032
0.172037
0.180058
0.161036
0.126091
0.141046
0.155034
0.159035
0.158367
0.158035
0.159035
0.159034
0.147753
0.154034
0.177039
0.179039
0.178040
0.181533
0.142030
0.117026
0.143190
0.160036
0.160036
0.160036
0.159035
0.160035
0.150033
0.180040
0.180665
0.180205
0.178039
0.178041
0.151034
0.155034
0.123354
0.161415
0.161101
0.132029
0.170038
0.166036
0.164036
0.164519
0.155033
0.172780
0.169037
0.170037
0.182040
0.181150
0.180974
0.178037
0.179183
0.179337
0.178317
0.178880
0.160547
0.165036
0.112539
0.150034
0.157034
0.159035
0.126093
0.162035
0.159035
0.157258
0.159283
0.170037
0.165036
0.162036
0.159092
0.160107
0.154402
0.169037
0.178039
0.178039
0.179039
0.177039
0.180040
0.179040
0.178039
0.158035
0.162362
0.161036
0.160036
0.160035
0.159035
0.159035
0.158293
0.157407
0.159035
0.158035
0.123098
0.129029
0.157562
0.158167
0.159035
0.132029
0.159035
0.149033
0.177040
0.176429
0.156081
0.133029
0.138030
0.155034
0.159035
0.158035
0.156655
0.152033
0.149033
0.164129
0.161085
0.159745
0.159160
0.158035
0.158503
0.160036
0.160035
0.152034
0.176039
0.180040
0.179039
0.181222
0.143032
0.115025
0.141035
0.159035
0.158035
0.159035
0.159079
0.160036
0.158066
0.159035
0.137030
0.158102
0.175038
0.180041
0.180040
0.179761
0.137030
0.141031
0.120026
0.164179
0.163038
0.160035
0.160035
0.159034
0.155034
0.168037
0.179214
0.181040
0.176039
0.176163
0.155034
0.161036
0.117025
0.132049
0.165036
0.166086
0.164085
0.164036
0.162036
0.160036
0.157034
0.171363
0.181040
0.178524
0.120027
0.146032
0.157035
0.160035
0.147033
0.161035
0.161036
0.159642
0.161036
0.148434
0.179039
0.182238
0.182039
0.182037
0.178039
0.178807
0.180282
0.177039
0.180040
0.179039
0.179040
0.154034
0.137030
0.156080
0.152033
0.156034
0.159035
0.145349
0.155264
0.158035
0.158035
0.158082
0.159035
0.156035
0.166037
0.181040
0.176040
0.152034
0.125027
0.140826
0.154034
0.158035
0.158035
0.159035
0.159035
0.150090
0.158035
0.179073
0.180040
0.180040
0.138031
0.134409
0.152033
0.154034
0.158035
0.161035
0.162036
0.161036
0.158035
0.157034
0.143032
0.158035
0.151033
0.180040
0.162539
0.162480
0.160035
0.159035
0.158035
0.158035
0.157035
0.158266
0.158101
0.113025
0.154034
0.157035
0.157250
0.141467
0.171038
0.168037
0.165036
0.163085
0.163036
0.160357
0.158035
0.160035
0.159035
0.170038
0.169038
0.164238
0.163036
0.161036
0.150033
0.156035
0.153033
0.151704
0.167037
0.170038
0.162036
0.179363
0.176039
0.151181
0.124530
0.156054
0.158035
0.160202
0.138030
0.182040
0.150033
0.160483
0.161547
0.160036
0.160054
0.160149
0.162036
0.161036
0.161035
0.162036
0.119202
0.144511
0.153034
0.157035
0.156594
0.153033
0.168036
0.180808
0.141473
0.152034
0.131029
0.138031
0.154547
0.157049
0.157242
0.157075
0.158035
0.158035
0.158035
0.157173
0.160511
0.160573
0.136030
0.150033
0.179830
0.177039
0.176404
0.181040
0.124042
0.135030
0.138031
0.154034
0.163504
0.173038
0.179039
0.183040
0.179154
0.183265
0.180039
0.175038
0.152033
0.146032
0.155071
0.162243
0.163042
0.151033
0.155034
0.158035
0.151104
0.117945
0.171038
0.171038
0.166037
0.161036
0.161910
0.160468
0.159035
0.158035
0.158035
0.154034
0.170257
0.167135
0.164036
0.162034
0.160035
0.159035
0.167187
0.167037
0.164036
0.163036
0.161036
0.161227
0.160035
0.159614
0.158035
0.171038
0.165036
0.170038
0.167037
0.166620
0.162036
0.158420
0.171038
0.169037
0.161036
0.180143
0.140031
0.137031
0.155034
0.160035
0.160035
0.158731
0.158035
0.135050
0.154034
0.155385
0.165082
0.163414
0.162035
0.162036
0.160035
0.160035
0.160035
0.153034
0.176039
0.177039
0.183041
0.184040
0.180479
0.177552
0.158742
0.119026
0.135030
0.146264
0.180267
0.141031
0.135030
0.137030
0.154501
0.158036
0.159163
0.157562
0.157667
0.158120
0.150032
0.157035
0.153033
0.168420
0.181040
0.177039
0.154034
0.132049
0.139031
0.153034
0.157034
0.157083
0.145558
0.160036
0.158035
0.155497
0.171038
0.170035
0.171038
0.166095
0.171123
0.165569
0.163036
0.163036
0.161035
0.159035
0.158034
0.158369
0.158034
0.133029
0.139031
0.141031
0.162035
0.164036
0.163035
0.161036
0.161099
0.161035
0.162036
0.160035
0.159099
0.165036
0.167037
0.166037
0.161570
0.169079
0.168047
0.166037
0.160969
0.173039
0.171038
0.167037
0.177581
0.142030
0.159035
0.158035
0.160035
0.159131
0.160035
0.159035
0.159123
0.160036
0.160182
0.159712
0.129028
0.145032
0.157035
0.163036
0.160035
0.160035
0.160036
0.149033
0.155616
0.160035
0.159357
0.159840
0.153035
0.161036
0.160035
0.149033
0.175065
0.175493
0.176039
0.174771
0.090020
0.154080
0.157035
0.159035
0.160035
0.159035
0.150033
0.179039
0.179120
0.178166
0.176039
0.177038
0.176039
0.178508
0.176372
0.151414
0.124027
0.133030
0.149454
0.158034
0.185328
0.185418
0.180040
0.140031
0.140031
0.155313
0.160402
0.159035
0.158917
0.145219
0.153034
0.159211
0.157097
0.159229
0.146048
0.172038
0.170988
0.167037
0.164321
0.157035
0.158034
0.158035
0.144032
0.166036
0.181239
0.174272
0.148033
0.116025
0.156034
0.151085
0.163036
0.169846
0.168036
0.167037
0.165037
0.159035
0.157035
0.156034
0.157034
0.134029
0.153034
0.157034
0.156624
0.161286
0.163381
0.120027
0.183040
0.180040
0.180039
0.183040
0.176038
0.179039
0.179039
0.179083
0.177778
0.154380
0.130029
0.133029
0.140857
0.156130
0.160468
0.177039
0.181040
0.179039
0.154325
0.130076
0.111399
0.179039
0.175694
0.179039
0.147032
0.121027
0.148033
0.157035
0.160352
0.155053
0.165036
0.180040
0.173457
0.174701
0.174039
0.179039
0.176039
0.176039
0.176039
0.175119
0.178223
0.181040
0.175039
0.183040
0.183040
0.183040
0.183041
0.145032
0.123740
0.145032
0.152034
0.156034
0.152034
0.178089
0.176461
0.174039
0.147060
0.116026
0.153178
0.155034
0.159111
0.160036
0.159035
0.160035
0.159141
0.145452
0.166023
0.168544
0.166036
0.171038
0.168035
0.166037
0.169316
0.168037
0.166037
0.160035
0.172038
0.173038
0.170142
0.167037
0.166036
0.169038
0.167037
0.162704
0.172038
0.169038
0.167093
0.164036
0.164111
0.164153
0.163036
0.156442
0.170038
0.171038
0.166683
0.101022
0.153033
0.162036
0.162035
0.162035
0.163035
0.162036
0.145032
0.165942
0.165036
0.163045
0.162355
0.155034
0.179040
0.179039
0.157035
0.134030
0.136030
0.161035
0.162036
0.161036
0.161035
0.160035
0.160601
0.161036
0.160709
0.161035
0.161074
0.148032
0.170691
0.168157
0.170481
0.169039
0.167037
0.164036
0.154034
0.176138
0.179040
0.175039
0.176039
0.176039
0.179718
0.157035
0.131029
0.147033
0.160036
0.160036
0.160035
0.160035
0.160035
0.161036
0.143991
0.156034
0.149033
0.180040
0.174039
0.174039
0.150033
0.120026
0.132791
0.148320
0.170038
0.156034
0.157034
0.158746
0.158033
0.158366
0.159035
0.145032
0.156034
0.158035
0.158053
0.159035
0.160035
0.146032
0.137030
0.156034
0.160141
0.157584
0.144032
0.164036
0.164037
0.161035
0.161036
0.159853
0.158035
0.159035
0.160131
0.160035
0.159035
0.155471
0.171038
0.170038
0.167037
0.163394
0.166036
0.162489
0.171038
0.182040
0.177039
0.180039
0.179545
0.181042
0.177394
0.181040
0.181040
0.177226
0.176039
0.180198
0.176039
0.152033
0.126339
0.140259
0.154828
0.156523
0.159546
0.158034
0.157697
0.159318
0.159035
0.150082
0.164035
0.176039
0.185041
0.180039
0.181040
0.181040
0.180097
0.140031
0.139031
0.154236
0.159036
0.158035
0.159035
0.158035
0.158035
0.158205
0.158035
0.141031
0.156034
0.159035
0.159034
0.158212
0.158035
0.155034
0.167692
0.184041
0.181041
0.180535
0.181040
0.146032
0.119026
0.142031
0.159035
0.159329
0.159035
0.159035
0.161036
0.159035
0.158035
0.160151
0.159035
0.156035
0.170037
0.171038
0.165037
0.176108
0.172038
0.169211
0.167252
0.163640
0.164036
0.161622
0.160035
0.161036
0.160035
0.158104
0.159176
0.131500
0.164036
0.163036
0.158035
0.169037
0.179039
0.174563
0.149033
0.117026
0.137030
0.158035
0.159204
0.162464
0.162514
0.162036
0.158111
0.176039
0.172159
0.172292
0.167035
0.161036
0.171038
0.177039
0.183512
0.182040
0.178039
0.158198
0.120027
0.158035
0.157042
0.157035
0.157034
0.163036
0.162036
0.161529
0.162036
0.163036
0.163036
0.159035
0.158035
0.141031
0.166285
0.165036
0.158035
0.170038
0.180039
0.180039
0.158269
0.137030
0.139030
0.159035
0.157035
0.158035
0.158035
0.157034
0.158113
0.159035
0.142184
0.150162
0.177370
0.153034
0.126028
0.143032
0.156034
0.160035
0.157035
0.158593
0.159035
0.159034
0.159035
0.159213
0.160035
0.145079
0.156035
0.159035
0.160036
0.158511
0.159712
0.158514
0.146032
0.081018
0.165037
0.164036
0.163036
0.162035
0.161225
0.161036
0.161036
0.158035
0.170560
0.165036
0.164036
0.162035
0.163036
0.160036
0.161036
0.162036
0.162036
0.160036
0.161036
0.161035
0.157130
0.174500
0.170038
0.170038
0.169288
0.167037
0.162037
0.174220
0.174038
0.170038
0.168037
0.169037
0.165068
0.164265
0.163829
0.162437
0.161036
0.154191
0.139031
0.158313
0.158035
0.158100
0.160035
0.159035
0.159035
0.159149
0.159035
0.159035
0.160036
0.159095
0.131029
0.141031
0.156034
0.159035
0.154034
0.175039
0.180040
0.181144
0.176039
0.182040
0.181040
0.140031
0.141136
0.155034
0.158035
0.159078
0.158034
0.133028
0.161672
0.160980
0.164041
0.162036
0.162036
0.162035
0.162107
0.163494
0.163036
0.163036
0.162036
0.163036
0.164116
0.162527
0.160228
0.172038
0.170038
0.165036
0.165037
0.164320
0.164457
0.162036
0.163036
0.162036
0.162036
0.165501
0.165128
0.161036
0.160784
0.161477
0.159698
0.161035
0.162387
0.161596
0.162036
0.162036
0.155034
0.181334
0.179040
0.180039
0.179587
0.177041
0.177039
0.177039
0.180040
0.173038
0.175039
0.170038
0.167417
0.164599
0.163036
0.161036
0.159035
0.160114
0.159282
0.158035
0.159140
0.158035
0.158035
0.158140
0.159385
0.158035
0.158035
0.159035
0.158035
0.158143
0.158035
0.158035
0.158035
0.159035
0.159035
0.159557
0.158286
0.157035
0.158035
0.160036
0.158035
0.158160
0.159035
0.158035
0.159035
0.159035
0.158035
0.157035
0.158035
0.159035
0.157034
0.159035
0.158035
0.158993
0.157291
0.158035
0.159035
0.159036
0.159035
0.157035
0.158314
0.159035
0.158102
0.159035
0.157921
0.158035
0.158034
0.158035
0.160575
0.159035
0.158106
0.158122
0.159035
0.158163
0.158155
0.158035
0.157035
0.158233
0.158001
0.159035
0.159035
0.158035
0.158035
0.159035
0.159035
0.161489
0.160035
0.161096
0.163036
0.163036
0.164036
0.163120
0.162036
0.156034
0.182040
0.176039
0.179039
0.177040
0.180040
0.178040
0.181040
0.181040
0.177039
0.182041
0.181040
0.181040
0.173038
0.170648
0.168038
0.165203
0.163667
0.162036
0.161036
0.162036
0.162036
0.161036
0.160649
0.163036
0.163588
0.161350
0.163037
0.162036
0.161036
0.161159
0.162036
0.161092
0.160081
0.161036
0.160035
0.161036
0.161036
0.161292
0.160035
0.160035
0.160096
0.161035
0.161035
0.162074
0.160035
0.161036
0.160852
0.162036
0.160036
0.160203
0.160035
0.161035
0.160201
0.161035
0.161036
0.161034
0.161236
0.160035
0.160035
0.160035
0.161123
0.162055
0.161036
0.161036
0.161036
0.161071
0.159253
0.160443
0.161035
0.161035
0.160036
0.160035
0.160035
0.161381
0.159035
0.158528
0.161036
0.161036
0.160035
0.161036
0.163036
0.165001
0.165036
0.165037
0.161036
0.158531
0.157208
0.170037
0.168037
0.165603
0.162036
0.161383
0.160035
0.162036
0.161036
0.160035
0.162071
0.162184
0.166650
0.164035
0.161035
0.161036
0.162036
0.160490
0.161036
0.160035
0.161035
0.161036
0.160200
0.161754
0.162036
0.160035
0.162036
0.161036
0.161085
0.161036
0.160150
0.161036
0.162036
0.162036
0.161079
0.161491
0.160560
0.161036
0.161036
0.161034
0.163036
0.161199
0.162036
0.159696
0.162036
0.161036
0.161035
0.161385
0.161035
0.160035
0.162036
0.161035
0.161036
0.160820
0.161036
0.160712
0.161036
0.160035
0.162036
0.161244
0.161035
0.161035
0.161036
0.160035
0.160256
0.165466
0.163036
0.163036
0.164037
0.162085
0.163036
0.162401
0.161036
0.163036
0.161035
0.163036
0.162036
0.161628
0.161036
0.162036
0.162036
0.161035
0.162036
0.160526
0.162036
0.161081
0.162036
0.160035
0.161118
0.161268
0.162196
0.159035
0.163396
0.164036
0.165282
0.164276
0.162035
0.161036
0.159255
0.159035
0.160153
0.161036
0.160035
0.161036
0.160035
0.159035
0.159035
0.156472
0.158035
0.159667
0.157049
0.159035
0.157675
0.158035
0.159035
0.158348
0.157034
0.158103
0.158095
0.157436
0.159157
0.157035
0.158035
0.159035
0.157035
0.158035
0.157434
0.158066
0.159173
0.159035
0.158035
0.158035
0.158649
0.159034
0.157092
0.157035
0.159035
0.159035
0.159035
0.160036
0.156034
0.158485
0.158035
0.157035
0.158562
0.157537
0.157035
0.159035
0.158035
0.158144
0.157034
0.158035
0.158035
0.159208
0.159035
0.158124
0.157505
0.159035
0.159035
0.150187
0.170038
0.167037
0.166571
0.165037
0.161036
0.162036
0.162036
0.160036
0.159317
0.140390
0.159478
0.158528
0.162036
0.159035
0.160414
0.160071
0.160099
0.158035
0.159035
0.158035
0.159067
0.159035
0.160035
0.159035
0.158871
0.159035
0.159035
0.159035
0.159035
0.160036
0.157185
0.159035
0.159775
0.159035
0.159035
0.159035
0.159035
0.159310
0.158295
0.160035
0.159035
0.159090
0.158035
0.159036
0.159528
0.159035
0.160036
0.159035
0.159035
0.160035
0.157709
0.158845
0.159035
0.159035
0.160036
0.153034
0.163121
0.161274
0.161036
0.160035
0.159137
0.160035
0.160035
0.160184
0.158035
0.160035
0.161097
0.162036
0.161036
0.160035
0.159035
0.158035
0.160035
0.160035
0.157181
0.158356
0.158034
0.158846
0.160035
0.158035
0.158035
0.159530
0.158326
0.159035
0.159036
0.158036
0.159035
0.159035
0.159034
0.157035
0.158148
0.157034
0.158035
0.158702
0.159035
0.158035
0.159035
0.157730
0.160035
0.158493
0.158035
0.159035
0.159035
0.159034
0.160035
0.159264
0.160036
0.160035
0.158035
0.159035
0.159035
0.159149
0.160035
0.159034
0.159035
0.160074
0.158035
0.158312
0.159035
0.159035
0.159035
0.158115
0.160035
0.160036
0.160036
0.161035
0.160035
0.159035
0.159035
0.158333
0.159777
0.159035
0.158173
0.158596
0.158035
0.159289
0.159967
0.159034
0.159035
0.158035
0.159035
0.159438
0.161036
0.159035
0.159035
0.158897
0.160035
0.158035
0.158035
0.159035
0.159287
0.159035
0.158035
0.159089
0.158671
0.159083
0.159035
0.160036
0.160036
0.159191
0.159035
0.159035
0.159035
0.159440
0.158035
0.159035
0.158386
0.160036
0.159035
0.158035
0.149033
0.178070
0.175972
0.174039
0.173038
0.171038
0.168037
0.163462
0.169038
0.166087
0.165036
0.163036
0.160266
0.159384
0.161036
0.160035
0.159035
0.155035
0.076017
0.076017
0.073154
0.074640
0.075322
0.073566
0.075143
0.077017
0.076016
0.077017
0.078017
0.077781
0.076016
0.077017
0.078017
0.077405
0.087351
0.075016
0.075016
0.079091
0.083028
0.084018
0.081018
0.079783
0.079018
0.078969
0.087958
0.092291
0.091018
0.107359
0.154034
0.156034
0.155034
0.154100
0.140471
0.169038
0.159035
0.187042
0.154034
0.158035
0.119194
0.155034
0.161036
0.155885
0.155034
0.154035
0.155092
0.158706
0.159035
0.161036
0.160035
0.161036
0.156170
0.150033
0.177039
0.175087
0.147032
0.116025
0.137030
0.157035
0.160035
0.163036
0.165037
0.162036
0.164036
0.163110
0.163036
0.157035
0.175039
0.181040
0.138274
0.129029
0.152089
0.133128
0.158035
0.161036
0.164036
0.165331
0.164036
0.164036
0.165585
0.165042
0.165037
0.165423
0.159861
0.155879
0.172528
0.179039
0.135601
0.133935
0.132313
0.152034
0.159035
0.153034
0.177039
0.178039
0.179040
0.180090
0.178039
0.157051
0.160239
0.174038
0.151033
0.152034
0.153274
0.153998
0.157121
0.155034
0.141443
0.150416
0.154415
0.155349
0.142063
0.161125
0.165036
0.161140
0.160502
0.161758
0.163286
0.161532
0.161361
0.162035
0.162036
0.168531
0.166312
0.167037
0.165407
0.159658
0.173038
0.177101
0.181055
0.141118
0.117079
0.142057
0.161311
0.160432
0.160409
0.162110
0.162130
0.162599
0.160892
0.161476
0.158236
0.168314
0.177460
0.153226
0.128628
0.142564
0.154090
0.157035
0.156093
0.151685
0.153559
0.178154
0.181040
0.181040
0.139564
0.138104
0.154546
0.159087
0.157035
0.159314
0.157287
0.157370
0.158548
0.151506
0.157136
0.158190
0.144207
0.167037
0.164176
0.168265
0.181221
0.179041
0.180196
0.140144
0.140514
0.154778
0.157103
0.157093
0.158162
0.156197
0.159113
0.157116
0.160036
0.157034
0.159204
0.141031
0.163145
0.162036
0.163355
0.154502
0.176274
0.175237
0.178624
0.174683
0.170447
0.167570
0.165413
0.162516
0.159132
0.157941
0.158861
0.158495
0.158554
0.138157
0.139918
0.156580
0.160035
0.157035
0.159243
0.154034
0.156183
0.168581
0.165891
0.166116
0.165037
0.164446
0.162292
0.162929
0.159173
0.154034
0.175141
0.168037
0.164394
0.162298
0.159035
0.159627
0.158259
0.158154
0.158281
0.125262
0.142687
0.153355
0.158035
0.158089
0.150543
0.171038
0.182158
0.181041
0.140239
0.133245
0.138031
0.153730
0.157552
0.158818
0.159035
0.158129
0.157033
0.159105
0.160557
0.156190
0.181040
0.181097
0.141272
0.137111
0.153782
0.156119
0.156466
0.157145
0.158367
0.157261
0.157224
0.157048
0.156578
0.157035
0.157033
0.157326
0.149987
0.167096
0.165182
0.155778
0.180515
0.177171
0.176039
0.152635
0.127906
0.142422
0.156738
0.158590
0.157003
0.157482
0.158560
0.158084
0.158170
0.156452
0.147938
0.138657
0.157940
0.157432
0.156595
0.157000
0.157451
0.116867
0.155184
0.157193
0.157147
0.160435
0.159411
0.159713
0.159091
0.161036
0.159684
0.162117
0.162396
0.160700
0.160150
0.161036
0.130701
0.158108
0.177092
0.172409
0.175092
0.173038
0.170092
0.169151
0.162872
0.171611
0.169037
0.168718
0.170202
0.167060
0.165036
0.158914
0.167377
0.164603
0.164116
0.166267
0.164779
0.163195
0.160133
0.174089
0.183177
0.182262
0.146318
0.128028
0.144184
0.153120
0.149306
0.167131
0.163694
0.163760
0.163258
0.161078
0.163597
0.164035
0.162170
0.160255
0.159797
0.159035
0.159410
0.158494
0.159508
0.159077
0.154445
0.171038
0.169037
0.180213
0.138752
0.132125
0.131982
0.150464
0.156034
0.162035
0.162244
0.163259
0.161751
0.163125
0.163172
0.163305
0.158838
0.159271
0.154295
0.176111
0.183040
0.183093
0.177653
0.176695
0.181183
0.176040
0.179671
0.176265
0.177187
0.155035
0.159035
0.157067
0.132278
0.155101
0.156035
0.152723
0.134030
0.148033
0.165646
0.164786
0.163036
0.161083
0.163928
0.158651
0.177124
0.173187
0.169300
0.165085
0.162409
0.161234
0.159354
0.159949
0.159522
0.159142
0.159112
0.154375
0.169084
0.167950
0.165081
0.162117
0.156161
0.173360
0.174511
0.170083
0.165208
0.166191
0.160542
0.179422
0.145503
0.122787
0.138068
0.157497
0.158035
0.157157
0.157034
0.158558
0.158035
0.157035
0.151429
0.177427
0.181040
0.175152
0.176415
0.180110
0.176039
0.179559
0.183567
0.177873
0.142287
0.158796
0.159035
0.158352
0.158327
0.158126
0.158099
0.158034
0.158035
0.133166
0.149071
0.162357
0.162126
0.160035
0.158058
0.148033
0.140362
0.156415
0.175039
0.181039
0.176219
0.176532
0.180040
0.179039
0.176039
0.176280
0.178705
0.179412
0.176143
0.155562
0.131029
0.145010
0.155809
0.157509
0.158520
0.158071
0.158167
0.158035
0.156838
0.138031
0.153136
0.157035
0.156199
0.157124
0.157093
0.157442
0.157506
0.156034
0.157430
0.147133
0.157279
0.180112
0.168253
0.168037
0.167115
0.159026
0.158525
0.157035
0.158035
0.158189
0.157393
0.157035
0.157470
0.120061
0.156090
0.142141
0.156035
0.157034
0.157161
0.159616
0.157129
0.158035
0.159035
0.159101
0.155550
0.181011
0.176205
0.180918
0.177152
0.181040
0.180119
0.181479
0.181037
