0.003537
0.174376
0.168964
0.165038
0.168081
0.168504
0.167234
0.167491
0.118027
0.169037
0.168038
0.167036
0.167380
0.168265
0.168076
0.167472
0.167256
0.168039
0.167479
0.166392
0.166187
0.167748
0.167164
0.169336
0.168671
0.168082
0.167137
0.167357
0.168263
0.167488
0.167060
0.178039
0.164871
0.168373
0.169193
0.167275
0.167037
0.167648
0.167109
0.168110
0.167329
0.167474
0.167120
0.168056
0.099666
0.179040
0.167312
0.166496
0.164392
0.165200
0.168052
0.167038
0.169509
0.165648
0.164583
0.165527
0.168438
0.169037
0.169542
0.169494
0.168036
0.166596
0.167510
0.169560
0.169365
0.167810
0.167819
0.175039
0.178040
0.179096
0.178606
0.179039
0.168114
0.170696
0.170039
0.166305
0.166201
0.165909
0.167470
0.171576
0.171043
0.170361
0.169351
0.166178
0.178039
0.178039
0.176238
0.175271
0.177063
0.167248
0.166304
0.165638
0.165585
0.166387
0.166513
0.166462
0.166103
0.166037
0.167037
0.165038
0.166157
0.165253
0.166036
0.164572
0.164392
0.166433
0.165036
0.165232
0.169531
0.170589
0.167526
0.166036
0.167037
0.166111
0.167644
0.167269
0.166457
0.167268
0.181493
0.179307
0.179178
0.179319
0.173038
0.166441
0.167666
0.168096
0.169037
0.170120
0.169259
0.168037
0.169037
0.169709
0.168037
0.169087
0.169037
0.170358
0.170037
0.170037
0.169037
0.169556
0.169037
0.169149
0.167037
0.166064
0.165791
0.165221
0.146957
0.167525
0.174092
0.170281
0.172214
0.175039
0.174621
0.174038
0.170039
0.170038
0.179779
0.176279
0.164338
0.167407
0.167134
0.171371
0.169197
0.169149
0.167638
0.167775
0.168293
0.168043
0.172477
0.168476
0.168135
0.169037
0.169299
0.168389
0.169038
0.168529
0.167235
0.167947
0.167037
0.177935
0.176069
0.167356
0.169038
0.168037
0.132695
0.169448
0.167320
0.166418
0.165055
0.167037
0.167242
0.166447
0.166502
0.167261
0.164341
0.168415
0.167526
0.166305
0.167104
0.166226
0.166036
0.166036
0.166090
0.167281
0.166425
0.157770
0.167037
0.167039
0.170255
0.168421
0.168578
0.146246
0.166582
0.168127
0.166191
0.168038
0.167037
0.167038
0.167217
0.168100
0.166049
0.166036
0.167037
0.168541
0.169163
0.169037
0.169037
0.168037
0.168118
0.168037
0.169072
0.168039
0.166036
0.169039
0.168265
0.176038
0.180058
0.165993
0.168489
0.170111
0.172038
0.167227
0.166332
0.166816
0.167055
0.168345
0.167375
0.165372
0.166551
0.166203
0.167362
0.166414
0.167708
0.166389
0.166432
0.167336
0.166395
0.167401
0.165410
0.176084
0.167408
0.168659
0.168390
0.166487
0.165036
0.166972
0.166287
0.166113
0.167343
0.167578
0.167038
0.166037
0.167458
0.168037
0.167398
0.167390
0.166180
0.166527
0.166967
0.177254
0.175268
0.175039
0.302866
0.306398
0.301130
0.314769
0.300246
0.323060
0.348560
0.350839
0.326205
0.350910
0.337500
0.332671
0.181987
0.170507
0.169311
0.170403
0.168039
0.161056
0.158943
0.161729
0.159602
0.160037
0.155034
0.159562
0.158723
0.159392
0.155756
0.159109
0.165580
0.164572
0.165038
0.165287
0.142137
0.174558
0.179041
0.178040
0.162136
0.167741
0.174038
0.174038
0.175038
0.166038
0.165180
0.164631
0.166840
0.163807
0.164189
0.164979
0.165777
0.167100
0.165036
0.144423
0.166051
0.165387
0.165457
0.164488
0.165038
0.164267
0.165772
0.166037
0.166400
0.165316
0.166322
0.166039
0.166345
0.166484
0.165285
0.168115
0.165467
0.166037
0.167406
0.165404
0.167071
0.167106
0.165412
0.175606
0.175805
0.161967
0.166797
0.165690
0.145156
0.165403
0.166119
0.165684
0.164701
0.165462
0.166075
0.164877
0.165692
0.163983
0.164955
0.165933
0.164985
0.166789
0.165055
0.164984
0.165397
0.167543
0.115450
0.165576
0.165710
0.165991
0.165264
0.165699
0.164760
0.168244
0.166482
0.164430
0.163534
0.146313
0.166389
0.165475
0.161855
0.164327
0.165720
0.164993
0.165020
0.149004
0.166552
0.163952
0.162650
0.165718
0.164942
0.166067
0.165732
0.158850
0.158690
0.167773
0.167149
0.167208
0.167139
0.167416
0.167706
0.167135
0.175102
0.177039
0.175038
0.166036
0.165038
0.165036
0.165036
0.168037
0.166038
0.166038
0.166037
0.165036
0.165233
0.166036
0.165038
0.165874
0.174839
0.174039
0.164016
0.168038
0.169037
0.169164
0.168124
0.169039
0.170025
0.168303
0.168571
0.168039
0.169169
0.170037
0.169495
0.169069
0.168083
0.167037
0.168638
0.175388
0.174278
0.164500
0.166036
0.166445
0.166039
0.167038
0.166307
0.166131
0.166246
0.165036
0.165678
0.167489
0.165793
0.165498
0.167038
0.169039
0.174040
0.174038
0.169037
0.168037
0.169037
0.169038
0.169039
0.169251
0.167806
0.168330
0.169039
0.169039
0.169039
0.169114
0.168102
0.169096
0.169037
0.169037
0.169101
0.168037
0.175040
0.171656
0.171039
0.171040
0.172039
0.175186
0.176125
0.175039
0.176039
0.167039
0.165035
0.163508
0.166036
0.166656
0.167156
0.166504
0.166440
0.167044
0.171402
0.170039
0.170038
0.172054
0.170365
0.170458
0.166122
0.166038
0.166036
0.168039
0.165537
0.165764
0.166054
0.169039
0.167037
0.167531
0.168039
0.088049
0.173040
0.171122
0.170068
0.167059
0.166037
0.166037
0.168037
0.164638
0.166039
0.167105
0.165856
0.165319
0.166036
0.167005
0.166559
0.166037
0.165052
0.167037
0.167144
0.166238
0.166037
0.166038
0.172040
0.168037
0.167112
0.176114
0.181133
0.166037
0.169038
0.167037
0.167037
0.167354
0.123490
0.166036
0.166256
0.165538
0.165848
0.170037
0.173040
0.175118
0.174038
0.171105
0.168039
0.181337
0.176039
0.176449
0.175040
0.175436
0.174040
0.173040
0.166183
0.166543
0.166417
0.167248
0.167037
0.170039
0.168255
0.167524
0.167853
0.168162
0.168037
0.168983
0.168037
0.168172
0.168038
0.168037
0.169441
0.170037
0.169037
0.168981
0.170038
0.169315
0.170038
0.169605
0.169102
0.169501
0.169037
0.169037
0.169037
0.169646
0.170419
0.169087
0.169457
0.169863
0.176240
0.180040
0.166549
0.169039
0.167120
0.166113
0.165729
0.166036
0.166036
0.166316
0.170038
0.169039
0.170116
0.170037
0.170038
0.170039
0.169038
0.167426
0.168599
0.176041
0.164588
0.168676
0.167037
0.166037
0.165036
0.166211
0.165476
0.171562
0.170038
0.171039
0.171309
0.170002
0.169038
0.169037
0.182040
0.166014
0.167037
0.168430
0.166151
0.165036
0.167037
0.166570
0.165751
0.166036
0.166387
0.165036
0.166037
0.165036
0.166037
0.167037
0.168143
0.174290
0.173038
0.169037
0.174219
0.176041
0.175486
0.173550
0.170161
0.172555
0.175201
0.174038
0.170102
0.170577
0.178213
0.176149
0.177206
0.175112
0.174244
0.171039
0.172805
0.170037
0.168119
0.168037
0.164789
0.179039
0.173806
0.172038
0.169037
0.167425
0.164605
0.165374
0.165312
0.168475
0.171037
0.170396
0.165036
0.166301
0.166170
0.165653
0.167096
0.167037
0.167037
0.167037
0.166037
0.166266
0.165734
0.166119
0.166293
0.165476
0.166038
0.165036
0.166116
0.165036
0.167037
0.168054
0.167704
0.167037
0.167252
0.166481
0.168149
0.168039
0.179039
0.166161
0.167188
0.166142
0.165036
0.165519
0.164925
0.167037
0.166037
0.167039
0.170085
0.171038
0.169234
0.168037
0.150785
0.166224
0.167181
0.166036
0.166054
0.166170
0.165535
0.166036
0.166903
0.166361
0.167037
0.167037
0.179672
0.167037
0.169037
0.167037
0.166217
0.167327
0.167037
0.166036
0.166345
0.166037
0.166036
0.166036
0.167243
0.168037
0.167039
0.166036
0.177112
0.172242
0.174515
0.177039
0.176039
0.176039
0.177039
0.174515
0.177344
0.174038
0.173038
0.170038
0.171081
0.171038
0.169155
0.167296
0.168110
0.167037
0.148641
0.163775
0.169038
0.170037
0.168043
0.168038
0.167140
0.167037
0.167037
0.168037
0.168037
0.167052
0.167365
0.165485
0.167103
0.166513
0.166036
0.167367
0.167037
0.175056
0.180039
0.181072
0.181040
0.177039
0.178039
0.175040
0.175039
0.179039
0.175057
0.179041
0.177056
0.167107
0.168037
0.170037
0.170052
0.171029
0.171038
0.170038
0.167037
0.166037
0.165036
0.165036
0.165036
0.165538
0.166037
0.166037
0.166036
0.170351
0.171038
0.168037
0.167485
0.167037
0.175945
0.176039
0.176039
0.180039
0.176039
0.176365
0.180623
0.166037
0.168037
0.167037
0.167173
0.166169
0.164349
0.166259
0.166037
0.166217
0.167996
0.167491
0.167177
0.165101
0.166607
0.168068
0.167037
0.167535
0.167037
0.167037
0.167068
0.167314
0.176890
0.174554
0.173377
0.174038
0.171101
0.171038
0.169037
0.169037
0.169354
0.168337
0.167527
0.168371
0.168039
0.167434
0.168037
0.168037
0.170037
0.172039
0.173038
0.171757
0.171785
0.171450
0.184044
0.183042
0.182040
0.184041
0.183846
0.177039
0.176039
0.179039
0.180039
0.167069
0.168268
0.166132
0.165581
0.164037
0.165036
0.166037
0.166116
0.165753
0.168452
0.168513
0.168037
0.169512
0.168037
0.168160
0.168073
0.169037
0.168210
0.167622
0.183040
0.182040
0.183042
0.180040
0.178040
0.176029
0.174037
0.172435
0.171194
0.170038
0.168037
0.170038
0.169037
0.169037
0.169070
0.169037
0.169037
0.171037
0.168037
0.169037
0.168037
0.169037
0.150983
0.169054
0.169102
0.168369
0.169151
0.169080
0.168888
0.169326
0.168155
0.170274
0.170320
0.170415
0.169529
0.171037
0.170463
0.168123
0.165351
0.167075
0.171785
0.171208
0.167899
0.167037
0.176242
0.179137
0.180101
0.176039
0.181040
0.176054
0.180042
0.175039
0.175039
0.176039
0.176080
0.176039
0.179041
0.166036
0.162209
0.165037
0.167037
0.169428
0.171038
0.170110
0.170037
0.169037
0.169037
0.169037
0.166092
0.165036
0.168037
0.166036
0.165330
0.166037
0.167523
0.173038
0.172038
0.169037
0.177039
0.180039
0.174085
0.178979
0.175040
0.179053
0.180039
0.176039
0.179040
0.165036
0.167036
0.176039
0.178385
0.177039
0.176039
0.173038
0.172385
0.172338
0.171038
0.175039
0.171566
0.172102
0.167423
0.167037
0.169037
0.172133
0.172038
0.170679
0.167818
0.168751
0.176913
0.178891
0.166080
0.168477
0.166119
0.166498
0.166037
0.165203
0.165298
0.166036
0.165416
0.165253
0.165037
0.165125
0.167010
0.166499
0.167264
0.167713
0.166574
0.167803
0.167581
0.170876
0.170840
0.171329
0.170878
0.173821
0.171321
0.172038
0.173197
0.173038
0.172038
0.179255
0.175749
0.172314
0.172535
0.173316
0.170484
0.170265
0.169271
0.169376
0.167845
0.168629
0.167413
0.169114
0.168207
0.168037
0.169038
0.169037
0.169037
0.169755
0.166279
0.169037
0.169037
0.169038
0.170311
0.168044
0.167610
0.114240
0.161933
0.165520
0.163296
0.163566
0.166662
0.167028
0.167600
0.168030
0.167740
0.166877
0.166597
0.166394
0.167686
0.167500
0.168244
0.167554
0.168163
0.168538
0.173937
0.173220
0.172867
0.174715
0.177184
0.174038
0.174039
0.178039
0.176039
0.178381
0.177161
0.177577
0.176417
0.175230
0.171783
0.174223
0.172452
0.169038
0.170943
0.171650
0.171257
0.169997
0.171513
0.171396
0.170300
0.168752
0.147446
0.169037
0.180670
0.177571
0.176467
0.175977
0.178505
0.176443
0.173460
0.173356
0.169291
0.168071
0.167229
0.169745
0.167572
0.167924
0.168001
0.167776
0.168851
0.168671
0.169024
0.167127
0.168565
0.169456
0.168216
0.169529
0.167712
0.171777
0.168115
0.167552
0.168132
0.167203
0.169224
0.167921
0.168074
0.167227
0.169071
0.167685
0.168411
0.168411
0.169266
0.178273
0.178442
0.179188
0.181517
0.183450
0.180040
0.185040
0.183042
0.182647
0.180703
0.178525
0.177660
0.179109
0.177409
0.180899
0.178607
0.179011
0.169784
0.167227
0.167242
0.163764
0.160917
0.171978
0.171039
0.171038
0.172038
0.168564
0.169037
0.168037
0.168037
0.169038
0.168496
0.167037
0.169113
0.166086
0.167037
0.169037
0.168488
0.169289
0.168409
0.168164
0.168335
0.167419
0.167605
0.167737
0.167933
0.166663
0.168541
0.169355
0.168505
0.167923
0.167539
0.167547
0.168167
0.167576
0.167379
0.167663
0.168304
0.167954
0.168716
0.168035
0.168660
0.167514
0.167401
0.167390
0.170254
0.168299
0.164249
0.168124
0.167279
0.169037
0.169663
0.167745
0.168724
0.167938
0.169311
0.168081
0.168010
0.168631
0.169216
0.168147
0.167531
0.169584
0.168547
0.166826
0.166644
0.167291
0.169355
0.165757
0.167012
0.167665
0.168106
0.167968
0.168788
0.169174
0.167343
0.167711
0.168213
0.147034
0.167791
0.168790
0.168442
0.169009
0.168816
0.168041
0.167861
0.169756
0.168528
0.167346
0.165250
0.167868
0.167037
0.168037
0.168365
0.169037
0.168037
0.169037
0.168036
0.167442
0.168068
0.168037
0.168357
0.169961
0.170074
0.170313
0.170038
0.169037
0.168248
0.169234
0.170095
0.169764
0.169401
0.168887
0.168321
0.169649
0.169352
0.150330
0.167850
0.167224
0.168025
0.169277
0.168820
0.169051
0.168501
0.166624
0.168037
0.168679
0.169163
0.167093
0.167191
0.168037
0.168545
0.167552
0.167386
0.168326
0.168046
0.168889
0.167143
0.166109
0.167037
0.172038
0.172038
0.171142
0.168183
0.167037
0.167037
0.167104
0.167155
0.167100
0.167717
0.167315
0.167037
0.151033
0.166151
0.166036
0.166496
0.166106
0.165036
0.166384
0.166311
0.165048
0.166125
0.166096
0.166036
0.164036
0.166037
0.166037
0.165681
0.165595
0.166036
0.167037
0.167037
0.168037
0.170989
0.171037
0.170979
0.171564
0.167954
0.167606
0.166436
0.165852
0.166037
0.166434
0.166117
0.165163
0.169864
0.170346
0.170628
0.169928
0.169956
0.167103
0.166324
0.168627
0.168323
0.167751
0.167372
0.167251
0.168465
0.165803
0.166933
0.167268
0.167728
0.170552
0.169249
0.169758
0.169304
0.170290
0.170118
0.170037
0.170132
0.170427
0.170678
0.169509
0.169338
0.170374
0.152388
0.168074
0.168117
0.170038
0.169692
0.168158
0.168586
0.169971
0.169917
0.166408
0.166173
0.167050
0.171869
0.170261
0.167197
0.166985
0.168176
0.165964
0.164065
0.167373
0.167359
0.167377
0.168215
0.167656
0.168098
0.167554
0.167366
0.169205
0.168541
0.168896
0.168086
0.168603
0.169136
0.167052
0.169217
0.167770
0.167795
0.168629
0.168782
0.168209
0.168372
0.168884
0.138292
0.166784
0.166742
0.167120
0.168303
0.167037
0.167037
0.167037
0.167036
0.167037
0.166037
0.166037
0.167037
0.166267
0.167522
0.167379
0.167036
0.166036
0.168037
0.167037
0.166687
0.112654
0.168047
0.167327
0.165659
0.167263
0.166809
0.167615
0.168643
0.167439
0.168037
0.166710
0.167473
0.167788
0.167037
0.168037
0.167037
0.166092
0.167014
0.166824
0.168037
0.168072
0.167037
0.167037
0.167037
0.167037
0.167037
0.167120
0.166036
0.167037
0.167196
0.167866
0.166037
0.167439
0.167083
0.166975
0.167592
0.167093
0.167338
0.167847
0.167910
0.167422
0.165630
0.166614
0.167602
0.167471
0.167528
0.168049
0.166599
0.165574
0.167236
0.166544
0.167037
0.167574
0.166494
0.166037
0.168055
0.167480
0.168037
0.167036
0.166215
0.167037
0.167037
0.167055
0.166799
0.166037
0.165801
0.167089
0.167367
0.167652
0.167201
0.166036
0.166595
0.165257
0.166213
0.167038
0.165860
0.167086
0.168097
0.166172
0.166066
0.167573
0.167544
0.178360
0.182460
0.180040
0.179515
0.179535
0.176039
0.175039
0.176039
0.175039
0.173038
0.170732
0.168350
0.167037
0.167037
0.167037
0.168273
0.167037
0.167265
0.167036
0.167037
0.168231
0.166049
0.166036
0.166037
0.166037
0.168368
0.167486
0.166898
0.166212
0.166020
0.166947
0.166533
0.166853
0.165830
0.166913
0.165394
0.165910
0.165237
0.167037
0.167037
0.166441
0.165105
0.166037
0.166694
0.166935
0.167036
0.167037
0.166950
0.167109
0.167240
0.166173
0.166901
0.166938
0.166969
0.167254
0.167987
0.167643
0.168037
0.168038
0.168037
0.168037
0.168037
0.168037
0.168037
0.168092
0.168037
0.169037
0.169037
0.167906
0.169325
0.167714
0.168126
0.168478
0.168270
0.168823
0.168020
0.168752
0.169209
0.174085
0.172873
0.173562
0.175507
0.172956
0.171960
0.170250
0.171365
0.168923
0.169498
0.168379
0.168510
0.167856
0.167496
0.167398
0.168540
0.168136
0.168536
0.166878
0.168309
0.167948
0.168669
0.167949
0.169644
0.169056
0.168037
0.168496
0.168808
0.168250
0.167829
0.167855
0.168315
0.168037
0.168037
0.168243
0.168618
0.167037
0.169037
0.169037
0.168070
0.169960
0.170928
0.170994
0.171038
0.169112
0.168037
0.168037
0.169037
0.168114
0.168037
0.168730
0.168037
0.169110
0.168036
0.168037
0.168037
0.168430
0.168037
0.168037
0.169037
0.168037
0.169037
0.169037
0.168037
0.168299
0.167390
0.168040
0.168449
0.167816
0.167037
0.167764
0.168643
0.168195
0.168101
0.145244
0.167932
0.167569
0.168535
0.168044
0.168110
0.167183
0.166831
0.167081
0.166872
0.166954
0.166526
0.166929
0.167171
0.167563
0.169242
0.169102
0.184153
0.175110
0.174419
0.172233
0.170427
0.168741
0.169155
0.168692
0.169935
0.169562
0.167686
0.168037
0.167037
0.167563
0.167114
0.168449
0.168037
0.168037
0.167037
0.168095
0.167037
0.175039
0.174038
0.172959
0.174428
0.172596
0.171037
0.173038
0.170038
0.172038
0.170038
0.169057
0.169037
0.169038
0.169037
0.170038
0.168039
0.168037
0.168037
0.168510
0.169652
0.168220
0.167481
0.168077
0.168037
0.168038
0.168037
0.168218
0.168506
0.169037
0.168395
0.168037
0.164036
0.166036
0.167037
0.167210
0.168037
0.168092
0.168037
0.166448
0.168036
0.168037
0.167557
0.167286
0.167036
0.168182
0.168037
0.168038
0.168036
0.168037
0.169037
0.167920
0.165548
0.166778
0.168309
0.167886
0.167038
0.168038
0.167756
0.169037
0.168036
0.168037
0.168037
0.168037
0.168037
0.168098
0.169161
0.169221
0.169037
0.168037
0.169037
0.168092
0.167860
0.167037
0.168037
0.168037
0.145512
0.167812
0.167517
0.167495
0.167610
0.167670
0.166909
0.166501
0.166531
0.167201
0.167333
0.166563
0.167575
0.167223
0.167581
0.166037
0.165571
0.167993
0.167154
0.166521
0.165633
0.167068
0.166036
0.167243
0.166409
0.165841
0.166667
0.167727
0.166888
0.168898
0.168887
0.169040
0.168373
0.167694
0.168792
0.167151
0.168288
0.146490
0.166986
0.168162
0.166692
0.167388
0.166648
0.167844
0.167014
0.167083
0.167560
0.167184
0.165698
0.167704
0.167761
0.165047
0.166171
0.165946
0.167400
0.166676
0.166208
0.167035
0.167666
0.148504
0.167037
0.167037
0.167545
0.168023
0.167846
0.166984
0.167078
0.167670
0.166839
0.166294
0.166470
0.166656
0.167065
0.167212
0.166931
0.167247
0.168055
0.166100
0.166439
0.166933
0.168551
0.169037
0.168401
0.168484
0.169253
0.168446
0.168981
0.168761
0.168750
0.169521
0.170193
0.168883
0.168868
0.168812
0.169346
0.169538
0.169940
0.167953
0.169037
0.168846
0.169037
0.169464
0.125879
0.167899
0.168329
0.168998
0.168318
0.167778
0.168851
0.171561
0.169619
0.168240
0.168835
0.169078
0.168555
0.167143
0.168589
0.169388
0.167671
0.167037
0.166718
0.168222
0.167778
0.168453
0.168595
0.168944
0.168593
0.169402
0.167612
0.168037
0.167948
0.168786
0.181823
0.179780
0.180092
0.182786
0.177018
0.175317
0.178041
0.179294
0.163465
0.172912
0.173256
0.162816
0.167074
0.168483
0.168595
0.168237
0.167345
0.166969
0.168269
0.167239
0.166117
0.168715
0.168680
0.167815
0.168104
0.168240
0.167583
0.168123
0.168540
0.162287
0.168401
0.167552
0.167174
0.168158
0.167554
0.168409
0.168899
0.169380
0.167645
0.167531
0.168917
0.169928
0.169462
0.168865
0.169038
0.167561
0.167262
0.167163
0.166834
0.167346
0.168037
0.168964
0.167433
0.167481
0.167835
0.168117
0.168493
0.147777
0.167992
0.167513
0.168178
0.167838
0.160863
0.167258
0.166699
0.166784
0.169857
0.168539
0.168476
0.168821
0.168243
0.168037
0.168278
0.169364
0.168697
0.169536
0.169672
0.169770
0.170303
0.167531
0.168178
0.168634
0.167940
0.169171
0.167979
0.167860
0.167989
0.168015
0.167870
0.167908
0.168494
0.167245
0.176565
0.174722
0.344474
0.336987
0.331970
0.315065
0.333431
0.345779
0.187034
0.172037
0.173038
0.170951
0.170567
0.171037
0.168149
0.166037
0.166036
0.164750
0.165036
0.165036
0.166343
0.165056
0.166037
0.163255
0.166103
0.153028
0.169037
0.168037
0.166037
0.166036
0.166113
0.166124
0.165036
0.166037
0.166124
0.165586
0.166037
0.165140
0.166037
0.165036
0.166036
0.166139
0.166036
0.165036
0.167096
0.166037
0.164082
0.166036
0.166037
0.165036
0.165469
0.165037
0.166570
0.165037
0.166085
0.166036
0.165355
0.164038
0.166036
0.167037
0.166036
0.167037
0.166037
0.165036
0.165036
0.165450
0.166039
0.165037
0.164036
0.167037
0.169037
0.169029
0.169039
0.168099
0.169037
0.168037
0.168037
0.168037
0.168037
0.168736
0.169038
0.168037
0.169037
0.168634
0.169037
0.168037
0.167416
0.169037
0.169039
0.169347
0.169037
0.167289
0.168037
0.168097
0.167037
0.168133
0.169037
0.170109
0.167037
0.167247
0.167567
0.172038
0.171037
0.172038
0.169037
0.167053
0.168037
0.168039
0.168405
0.167037
0.167036
0.167142
0.167037
0.165533
0.165748
0.167037
0.166037
0.167249
0.167339
0.167567
0.166037
0.146210
0.165114
0.165270
0.164036
0.166037
0.165036
0.166106
0.165036
0.167377
0.166039
0.165036
0.166036
0.165036
0.166037
0.166749
0.166036
0.165036
0.167037
0.166037
0.166037
0.168039
0.168442
0.167037
0.168071
0.167037
0.167037
0.167469
0.166246
0.168074
0.166167
