2.300789
6.416872
0.145210
0.158035
0.162905
0.160504
0.162322
0.165285
0.165148
0.168181
0.172786
0.169446
0.160189
0.159347
0.159593
0.160183
0.161105
0.125027
0.164387
0.167787
0.168731
0.158866
0.160703
0.159359
0.159171
0.159823
0.161185
0.161162
0.164936
0.128252
0.163062
0.164454
0.167361
0.166750
0.149705
0.161035
0.159934
0.161463
0.160538
0.161597
0.160823
0.162247
0.159852
0.160380
0.173884
0.170963
0.164183
0.159212
0.161585
0.162067
0.157254
0.161772
0.160634
0.159594
0.172437
0.169465
0.164319
0.161175
0.161035
0.161342
0.161501
0.161223
0.160380
0.160340
0.163809
0.165204
0.166318
0.157325
0.165355
0.166287
0.168037
0.168912
0.169464
0.166358
0.161056
0.160272
0.160980
0.162496
0.162884
0.160792
0.163013
0.163149
0.166480
0.166096
0.129435
0.159210
0.161558
0.163346
0.165353
0.165900
0.172474
0.170911
0.165319
0.161036
0.161036
0.159919
0.162486
0.163408
0.163874
0.167225
0.167484
0.154667
0.161701
0.164819
0.166175
0.166267
0.168217
0.169739
0.169768
0.165807
0.161954
0.161216
0.161056
0.162033
0.163462
0.160876
0.160292
0.198585
0.173143
0.175039
0.163105
0.161432
0.163454
0.160805
0.163240
0.161903
0.162647
0.162551
0.163276
0.165533
0.165528
0.165793
0.166959
0.170451
0.173275
0.155210
0.162276
0.165717
0.133414
0.163167
0.162620
0.162553
0.163231
0.164844
0.170592
0.163320
0.159148
0.160571
0.161210
0.160974
0.164176
0.161201
0.124082
0.162406
0.163198
0.162258
0.163353
0.160912
0.162500
0.164023
0.165239
0.170006
0.171260
0.175354
0.171038
0.168037
0.161186
0.163178
0.162421
0.155696
0.160759
0.161051
0.160174
0.162237
0.162532
0.163757
0.163211
0.165973
0.165083
0.166666
0.163605
0.162809
0.160505
0.160969
0.163031
0.162249
0.146646
0.160114
0.160683
0.162036
0.163917
0.162822
0.165747
0.166193
0.167717
0.165822
0.170790
0.170949
0.161189
0.160534
0.162253
0.162286
0.164399
0.124567
0.161072
0.162538
0.160343
0.162712
0.162112
0.163349
0.162036
0.163494
0.163161
0.165266
0.166137
0.166651
0.175069
0.175262
0.169223
0.162957
0.154138
0.162495
0.163235
0.162482
0.162415
0.160300
0.162584
0.163231
0.162648
0.161240
0.161330
0.164036
0.163276
0.165905
0.169037
0.163223
0.160036
0.151534
0.163176
0.164121
0.163116
0.161873
0.162492
0.162211
0.160779
0.163036
0.164036
0.199138
0.141308
0.161412
0.161502
0.163012
0.173383
0.171891
0.160319
0.167192
0.163741
0.163920
0.163958
0.162036
0.163377
0.161036
0.160738
0.161414
0.161650
0.165037
0.164036
0.165159
0.164710
0.165037
0.177040
0.177039
0.177178
0.170127
0.164413
0.160740
0.161036
0.164394
0.162986
0.163935
0.162245
0.162036
0.161035
0.162036
0.163578
0.163132
0.163130
0.147014
0.163036
0.125175
0.160793
0.162649
0.160287
0.163100
0.160479
0.162390
0.164036
0.165425
0.164663
0.163936
0.175337
0.175680
0.169827
0.167871
0.161985
0.161896
0.147839
0.162035
0.160325
0.161625
0.162637
0.160174
0.166096
0.163322
0.163222
0.165939
0.166154
0.167106
0.167688
0.167173
0.166441
0.165036
0.166281
0.167140
0.176207
0.173145
0.170615
0.160035
0.160985
0.160801
0.163407
0.162140
0.160985
0.160821
0.161779
0.161386
0.162178
0.163817
0.161824
0.162122
0.163898
0.153185
0.164131
0.164211
0.163522
0.163631
0.164277
0.165575
0.164809
0.165863
0.166866
0.166310
0.164858
0.166331
0.168473
0.168434
0.168590
0.167694
0.168668
0.131885
0.164784
0.164545
0.165050
0.164262
0.163609
0.165039
0.165410
0.166279
0.166037
0.165521
0.168615
0.168212
0.169976
0.172564
0.170568
0.172805
0.173713
0.155216
0.168037
0.170038
0.169576
0.171038
0.170164
0.169986
0.172325
0.171053
0.170495
0.171038
0.175164
0.180040
0.175404
0.172537
0.164736
0.161674
0.152470
0.164092
0.164201
0.163319
0.164132
0.162975
0.163203
0.164143
0.163513
0.164161
0.164036
0.165151
0.166183
0.167460
0.169189
0.168349
0.167452
0.169155
0.148453
0.162605
0.167748
0.167810
0.168835
0.168977
0.169121
0.169957
0.172549
0.168125
0.172517
0.170264
0.172143
0.175897
0.176588
0.172345
0.166316
0.157773
0.167072
0.162254
0.165001
0.163819
0.163781
0.161939
0.162743
0.163203
0.163428
0.163036
0.162170
0.162185
0.164037
0.163760
0.164137
0.164512
0.165249
0.143807
0.163036
0.163036
0.166810
0.167037
0.174038
0.173874
0.172203
0.164196
0.162304
0.163189
0.163089
0.163568
0.163791
0.161655
0.162839
0.163036
0.146446
0.163809
0.163888
0.162591
0.166857
0.165780
0.167524
0.166200
0.165935
0.168500
0.167358
0.166185
0.168333
0.167346
0.168104
0.168165
0.166826
0.167946
0.160208
0.164525
0.166692
0.166131
0.178554
0.178039
0.173038
0.170921
0.163583
0.161790
0.162924
0.163672
0.164606
0.164937
0.163446
0.163067
0.164370
0.123328
0.161036
0.163525
0.163265
0.162942
0.164311
0.165400
0.164755
0.164861
0.166469
0.166530
0.165602
0.167462
0.169260
0.168771
0.167698
0.169332
0.165893
0.145682
0.159201
0.161569
0.130837
0.163448
0.166298
0.164920
0.164493
0.164728
0.165037
0.164669
0.164732
0.165277
0.165383
0.164501
0.165085
0.165299
0.166016
0.149705
0.161306
0.162035
0.163036
0.164352
0.169724
0.167735
0.167992
0.170084
0.169523
0.169308
0.173290
0.173139
0.171337
0.172184
0.170038
0.170709
0.170599
0.159353
0.164647
0.164485
0.167088
0.165688
0.170020
0.167469
0.163036
0.164036
0.163146
0.165079
0.163597
0.163407
0.162877
0.164050
0.161051
0.162363
0.142577
0.162862
0.163036
0.164036
0.162623
0.163697
0.168253
0.168428
0.168622
0.166821
0.168954
0.168907
0.169415
0.172790
0.171038
0.170124
0.171461
0.167058
0.135877
0.163311
0.162777
0.161120
0.164037
0.165375
0.168443
0.168063
0.166320
0.167202
0.166388
0.166821
0.167971
0.167089
0.168303
0.167740
0.166870
0.167126
0.142721
0.164355
0.163065
0.165102
0.166037
0.164871
0.175394
0.173156
0.171356
0.167249
0.164593
0.162873
0.163484
0.165036
0.162035
0.162450
0.163343
0.159041
0.163613
0.163247
0.161445
0.164365
0.165304
0.164177
0.167258
0.166922
0.167488
0.167500
0.167159
0.165733
0.168363
0.165447
0.167052
0.166567
0.166780
0.151050
0.162036
0.163511
0.163130
0.163460
0.162792
0.163903
0.166126
0.167675
0.166025
0.167110
0.166710
0.168148
0.167169
0.167313
0.167037
0.169038
0.169036
0.133708
0.163167
0.161541
0.163586
0.164093
0.166225
0.165217
0.163674
0.163844
0.164560
0.164645
0.165534
0.164967
0.165043
0.164633
0.164944
0.164301
0.165093
0.148421
0.162289
0.162770
0.165345
0.164620
0.165037
0.165398
0.169387
0.168554
0.169165
0.170346
0.172025
0.172044
0.169859
0.172298
0.174264
0.171037
0.170409
0.157131
0.162290
0.164638
0.163634
0.165014
0.165654
0.164579
0.169037
0.170038
0.174417
0.170675
0.172130
0.172123
0.176229
0.171286
0.165697
0.163206
0.151254
0.164580
0.163960
0.160703
0.162535
0.162934
0.163103
0.163402
0.164584
0.163783
0.163698
0.164966
0.166179
0.167727
0.168149
0.166163
0.165879
0.167472
0.154354
0.162728
0.165306
0.164352
0.165650
0.165313
0.165169
0.165387
0.172103
0.171494
0.170941
0.171773
0.173247
0.170125
0.169248
0.170400
0.172731
0.173199
0.158295
0.164334
0.165468
0.165342
0.165462
0.167304
0.167184
0.167110
0.176271
0.175523
0.171410
0.166691
0.163163
0.163820
0.164274
0.163694
0.163285
0.133141
0.164108
0.163867
0.164575
0.163966
0.162953
0.163036
0.144125
0.162969
0.164650
0.164086
0.162497
0.161036
0.164315
0.165130
0.166011
0.165135
0.166500
0.157476
0.164934
0.166038
0.165322
0.165444
0.166037
0.165410
0.164342
0.165239
0.172333
0.171189
0.170826
0.168134
0.168383
0.169950
0.167588
0.167819
0.168358
0.146315
0.162777
0.117136
0.164036
0.162377
0.163920
0.163953
0.162772
0.164225
0.165246
0.166088
0.170356
0.170038
0.172208
0.172284
0.168810
0.174716
0.171021
0.155231
0.164781
0.172544
0.170196
0.174100
0.177040
0.181125
0.177039
0.174369
0.163729
0.163270
0.164603
0.163826
0.164919
0.164098
0.163785
0.162793
0.123812
0.163442
0.163525
0.163981
0.166801
0.163409
0.163902
0.163275
0.162473
0.163840
0.166841
0.173405
0.170572
0.173048
0.171063
0.171737
0.170233
0.168787
0.163080
0.164498
0.164517
0.164926
0.166640
0.167928
0.165586
0.166037
0.163238
0.169337
0.177042
0.175235
0.174675
0.169353
0.163115
0.163098
0.163553
0.154470
0.163061
0.162120
0.163406
0.162616
0.164237
0.164840
0.163277
0.163438
0.164322
0.166179
0.168857
0.169311
0.167262
0.168037
0.167435
0.167047
0.168246
0.136757
0.164300
0.095232
0.174119
0.173063
0.170038
0.163036
0.163036
0.166602
0.162249
0.163036
0.167063
0.163037
0.165324
0.166278
0.166037
0.166664
0.164580
0.153034
0.163235
0.166460
0.165224
0.168037
0.167037
0.167037
0.167907
0.170038
0.171038
0.171935
0.180040
0.173037
0.164296
0.173049
0.168370
0.164036
0.156000
0.166336
0.165037
0.165103
0.164410
0.164036
0.164560
0.164039
0.164184
0.162999
0.165038
0.162035
0.165036
0.166056
0.166037
0.166595
0.166036
0.166091
0.155238
0.166912
0.166218
0.165995
0.166037
0.165835
0.165036
0.165503
0.165037
0.166036
0.166520
0.165099
0.169634
0.171450
0.169796
0.172038
0.171038
0.171245
0.155650
0.164037
0.165036
0.165036
0.166096
0.167036
0.166022
0.165337
0.164577
0.165037
0.166036
0.166051
0.168590
0.169037
0.169017
0.167046
0.168037
0.169222
0.155287
0.160858
0.166516
0.165071
0.166037
0.167036
0.167616
0.165036
0.166036
0.168037
0.168037
0.168198
0.171004
0.171041
0.173038
0.172140
0.171037
0.170038
0.162150
0.165632
0.165537
0.167045
0.166830
0.169619
0.169291
0.169386
0.169037
0.168037
0.169037
0.169443
0.175088
0.169037
0.163037
0.164506
0.164316
0.146214
0.164626
0.165037
0.164037
0.165334
0.164452
0.165484
0.163036
0.165122
0.163036
0.164537
0.144032
0.161393
0.164929
0.166037
0.165037
0.165036
0.164126
0.143032
0.164036
0.156532
0.165036
0.164036
0.163918
0.166108
0.166882
0.165036
0.165037
0.166037
0.165947
0.165036
0.178345
0.174107
0.171038
0.164037
0.154168
0.171397
0.168037
0.164832
0.162242
0.162036
0.163215
0.165036
0.165036
0.164378
0.164036
0.163128
0.163260
0.165628
0.166143
0.165168
0.165556
0.168108
0.157115
0.164341
0.172047
0.168152
0.171181
0.173578
0.176485
0.175039
0.178463
0.180060
0.174038
0.165036
0.162036
0.164134
0.166037
0.165461
0.164924
0.144685
0.161501
0.165036
0.165613
0.163536
0.162313
0.163422
0.165061
0.164605
0.166148
0.166037
0.165330
0.167097
0.165359
0.166037
0.168037
0.167045
0.167038
0.148033
0.167037
0.166518
0.168038
0.167037
0.166390
0.165623
0.166099
0.168037
0.169038
0.168058
0.167045
0.168037
0.168038
0.169044
0.178627
0.181832
0.171736
0.176396
0.175038
0.167037
0.164296
0.163660
0.165036
0.166036
0.166049
0.164161
0.165324
0.164838
0.164803
0.165036
0.167309
0.166036
0.175800
0.173038
0.175039
0.164036
0.163427
0.164036
0.163372
0.163894
0.164366
0.163057
0.168444
0.164036
0.167037
0.162096
0.164036
0.164338
0.165227
0.166037
0.169618
0.161319
0.167039
0.170037
0.171038
0.170153
0.167037
0.167037
0.167037
0.167157
0.166037
0.166525
0.167415
0.167129
0.167512
0.172038
0.173038
0.170726
0.174038
0.158035
0.166082
0.166036
0.166036
0.166868
0.166702
0.167037
0.167037
0.166373
0.167037
0.167114
0.167119
0.168360
0.168037
0.170038
0.170395
0.167774
0.171375
0.139043
0.164927
0.164036
0.164824
0.166037
0.166037
0.166037
0.166037
0.167603
0.166860
0.166922
0.167464
0.167037
0.167649
0.165116
0.167037
0.167037
0.180039
0.167037
0.171462
0.173043
0.170290
0.170837
0.172137
0.174038
0.175269
0.174278
0.174898
0.174039
0.172112
0.170038
0.172047
0.174996
0.180442
0.181040
0.158314
0.168594
0.169037
0.169037
0.165036
0.167037
0.166037
0.166037
0.166441
0.166116
0.167805
0.166036
0.166500
0.167037
0.169037
0.164756
0.166037
0.166037
0.152195
0.167037
0.168064
0.165777
0.166036
0.166278
0.169208
0.169104
0.169102
0.169312
0.167037
0.166036
0.166037
0.166036
0.165942
0.166348
0.167037
0.168036
0.163036
0.169086
0.169090
0.168763
0.170038
0.167037
0.165036
0.167098
0.170777
0.170386
0.170125
0.166474
0.167037
0.165991
0.166441
0.148032
0.164036
0.165036
0.092759
0.165701
0.163893
0.165523
0.167037
0.166036
0.167493
0.166125
0.167035
0.164930
0.166232
0.165126
0.167037
0.168931
0.167713
0.168035
0.168037
0.167779
0.169587
0.177039
0.177039
0.173038
0.176038
0.171037
0.175189
0.174777
0.183076
0.184041
0.178039
0.173919
0.168534
0.163697
0.163036
0.165036
0.164036
0.143879
0.164022
0.165575
0.164036
0.164037
0.166501
0.165037
0.165281
0.165321
0.165036
0.163035
0.166037
0.165996
0.164260
0.166491
0.167368
0.168047
0.169037
0.166385
0.168830
0.169037
0.167036
0.165036
0.167170
0.169493
0.170173
0.170038
0.172038
0.169056
0.169749
0.170127
0.170037
0.170241
0.168172
0.170038
0.166231
0.159204
0.169037
0.172038
0.171167
0.173038
0.172178
0.170038
0.168492
0.169038
0.169037
0.171178
0.173453
0.167724
0.168271
0.166037
0.166037
0.156034
0.164036
0.140476
0.167056
0.166562
0.167036
0.167891
0.164375
0.168122
0.167036
0.167487
0.167474
0.167954
0.167037
0.166037
0.166516
0.167037
0.167037
0.168106
0.167026
0.161415
0.171246
0.170249
0.170155
0.169562
0.170070
0.172900
0.171038
0.171038
0.170613
0.174691
0.178118
0.179040
0.182040
0.184322
0.180040
0.174039
0.156035
0.177261
0.170038
0.164278
0.162369
0.165992
0.166037
0.164037
0.166037
0.165159
0.166071
0.168935
0.169038
0.169139
0.169038
0.168350
0.166355
0.168038
0.144032
0.170038
0.168037
0.168036
0.170038
0.170143
0.171037
0.170989
0.167051
0.163835
0.166338
0.169036
0.170038
0.170037
0.169592
0.169037
0.167037
0.169038
0.156121
0.170408
0.172801
0.171276
0.170038
0.169037
0.169037
0.169038
0.168648
0.168037
0.168037
0.167097
0.167786
0.168558
0.167954
0.167837
0.168038
0.168037
0.140186
0.166199
0.166038
0.164036
0.167037
0.167611
0.167548
0.172320
0.168702
0.171642
0.171037
0.166036
0.167037
0.168338
0.169038
0.170036
0.168038
0.168036
0.161098
0.167335
0.167543
0.169251
0.168128
0.168199
0.168314
0.169037
0.168037
0.168037
0.169449
0.167909
0.167969
0.167904
0.168290
0.168037
0.168037
0.167306
0.126370
0.167086
0.168375
0.166044
0.168037
0.168346
0.168765
0.169115
0.168037
0.167037
0.168037
0.168730
0.167037
0.168313
0.169038
0.167037
0.168746
0.168011
0.164654
0.166083
0.171775
0.172038
0.171037
0.171194
0.170636
0.170040
0.171558
0.171001
0.171038
0.174201
0.175695
0.177039
0.179040
0.179229
0.181461
0.177729
0.179671
0.175369
0.165036
0.167910
0.169529
0.171383
0.172047
0.170038
0.170038
0.169168
0.170038
0.170920
0.170050
0.172038
0.172048
0.172302
0.172423
0.159035
0.328374
0.348088
0.346638
0.346571
0.336735
0.343073
0.345245
0.309530
0.158220
0.155034
0.158736
0.154054
0.157317
0.159035
0.159035
0.157058
0.095802
0.176116
0.173756
0.168036
0.164036
0.166037
0.165929
0.163527
0.164369
0.163144
0.163559
0.165036
0.165036
0.165378
0.166037
0.166145
0.166036
0.165198
0.176945
0.179305
0.182411
0.179503
0.167603
0.168228
0.162417
0.163227
0.164036
0.163148
0.164036
0.164908
0.164896
0.163275
0.164036
0.166036
0.167167
0.141047
0.166036
0.165910
0.165036
0.166037
0.170452
0.170546
0.170706
0.173038
0.172039
0.169951
0.170038
0.171675
0.185041
0.180040
0.173490
0.168570
0.160259
0.167987
0.167037
0.167286
0.167562
0.168107
0.169037
0.169037
0.168037
0.167071
0.169216
0.169144
0.170259
0.167780
0.166037
0.167037
0.167271
0.167037
0.165215
0.168037
0.168527
0.169961
0.167422
0.172534
0.177949
0.173442
0.174875
0.177039
0.177039
0.180039
0.178154
0.173038
0.168598
0.165657
0.166111
0.145793
0.170037
0.167267
0.165161
0.166010
0.166037
0.168037
0.171038
0.172038
0.169067
0.168191
0.168079
0.169335
0.168152
0.168213
0.167037
0.165036
0.172137
0.156035
0.170038
0.171038
0.170771
0.172195
0.170869
0.172880
0.176110
0.170167
0.170832
0.171147
0.170500
0.170038
0.169016
0.170278
0.170903
0.171456
0.171470
0.167426
0.169403
0.169037
0.169037
0.169037
0.169037
0.169388
0.180040
0.181656
0.178098
0.167734
0.167041
0.166543
0.168037
0.167037
0.166055
0.166036
0.147296
0.167037
0.169564
0.165118
0.167569
0.166318
0.167577
0.165294
0.168247
0.169037
0.169175
0.169037
0.169864
0.175461
0.174823
0.170459
0.169886
0.170037
0.148035
0.167037
0.167473
0.167036
0.168384
0.170037
0.170038
0.170971
0.177107
0.172875
0.176111
0.174039
0.177673
0.175133
0.176255
0.176039
0.175137
0.172379
0.155121
0.168856
0.169641
0.171038
0.173620
0.172038
0.171223
0.171123
0.170038
0.172609
0.172334
0.172041
0.174448
0.173987
0.170732
0.173488
0.173985
0.173311
0.158034
0.166104
0.170071
0.170038
0.169047
0.169037
0.170499
0.169996
0.173038
0.173432
0.172822
0.172585
0.173354
0.172199
0.171365
0.172336
0.179776
0.183193
0.171944
0.176039
0.172530
0.167246
0.165700
0.158035
0.169038
0.170038
0.177039
0.177038
0.176308
0.171884
0.171038
0.175053
0.176521
0.178301
0.177039
0.175039
0.120026
0.169180
0.168361
0.168465
0.172329
0.169083
0.167959
0.169037
0.174038
0.174416
0.176039
0.174038
0.175038
0.174038
0.173562
0.171108
0.166758
0.170038
0.161808
0.171145
0.171037
0.171212
0.168970
0.112024
0.165036
0.164952
0.164951
0.165608
0.172107
0.172322
0.173039
0.174038
0.173038
0.167160
0.168037
0.169038
0.143046
0.167260
0.165247
0.166662
0.168038
0.167483
0.167037
0.167707
0.185815
0.183857
0.182040
0.174157
0.166036
0.166703
0.167842
0.165036
0.167036
0.138030
0.170062
0.167036
0.169166
0.166036
0.166036
0.164036
0.169037
0.167790
0.168975
0.167037
0.166645
0.167464
0.166036
0.168131
0.167760
0.168036
0.169037
0.141031
0.164747
0.167766
0.166199
0.166037
0.167036
0.169037
0.167506
0.169331
0.172091
0.171039
0.173176
0.174039
0.173060
0.172564
0.174038
0.169818
0.168521
0.154317
0.175038
0.173053
0.170038
0.172038
0.165036
0.168155
0.170844
0.165359
0.183375
0.181120
0.176500
0.167649
0.169037
0.169038
0.167822
0.168448
0.144798
0.169254
0.169141
0.168037
0.169037
0.168469
0.169081
0.169037
0.168037
0.170066
0.169016
0.168494
0.168715
0.162064
0.168037
0.167689
0.167037
0.168037
0.164139
0.169037
0.169756
0.170098
0.168679
0.169210
0.167635
0.167741
0.169320
0.168036
0.171650
0.168037
0.166097
0.169038
0.171067
0.171663
0.173038
0.172144
0.148965
0.167082
0.166037
0.171037
0.170909
0.171412
0.168046
0.166377
0.167037
0.169720
0.180074
0.175040
0.173038
0.151033
0.169322
0.167595
0.167670
0.169187
0.144032
0.167037
0.165369
0.167412
0.166745
0.168064
0.168036
0.168037
0.167292
0.167327
0.173292
0.175510
0.174038
0.171398
0.170544
0.169752
0.167266
0.182656
0.172186
0.172170
0.173416
0.172622
0.172038
0.173038
0.170539
0.171351
0.171029
0.168934
0.168530
0.168372
0.170767
0.170038
0.170328
0.170378
0.169823
0.169611
0.165128
0.171610
0.167081
0.168965
0.168037
0.170038
0.169037
0.168037
0.170930
0.172038
0.174038
0.175039
0.176423
0.175837
0.173919
0.172038
0.172292
0.173039
0.089020
0.172187
0.167037
0.166036
0.169037
0.168037
0.169231
0.167141
0.169161
0.167037
0.168037
0.166482
0.167037
0.167189
0.168111
0.168263
0.170037
0.169346
0.147340
0.163929
0.166693
0.168037
0.166995
0.169037
0.169123
0.169037
0.168261
0.128498
0.169037
0.168363
0.167902
0.168399
0.165339
0.169037
0.171415
0.175493
0.163036
0.168607
0.169545
0.170150
0.169037
0.170037
0.168630
0.169145
0.169037
0.174139
0.178356
0.177039
0.171840
0.171482
0.168037
0.167037
0.165863
0.167415
0.154741
0.172504
0.172038
0.173571
0.175039
0.174330
0.174038
0.175224
0.174548
0.174038
0.173326
0.172727
0.167607
0.169037
0.171503
0.176683
0.176039
0.176039
0.158690
0.170269
0.167037
0.168356
0.166764
0.164909
0.171038
0.170037
0.170037
0.170463
0.174137
0.172037
0.173528
0.173038
0.186159
0.188120
0.175513
0.161756
0.175272
0.174503
0.172084
0.173185
0.171147
0.172214
0.172119
0.173100
0.169804
0.170996
0.171038
0.170037
0.172038
0.171185
0.173039
0.170857
0.168968
0.157034
0.167037
0.177375
0.171293
0.169780
0.170037
0.171037
0.170409
0.170654
0.171038
0.170037
0.172039
0.172038
0.171561
0.169355
0.170183
0.170038
0.170038
0.152759
0.169037
0.171038
0.169037
0.172038
0.168730
0.170039
0.170133
0.169485
0.168037
0.168271
0.181625
0.183667
0.182540
0.178039
0.175039
0.168366
0.162302
0.174381
0.166326
0.169037
0.170038
0.169124
0.168128
0.170169
0.169037
0.169037
0.167561
0.168268
0.177409
0.173692
0.170164
0.171040
0.170037
0.173038
0.150000
0.170038
0.171039
0.171038
0.171134
0.170038
0.172392
0.170972
0.171182
0.170037
0.172038
0.172426
0.178039
0.177039
0.175537
0.174039
0.174712
0.175268
0.145495
0.164036
0.167037
0.168037
0.169037
0.170413
0.172848
0.169037
0.174038
0.172115
0.173067
0.169984
0.172474
0.173038
0.169176
0.166531
0.168586
0.170386
0.163036
0.175510
0.173682
0.168967
0.170735
0.170019
0.172683
0.173387
0.172462
0.171210
0.171522
0.172173
0.184041
0.186592
0.186506
0.180997
0.172641
0.163036
0.176038
0.169843
0.169037
0.168928
0.170037
0.171038
0.171110
0.169178
0.174129
0.169463
0.175039
0.169037
0.180050
0.177632
0.177432
0.176687
0.177039
0.170360
0.173500
0.171471
0.165310
0.169037
0.172921
0.176039
0.175038
0.175215
0.168036
0.169037
0.170037
0.169037
0.172600
0.173583
0.175871
0.176039
0.171037
0.148041
0.169037
0.166838
0.168038
0.167036
0.169614
0.169037
0.168780
0.168395
0.170037
0.175038
0.175039
0.170038
0.172038
0.172038
0.172175
0.170038
0.170409
0.148246
0.169317
0.167037
0.169037
0.168037
0.170037
0.169038
0.169037
0.169037
0.170058
0.168036
0.170749
0.168072
0.168418
0.170038
0.171038
0.171038
0.170037
0.167037
0.171038
0.170037
0.170038
0.169202
0.170811
0.168656
0.170038
0.170037
0.171037
0.170150
0.171038
0.170068
0.175519
0.178653
0.180039
0.182344
0.179269
0.161278
0.172285
0.168279
0.169037
0.170398
0.171309
0.170037
0.170312
0.170005
0.169777
0.171202
0.171340
0.168101
0.172918
0.174087
0.172219
0.172813
0.172174
0.162081
0.170135
0.168590
0.169490
0.168129
0.170193
0.170037
0.170038
0.170890
0.171128
0.170992
0.170038
0.170585
0.171343
0.173563
0.172815
0.173524
0.173038
0.132226
0.173040
0.172194
0.171365
0.173459
0.172038
0.172865
0.172930
0.174922
0.165626
0.167524
0.166476
0.171063
0.178039
0.179234
0.179190
0.178689
0.174038
0.161978
0.171389
0.167170
0.169494
0.169037
0.169369
0.170357
0.170465
0.171037
0.170037
0.170037
0.170164
0.171476
0.184112
0.179377
0.171604
0.167273
0.160439
0.167517
0.169256
0.169037
0.169038
0.168111
0.166627
0.168701
0.168054
0.168037
0.177234
0.174283
0.172058
0.171361
0.182140
0.182425
0.177039
0.167879
0.181197
0.176465
0.170125
0.170097
0.170036
0.171037
0.171474
0.170369
0.171499
0.170549
0.170523
0.171061
0.168896
0.169037
0.176040
0.174038
0.174038
0.161250
0.170329
0.171317
0.173608
0.173038
0.172776
0.172073
0.174038
0.171196
0.172646
0.172037
0.174096
0.173880
0.174038
0.174038
0.184236
0.179302
0.166924
0.168937
0.169971
0.170037
0.173038
0.169037
0.171486
0.171038
0.172038
0.172303
0.173290
0.172215
0.171138
0.168037
0.172039
0.172163
0.183039
0.175196
0.180133
0.177039
0.175039
0.170846
0.168050
0.169334
0.168701
0.170038
0.168136
0.168037
0.169037
0.169037
0.169038
0.167924
0.167173
0.168644
0.172433
0.159211
0.166051
0.179497
0.173915
0.168068
0.170691
0.171776
0.173123
0.170228
0.173526
0.172687
0.172366
0.172039
0.168610
0.172130
0.172038
0.172419
0.172254
0.155055
0.169400
0.169969
0.171464
0.173038
0.174038
0.171037
0.172122
0.172269
0.172038
0.172038
0.171479
0.173127
0.171459
0.170151
0.170373
0.171049
0.177520
0.154794
0.169525
0.171622
0.238113
0.166038
0.170038
0.199030
0.196489
0.183040
0.176420
0.175039
0.173136
0.175039
0.175267
0.174305
0.174118
0.175163
0.179878
0.168017
0.171462
0.173650
0.174038
0.172738
0.172532
0.176039
0.173302
0.170038
0.170038
0.170898
0.174367
0.177039
0.178255
0.176039
0.170992
0.170037
0.152034
0.161036
0.170219
0.170038
0.169038
0.167693
0.167898
0.171038
0.170022
0.170038
0.167037
0.170038
0.169327
0.172038
0.172038
0.172697
0.172041
0.171198
0.174243
0.128397
0.169126
0.169037
0.172038
0.172038
0.168037
0.169037
0.171843
0.170253
0.170527
0.172231
0.172038
0.172038
0.172237
0.171968
0.172038
0.172039
0.174039
0.159034
0.169936
0.168910
0.170199
0.171037
0.172098
0.169037
0.169179
0.169037
0.170037
0.171519
0.171037
0.170037
0.171378
0.170923
0.171037
0.171038
0.143766
0.170454
0.170037
0.170037
0.170472
0.171108
0.171343
0.170023
0.170228
0.171495
0.172314
0.171464
0.174038
0.175039
0.174214
0.175038
0.175039
0.178951
0.164917
0.177669
0.178039
0.182051
0.184143
0.176375
0.175039
0.174754
0.170038
0.169038
0.174128
0.177101
0.180676
0.182040
0.181040
0.174748
0.173038
0.174039
0.170038
0.171035
0.170439
0.171571
0.174128
0.170559
0.173038
0.172038
0.173038
0.172038
0.172559
0.171037
0.171067
0.170609
0.171665
0.174583
0.173038
0.172038
0.172038
0.173074
0.171279
0.172038
0.172959
0.173038
0.173509
0.172981
0.173038
0.172037
0.175424
0.171533
0.168479
0.172152
0.175039
0.180737
0.179039
0.181615
0.160249
0.170038
0.172038
0.171877
0.174371
0.170524
0.173038
0.172038
0.174114
0.175038
0.175038
0.174038
0.174038
0.174038
0.173133
0.174644
0.172227
0.174363
0.159035
0.169703
0.169037
0.172037
0.173038
0.174039
0.174038
0.178039
0.182850
0.187130
0.185041
0.185347
0.183040
0.178039
0.173932
0.171643
0.172038
0.151783
0.173038
0.173049
0.170974
0.171773
0.136152
0.173038
0.171039
0.172037
0.171299
0.173038
0.172038
0.172068
0.170991
0.171595
0.171680
0.172038
0.171750
0.172321
0.184041
0.184041
0.179923
0.178303
0.172038
0.171268
0.173259
0.171452
0.171215
0.172038
0.172290
0.173080
0.172085
0.172134
0.098022
0.081018
0.082018
0.082017
0.092957
0.078767
0.083184
0.085654
0.080559
0.083018
0.134030
0.094254
0.083018
0.087019
0.097021
0.100022
0.079017
0.081018
0.077696
0.078162
0.075366
0.079065
0.080017
0.081018
0.085019
0.081017
0.079522
0.082297
0.077747
0.078897
0.077172
0.075425
0.081662
0.081084
0.080571
0.076482
0.077046
0.075340
0.077936
0.081469
0.086571
0.084803
0.082597
0.073771
0.074460
0.076111
0.075773
0.078145
0.077599
0.080122
0.075016
0.075173
0.074070
0.088427
0.075017
0.075181
0.076272
0.079350
0.074486
0.079154
0.075242
0.075922
0.075572
0.093635
0.074096
0.074017
0.075017
0.074739
0.076247
0.075762
0.074371
0.076824
0.076203
0.074200
0.074390
0.076334
0.092538
0.073668
0.078193
0.076017
0.073542
0.073355
0.074542
0.075016
0.076142
0.078421
0.074160
0.073208
0.075120
0.076837
0.075233
0.074508
0.075017
0.071400
0.075231
0.074234
0.071973
0.079762
0.075504
0.074404
0.075553
0.096754
0.075443
0.075652
0.075216
0.076358
0.074399
0.088134
0.071235
0.081970
0.077596
0.075714
0.095083
0.076686
0.076828
0.075973
0.073641
0.074765
0.074750
0.075948
0.075448
0.074944
0.076621
0.075395
0.075108
0.073922
0.077017
0.076415
0.075687
0.072602
0.074979
0.075599
0.073359
0.073305
0.075069
0.079803
0.076005
0.074134
0.075159
0.072016
0.075262
0.074643
0.073992
0.080665
0.075017
0.075016
0.075016
0.072016
0.100619
0.091269
0.102056
0.087943
0.160234
0.157035
0.114025
0.154034
0.154034
0.141031
0.181273
0.179039
0.149567
0.117026
0.158656
0.160036
0.160034
0.159035
0.135030
0.149034
0.158035
0.160035
0.149032
0.174467
0.146032
0.125444
0.160036
0.160825
0.157796
0.154034
0.173038
0.169037
0.199044
0.192042
0.180474
0.180040
0.182040
0.178970
0.170644
0.164117
0.160887
0.160035
0.146033
0.158034
0.158035
0.159035
0.159400
0.160035
0.160036
0.159756
0.158890
0.158411
0.160217
0.161036
0.160775
0.160035
0.158035
0.158035
0.160304
0.163107
0.162035
0.172021
0.173409
0.168993
0.164036
0.167037
0.167992
0.167037
0.162036
0.166037
0.164294
0.166631
0.159035
0.159585
0.158223
0.159036
0.156034
0.160623
0.156034
0.173039
0.172038
0.170038
0.167787
0.166102
0.166037
0.169405
0.171181
0.169323
0.167432
0.165148
0.168038
0.165104
0.163036
0.163501
0.160318
0.160036
0.135553
0.171172
0.167386
0.166272
0.165036
0.167051
0.167037
0.165036
0.163036
0.161432
0.164037
0.164037
0.164037
0.163546
0.163190
0.162300
0.162036
0.163036
0.129711
0.162207
0.161036
0.164036
0.162619
0.164036
0.165401
0.164618
0.165889
0.165037
0.166166
0.167037
0.163391
0.162035
0.161036
0.162655
0.163036
0.161077
0.146033
0.172714
0.173149
0.168038
0.167037
0.164037
0.171437
0.161056
0.161036
0.161036
0.162036
0.163036
0.163909
0.161036
0.162682
0.160649
0.162078
0.144114
0.159035
0.173038
0.171004
0.166253
0.166057
0.164030
0.169002
0.165498
0.166873
0.166081
0.169547
0.166580
0.163036
0.159035
0.162464
0.162036
0.161036
0.163230
0.147557
0.166327
0.169616
0.168037
0.170038
0.166037
0.168923
0.166291
0.166036
0.166037
0.167863
0.167640
0.166812
0.164201
0.165037
0.164639
0.164036
0.163956
0.144031
0.165172
0.162036
0.163036
0.165036
0.164611
0.163625
0.164035
0.165036
0.164036
0.164037
0.163634
0.167037
0.164225
0.163036
0.164037
0.165123
0.163904
0.144439
0.162994
0.162036
0.164036
0.164181
0.165037
0.164058
0.163412
0.165037
0.165036
0.163037
0.165301
0.163202
0.164873
0.165037
0.165037
0.165037
0.165036
0.159808
0.165492
0.163036
0.164036
0.164036
0.163668
0.145699
0.165540
0.165036
0.164036
0.164364
0.165036
0.167410
0.163143
0.164036
0.164036
0.164045
0.165258
0.160780
0.166046
0.165199
0.167037
0.165037
0.165036
0.163065
0.165036
0.164036
0.164036
0.161990
0.162424
0.165139
0.163036
0.165037
0.165051
0.164037
0.164546
0.153857
0.166036
0.165036
0.165036
0.164029
0.164254
0.167169
0.166037
0.165037
0.166037
0.161036
0.185009
0.182690
0.177417
0.171038
0.172038
0.164656
0.167620
0.164036
0.167037
0.165036
0.162562
0.162866
0.163991
0.167742
0.164037
0.164036
0.165249
0.163556
0.164275
0.168037
0.165036
0.164668
0.166037
0.165036
0.164426
0.144135
0.173039
0.173038
0.172844
0.166959
0.167309
0.166037
0.168037
0.180040
0.176039
0.170809
0.169038
0.167037
0.168037
0.169737
0.168831
0.169501
0.171052
0.159035
0.182040
0.178656
0.173900
0.170805
0.171819
0.170231
0.170038
0.166850
0.169328
0.168036
0.172866
0.174038
0.171038
0.170038
0.173293
0.171038
0.169037
0.156226
0.169047
0.168813
0.170038
0.171038
0.170691
0.170038
0.170038
0.170368
0.169435
0.165033
0.171038
0.173038
0.170037
0.170038
0.169037
0.170075
0.171048
0.147992
0.170037
0.171540
0.168179
0.169521
0.168037
0.170038
0.170201
0.168601
0.162036
0.165036
0.164036
0.166766
0.166037
0.167348
0.172117
0.169037
0.171038
0.160036
0.171147
0.171038
0.170038
0.169963
0.171038
0.170037
0.171384
0.145882
0.172038
0.169037
0.169037
0.171038
0.170038
0.169038
0.165036
0.165036
0.164037
0.142013
0.163978
0.166037
0.164036
0.165037
0.166035
0.166036
0.166480
0.166502
0.167036
0.166037
0.166045
0.166037
0.166037
0.166388
0.166037
0.166038
0.165036
0.137030
0.164164
0.166037
0.166037
0.165276
0.166037
0.167042
0.165138
0.167036
0.166037
0.166037
0.165036
0.166184
0.167037
0.163578
0.168037
0.167037
0.167037
0.149363
0.167036
0.166933
0.166036
0.166036
0.164036
0.165994
0.166037
0.165036
0.166037
0.167037
0.166037
0.168239
0.165037
0.164458
0.166037
0.166036
0.173038
0.167281
0.169038
0.167416
0.168037
0.167309
0.167527
0.166215
0.168496
0.167036
0.168059
0.166037
0.167540
0.170038
0.167037
0.167037
0.168461
0.166037
0.167253
0.164036
0.168037
0.177066
0.172038
0.167037
0.167003
0.167037
0.166037
0.165144
0.166037
0.166514
0.167135
0.171119
0.170038
0.168532
0.166424
0.166310
0.166037
0.155034
0.167036
0.166753
0.167037
0.166297
0.167684
0.166037
0.167037
0.166211
0.164036
0.165164
0.165036
0.170037
0.167215
0.167051
0.167639
0.166951
0.167037
0.146032
0.167061
0.166037
0.166036
0.167036
0.166036
0.167583
0.166072
0.167037
0.166671
0.167394
0.165736
0.166336
0.168038
0.183041
0.170038
0.169037
0.167037
0.162035
0.167158
0.166035
0.168075
0.167037
0.168037
0.167037
0.164829
0.164036
0.166036
0.166037
0.166037
0.165036
0.168037
0.150697
0.165557
0.166128
0.165036
0.159035
0.166037
0.167984
0.167037
0.165036
0.167037
0.166036
0.167190
0.166037
0.167037
0.167036
0.167037
0.167990
0.166036
0.166037
0.167037
0.166037
0.168038
0.151033
0.166037
0.165797
0.167037
0.169037
0.168121
0.168037
0.167037
0.166308
0.166036
0.168038
0.166036
0.173038
0.170688
0.166299
0.166037
0.166037
0.164713
0.138466
0.164248
0.167037
0.167037
0.166036
0.167037
0.168037
0.167152
0.166330
0.167037
0.167060
0.167067
0.169038
0.168037
0.168037
0.166035
0.167037
0.165036
0.153121
0.169221
0.168311
0.167037
0.168037
0.166296
0.167037
0.165462
0.167037
0.168037
0.168038
0.167037
0.168037
0.167207
0.167037
0.166036
0.167037
0.166037
0.163037
0.165399
0.152034
0.167037
0.166037
0.166037
0.167440
0.167037
0.168037
0.168037
0.166575
0.166037
0.167228
0.166775
0.165037
0.166036
0.167036
0.167037
0.129482
0.167713
0.167037
0.167046
0.164556
0.166037
0.167037
0.167037
0.166038
0.167013
0.173038
0.173038
0.175041
0.174039
0.166037
0.167905
0.166038
0.163833
0.161895
0.175090
0.173770
0.175039
0.175038
0.174582
0.173129
0.165658
0.167037
0.167037
0.167037
0.167015
0.171045
0.167037
0.167643
0.165036
0.165036
0.167037
0.156240
0.165513
0.169035
0.165183
0.168036
0.172038
0.168513
0.167194
0.166428
0.166036
0.165036
0.168037
0.174039
0.168971
0.165036
0.165035
0.168037
0.169038
0.114726
0.168188
0.167035
0.167038
0.168447
0.167036
0.168658
0.168708
0.167037
0.169038
0.168636
0.169038
0.169128
0.166037
0.168037
0.167036
0.168037
0.169037
0.155034
0.168265
0.167037
0.168083
0.166037
0.168966
0.168037
0.168036
0.169037
0.168037
0.168162
0.169188
0.169547
0.168037
0.167037
0.168555
0.170037
0.169038
0.149350
0.167134
0.165037
0.167813
0.167037
0.167037
0.170134
0.168431
0.169363
0.169105
0.167037
0.167815
0.168038
0.168037
0.167037
0.168037
0.169038
0.166636
0.135031
0.169037
0.168401
0.167875
0.169037
0.168038
0.168037
0.167037
0.168505
0.167037
0.168036
0.169037
0.170247
0.166402
0.168503
0.168177
0.169037
0.182041
0.146866
0.171668
0.169038
0.167036
0.167678
0.171798
0.166037
0.166801
0.168038
0.168817
0.165037
0.168037
0.175316
0.171528
0.169424
0.170038
0.169375
0.168037
0.162036
0.169038
0.168995
0.167037
0.169037
0.168541
0.168037
0.167037
0.166036
0.168037
0.167037
0.168037
0.171345
0.169038
0.170038
0.168930
0.170038
0.170038
0.136315
0.168037
0.168037
0.169534
0.168037
0.167037
0.169471
0.167037
0.168560
0.170038
0.168037
0.169038
0.170977
0.167410
0.168037
0.167054
0.167372
0.168914
0.160036
0.169037
0.167037
0.169451
0.168036
0.168330
0.165945
0.167037
0.169037
0.166295
0.168037
0.168957
0.172038
0.169037
0.167147
0.168036
0.173038
0.169070
0.150269
0.166038
0.168037
0.171973
0.167104
0.168314
0.167736
0.168037
0.218049
0.181931
0.175677
0.172216
0.168036
0.167037
0.165871
0.167286
0.167039
0.135030
0.156425
0.167589
0.166061
0.168038
0.167037
0.147156
0.167607
0.168038
0.170038
0.169037
0.169046
0.144041
0.168037
0.166803
0.166928
0.168623
0.167078
0.167568
0.161035
0.168037
0.168037
0.167036
0.168037
0.168037
0.166865
0.167037
0.168037
0.166893
0.169038
0.167408
0.167038
0.167036
0.167462
0.168036
0.168037
0.167528
0.146032
0.181040
0.172038
0.169423
0.169071
0.168037
0.168976
0.168077
0.168385
0.167037
0.170038
0.169038
0.168650
0.168037
0.166779
0.166889
0.168540
0.170417
0.158828
0.168053
0.167493
0.169038
0.166948
0.169037
0.168037
0.169721
0.169038
0.168046
0.167098
0.170067
0.167305
0.169262
0.168037
0.169036
0.168335
0.170038
0.163036
0.169738
0.168037
0.169038
0.167218
0.167007
0.167212
0.168445
0.168037
0.168038
0.167037
0.169037
0.171218
0.169038
0.169038
0.170110
0.170820
0.169063
0.152034
0.168038
0.168036
0.169037
0.168037
0.168038
0.168909
0.169881
0.170038
0.168037
0.166904
0.167164
0.171038
0.166951
0.169037
0.168037
0.169945
0.169037
0.202283
0.165232
0.169038
0.171243
0.173249
0.172211
0.170038
0.169038
0.169038
0.171038
0.167749
0.168037
0.175039
0.174039
0.169744
0.169578
0.168021
0.166037
0.148033
0.167037
0.169038
0.170038
0.168989
0.168651
0.169037
0.170038
0.169042
0.168139
0.167504
0.169037
0.168037
0.167037
0.167114
0.166544
0.167928
0.169037
0.161036
0.168384
0.169269
0.168511
0.168038
0.169038
0.167037
0.169117
0.169397
0.168832
0.167037
0.130233
0.171038
0.168703
0.166530
0.169401
0.168221
0.168037
0.152033
0.167037
0.167037
0.168897
0.168115
0.168037
0.168241
0.167925
0.167515
0.169038
0.168558
0.169038
0.170375
0.168036
0.167574
0.168037
0.169038
0.165036
0.123370
0.174379
0.169083
0.169363
0.168037
0.168037
0.167775
0.167920
0.169319
0.170037
0.166959
0.168037
0.169478
0.170013
0.169052
0.169004
0.167376
0.168037
0.137031
0.174039
0.172332
0.170038
0.165483
0.179040
0.180315
0.169582
0.169038
0.169182
0.170038
0.170038
0.170038
0.168447
0.169037
0.167363
0.178039
0.170540
0.155034
0.165339
0.169038
0.169038
0.169338
0.168542
0.168037
0.168295
0.169038
0.169551
0.168855
0.167120
0.170944
0.170611
0.170038
0.171038
0.169059
0.169037
0.151340
0.169037
0.170037
0.172178
0.168958
0.169783
0.169038
0.169037
0.168160
0.169037
0.169059
0.169037
0.173051
0.169335
0.171038
0.169843
0.168088
0.169862
0.155876
0.169162
0.170038
0.170060
0.169038
0.169130
0.168036
0.169037
0.169683
0.169239
0.168762
0.169038
0.190039
0.186042
0.188042
0.189062
0.187366
0.187154
0.163000
0.169574
0.168345
0.167388
0.170038
0.169180
0.169038
0.169037
0.169285
0.167238
0.167037
0.167036
0.175039
0.173626
0.170511
0.170367
0.169037
0.169038
0.165045
0.168037
0.168533
0.167529
0.169037
0.168037
0.170447
0.167729
0.166530
0.168037
0.168036
0.169594
0.170038
0.169038
0.168633
0.169037
0.168037
0.167037
0.148803
0.168128
0.169433
0.170038
0.170038
0.170038
0.169045
0.169037
0.169500
0.167037
0.171038
0.170751
0.178919
0.174280
0.169047
0.166037
0.167154
0.174038
0.151033
0.170491
0.170196
0.170349
0.171038
0.171295
0.168400
0.169038
0.171038
0.172038
0.171038
0.171038
0.173517
0.171038
0.169601
0.170038
0.168264
0.169918
0.140336
0.170038
0.170038
0.170875
0.170197
0.171053
0.170480
0.171002
0.170473
0.171038
0.169925
0.170626
0.170557
0.170038
0.170195
0.171038
0.169860
0.172044
0.151916
0.171373
0.170375
0.169699
0.169823
0.171484
0.169037
0.171242
0.171126
0.168941
0.171038
0.171410
0.174320
0.170037
0.170037
0.182114
0.174109
0.171038
0.132029
0.196044
0.180093
0.171038
0.170474
0.169038
0.169028
0.169038
0.167316
0.165944
0.168037
0.169037
0.170038
0.167082
0.168037
0.168280
0.168037
0.169038
0.133030
0.167794
0.163955
0.168293
0.168037
0.168037
0.167049
0.168037
0.167037
0.170476
0.169038
0.167037
0.168620
0.167649
0.174646
0.172194
0.169038
0.169038
0.135030
0.167037
0.169190
0.168386
0.167037
0.167037
0.167824
0.166852
0.166131
0.168037
0.165036
0.167037
0.170038
0.169037
0.169149
0.167036
0.168037
0.167762
0.162036
0.166037
0.167283
0.167037
0.166037
0.169037
0.169413
0.167293
0.165305
0.167133
0.166149
0.166037
0.170038
0.168037
0.167037
0.167037
0.164037
0.174039
0.128028
0.161034
0.162036
0.167037
0.167037
0.167122
0.164356
0.166730
0.153034
0.166037
0.166037
0.168037
0.168037
0.168262
0.167037
0.166046
0.165918
0.167037
0.162055
0.165037
0.163036
0.168037
0.168037
0.168376
0.169084
0.169038
0.168047
0.168038
0.164927
0.166523
0.169198
0.169038
0.169038
0.170037
0.168037
0.169038
0.157365
0.167551
0.168037
0.168298
0.166639
0.167660
0.166645
0.166037
0.168037
0.168037
0.169038
0.170213
0.172038
0.134640
0.169692
0.168573
0.170058
0.169236
0.141031
0.167037
0.168037
0.169037
0.168037
0.169510
0.168489
0.168037
0.170038
0.169790
0.167037
0.168502
0.170038
0.168037
0.168015
0.168094
0.169483
0.168037
0.155034
0.168037
0.168443
0.167037
0.166809
0.167037
0.164036
0.165036
0.173325
0.173930
0.171038
0.170038
0.173038
0.170422
0.167472
0.168149
0.166037
0.163036
0.115025
0.168037
0.169037
0.168037
0.168037
0.169038
0.166512
0.168037
0.166519
0.168550
0.167037
0.167036
0.168037
0.166037
0.170038
0.170115
0.168037
0.170171
0.126028
0.180040
0.177451
0.179306
0.190042
0.177040
0.139030
0.168037
0.169038
0.169037
0.168434
0.169038
0.161850
0.167038
0.168651
0.169234
0.168969
0.167037
0.166037
0.100022
0.168662
0.166037
0.169037
0.169596
0.167037
0.166037
0.168038
0.168330
0.167379
0.168037
0.145032
0.169037
0.168319
0.167037
0.169037
0.166037
0.167716
0.131028
0.179740
0.180175
0.187041
0.177039
0.137030
0.168720
0.168037
0.168037
0.168037
0.167806
0.145031
0.168037
0.169824
0.166749
0.166037
0.167037
0.163036
0.170756
0.100387
0.169037
0.169037
0.169038
0.167493
0.166055
0.168058
0.168037
0.167036
0.168037
0.141031
0.169405
0.168931
0.168037
0.168037
0.167294
0.168037
0.168037
0.131029
0.181165
0.183041
0.181040
0.183518
0.180049
0.185041
0.181040
0.161508
0.168037
0.152297
0.168037
0.169054
0.167037
0.168037
0.166188
0.169095
0.167037
0.168037
0.116026
0.169056
0.169037
0.165036
0.169038
0.157881
0.167037
0.167037
0.169158
0.138830
0.167037
0.169037
0.167339
0.168037
0.169150
0.168037
0.168037
0.166851
0.126027
0.182040
0.173287
0.169038
0.165151
0.168652
0.167037
0.169037
0.167450
0.169699
0.167896
0.165037
0.167037
0.168037
0.168493
0.169037
0.167037
0.168037
0.132418
0.168190
0.168037
0.167037
0.168057
0.166715
0.165051
0.167382
0.166037
0.167037
0.168037
0.167494
0.165444
0.167491
0.167037
0.167037
0.167737
0.166037
0.133029
0.172086
0.165313
0.166654
0.166548
0.167037
0.169038
0.167038
0.166818
0.168037
0.165924
0.167037
0.154034
0.169800
0.167037
0.168037
0.168037
0.166056
0.167037
0.170038
0.166037
0.168037
0.168037
0.167198
0.168037
0.169038
0.168037
0.168037
0.167168
0.168037
0.163642
0.164037
0.167047
0.168037
0.168157
0.165417
0.158464
0.167270
0.167037
0.166037
0.167275
0.165807
0.165487
0.168127
0.165036
0.170038
0.168079
0.166504
0.165036
0.167037
0.166037
0.167544
0.167037
0.167037
0.155435
0.167037
0.165036
0.167424
0.167058
0.167524
0.165037
0.167037
0.166037
0.172086
0.166502
0.166739
0.164129
0.166037
0.165036
0.167037
0.162705
0.168038
0.159035
0.167037
0.167037
0.169038
0.168037
0.168247
0.164768
0.167037
0.167037
0.171246
0.167509
0.166037
0.167134
0.166036
0.167037
0.165165
0.167594
0.168308
0.157035
0.169038
0.166037
0.166855
0.168120
0.168037
0.167037
0.166174
0.167037
0.171606
0.169037
0.168037
0.167037
0.167037
0.166783
0.167160
0.166037
0.167037
0.156035
0.168037
0.167789
0.168037
0.168037
0.167699
0.168037
0.167670
0.168037
0.167883
0.165861
0.167037
0.166037
0.165037
0.166776
0.164036
0.166036
0.167384
0.144032
0.167226
0.168037
0.166862
0.165036
0.137028
0.168037
0.170038
0.167116
0.167037
0.167037
0.166162
0.167037
0.167037
0.167409
0.166037
0.169124
0.168015
0.133030
0.170038
0.168494
0.169173
0.168037
0.169038
0.169596
0.170038
0.168332
0.169112
0.167037
0.167037
0.162036
0.169139
0.168118
0.168037
0.166036
0.166621
0.153033
0.168788
0.166037
0.166436
0.167037
0.166037
0.165036
0.167415
0.166037
0.168037
0.167037
0.169278
0.167037
0.167366
0.166139
0.166036
0.167037
0.166037
0.145032
0.168037
0.166037
0.164204
0.167604
0.166540
0.168037
0.168037
0.167037
0.172038
0.168451
0.167223
0.166654
0.165036
0.168153
0.167037
0.167037
0.167045
0.149033
0.167037
0.166088
0.167037
0.166664
0.165082
0.167392
0.166167
0.168037
0.169037
0.164963
0.166037
0.168037
0.167037
0.167037
0.170129
0.164657
0.166156
0.147475
0.168037
0.167037
0.168037
0.165037
0.166532
0.167037
0.168037
0.166133
0.168037
0.167698
0.167037
0.168038
0.168037
0.167037
0.166763
0.167239
0.166683
0.143031
0.167037
0.168037
0.164296
0.166433
0.168462
0.166037
0.168037
0.166037
0.171037
0.165865
0.169036
0.166046
0.166037
0.166217
0.166031
0.168039
0.167037
0.133030
0.165037
0.167037
0.169037
0.165115
0.166035
0.166037
0.166037
0.166850
0.168037
0.167361
0.168037
0.166037
0.167037
0.167449
0.164378
0.150437
0.166037
0.155316
0.168131
0.166489
0.169000
0.166037
0.161036
0.164037
0.167037
0.167036
0.169505
0.167046
0.165036
0.167575
0.167390
0.165810
0.168080
0.167037
0.167037
0.146133
0.167037
0.165081
0.168444
0.168037
0.169037
0.167037
0.168348
0.166988
0.170037
0.168037
0.167037
0.166036
0.168037
0.167037
0.167721
0.168037
0.168037
0.142336
0.167092
0.167654
0.168716
0.166466
0.167038
0.169037
0.170038
0.169253
0.171038
0.169101
0.169038
0.170107
0.169327
0.168037
0.170269
0.169038
0.169037
0.157035
0.170130
0.169231
0.170671
0.168037
0.168037
0.167989
0.168447
0.169185
0.170038
0.169037
0.168037
0.171233
0.169151
0.169046
0.169038
0.169038
0.168601
0.143593
0.168391
0.168549
0.168037
0.169038
0.169037
0.168037
0.168796
0.167769
0.169037
0.168257
0.167676
0.166244
0.169037
0.167287
0.169037
0.168082
0.169037
0.152136
0.169399
0.167037
0.167037
0.167037
0.169422
0.167171
0.168037
0.168172
0.166531
0.167118
0.165037
0.166387
0.165036
0.167212
0.168037
0.168214
0.167472
0.163434
0.167037
0.169037
0.169554
0.169038
0.172038
0.171037
0.171038
0.172037
0.173213
0.171142
0.171038
0.172096
0.171473
0.171039
0.170038
0.170038
0.171296
0.151172
0.172038
0.172153
0.172804
0.170538
0.173640
0.170038
0.171370
0.172038
0.174038
0.170921
0.170038
0.169037
0.170038
0.171527
0.170915
0.172344
0.168571
0.149033
0.170799
0.171038
0.170038
0.169275
0.170037
0.169100
0.168037
0.169163
0.169907
0.171052
0.169037
0.173038
0.171049
0.168558
0.171078
0.168037
0.170127
0.134029
0.169600
0.170110
0.169037
0.170606
0.170038
0.169047
0.168819
0.170038
0.170038
0.169037
0.171038
0.169147
0.169685
0.172524
0.169037
0.169037
0.170038
0.155034
0.169834
0.169477
0.169037
0.171038
0.169045
0.169477
0.168352
0.170038
0.173038
0.158290
0.170128
0.168443
0.170476
0.170037
0.169210
0.169037
0.171923
0.159757
0.170038
0.169037
0.171038
0.170038
0.171038
0.169566
0.171038
0.169038
0.175039
0.174078
0.172030
0.167529
0.169046
0.169037
0.167831
0.170038
0.168282
0.165056
0.169037
0.169152
0.170038
0.169549
0.169434
0.170192
0.170038
0.170038
0.178192
0.174821
0.172046
0.170037
0.167037
0.168047
0.167591
0.169038
0.169140
0.156610
0.171038
0.170115
0.168037
0.169038
0.169322
0.171038
0.169497
0.169038
0.171968
0.169899
0.170038
0.169037
0.168037
0.169127
0.177172
0.169038
0.166036
0.123183
0.181249
0.165157
0.172038
0.170190
0.173038
0.170556
0.172206
0.172038
0.176536
0.173038
0.171038
0.164037
0.164678
0.165036
0.171038
0.171038
0.171038
0.157056
0.170536
0.171735
0.171369
0.171037
0.171142
0.171038
0.173290
0.170395
0.173905
0.172038
0.173048
0.172038
0.172148
0.171617
0.171037
0.171038
0.171038
0.146086
0.172523
0.171038
0.172038
0.171038
0.173038
0.170038
0.166131
0.163231
0.165036
0.164036
0.170038
0.173427
0.168438
0.166037
0.169074
0.169038
0.166008
0.157035
0.169479
0.167037
0.168037
0.167037
0.168037
0.169037
0.167867
0.168037
0.169037
0.167845
0.169037
0.168037
0.167942
0.167036
0.166036
0.167037
0.165036
0.156797
0.169038
0.168037
0.169037
0.167037
0.168037
0.167407
0.167278
0.167037
0.169157
0.167037
0.167782
0.167252
0.167635
0.166545
0.167036
0.168038
0.189634
0.139031
0.167037
0.167037
0.167037
0.166036
0.167354
0.168038
0.167037
0.168037
0.168037
0.168037
0.167545
0.167037
0.168037
0.168037
0.170038
0.166509
0.168306
0.159447
0.169141
0.168303
0.167136
0.167137
0.168341
0.167037
0.168037
0.167037
0.166036
0.164036
0.167259
0.167037
0.167037
0.168482
0.169038
0.168037
0.168098
0.148033
0.167037
0.166202
0.168329
0.168201
0.167037
0.170038
0.168744
0.167063
0.171185
0.168197
0.167534
0.165142
0.166037
0.166414
0.167776
0.167180
0.167669
0.156035
0.168201
0.168037
0.167417
0.167605
0.168037
0.166036
0.167037
0.167409
0.172517
0.168037
0.168037
0.168086
0.168038
0.166052
0.167435
0.168213
0.165355
0.142715
0.166342
0.166205
0.167058
0.167037
0.167173
0.168037
0.166955
0.168037
0.167933
0.164464
0.167300
0.152421
0.167232
0.167037
0.169037
0.168531
0.168037
0.142598
0.169037
0.168468
0.168037
0.168318
0.167037
0.168037
0.166373
0.168037
0.169037
0.167037
0.168037
0.169037
0.169158
0.169037
0.167037
0.166461
0.164036
0.145708
0.167037
0.167352
0.168037
0.168038
0.167428
0.167037
0.167037
0.168037
0.170060
0.167037
0.166037
0.165081
0.167229
0.166037
0.168037
0.167037
0.167037
0.159035
0.169538
0.168037
0.166792
0.165254
0.167820
0.165383
0.168685
0.168200
0.174038
0.170038
0.169135
0.167414
0.167037
0.167058
0.167037
0.165430
0.166453
0.144428
0.168648
0.168037
0.168037
0.168037
0.169037
0.168453
0.168037
0.169208
0.168038
0.167535
0.164890
0.168038
0.170038
0.168037
0.151537
0.168037
0.166898
0.164045
0.169038
0.166623
0.167037
0.164509
0.167576
0.148033
0.168106
0.167037
0.169037
0.168037
0.167302
0.166725
0.168036
0.164965
0.167037
0.165596
0.167465
0.152034
0.168037
0.168037
0.167114
0.167037
0.168787
0.167037
0.149232
0.167037
0.168693
0.165858
0.168037
0.166328
0.169038
0.168037
0.167037
0.167037
0.169038
0.134799
0.168038
0.166037
0.164377
0.169846
0.167037
0.165321
0.168037
0.168037
0.169038
0.167217
0.168194
0.166037
0.166845
0.168037
0.167329
0.166796
0.166037
0.158715
0.168188
0.167038
0.168037
0.168037
0.168037
0.167629
0.165037
0.166732
0.167514
0.168037
0.166213
0.167037
0.167037
0.168038
0.167896
0.167103
0.166037
0.147293
0.167037
0.164725
0.167421
0.168087
0.167037
0.168037
0.166037
0.165612
0.167079
0.167037
0.168037
0.165830
0.165999
0.165362
0.168923
0.167037
0.168037
0.153034
0.167037
0.168037
0.167722
0.166037
0.167037
0.167116
0.163710
0.166145
0.171350
0.159566
0.167037
0.161118
0.168092
0.169003
0.167037
0.167037
0.168107
0.139030
0.169917
0.168884
0.169037
0.167064
0.167037
0.166036
0.167037
0.168900
0.167037
0.167315
0.167037
0.165935
0.166096
0.164940
0.168037
0.168037
0.167821
0.150178
0.169275
0.168037
0.167902
0.164036
0.167005
0.165246
0.168041
0.168223
0.170192
0.169037
0.169037
0.167278
0.174384
0.169037
0.168224
0.167037
0.169038
0.124221
0.167154
0.167037
0.167037
0.168037
0.168154
0.168037
0.167197
0.168037
0.168037
0.168250
0.164762
0.168645
0.166037
0.166037
0.166037
0.166036
0.167037
0.138341
0.169038
0.164036
0.166748
0.166151
0.167474
0.167438
0.167037
0.167037
0.168038
0.168036
0.167656
0.167814
0.167037
0.167142
0.168038
0.167258
0.168163
0.138031
0.171038
0.166037
0.167436
0.166037
0.169038
0.167037
0.169631
0.168037
0.169769
0.167685
0.167883
0.166037
0.167037
0.166037
0.168037
0.168037
0.168151
0.140031
0.167037
0.167037
0.166448
0.165238
0.166047
0.166037
0.167037
0.168037
0.169038
0.167037
0.168454
0.167037
0.167037
0.167037
0.167782
0.166673
0.166037
0.157034
0.166037
0.167037
0.168342
0.170208
0.168037
0.167285
0.168037
0.169533
0.168637
0.166389
0.167037
0.167084
0.165036
0.168037
0.167037
0.167620
0.168037
0.147127
0.168037
0.168675
0.167037
0.167037
0.168037
0.166037
0.167264
0.171363
0.188818
0.185259
0.188370
0.190042
0.193697
0.194445
0.191042
0.193042
0.189104
0.175042
0.176246
0.172038
0.170038
0.171038
0.171485
0.169684
0.171469
0.171037
0.173039
0.160001
0.173743
0.171038
0.170092
0.168933
0.169772
0.171221
0.171172
0.161475
0.172038
0.172038
0.171038
0.171038
0.172038
0.172048
0.173038
0.173038
0.177039
0.171236
0.169535
0.169037
0.173037
0.172038
0.170038
0.170038
0.173103
0.150386
0.171576
0.172270
0.171738
0.171525
0.173086
0.173038
0.171038
0.164036
0.168199
0.165037
0.165688
0.166037
0.167037
0.165718
0.163235
0.170473
0.173039
0.155035
0.171038
0.168037
0.167259
0.167432
0.168037
0.167037
0.167595
0.165417
0.167249
0.165141
0.165036
0.164036
0.166198
0.164036
0.164036
0.167037
0.166038
0.142031
0.170038
0.177039
0.175039
0.176374
0.176039
0.168037
0.168037
0.169038
0.174271
0.172039
0.170038
0.169117
0.167037
0.165037
0.167037
0.165112
0.165036
0.144032
0.168037
0.167049
0.168613
0.168037
0.168417
0.167125
0.165467
0.163931
0.168112
0.168038
0.166036
0.168114
0.167037
0.168192
0.168383
0.166037
0.168038
0.158017
0.168611
0.168019
0.167037
0.167037
0.167037
0.166053
0.168037
0.168051
0.171038
0.169037
0.167037
0.170350
0.167218
0.167038
0.166037
0.167037
0.166045
0.151033
0.167136
0.166789
0.168933
0.167037
0.167673
0.167544
0.168038
0.168037
0.173038
0.168037
0.170037
0.168037
0.167686
0.168037
0.167037
0.167037
0.167354
0.300486
0.344076
0.358080
0.347620
0.361884
0.353077
0.347304
0.359606
0.346164
0.361625
0.366196
0.364211
0.346953
0.349433
0.344055
0.358725
0.177729
0.177039
0.180040
0.181040
0.177039
0.178040
0.181041
0.182039
0.184041
0.186462
0.183455
0.185041
0.181640
0.186146
0.186041
0.178039
0.181416
0.176039
0.181108
0.184385
0.169839
0.163867
0.165037
0.164887
0.164036
0.167037
0.166037
0.164556
0.163036
0.163106
0.164134
0.163740
0.164376
0.163284
0.165037
0.165036
0.164036
0.144109
0.165036
0.165652
0.163036
0.164036
0.164036
0.164268
0.163826
0.164036
0.162036
0.165037
0.164037
0.161036
0.164037
0.164036
0.163036
0.163036
0.164037
0.155034
0.163177
0.163037
0.163037
0.163036
0.163695
0.163544
0.163037
0.165036
0.164037
0.164037
0.164036
0.163403
0.162263
0.165037
0.164036
0.165037
0.163036
0.147033
0.163301
0.177039
0.175040
0.168599
0.166695
0.165691
0.168099
0.166037
0.167037
0.168037
0.166037
0.165610
0.166323
0.166126
0.167090
0.167161
0.164774
0.162227
0.167037
0.165663
0.167037
0.165036
0.166037
0.167425
0.167055
0.165036
0.167061
0.169038
0.167139
0.167554
0.167474
0.140031
0.167037
0.168037
0.167140
0.147033
0.167037
0.166037
0.167037
0.167037
0.166193
0.167792
0.167485
0.166543
0.167037
0.168038
0.168037
0.167622
0.166037
0.170038
0.167630
0.165205
0.164371
0.138030
0.168583
0.166037
0.167037
0.166037
0.168037
0.167037
0.167037
0.167037
0.168037
0.168164
0.169404
0.169038
0.167532
0.167037
0.166037
0.167037
0.166037
0.146032
0.167037
0.166037
0.167121
0.167058
0.167037
0.168618
0.167037
0.167037
0.167037
0.167617
0.167093
0.167037
0.166037
0.167037
0.166662
0.166887
0.167037
0.160036
0.167649
0.167476
0.166048
0.167443
0.166037
0.166037
0.165037
0.167037
0.167645
0.170254
0.169037
0.166015
0.168037
0.167037
0.166037
0.164846
0.166133
0.149033
0.167037
0.167168
0.164717
0.168609
0.167037
0.167037
0.167254
0.165036
0.167470
0.169038
0.168037
0.166073
0.166037
0.165438
0.166889
0.167037
0.166037
0.141031
0.165791
0.166037
0.166527
0.167037
0.166850
0.166037
0.167037
0.164810
0.166202
0.170038
0.167037
0.167037
0.173038
0.165037
0.166318
0.167037
0.166036
0.149033
0.166807
0.165752
0.128028
0.166037
0.168037
0.166037
0.166233
0.165568
0.167037
0.169038
0.168109
0.167037
0.170802
0.169423
0.168037
0.166037
0.167037
0.133030
0.164606
0.173360
0.176039
0.168037
0.167037
0.166383
0.166574
0.166947
0.165037
0.167126
0.166037
0.166103
0.165036
0.166037
0.176039
0.176366
0.175096
0.174676
0.105515
0.081018
0.080018
0.078673
0.078392
0.076017
0.077579
0.079036
0.080017
0.079017
0.082290
0.081020
0.080341
0.080017
0.080018
0.079439
0.080018
0.084019
0.082251
0.098753
0.091020
0.092538
0.089513
0.083554
0.082018
0.080556
0.078017
0.076546
0.074017
0.078244
0.076459
0.078865
0.092469
0.078971
0.078542
0.077974
0.079408
0.074467
0.076017
0.076427
0.075224
0.072948
0.073904
0.091166
0.075202
0.077017
0.080150
0.080730
0.081822
0.080168
0.077399
0.077017
0.076217
0.075231
0.079017
0.077066
0.075254
0.075883
0.076017
0.075838
0.073236
0.074555
0.073887
0.072321
0.072826
0.075296
0.072628
0.074785
0.073503
0.072676
0.072701
0.074253
0.074017
0.075016
0.078003
0.078017
0.076659
0.075270
0.082018
0.100074
0.093020
0.074016
0.075565
0.073274
0.072016
0.073016
0.077017
0.073010
0.073419
0.075129
0.074082
0.075534
0.073530
0.073591
0.073447
0.075701
0.074000
0.094096
0.077398
0.073656
0.073554
0.073010
0.075623
0.074519
0.074055
0.072504
0.075177
0.073076
0.074631
0.073109
0.087761
0.074759
0.075431
0.080379
0.074445
0.081246
0.074654
0.075726
0.076534
0.076134
0.073078
0.074129
0.074217
0.073797
0.074016
0.089049
0.076601
0.079548
0.082379
0.074600
0.075016
0.074157
0.074680
0.075133
0.076025
0.073016
0.084761
0.072983
0.075545
0.075986
0.075297
0.080018
0.073694
0.071152
0.073016
0.073831
0.086019
0.089020
0.092019
0.080679
0.174039
0.179040
0.178227
0.170038
0.169173
0.139989
0.160965
0.167696
0.183745
0.190294
0.185375
0.171338
0.175268
0.181265
0.182108
0.180040
0.186074
0.180295
0.182090
0.182965
0.179943
0.171782
0.172453
0.172307
0.172429
0.172051
0.173340
0.172227
0.171797
0.172340
0.173570
0.176917
0.172489
0.173404
0.172898
0.173754
0.174753
0.176455
0.177823
0.178171
0.174961
0.176039
0.178959
0.182040
0.186495
0.186331
0.180074
0.177525
0.173316
0.172843
0.172038
0.172425
0.172051
0.172132
0.172038
0.173038
0.172038
0.173038
0.175039
0.175518
0.174479
0.173702
0.173038
0.175055
0.181950
0.180565
0.177302
0.173932
0.172623
0.171755
0.172328
0.172132
0.173054
0.171624
0.172405
0.177422
0.178101
0.179630
0.181526
0.180740
0.182041
0.188558
0.187970
0.182719
0.174648
0.179326
0.172032
0.176899
0.179082
0.179633
0.179114
0.165448
0.179669
0.181816
0.170038
0.172590
0.174038
0.173379
0.173946
0.174618
0.180372
0.181244
0.179040
0.188964
0.185232
0.179690
0.173796
0.173434
0.173500
0.172357
0.173791
0.174979
0.173724
0.174339
0.175228
0.173476
0.175116
0.176639
0.176293
0.177724
0.176852
0.178239
0.181160
0.176166
0.172421
0.177944
0.182463
0.190042
0.185796
0.188628
0.186751
0.162249
0.175975
0.179040
0.163628
0.179040
0.177886
0.175044
0.162258
0.175467
0.177266
0.178434
0.166996
0.176119
0.175231
0.177039
0.161035
0.157304
0.175186
0.175909
0.177189
0.177040
0.172837
0.177809
0.161243
0.177606
0.178607
0.163647
0.175909
0.174833
0.177370
0.165594
0.176143
0.177039
0.172074
0.160470
0.175413
0.178715
0.161668
0.177166
0.178860
0.163422
0.141155
0.176211
0.177039
0.154718
0.177002
0.176890
0.177581
0.177082
0.174344
0.163491
0.176126
0.160100
0.177039
0.173417
0.175517
0.178025
0.171931
0.153121
0.176069
0.176258
0.177355
0.156725
0.176962
0.176997
0.177038
0.157034
0.177039
0.176039
0.177038
0.155034
0.176173
0.177515
0.169813
0.176644
0.174476
0.178614
0.169037
0.176038
0.176354
0.159035
0.177039
0.178125
0.178577
0.168521
0.176112
0.177039
0.177547
0.175039
0.174038
0.166585
0.178530
0.171257
0.176261
0.177308
0.166170
0.175943
0.178423
0.172814
0.177575
0.167194
0.175370
0.176315
0.177891
0.156523
0.170175
0.155559
0.180022
0.180697
0.181273
0.175649
0.174037
0.175221
0.174038
0.175039
0.175039
0.178039
0.176228
0.175879
0.178062
0.177192
0.178239
0.178040
0.177040
0.181504
0.176928
0.174630
0.172017
0.173981
0.173251
0.174180
0.172935
0.174176
0.173989
0.172561
0.173038
0.172104
0.175797
0.174148
0.175497
0.176066
0.176492
0.183404
0.186132
0.177218
0.174476
0.174166
0.175524
0.175829
0.175611
0.173890
0.174917
0.175553
0.176217
0.175558
0.176370
0.177039
0.176368
0.177244
0.176986
0.188124
0.186556
0.177589
0.175226
0.175008
0.174261
0.175039
0.174332
0.175109
0.175038
0.175039
0.174660
0.174680
0.172373
0.175835
0.177239
0.176267
0.175725
0.180972
0.182040
0.181409
0.181684
0.180289
0.185878
0.186726
0.184041
0.180990
0.181252
0.183040
0.181170
0.178039
0.179040
0.179262
0.180544
0.178571
0.182039
0.186041
0.174039
0.172370
0.171037
0.173484
0.172977
0.174208
0.164726
0.177456
0.175306
0.172331
0.188023
0.190057
0.182980
0.177337
0.175237
0.175454
0.179308
0.193372
0.193960
0.196611
0.194762
0.185165
0.181551
0.176962
0.171225
0.174423
0.174039
0.174576
0.177672
0.175334
0.173652
0.174038
0.173372
0.174039
0.175013
0.178039
0.176039
0.177039
0.176039
0.176793
0.175769
0.183987
0.181775
0.184895
0.180134
0.176767
0.186194
0.189043
0.195043
0.188549
0.184878
0.180598
0.175041
0.176838
0.175332
0.174073
0.173038
0.174347
0.175038
0.175038
0.175225
0.177591
0.173908
0.175063
0.175252
0.175852
0.175304
0.174655
0.175847
0.174860
0.176039
0.197043
0.188795
0.174314
0.175361
0.173123
0.174029
0.174393
0.174680
0.172994
0.175118
0.175039
0.175377
0.174162
0.176133
0.176033
0.175011
0.175200
0.175873
0.183772
0.182269
0.174996
0.174522
0.174038
0.174967
0.175727
0.175038
0.174038
0.174038
0.173936
0.174135
0.174949
0.176656
0.175466
0.175868
0.177206
0.178314
0.182103
0.179649
0.187041
0.185040
0.184007
0.187632
0.179166
0.175056
0.174484
0.175173
0.175234
0.174757
0.172324
0.174135
0.173990
0.173199
0.174279
0.173000
0.176197
0.180566
0.191941
0.189072
0.184136
0.178504
0.170611
0.175988
0.177521
0.178144
0.178499
0.176081
0.182063
0.176212
0.178087
0.174748
0.176990
0.179616
0.186155
0.187241
0.187047
0.187636
0.192410
0.191970
0.186086
0.180092
0.176545
0.177366
0.175914
0.176278
0.178602
0.176933
0.176535
0.177926
0.177204
0.178597
0.177958
0.178039
0.179024
0.178739
0.177464
0.180813
0.181066
0.179674
0.179513
0.177104
0.177255
0.178183
0.178623
0.180116
0.178145
0.178565
0.177039
0.178479
0.183041
0.187197
0.187018
0.187140
0.186041
0.183040
0.182040
0.181359
0.179039
0.175551
0.172038
0.175038
0.175438
0.174860
0.175039
0.174038
0.175038
0.175039
0.175039
0.175444
0.176225
0.175067
0.176638
0.177941
0.175366
0.176584
0.186869
0.184201
0.183171
0.176808
0.174175
0.173647
0.175557
0.175039
0.176196
0.175047
0.178039
0.174039
0.177039
0.175039
0.177038
0.177889
0.178039
0.177153
0.176039
0.175227
0.175967
0.175039
0.175827
0.175039
0.175038
0.176039
0.175624
0.176039
0.179209
0.179039
0.178849
0.179331
0.178040
0.178038
0.179040
0.179139
0.182040
0.183041
0.182187
0.183653
0.180668
0.183989
0.179919
0.184730
0.182308
0.184041
0.184040
0.181328
0.183041
0.176184
0.175152
0.173671
0.174030
0.175536
0.177039
0.174576
0.174038
0.176197
0.175200
0.174789
0.174640
0.177055
0.177294
0.177959
0.358331
0.362327
0.345206
0.336967
0.340235
0.318075
0.375210
0.334761
0.353730
0.331339
0.348959
0.344529
0.348128
0.358494
0.356140
0.354633
0.354082
0.377327
0.369516
0.374030
0.360458
0.380044
0.359071
0.364672
0.396075
0.379887
0.351312
0.380637
0.186034
0.163526
0.164036
0.165550
0.164379
0.177039
0.179040
0.179040
0.180040
0.176039
0.169038
0.168036
0.170037
0.171283
0.165500
0.166114
0.165036
0.166061
0.167463
0.167037
0.164294
0.166797
0.171038
0.170038
0.170037
0.172314
0.183248
0.180021
0.180040
0.182040
0.184167
0.180040
0.175246
0.171038
0.169037
0.172038
0.171303
0.173246
0.173212
0.172260
0.173038
0.170038
0.168037
0.168416
0.174183
0.175039
0.176039
0.176472
0.179589
0.182447
0.183041
0.186041
0.182040
0.174135
0.182331
0.179523
0.174294
0.169037
0.168037
0.170057
0.170597
0.183145
0.175039
0.173206
0.173772
0.171445
0.167563
0.173097
0.173038
0.176039
0.176851
0.178976
0.178158
0.178064
0.175355
0.175665
0.179039
0.180039
0.180040
0.185248
0.187041
0.181261
0.175376
0.169037
0.170038
0.172038
0.177039
0.174544
0.174039
0.174038
0.175537
0.172038
0.174991
0.172504
0.174039
0.176560
0.191042
0.184722
0.181040
0.168119
0.167762
0.180040
0.182795
0.176850
0.174557
0.175124
0.175039
0.174039
0.174038
0.176062
0.176039
0.176147
0.171526
0.178040
0.179684
0.177426
0.185030
0.179185
0.173038
0.172038
0.170121
0.171037
0.171089
0.171038
0.171453
0.170325
0.171586
0.171038
0.172038
0.173038
0.175222
0.176193
0.176039
0.175039
0.179209
0.179039
0.171604
0.170292
0.171515
0.176039
0.176039
0.176039
0.180568
0.177038
0.177481
0.175038
0.175038
0.174981
0.175117
0.176038
0.175039
0.175039
0.185177
0.182275
0.186041
0.191042
0.187332
0.184041
0.176486
0.177469
0.172233
0.175758
0.175039
0.175039
0.174038
0.172625
0.172233
0.175038
0.174038
0.174076
0.176129
0.180039
0.179040
0.179039
0.179039
0.176568
0.178040
0.177424
0.174038
0.176909
0.176436
0.175954
0.175240
0.175039
0.176039
0.176039
0.175188
0.175039
0.181120
0.182041
0.181180
0.182017
0.177240
0.176039
0.173038
0.173038
0.176039
0.193141
0.189111
0.185186
0.174132
0.162958
0.176418
0.174810
0.173038
0.176039
0.175875
0.172038
0.173222
0.173038
0.172626
0.173038
0.175039
0.177444
0.178203
0.177312
0.179039
0.175038
0.176039
0.176039
0.175038
0.174570
0.177039
0.186041
0.191706
0.192246
0.195043
0.186964
0.188043
0.181040
0.173037
0.173106
0.173038
0.173038
0.173227
0.171365
0.172038
0.182695
0.180040
0.175039
0.172038
0.173679
0.174347
0.177039
0.175126
0.178665
0.179373
0.179040
0.179039
0.177512
0.177039
0.177039
0.178039
0.177869
0.179039
0.177119
0.175937
0.174386
0.175039
0.175393
0.180040
0.180040
0.179040
0.179039
0.179040
0.178739
0.178040
0.178927
0.175310
0.178623
0.179136
0.181040
0.178039
0.178039
0.178039
0.178039
0.179039
0.178040
0.186639
0.185043
0.186041
0.191117
0.185741
0.182041
0.179040
0.175038
0.175039
0.173143
0.174116
0.177880
0.173623
0.173038
0.174074
0.175232
0.173038
0.175342
0.193043
0.185775
0.185041
0.179274
0.175180
0.171881
0.171038
0.175564
0.175176
0.173645
0.173007
0.177039
0.174039
0.172038
0.174435
0.175247
0.176277
0.175039
0.182116
0.182040
0.184464
0.181097
0.185042
0.184040
0.187535
0.187929
0.177132
0.183040
0.180075
0.181040
0.180039
0.176677
0.180599
0.181040
0.178262
0.179093
0.182527
0.181313
0.181110
0.182039
0.180040
0.181040
0.181040
0.181040
0.176467
0.174039
0.174039
0.176376
0.175403
0.180039
0.180040
0.181040
0.181858
0.175038
0.182181
0.182518
0.185416
0.186041
0.190531
0.186054
0.182452
0.184170
0.179847
0.181008
0.181040
0.179718
0.181040
0.182040
0.179548
0.177970
0.179039
0.181412
0.184041
0.183195
0.184041
0.184231
0.184041
0.183040
0.176039
0.176130
0.176047
0.181041
0.181065
0.183041
0.179573
0.181051
0.188361
0.186743
0.186041
0.189042
0.180427
0.180232
0.176791
0.179452
0.183041
0.178351
0.182039
0.180502
0.177040
0.179039
0.180393
0.180007
0.175039
0.174038
0.173560
0.177040
0.183041
0.182040
0.194043
0.187907
0.176039
0.174964
0.172618
0.171038
0.172038
0.173189
0.174489
0.173038
0.174039
0.172169
0.172116
0.170038
0.172660
0.170490
0.173038
0.173038
0.179819
0.186600
0.186433
0.180109
0.177491
0.175344
0.175851
0.177040
0.173898
0.174566
0.175039
0.177170
0.176039
0.175039
0.175038
0.174039
0.174499
0.181881
0.186517
0.188550
0.189446
0.188041
0.186042
0.182040
0.178479
0.173038
0.174038
0.157035
0.174158
0.172397
0.175372
0.174038
0.175039
0.174206
0.174689
0.174039
0.177039
0.179036
0.177273
0.176039
0.177308
0.179729
0.181040
0.178040
0.182469
0.187786
0.185693
0.176039
0.182040
0.181041
0.179039
0.183134
0.185421
0.184040
0.187041
0.189042
0.190202
0.185277
0.188358
0.184040
0.176039
0.180638
0.173720
0.175039
0.176439
0.174532
0.177039
0.175039
0.176995
0.176649
0.177520
0.177039
0.186442
0.182345
0.182040
0.175038
0.175038
0.178473
0.175576
0.176068
0.178120
0.173546
0.176039
0.175681
0.174595
0.174120
0.175349
0.177039
0.176039
0.176039
0.179039
0.179561
0.178887
0.178039
0.178621
0.178034
0.181566
0.180040
0.177038
0.182040
0.179040
0.178039
0.179984
0.177039
0.176008
0.176400
0.175494
0.177039
0.181039
0.177039
0.176039
0.177039
0.176039
0.177135
0.177040
0.176039
0.178325
0.176172
0.176038
0.178040
0.177039
0.178040
0.176039
0.177039
0.176039
0.176038
0.178561
0.179205
0.179658
0.178068
0.180879
0.179040
0.179040
0.180039
0.180040
0.179040
0.180040
0.179039
0.179713
0.179116
0.179368
0.180470
0.181147
0.182039
0.183040
0.183040
0.183064
0.182018
0.183146
0.183991
0.185041
0.190042
0.176452
0.174039
0.174038
0.176039
0.175464
0.176152
0.175039
0.175517
0.175571
0.175525
0.182041
0.182043
0.186041
0.179039
0.175039
0.184041
0.195131
0.199044
0.196053
0.192043
0.184041
0.183030
0.176039
0.174366
0.175038
0.174340
0.174038
0.174599
0.177406
0.174777
0.153034
0.175184
0.174039
0.174457
0.178039
0.176038
0.175039
0.176039
0.175038
0.176618
0.177464
0.176939
0.176755
0.176039
0.179418
0.179040
0.186667
0.191042
0.187041
0.182570
0.176652
0.176666
0.176038
0.175483
0.175039
0.175496
0.175040
0.174600
0.173128
0.176095
0.174796
0.177466
0.175719
0.177039
0.186041
0.186041
0.185041
0.182347
0.186041
0.187047
0.184555
0.176039
0.175259
0.176062
0.175038
0.175038
0.174412
0.170237
0.179402
0.172554
0.175946
0.175625
0.177383
0.177334
0.178200
0.177354
0.369052
0.383672
0.367438
0.359460
0.356644
0.357502
0.350332
0.365731
0.364587
0.352401
0.339177
0.353904
0.365618
0.384069
0.357015
0.375287
0.373078
0.339136
0.338436
0.418681
0.394084
0.435577
0.337838
0.343252
0.351248
0.170375
0.164036
0.163332
0.164036
0.165036
0.168038
0.164036
0.168773
0.170759
0.172039
0.173038
0.151904
0.165036
0.168037
0.169726
0.171037
0.181817
0.179786
0.180437
0.178917
0.176039
0.171037
0.168037
0.167952
0.168037
0.172100
0.168188
0.168782
0.170050
0.169739
0.168352
0.169562
0.169858
0.170074
0.169257
0.169449
0.170375
0.168755
0.170406
0.169842
0.170441
0.172292
0.170089
0.174781
0.175387
0.179039
0.177888
0.178365
0.184206
0.177854
0.178128
0.173384
0.171475
0.171072
0.170037
0.172037
0.171730
0.172038
0.170037
0.171037
0.170957
0.171996
0.171696
0.172940
0.172922
0.172316
0.172426
0.173050
0.173039
0.173098
0.174994
0.174250
0.174084
0.173823
0.173046
0.175812
0.174735
0.174620
0.175790
0.183536
0.183400
0.179131
0.182296
0.175669
0.171129
0.171445
0.172818
0.171947
0.170302
0.170421
0.170448
0.172935
0.173002
0.173434
0.171385
0.172208
0.171693
0.188018
0.181308
0.179473
0.176411
0.173280
0.173150
0.175732
0.174697
0.174103
0.174038
0.176003
0.173251
0.174643
0.174596
0.173531
0.175329
0.174030
0.174642
0.171904
0.169621
0.171038
0.174359
0.177668
0.177751
0.179100
0.177708
0.173085
0.172038
0.174156
0.178164
0.177410
0.177039
0.178605
0.180384
0.176319
0.179063
0.184041
0.185114
0.188173
0.188207
0.183896
0.180310
0.176289
0.174510
0.173753
0.175600
0.174494
0.174273
0.173803
0.173527
0.176021
0.175595
0.175039
0.172713
0.184323
0.180458
0.179268
0.178573
0.185659
0.188754
0.183569
0.176210
0.176407
0.176178
0.174368
0.176039
0.175124
0.175115
0.175664
0.174969
0.175096
0.174907
0.180737
0.182040
0.182064
0.176627
0.175295
0.177986
0.188766
0.188042
0.189612
0.187633
0.189162
0.181041
0.179845
0.182324
0.184040
0.181437
0.180667
0.182158
0.173337
0.175077
0.177492
0.176039
0.174542
0.176329
0.175899
0.178753
0.177658
0.176929
0.176383
0.175348
0.177397
0.178754
0.179624
0.179235
0.178473
0.176378
0.174981
0.174477
0.173533
0.174184
0.172007
0.173295
0.172926
0.174397
0.173095
0.174088
0.173976
0.176460
0.183129
0.182465
0.182792
0.175038
0.176039
0.178979
0.177407
0.178451
0.183485
0.186041
0.194555
0.185662
0.183685
0.180358
0.179811
0.179876
0.179765
0.181040
0.175038
0.173098
0.172116
0.173226
0.172678
0.181040
0.189042
0.186041
0.187041
0.191223
0.184153
0.179632
0.173641
0.172804
0.176950
0.180784
0.181829
0.173545
0.172607
0.173278
0.173982
0.171055
0.130270
0.174038
0.176122
0.174873
0.173393
0.175038
0.175038
0.173777
0.175543
0.177443
0.175503
0.177869
0.177833
0.177761
0.182302
0.175786
0.175853
0.176958
0.191042
0.197278
0.185239
0.177422
0.177911
0.179891
0.176620
0.178478
0.178112
0.177303
0.176068
0.174781
0.176376
0.181136
0.179040
0.178347
0.182057
0.181103
0.182546
0.176314
0.177585
0.173980
0.175208
0.179039
0.179039
0.179432
0.180052
0.179774
0.180605
0.178828
0.180821
0.178039
0.180395
0.180176
0.179953
0.181040
0.181463
0.182104
0.184672
0.186471
0.179663
0.179388
0.181370
0.180777
0.182937
0.183627
0.187042
0.182095
0.177039
0.178039
0.178427
0.178121
0.178118
0.178039
0.177847
0.178039
0.178004
0.176876
0.177886
0.180036
0.192557
0.182160
0.183040
0.179807
0.181628
0.365000
0.367469
0.325073
0.588916
0.432231
0.651307
0.415095
0.443120
0.468904
0.361668
0.435731
0.354240
0.340699
0.371250
0.346798
0.168634
0.155127
0.169639
0.163484
0.164102
0.167037
0.169037
0.169037
0.168037
0.169037
0.168038
0.172011
0.176772
0.178361
0.179537
0.183969
0.183668
0.185609
0.176895
0.169037
0.165036
0.167468
0.168008
0.169038
0.168927
0.168824
0.169037
0.168487
0.167731
0.169572
0.183040
0.180040
0.177125
0.169879
0.169786
0.170999
0.170345
0.170037
0.169310
0.171038
0.170037
0.174140
0.170037
0.171037
0.171036
0.177054
0.173284
0.173113
0.178502
0.183514
0.184290
0.178352
0.173155
0.170038
0.171227
0.170731
0.169941
0.170506
0.169322
0.171364
0.170325
0.170038
0.171868
0.171234
0.172603
0.171305
0.178039
0.177148
0.176213
0.177789
0.177113
0.176954
0.176995
0.178055
0.180350
0.182510
0.181414
0.176101
0.170279
0.173077
0.174602
0.175441
0.175399
0.175231
0.178072
0.175058
0.176616
0.176260
0.176039
0.176039
0.176197
0.179831
0.178401
0.178788
0.180047
0.178891
0.175109
0.176113
0.177835
0.174167
0.178039
0.175969
0.179854
0.175924
0.179496
0.179116
0.178493
0.175328
0.175498
0.174123
0.174856
0.175618
0.176571
0.182180
0.181795
0.182314
0.179551
0.179340
0.178721
0.186292
0.180976
0.183556
0.176148
0.177885
0.177329
0.177864
0.176405
0.177475
0.177854
0.176608
0.177028
0.155885
0.175003
0.182336
0.176863
0.181363
0.173772
0.170733
0.179314
0.179161
0.179125
0.174737
0.183193
0.170069
0.174039
0.180681
0.135101
0.171038
0.168333
0.178040
0.176323
0.176039
0.179040
0.179237
0.178114
0.177721
0.187668
0.189303
0.187402
0.192888
0.177038
0.174039
0.174038
0.181040
0.179573
0.176039
0.172348
0.174068
0.174957
0.177602
0.163454
0.177988
0.178634
0.183252
0.186183
0.186318
0.183009
0.179810
0.186908
0.178127
0.190093
0.179657
0.179040
0.174038
0.177040
0.177039
0.176556
0.177195
0.177747
0.190215
0.191042
0.199520
0.181040
0.175039
0.173360
0.172038
0.175514
0.181040
0.182142
0.179420
0.178387
0.180040
0.177387
0.177597
0.184219
0.184955
0.186447
0.191293
0.189137
0.185892
0.179121
0.178797
0.178040
0.178474
0.178699
0.178982
0.178867
0.178144
0.179230
0.180063
0.180386
0.181785
0.185945
0.184041
0.184893
0.180997
0.183474
0.177333
0.177808
0.177266
0.177078
0.178775
0.177639
0.176569
0.178161
0.179179
0.175152
0.173551
0.354283
0.357748
0.397367
0.375883
0.368420
0.373602
0.339524
0.361612
0.381725
0.361083
0.177613
0.167800
0.170906
0.165004
0.168070
0.169454
0.173151
0.170627
0.172538
0.176363
0.182426
0.179571
0.179382
0.169654
0.166460
0.170140
0.171761
0.170434
0.171127
0.170312
0.170948
0.167366
0.171448
0.171170
0.170601
0.171215
0.175960
0.178039
0.175650
0.176511
0.177039
0.178166
0.181806
0.190381
0.186322
0.186286
0.175984
0.179589
0.174735
0.176665
0.169821
0.169649
0.168463
0.170784
0.171354
0.177513
0.178409
0.177927
0.171625
