197	216	106	39
174	210	128	37
164	193	123	39
150	176	125	40
131	163	129	41
112	162	107	42
77	160	106	43
63	169	121	39
55	175	125	39
54	180	126	40
58	188	128	36
90	193	110	39
90	205	120	38
100	230	109	34
105	240	110	38
107	251	119	37
115	259	115	34
122	262	112	36
128	261	109	36
130	256	116	36
143	246	112	32
150	239	110	34
148	238	112	35
149	237	109	36
143	236	108	36
135	236	102	36
126	238	109	35
122	244	106	31
117	243	105	33
110	242	108	34
111	243	104	35
117	248	103	35
133	242	95	34
145	242	95	33
142	237	100	32
143	236	98	33
142	226	97	32
142	221	97	32
145	216	101	32
150	215	98	33
151	214	95	33
150	214	96	32
150	214	95	32
145	219	95	32
146	225	92	31
142	229	90	31
155	229	85	30
163	234	88	29
162	233	87	29
172	238	84	29
182	236	85	32
182	236	87	32
186	235	87	32
185	231	88	30
185	230	89	32
184	225	91	30
187	226	88	30
187	226	87	30
183	227	85	29
179	228	83	29
179	227	82	28
172	231	78	31
167	233	80	28
160	236	77	30
156	242	76	28
152	242	74	28
152	245	82	29
167	244	73	30
189	236	69	28
206	224	72	27
209	215	76	29
212	210	77	30
211	206	79	29
211	201	78	31
209	201	79	30
205	201	70	30
193	200	68	30
191	200	71	29
191	199	73	30
189	203	75	31
186	206	72	32
182	208	72	31
182	211	70	31
178	211	69	31
174	214	69	31
173	213	69	34
171	213	65	34
171	216	63	31
167	213	64	36
166	213	64	35
166	203	64	38
164	195	66	36
170	185	63	39
167	182	66	35
167	176	65	37
167	172	65	35
164	172	61	35
163	167	62	37
161	167	57	36
157	166	58	37
151	165	53	37
145	162	56	42
142	169	53	39
137	168	54	39
133	167	53	40
137	168	53	40
145	167	52	44
149	172	53	41
165	172	54	44
183	178	50	40
195	181	49	43
199	180	50	44
207	183	47	45
210	183	51	44
213	187	52	45
220	182	46	46
221	178	46	44
219	178	50	45
221	178	45	45
220	178	45	43
216	171	45	49
215	177	47	44
212	176	43	46
207	176	45	46
202	176	46	46
202	176	46	46
201	180	46	46
202	180	44	47
198	185	43	46
198	184	43	47
202	175	43	49
200	177	46	46
203	173	40	46
198	164	41	47
196	156	44	48
194	152	40	47
191	148	43	47
198	142	46	50
214	138	41	49
215	138	45	50
222	136	38	52
223	133	36	49
218	136	46	50
221	135	39	53
211	140	50	50
215	144	40	50
205	148	45	49
203	151	47	51
202	156	40	50
192	160	45	49
195	163	37	51
189	165	48	53
187	171	51	51
187	176	41	51
184	181	46	50
193	183	48	53
197	188	40	51
197	189	46	50
200	192	48	52
204	190	50	55
212	195	42	53
209	191	48	52
212	190	40	55
204	187	47	51
202	186	50	54
205	186	52	52
205	179	42	57
211	186	39	49
202	186	48	48
201	184	48	53
205	189	41	51
198	189	46	50
194	190	52	48
200	194	40	50
189	195	45	50
197	200	38	48
196	201	47	47
204	205	47	47
212	209	47	41
218	210	44	44
230	211	44	42
244	207	41	41
255	204	42	40
253	203	45	41
257	205	43	37
257	209	44	35
256	209	43	35
256	204	43	37
255	209	44	34
252	207	49	31
252	211	49	31
249	213	48	26
242	216	45	27
230	216	42	25
219	220	43	24
206	224	44	22
198	228	42	20
192	231	43	19
187	233	43	19
183	229	45	16
186	219	44	16
202	212	43	15
222	207	41	14
237	205	41	14
250	201	43	14
261	198	42	15
273	193	41	16
278	190	41	17
282	194	43	18
286	191	45	20
296	189	43	23
301	186	42	22
301	183	44	22
305	179	42	24
299	173	41	26
291	169	42	26
276	168	44	29
269	177	45	29
262	187	46	29
248	194	44	29
228	206	46	31
214	205	41	33
203	204	42	35
196	204	42	33
190	200	41	36
186	199	42	36
192	183	43	37
205	168	44	38
204	160	45	39
207	152	46	40
205	143	41	41
206	138	45	43
208	146	42	42
208	153	42	46
210	157	38	44
208	157	41	45
208	161	41	47
199	169	42	48
184	172	43	50
176	173	42	48
177	177	39	49
171	176	44	50
173	176	38	51
167	175	42	53
186	166	45	54
209	157	42	54
224	149	45	53
235	144	41	54
242	139	44	54
250	149	39	53
257	160	39	50
260	155	36	53
264	153	35	56
259	153	36	56
259	152	36	57
258	147	36	57
239	144	39	54
211	138	40	58
183	156	39	56
158	172	40	54
144	188	39	53
138	201	34	52
130	207	34	57
112	212	37	57
104	215	37	58
112	217	30	53
121	214	32	59
132	204	35	62
142	201	30	60
151	199	28	56
148	200	32	53
143	202	26	55
137	202	25	55
138	205	30	55
144	206	27	55
144	211	26	52
148	213	25	55
155	213	24	54
158	212	24	49
164	210	28	51
169	212	25	54
174	214	24	50
177	220	23	42
185	224	25	34
192	224	23	39
189	223	24	41
187	225	21	43
187	235	20	33
193	234	17	35
191	237	16	33
190	241	19	35
189	247	21	35
185	255	18	30
182	254	15	12
163	248	19	10
151	236	15	14
139	225	14	14
129	213	15	29
111	208	14	42
97	209	16	41
89	203	17	42
87	200	15	43
85	201	15	42
88	201	16	45
95	206	18	46
104	207	18	48
111	213	17	47
114	215	16	46
112	222	15	43
107	226	17	42
101	231	18	44
98	236	19	45
103	235	19	47
112	229	22	48
126	219	23	48
140	219	23	49
160	222	25	50
175	230	26	47
184	233	27	47
171	240	25	45
156	247	27	43
149	254	27	44
145	261	23	44
138	265	26	43
140	262	27	42
146	258	27	43
148	253	28	41
157	236	29	40
157	226	28	39
151	220	28	39
151	220	27	38
151	216	28	41
154	220	29	39
155	221	27	40
160	224	32	42
166	228	31	40
173	236	31	39
173	239	30	38
165	245	32	39
163	249	30	39
164	256	29	38
166	250	32	38
167	240	30	39
168	230	33	38
165	223	34	39
169	209	31	37
175	194	32	38
187	182	33	38
196	178	34	39
194	176	31	37
190	178	33	38
186	177	34	39
181	191	31	36
180	206	32	37
176	220	33	38
178	231	31	36
177	235	33	36
177	239	33	36
172	242	35	38
175	243	30	35
174	238	31	33
170	231	32	35
166	228	34	35
163	223	33	33
167	215	32	36
170	211	33	33
164	206	33	36
158	204	33	33
157	201	33	33
160	198	33	32
149	195	34	31
131	194	36	33
119	194	34	32
119	191	34	32
116	191	34	31
119	186	33	31
119	186	33	31
128	185	33	26
146	180	30	25
158	188	32	26
167	192	32	25
170	194	32	27
174	197	34	25
178	201	32	24
179	204	35	26
180	205	33	25
182	203	34	25
185	200	34	24
190	197	34	24
191	192	36	25
194	186	36	26
196	181	35	25
186	178	38	26
168	175	40	25
150	174	38	25
130	172	42	25
126	168	38	26
117	174	38	26
106	179	40	26
101	176	38	27
99	178	41	28
97	198	39	27
99	220	37	26
97	241	40	27
104	250	39	31
107	251	40	28
107	249	41	32
106	244	42	29
110	232	42	33
117	227	43	30
119	213	46	34
121	222	43	32
119	233	47	32
119	233	46	31
116	229	45	30
112	227	47	35
108	224	46	32
104	216	47	34
99	209	50	34
99	201	50	36
95	198	48	34
94	194	51	32
90	184	51	39
97	181	51	36
103	177	55	43
107	183	54	39
105	184	58	37
105	186	58	41
120	184	56	44
134	195	55	43
141	199	58	43
138	201	63	40
135	205	68	41
140	203	58	42
139	195	59	50
134	191	59	47
132	181	60	47
128	173	59	54
114	166	62	48
104	157	60	55
98	154	63	50
93	147	61	53
92	145	63	57
84	158	66	52
110	155	64	59
125	164	68	49
132	172	64	58
135	179	67	54
136	176	66	61
137	186	64	51
137	177	72	57
135	175	64	61
135	170	63	59
130	165	61	58
131	158	68	60
132	162	64	51
131	148	66	58
135	150	68	53
140	142	66	57
143	143	59	53
140	133	64	53
140	122	64	55
136	118	60	52
136	112	61	53
135	112	62	51
130	106	62	54
128	107	63	50
145	112	62	48
151	108	60	47
156	113	58	47
161	110	58	53
164	118	61	44
167	118	57	52
165	123	60	44
157	124	56	52
155	138	59	43
155	134	58	51
154	144	60	44
160	148	56	44
156	150	63	50
162	158	62	45
175	164	58	42
193	174	54	43
202	178	55	43
205	185	59	39
212	190	53	46
211	197	54	39
211	193	62	46
217	199	59	43
218	204	55	40
220	201	52	45
219	192	53	46
218	185	54	43
218	174	53	46
215	173	49	47
217	173	53	39
215	162	50	43
216	158	47	44
214	166	50	43
215	168	47	47
215	178	45	45
215	192	45	42
215	199	44	44
214	212	44	42
222	219	43	43
225	212	44	42
228	200	37	41
230	187	40	42
231	180	39	42
237	175	35	44
242	179	32	43
235	181	37	41
238	193	31	43
238	200	29	40
230	205	35	42
228	206	30	42
229	210	29	45
222	213	29	39
226	225	27	37
223	220	25	47
227	224	23	46
228	224	26	44
233	221	23	50
236	221	27	50
241	213	24	52
248	215	24	53
249	209	20	53
252	211	22	53
255	207	23	55
257	211	24	53
258	216	20	55
254	220	22	53
247	222	23	55
247	223	24	53
241	223	28	53
236	227	31	52
228	220	32	52
220	222	33	47
211	213	38	50
207	214	36	48
202	206	40	48
193	206	41	48
190	207	38	45
184	206	43	45
175	203	44	42
173	200	47	41
176	200	48	42
184	201	50	39
185	207	48	36
186	208	48	34
188	215	51	35
191	215	54	34
194	215	54	32
198	216	54	30
202	217	55	29
206	217	52	29
204	216	56	30
207	216	55	29
206	216	57	28
207	216	54	26
199	217	56	25
199	216	55	25
193	218	55	23
188	218	56	23
185	214	57	23
180	207	54	24
178	205	57	22
184	201	53	22
183	202	54	20
184	198	52	21
184	199	53	20
184	196	52	20
193	193	48	20
192	194	50	18
192	191	50	18
191	191	51	17
189	191	50	17
190	194	53	18
192	207	49	19
192	218	48	17
191	221	48	17
192	226	45	18
188	229	49	16
194	228	49	17
194	220	48	18
194	206	48	19
193	197	49	18
193	192	48	18
194	186	46	19
192	182	48	20
193	183	47	19
189	196	43	20
184	201	43	20
180	204	44	19
176	203	43	20
175	203	44	20
162	200	44	21
157	191	44	20
152	174	44	18
148	159	45	18
147	153	43	20
144	148	43	19
141	146	42	19
144	153	42	20
149	176	42	19
159	193	42	20
168	213	43	19
169	236	41	19
172	254	40	19
184	256	41	19
191	261	42	20
195	265	43	18
196	265	45	20
192	266	43	18
188	270	41	19
183	275	41	20
192	284	39	18
191	289	40	19
190	294	41	19
190	297	41	17
195	299	40	17
197	301	42	17
199	300	42	19
199	304	40	16
196	299	41	16
196	296	41	17
194	293	40	17
190	289	39	17
185	289	39	16
180	285	39	15
174	281	38	17
169	282	38	16
166	277	36	16
160	273	39	15
157	269	39	15
155	266	39	16
156	262	37	16
153	261	39	16
153	257	37	16
154	255	39	16
162	255	37	15
167	252	37	16
171	250	39	15
176	247	36	16
181	245	36	16
186	243	36	15
189	243	35	15
191	241	36	14
192	243	37	14
192	246	36	15
191	251	37	15
191	255	38	15
189	257	32	14
186	256	36	14
185	258	33	14
182	256	35	14
179	254	37	15
176	251	37	15
175	250	35	13
175	249	34	15
174	245	33	14
171	243	34	14
170	241	35	14
176	237	32	14
183	235	34	14
184	235	35	14
186	236	35	15
189	237	34	14
189	237	35	14
197	234	36	15
200	236	33	15
207	234	33	15
207	237	33	16
209	242	33	14
208	246	35	15
210	251	34	16
212	253	34	15
212	255	33	14
211	257	34	13
211	258	34	14
211	259	35	14
212	259	33	14
211	256	34	15
211	256	34	14
212	254	33	16
208	253	33	16
207	253	34	17
207	250	32	17
205	253	32	16
204	252	33	17
205	252	32	16
206	254	34	16
206	253	32	17
206	253	33	16
208	256	34	15
209	256	32	15
207	258	35	15
208	260	34	15
207	260	30	15
203	262	32	15
201	261	32	15
197	263	32	15
196	263	32	15
196	267	33	16
195	269	31	15
194	271	31	15
194	273	32	15
191	275	32	15
191	275	32	15
193	278	32	16
191	279	30	16
193	279	32	16
193	277	32	16
197	276	31	16
199	275	32	16
201	272	31	16
203	273	32	14
205	273	30	13
206	271	30	14
208	270	30	15
208	270	30	15
209	269	29	16
208	270	30	15
206	268	31	17
203	269	31	15
202	268	30	18
199	267	31	18
200	269	29	18
197	270	31	18
197	272	30	17
194	274	31	18
194	276	31	18
193	280	32	18
194	279	29	19
194	285	30	18
196	281	30	18
199	276	31	19
202	278	31	18
205	274	30	18
206	266	31	17
208	262	31	17
210	261	31	17
211	261	30	17
210	260	30	18
208	262	29	15
210	261	29	17
206	262	29	16
204	264	29	15
203	266	31	15
202	265	29	15
201	268	30	15
201	267	29	15
200	270	29	14
199	268	29	16
197	269	29	14
196	269	28	15
196	268	28	16
195	268	29	15
193	269	29	14
196	268	27	16
195	267	29	17
192	266	29	16
193	264	28	16
192	264	29	15
194	261	28	16
194	254	29	17
193	252	30	16
200	248	28	18
205	246	28	16
211	244	28	17
214	241	26	18
218	241	28	17
220	239	28	18
222	244	27	17
222	248	27	17
219	259	28	16
217	262	28	17
213	266	28	17
214	270	26	16
213	272	27	16
211	274	27	15
211	276	26	15
211	277	26	15
209	278	27	16
209	270	27	14
209	266	27	14
208	262	28	14
208	259	27	13
208	251	27	13
207	246	28	13
210	243	26	12
210	241	26	11
211	238	26	11
213	238	23	11
213	241	25	10
214	242	23	11
214	246	22	10
214	247	23	11
212	247	23	11
212	247	23	13
211	246	22	11
212	245	22	11
214	243	21	11
216	240	21	11
216	238	21	11
218	234	22	12
219	231	20	11
221	228	19	12
221	228	19	12
221	228	17	12
220	230	16	12
222	232	15	11
219	230	18	13
219	231	15	12
218	230	16	14
217	228	17	12
220	225	16	12
223	222	16	13
224	220	17	13
225	217	16	13
225	213	16	12
226	209	18	14
225	207	18	13
225	203	16	12
224	202	16	13
223	204	16	15
222	206	17	13
220	206	16	15
218	207	17	16
216	204	18	16
214	204	19	15
215	200	18	16
218	198	17	15
222	194	18	18
222	192	17	15
225	190	18	16
227	189	17	17
229	185	19	19
229	187	19	19
230	189	20	20
228	188	20	20
230	190	16	20
229	191	18	20
229	195	19	21
225	197	20	20
222	199	20	20
220	199	21	21
219	203	20	20
215	205	20	20
212	207	19	20
211	211	20	20
208	211	20	22
205	213	18	21
200	212	20	20
200	211	20	22
198	211	21	21
201	211	18	21
204	211	19	22
207	210	19	20
207	209	19	22
208	207	20	20
210	207	21	21
214	206	20	20
215	204	20	20
217	203	20	20
218	203	19	20
219	207	20	20
217	209	20	21
217	213	20	20
217	214	20	20
217	216	19	20
217	218	19	20
215	219	20	19
215	223	20	19
213	224	19	19
213	226	20	20
211	228	20	19
211	230	20	20
211	229	22	20
216	233	20	18
222	230	20	21
225	232	20	19
228	230	20	20
230	229	20	20
232	230	21	20
234	228	21	20
236	225	20	20
238	225	20	19
237	223	21	21
240	223	21	20
242	223	20	19
242	222	20	18
243	223	21	19
243	222	20	20
243	225	21	20
245	226	20	20
245	227	20	21
247	229	19	20
249	231	19	20
251	230	22	22
256	232	21	21
260	231	21	23
263	233	19	21
266	233	21	22
270	233	21	22
272	232	20	23
274	233	21	22
274	232	20	22
272	232	20	21
268	229	20	20
264	228	22	22
255	226	21	21
246	224	22	22
240	223	21	22
233	225	21	21
223	224	23	23
216	226	22	22
212	226	21	22
208	226	22	23
206	226	21	23
207	225	19	24
202	225	22	24
197	224	22	24
196	223	20	25
196	221	19	25
195	222	21	24
191	225	22	23
187	226	21	25
182	229	22	25
181	232	20	24
176	235	22	24
175	236	19	25
170	239	21	24
170	240	20	26
170	240	20	25
170	239	19	27
173	240	18	25
174	240	21	25
177	239	20	26
181	239	18	25
182	234	22	28
188	234	20	27
192	231	20	30
192	230	19	27
193	229	18	27
192	224	18	30
190	224	23	31
189	224	19	30
187	221	19	30
191	222	19	33
191	224	20	29
187	223	19	31
186	223	20	29
189	221	19	32
195	218	20	34
202	219	21	34
209	223	21	34
207	229	21	32
207	233	21	33
212	236	23	34
216	238	22	35
220	239	22	33
225	240	22	35
227	240	22	35
228	240	23	36
225	241	23	33
224	240	24	35
224	239	23	37
226	237	24	35
223	233	25	36
223	233	24	36
224	230	28	38
228	227	26	36
231	226	25	39
231	224	25	36
232	223	28	38
236	224	26	36
239	222	27	39
240	225	26	39
245	225	28	38
248	228	28	37
253	227	28	38
254	227	26	38
258	225	30	40
262	225	28	40
266	225	27	39
267	225	26	39
266	221	28	40
272	221	29	39
273	218	27	39
272	218	28	39
270	215	32	39
275	214	28	40
278	210	29	41
279	210	28	40
279	207	27	40
271	205	31	43
268	205	29	42
264	203	30	40
259	199	33	42
261	199	30	41
254	196	30	40
246	195	33	40
235	189	35	40
229	188	32	41
223	184	31	37
224	179	29	39
216	180	32	37
208	183	35	38
211	185	37	40
218	186	31	39
224	183	33	38
235	183	36	39
241	184	36	37
248	187	37	37
256	191	36	35
263	194	34	36
264	198	33	35
263	201	34	34
265	200	30	35
264	199	31	36
261	200	32	34
258	197	31	34
252	198	31	31
238	194	34	32
229	191	32	32
219	188	30	33
210	189	30	30
203	184	30	29
197	181	30	30
193	180	29	30
189	186	30	30
190	189	28	30
190	199	28	28
198	207	31	28
209	209	28	30
214	209	30	29
215	211	28	30
218	207	28	28
223	208	28	26
225	203	28	26
225	203	28	26
225	198	28	26
224	198	29	25
225	196	26	24
220	198	27	25
219	200	28	25
215	207	27	21
219	212	28	23
221	221	28	22
222	226	25	20
223	231	27	18
232	233	25	18
234	233	27	17
237	235	26	17
239	231	25	17
242	233	24	17
241	230	26	16
243	230	24	16
241	230	24	16
239	226	26	16
237	224	26	16
234	223	24	14
230	220	25	15
226	216	25	15
226	216	23	15
221	212	25	15
221	214	22	15
222	214	25	15
219	208	28	19
218	211	25	19
219	212	30	20
229	215	27	19
231	216	31	18
234	218	30	19
239	221	29	19
242	227	30	17
242	228	30	18
243	236	28	16
242	237	31	17
240	240	30	16
238	243	32	16
237	244	31	16
236	245	29	15
231	243	30	15
228	243	29	14
227	239	30	14
223	233	31	14
228	228	29	13
232	226	29	14
230	226	32	13
234	228	28	13
240	230	29	13
245	234	29	13
244	234	31	13
247	238	30	13
248	241	30	14
250	241	31	14
252	241	31	14
250	245	30	14
248	243	30	16
245	244	32	15
243	244	32	15
241	246	31	14
239	248	31	14
237	247	31	16
237	252	30	15
237	254	31	14
240	258	31	15
246	261	30	15
247	263	31	15
247	264	31	15
246	262	31	16
242	258	32	16
242	251	30	16
242	243	30	15
240	233	31	16
239	224	32	14
239	216	32	17
239	214	32	16
239	210	31	16
236	206	32	16
234	200	29	17
231	198	30	16
229	195	29	18
225	193	30	17
220	193	29	14
215	188	30	16
213	184	26	16
209	176	29	15
219	164	28	17
233	159	29	18
241	158	27	16
251	155	27	17
261	157	27	17
270	158	27	16
276	163	27	15
280	171	27	16
282	180	27	17
287	189	25	17
287	197	28	17
289	203	28	16
291	206	27	17
294	211	26	17
293	212	27	17
294	206	25	17
288	196	25	17
280	187	25	17
274	183	27	19
266	182	25	18
256	180	26	17
246	180	27	17
241	182	28	17
236	184	26	18
233	189	25	16
228	195	26	16
224	201	28	17
220	205	28	17
216	210	28	16
212	213	28	17
207	217	29	16
207	219	29	17
207	224	29	16
215	226	28	16
218	228	28	17
219	232	30	16
222	234	29	16
228	236	28	16
229	239	32	15
230	240	32	16
230	241	32	15
230	245	32	15
231	243	32	17
236	246	30	16
237	249	30	15
241	250	30	15
247	252	29	16
255	255	28	15
256	256	31	17
260	259	31	16
262	263	30	16
265	265	32	16
268	265	34	16
270	264	35	16
271	268	32	14
271	264	32	17
269	267	32	16
265	266	30	17
257	266	31	16
245	264	30	16
229	266	29	15
217	263	30	15
210	254	31	14
208	241	31	15
205	228	33	14
206	215	32	14
206	209	32	15
208	207	32	14
208	205	32	15
208	201	32	15
207	201	30	14
206	203	30	14
204	207	30	15
205	211	29	15
208	215	28	14
209	225	30	14
209	234	30	14
207	241	30	15
206	248	30	15
210	254	28	15
209	261	29	15
211	265	28	15
214	268	28	15
224	270	26	14
232	269	27	16
245	266	26	15
255	264	25	15
258	259	26	16
258	256	28	15
258	254	26	16
255	254	26	15
251	250	26	16
245	248	26	16
241	246	24	16
239	242	25	16
240	239	26	16
241	238	24	16
241	235	24	16
240	233	23	16
234	235	23	16
231	243	22	16
224	248	22	16
218	253	22	17
214	256	22	16
215	257	22	16
224	259	21	16
228	259	20	15
231	257	20	15
233	253	19	17
230	247	20	14
229	242	17	16
225	239	16	15
225	236	16	15
231	232	14	15
234	230	12	15
236	229	11	14
239	229	10	12
243	229	11	12
246	229	10	12
248	228	10	12
244	227	11	12
244	224	12	13
246	224	10	12
247	225	11	12
244	227	13	13
244	230	13	12
241	230	14	14
238	234	14	14
235	235	15	14
232	235	15	15
230	238	15	15
228	241	12	15
224	246	15	15
224	252	15	15
224	261	15	12
222	269	14	14
215	275	15	14
208	278	16	15
202	279	16	16
195	279	16	17
192	280	17	17
190	279	17	17
199	278	15	19
204	278	14	17
202	279	15	15
203	277	12	16
207	276	14	15
212	271	15	16
208	266	16	17
205	262	17	17
200	252	16	14
205	238	17	15
213	226	16	15
214	218	16	16
216	214	16	13
222	206	16	16
233	202	18	18
243	198	19	18
241	198	19	15
238	202	18	18
239	204	19	15
238	206	18	13
237	203	19	16
234	204	19	14
235	207	18	13
231	207	21	17
231	209	19	15
227	210	20	14
224	210	20	13
220	208	19	16
215	206	21	14
211	204	19	11
207	201	20	15
202	199	21	14
197	198	19	12
193	200	20	17
190	201	18	15
187	200	19	16
188	201	19	14
192	200	18	16
194	201	19	14
200	201	19	13
207	200	18	13
207	200	21	12
216	197	18	13
229	193	19	13
245	192	19	14
263	189	18	11
271	194	19	14
277	206	18	11
279	215	17	10
280	221	19	11
280	224	20	15
279	224	19	14
279	225	18	13
279	223	19	12
274	225	18	12
265	223	20	12
260	225	19	13
254	223	18	12
245	225	19	12
238	223	19	11
234	224	20	12
226	226	20	10
218	229	19	10
210	233	19	10
204	236	20	10
198	240	20	10
194	239	20	10
191	240	19	10
186	239	19	10
185	237	20	10
183	229	20	10
185	225	20	10
194	221	19	10
213	216	18	10
222	211	19	10
228	208	18	10
227	206	19	10
228	205	19	10
230	204	19	10
232	202	19	10
235	202	19	10
237	203	18	10
242	208	18	10
247	214	18	10
248	222	18	10
251	227	18	10
250	230	21	10
254	230	18	10
255	230	18	10
257	232	18	10
258	231	20	10
259	231	19	10
256	230	20	10
245	230	18	10
235	228	18	10
228	227	19	10
225	220	20	10
217	215	20	10
212	210	20	10
210	207	20	10
206	204	20	10
201	202	21	10
198	202	20	10
196	207	20	10
193	209	21	10
193	212	20	10
190	212	20	10
195	214	21	10
205	211	20	10
213	209	21	10
217	206	21	10
218	203	21	10
220	200	21	10
223	199	20	10
222	198	21	11
221	199	21	10
219	196	22	12
218	198	21	12
218	195	21	13
218	193	21	12
218	191	22	13
220	190	21	13
220	188	21	13
221	188	22	14
221	186	20	14
223	185	20	14
224	184	21	13
225	181	22	14
226	180	22	15
228	179	22	15
231	177	21	14
232	180	21	15
234	179	21	17
232	181	21	16
234	179	20	16
230	180	21	17
230	181	21	16
230	178	21	18
226	178	21	17
218	176	22	18
215	176	22	17
213	174	21	18
209	173	22	19
209	174	22	18
207	170	22	21
208	173	21	18
209	172	22	20
212	176	23	21
214	178	21	21
220	180	23	22
227	182	21	21
229	182	22	21
232	181	22	21
234	181	22	22
238	178	22	22
241	180	23	23
243	178	22	23
245	180	23	23
246	179	23	23
247	179	22	23
248	178	23	25
246	178	23	24
248	179	22	24
246	178	22	25
244	177	22	26
241	178	23	24
242	179	20	26
239	177	22	25
241	179	22	26
240	178	19	27
241	179	25	25
245	182	22	27
249	186	23	27
257	191	22	28
266	194	21	25
267	195	24	27
272	197	22	28
274	199	22	27
275	200	22	27
276	202	24	27
275	203	22	28
271	206	24	27
266	205	24	28
261	208	23	29
249	209	24	28
241	211	25	29
237	211	23	29
234	214	25	28
230	216	23	29
231	216	21	28
228	214	21	27
229	214	19	28
227	213	23	28
228	213	22	28
230	215	22	27
232	215	21	27
232	215	21	28
233	216	24	26
235	217	24	28
236	217	21	28
238	220	22	27
238	223	21	27
238	224	21	28
240	227	23	26
239	229	23	27
241	232	24	25
241	234	23	25
241	232	23	25
241	232	23	24
239	232	22	24
238	232	24	24
241	230	23	22
238	230	23	23
238	230	23	22
240	230	23	22
239	230	24	22
237	230	24	22
235	232	23	22
232	233	25	21
233	232	23	19
231	228	24	20
227	225	24	18
227	220	24	19
227	217	24	18
224	217	24	17
223	216	23	16
223	216	23	16
222	216	25	15
220	215	25	16
220	217	24	15
218	218	25	14
218	219	25	15
219	223	24	13
220	227	24	13
221	228	24	12
221	232	23	12
223	234	23	11
224	237	23	11
225	234	26	11
227	231	23	11
229	228	24	11
232	227	24	10
235	227	24	10
239	227	23	10
242	227	25	10
246	227	24	10
248	229	24	10
250	231	24	10
251	232	25	10
254	233	25	10
258	233	25	10
258	233	25	10
261	234	25	10
259	233	25	10
255	233	24	11
254	234	24	11
247	233	24	13
237	234	24	11
231	234	24	11
229	234	24	12
228	235	23	12
221	234	23	12
216	235	23	13
216	236	23	14
214	237	24	14
213	237	24	15
214	240	23	13
213	240	24	14
213	241	25	15
215	239	24	14
216	236	22	15
217	234	23	14
221	232	21	15
222	232	23	15
227	229	22	16
235	229	22	18
241	229	23	17
246	230	22	17
250	231	21	17
253	231	22	18
255	232	23	19
257	234	23	18
257	235	22	19
255	234	23	21
254	237	21	19
250	239	22	19
243	239	22	20
238	241	23	20
232	243	22	20
228	244	23	20
224	242	24	21
222	244	22	21
220	242	22	21
218	241	23	21
216	240	21	19
216	240	22	22
214	238	22	19
213	235	23	21
213	233	23	21
213	232	22	22
213	233	22	21
213	232	23	22
215	233	23	22
216	235	24	21
217	235	22	22
216	237	24	21
217	239	24	19
218	238	24	21
220	240	24	21
221	237	23	22
221	239	22	21
220	238	24	21
218	237	23	21
214	235	23	21
211	234	24	22
207	232	23	22
203	234	24	22
198	233	25	23
197	233	23	23
192	233	24	22
190	233	23	22
190	232	23	23
186	231	24	22
186	230	24	22
183	226	23	22
184	228	23	23
181	227	24	23
181	225	23	22
181	225	23	23
179	225	25	23
181	227	21	23
184	224	24	24
193	228	23	21
198	227	23	24
202	227	24	24
204	229	23	24
206	228	24	26
210	228	25	25
213	230	24	24
214	229	24	26
215	229	24	26
219	228	24	24
219	226	23	26
219	223	23	24
214	218	24	24
215	214	23	23
209	212	25	24
205	207	25	25
201	204	24	25
197	202	23	25
193	200	23	25
187	199	25	25
185	196	24	28
185	195	25	28
186	192	23	29
186	192	22	28
182	192	24	28
182	192	25	28
182	192	25	29
185	195	23	28
186	195	25	30
188	197	26	30
189	197	22	30
191	200	25	29
193	200	25	29
195	202	26	30
196	202	24	31
199	204	24	30
201	204	26	31
196	204	24	31
196	204	23	31
195	204	26	32
196	204	24	32
198	204	24	32
200	204	24	32
201	203	26	32
200	203	24	33
200	208	23	31
197	206	23	34
193	210	27	32
191	211	25	34
184	211	28	34
182	212	26	33
180	212	26	33
176	211	28	33
170	213	29	33
165	213	27	34
161	212	29	35
155	209	30	35
153	212	27	34
146	211	31	35
143	210	31	36
138	211	29	35
134	210	30	35
135	209	28	36
136	209	32	35
137	205	29	37
139	207	31	34
144	205	33	36
147	206	32	34
157	204	32	37
160	205	33	35
169	207	33	38
175	207	34	36
175	207	33	36
174	207	35	36
174	208	34	36
170	207	36	36
170	207	35	37
169	207	36	37
168	207	38	38
165	207	36	38
164	206	37	41
164	206	37	39
163	205	37	39
162	204	39	42
162	204	38	41
161	205	40	41
165	204	38	40
168	203	40	43
167	204	40	40
169	202	44	44
178	197	42	45
181	201	41	44
182	195	47	47
189	197	40	44
193	196	46	46
194	196	44	44
193	195	44	45
189	194	45	46
192	194	46	46
191	195	46	46
191	194	46	46
190	193	47	47
189	194	48	45
187	193	51	47
192	192	49	47
185	191	52	48
183	191	48	48
172	190	53	48
172	190	51	48
170	191	54	47
167	191	51	48
161	192	54	47
167	190	50	50
164	195	55	48
163	193	56	52
170	197	54	51
179	197	53	50
189	198	52	49
193	204	51	48
197	202	54	49
202	207	52	49
200	206	55	51
206	211	53	50
209	211	57	49
219	205	58	50
230	200	59	51
232	198	63	44
235	195	58	50
234	191	69	46
241	191	62	45
239	187	67	44
237	185	60	47
231	187	71	42
235	181	71	44
250	183	61	48
261	184	60	44
266	181	69	49
278	187	64	47
287	187	66	47
298	193	67	46
307	199	70	45
318	204	71	45
333	209	73	46
354	211	64	44
361	216	71	42
371	216	74	42
381	222	72	39
383	222	79	37
393	221	78	38
404	216	74	38
406	221	73	37
396	221	83	36
393	221	78	35
387	228	71	32
376	236	76	33
374	240	71	32
355	245	71	32
339	249	76	32
332	254	73	31
326	254	76	31
323	255	72	31
306	255	70	30
287	255	68	29
271	254	71	29
260	254	71	29
247	254	68	28
231	254	69	26
222	258	72	27
218	259	69	27
211	260	69	25
207	264	69	25
200	269	68	24
197	273	66	23
189	274	68	23
185	278	68	22
177	278	70	22
173	274	71	23
166	270	70	22
160	261	68	22
152	254	70	22
145	253	68	23
137	249	71	23
138	249	67	23
138	248	68	23
134	248	68	22
132	248	65	22
131	252	66	22
131	255	65	22
131	255	65	22
127	258	65	21
127	258	64	21
126	261	65	21
126	257	64	21
125	258	60	21
119	258	58	20
111	258	62	20
106	257	58	20
105	254	63	20
106	254	61	20
110	250	60	20
118	247	57	20
125	244	55	19
131	250	55	19
135	255	59	20
143	261	55	20
159	264	52	20
181	270	52	20
208	272	51	22
229	285	50	19
250	291	50	20
271	297	51	20
290	300	51	21
306	302	48	22
321	302	48	21
333	296	52	21
326	291	54	19
316	287	56	21
313	284	55	22
320	280	55	23
322	279	58	24
321	276	59	23
321	272	60	23
319	273	63	21
320	269	59	23
314	267	58	25
306	267	56	25
296	264	54	24
285	264	52	24
271	263	51	25
259	263	53	24
251	262	53	26
255	257	53	30
262	258	53	26
262	256	60	24
268	253	55	22
277	252	51	23
276	250	55	21
276	246	55	21
284	247	51	21
293	244	44	21
307	250	39	19
309	258	44	18
320	269	36	16
332	280	33	16
339	297	27	13
345	322	32	13
352	345	30	11
357	343	10	10
358	343	10	10
358	343	10	10
358	343	10	10
358	343	10	10
358	343	10	10
357	344	10	10
357	344	10	10
357	344	10	10
357	344	10	10
357	344	10	10
357	344	10	10
357	344	10	10
358	347	10	10
358	347	10	10
358	347	10	10
357	347	10	10
357	347	10	10
357	347	10	10
357	347	10	10
357	348	10	10
357	348	10	10
357	349	10	10
357	349	10	10
357	350	10	10
357	350	10	10
357	350	10	10
357	350	10	10
357	350	10	10
357	350	10	10
357	350	10	10
356	350	10	10
356	350	10	10
356	350	10	10
356	350	10	10
356	350	10	10
356	350	10	10
356	350	10	10
356	350	10	10
356	350	10	10
356	350	10	10
356	350	10	10
356	350	10	10
356	350	10	10
356	350	10	10
356	350	10	10
355	350	10	10
355	350	10	10
355	350	10	10
355	350	10	10
355	350	10	10
355	350	10	10
355	350	10	10
355	350	10	10
355	350	10	10
355	350	10	10
355	350	10	10
355	350	10	10
355	350	10	10
355	350	10	10
355	350	10	10
354	350	10	10
354	350	10	10
354	350	10	10
354	350	10	10
354	350	10	10
354	350	10	10
354	350	10	10
354	350	10	10
354	350	10	10
354	350	10	10
354	350	10	10
354	350	10	10
354	350	10	10
354	350	10	10
354	350	10	10
354	350	10	10
354	350	10	10
353	350	10	10
353	350	10	10
353	350	10	10
353	350	10	10
353	350	10	10
353	350	10	10
353	350	10	10
353	350	10	10
353	350	10	10
353	350	10	10
353	350	10	10
353	350	10	10
353	350	10	10
353	350	10	10
353	350	10	10
352	350	10	10
352	350	10	10
352	350	10	10
352	350	10	10
352	350	10	10
352	350	10	10
352	350	10	10
352	350	10	10
352	350	10	10
352	350	10	10
352	350	10	10
352	350	10	10
352	350	10	10
352	350	10	10
352	350	10	10
351	350	10	10
351	350	10	10
351	350	10	10
351	350	10	10
351	350	10	10
351	350	10	10
351	350	10	10
351	350	10	10
351	350	10	10
351	350	10	10
351	350	10	10
351	350	10	10
351	350	10	10
351	350	10	10
351	350	10	10
350	350	10	10
350	350	10	10
350	350	10	10
350	350	10	10
350	350	10	10
350	350	10	10
350	350	10	10
350	350	10	10
350	350	10	10
350	350	10	10
350	350	10	10
350	350	10	10
350	350	10	10
350	350	10	10
350	350	10	10
349	350	10	10
349	350	10	10
349	350	10	10
349	350	10	10
349	350	10	10
349	350	10	10
349	350	10	10
349	350	10	10
349	350	10	10
349	350	10	10
349	350	10	10
349	350	10	10
349	350	10	10
349	350	10	10
349	350	10	10
349	350	10	10
348	350	10	10
348	350	10	10
348	350	10	10
348	350	10	10
348	350	10	10
348	350	10	10
348	350	10	10
348	350	10	10
348	350	10	10
348	350	10	10
348	350	10	10
348	350	10	10
348	350	10	10
348	350	10	10
348	350	10	10
347	350	10	10
347	350	10	10
347	350	10	10
347	350	10	10
347	350	10	10
347	350	10	10
347	350	10	10
347	350	10	10
347	350	10	10
347	350	10	10
347	350	10	10
347	350	10	10
347	350	10	10
347	350	10	10
347	350	10	10
346	350	10	10
346	350	10	10
346	350	10	10
346	350	10	10
346	350	10	10
346	350	10	10
346	350	10	10
346	350	10	10
346	350	10	10
346	350	10	10
346	350	10	10
346	350	10	10
346	350	10	10
346	350	10	10
346	350	10	10
345	350	10	10
345	350	10	10
345	350	10	10
345	350	10	10
345	350	10	10
345	350	10	10
345	350	10	10
345	350	10	10
345	350	10	10
345	350	10	10
345	350	10	10
345	350	10	10
345	350	10	10
345	350	10	10
345	350	10	10
344	350	10	10
344	350	10	10
344	350	10	10
344	350	10	10
344	350	10	10
344	350	10	10
344	350	10	10
344	350	10	10
344	350	10	10
344	350	10	10
344	350	10	10
344	350	10	10
344	350	10	10
344	350	10	10
344	350	10	10
343	350	10	10
343	350	10	10
343	350	10	10
343	350	10	10
343	350	10	10
343	350	10	10
343	350	10	10
343	350	10	10
343	350	10	10
343	350	10	10
343	350	10	10
343	350	10	10
343	350	10	10
343	350	10	10
343	350	10	10
342	350	10	10
342	350	10	10
342	350	10	10
342	350	10	10
342	350	10	10
342	350	10	10
342	350	10	10
342	350	10	10
342	350	10	10
342	350	10	10
342	350	10	10
342	350	10	10
342	350	10	10
342	350	10	10
342	350	10	10
341	350	10	10
341	350	10	10
341	350	10	10
341	350	10	10
341	350	10	10
341	350	10	10
341	350	10	10
341	350	10	10
341	350	10	10
341	350	10	10
341	350	10	10
341	350	10	10
341	350	10	10
341	350	10	10
341	350	10	10
340	350	10	10
340	350	10	10
340	350	10	10
340	350	10	10
340	350	10	10
340	350	10	10
340	350	10	10
340	350	10	10
340	350	10	10
340	350	10	10
340	350	10	10
340	350	10	10
340	350	10	10
340	350	10	10
340	350	10	10
339	350	10	10
339	350	10	10
339	350	10	10
339	350	10	10
339	350	10	10
339	350	10	10
339	350	10	10
339	350	10	10
339	350	10	10
339	350	10	10
339	350	10	10
339	350	10	10
339	350	10	10
339	350	10	10
339	350	10	10
338	350	10	10
338	350	10	10
338	350	10	10
338	350	10	10
338	350	10	10
338	350	10	10
338	350	10	10
338	350	10	10
338	350	10	10
338	350	10	10
338	350	10	10
338	350	10	10
338	350	10	10
338	350	10	10
338	350	10	10
338	350	10	10
337	350	10	10
337	350	10	10
337	350	10	10
337	350	10	10
337	350	10	10
337	350	10	10
337	350	10	10
337	350	10	10
337	350	10	10
337	350	10	10
337	350	10	10
337	350	10	10
337	350	10	10
337	350	10	10
337	350	10	10
336	350	10	10
336	350	10	10
336	350	10	10
336	350	10	10
336	350	10	10
336	350	10	10
336	350	10	10
336	350	10	10
336	350	10	10
336	350	10	10
336	350	10	10
336	350	10	10
336	350	10	10
336	350	10	10
336	350	10	10
335	350	10	10
335	350	10	10
335	350	10	10
335	350	10	10
335	350	10	10
335	350	10	10
335	350	10	10
335	350	10	10
335	350	10	10
335	350	10	10
335	350	10	10
335	350	10	10
335	350	10	10
335	350	10	10
335	350	10	10
334	350	10	10
335	350	10	10
333	350	10	10
331	350	10	10
330	350	10	10
330	350	10	10
329	350	10	10
329	350	10	10
329	350	10	10
329	350	10	10
329	350	10	10
329	350	10	10
329	350	10	10
329	350	10	10
329	350	10	10
329	350	10	10
329	350	10	10
329	350	10	10
329	350	10	10
329	350	10	10
329	350	10	10
329	350	10	10
329	350	10	10
328	350	10	10
328	350	10	10
328	350	10	10
328	350	10	10
326	350	10	10
325	350	10	10
323	350	10	10
323	350	10	10
323	350	10	10
323	350	10	10
322	350	10	10
320	350	10	10
318	350	10	10
318	350	10	10
317	350	10	10
315	350	10	10
314	350	10	10
312	350	10	10
310	350	10	10
309	350	10	10
309	350	10	10
309	350	10	10
309	350	10	10
309	350	10	10
309	350	10	10
309	350	10	10
309	350	10	10
309	350	10	10
309	350	10	10
309	350	10	10
309	350	10	10
309	350	10	10
309	350	10	10
309	350	10	10
308	350	10	10
308	350	10	10
308	350	10	10
308	350	10	10
308	350	10	10
308	350	10	10
308	350	10	10
308	350	10	10
308	350	10	10
308	350	10	10
308	350	10	10
308	350	10	10
308	350	10	10
308	350	10	10
308	350	10	10
307	350	10	10
307	350	10	10
307	350	10	10
307	350	10	10
307	350	10	10
308	350	10	10
308	350	10	10
308	350	10	10
308	350	10	10
308	350	10	10
308	350	10	10
308	350	10	10
308	350	10	10
308	350	10	10
308	350	10	10
308	350	10	10
308	350	10	10
309	350	10	10
309	350	10	10
309	350	10	10
309	350	10	10
309	350	10	10
309	350	10	10
309	350	10	10
309	350	10	10
309	350	10	10
309	350	10	10
309	350	10	10
309	350	10	10
309	350	10	10
310	350	10	10
310	350	10	10
310	350	10	10
310	350	10	10
310	350	10	10
310	350	10	10
310	350	10	10
310	350	10	10
310	350	10	10
310	350	10	10
310	350	10	10
310	350	10	10
310	350	10	10
311	350	10	10
311	350	10	10
311	350	10	10
311	350	10	10
311	350	10	10
311	350	10	10
311	350	10	10
311	350	10	10
311	350	10	10
311	350	10	10
311	350	10	10
311	350	10	10
312	350	10	10
312	350	10	10
312	350	10	10
312	350	10	10
312	350	10	10
312	350	10	10
312	350	10	10
312	350	10	10
312	350	10	10
312	350	10	10
312	350	10	10
312	350	10	10
312	350	10	10
313	350	10	10
311	350	10	10
311	350	10	10
311	350	10	10
311	350	10	10
311	350	10	10
311	350	10	10
311	350	10	10
311	350	10	10
312	350	10	10
312	350	10	10
312	350	10	10
312	350	10	10
312	350	10	10
312	350	10	10
312	350	10	10
312	350	10	10
312	350	10	10
312	350	10	10
312	350	10	10
312	350	10	10
312	350	10	10
312	350	10	10
312	350	10	10
313	350	10	10
313	350	10	10
313	350	10	10
313	350	10	10
313	350	10	10
313	350	10	10
313	350	10	10
313	350	10	10
313	350	10	10
313	350	10	10
313	350	10	10
313	350	10	10
314	350	10	10
314	350	10	10
314	350	10	10
314	350	10	10
312	350	10	10
310	350	10	10
309	350	10	10
307	350	10	10
306	350	10	10
304	350	10	10
302	350	10	10
302	350	10	10
301	350	10	10
299	350	10	10
297	350	10	10
296	350	10	10
294	350	10	10
292	350	10	10
291	350	10	10
291	350	10	10
291	350	10	10
291	350	10	10
291	350	10	10
290	350	10	10
288	350	10	10
288	350	10	10
288	350	10	10
288	350	10	10
288	350	10	10
288	350	10	10
287	350	10	10
287	350	10	10
287	350	10	10
288	350	10	10
288	350	10	10
288	350	10	10
288	350	10	10
288	350	10	10
288	350	10	10
288	350	10	10
288	350	10	10
288	350	10	10
288	350	10	10
288	350	10	10
288	350	10	10
288	350	10	10
288	350	10	10
288	350	10	10
288	350	10	10
288	350	10	10
288	350	10	10
288	350	10	10
288	350	10	10
288	350	10	10
288	350	10	10
288	350	10	10
288	350	10	10
288	350	10	10
288	350	10	10
288	350	10	10
288	350	10	10
288	350	10	10
288	350	10	10
288	350	10	10
288	350	10	10
288	350	10	10
288	350	10	10
288	350	10	10
288	350	10	10
288	350	10	10
288	350	10	10
287	350	10	10
287	350	10	10
287	350	10	10
287	350	10	10
287	350	10	10
287	350	10	10
287	350	10	10
287	350	10	10
287	350	10	10
287	350	10	10
287	350	10	10
287	350	10	10
287	350	10	10
287	350	10	10
287	350	10	10
287	350	10	10
287	350	10	10
287	350	10	10
285	350	10	10
283	350	10	10
283	350	10	10
283	350	10	10
282	350	10	10
282	350	10	10
282	350	10	10
282	350	10	10
282	350	10	10
282	350	10	10
285	350	10	10
284	350	10	10
282	350	10	10
282	350	10	10
282	350	10	10
282	350	10	10
282	350	10	10
282	350	10	10
283	350	10	10
283	350	10	10
283	350	10	10
283	350	10	10
283	350	10	10
283	350	10	10
283	350	10	10
282	350	10	10
282	350	10	10
282	350	10	10
282	350	10	10
282	350	10	10
282	350	10	10
282	350	10	10
282	350	10	10
282	350	10	10
282	350	10	10
282	350	10	10
282	350	10	10
282	350	10	10
282	350	10	10
282	350	10	10
282	350	10	10
282	350	10	10
282	350	10	10
282	350	10	10
282	350	10	10
282	350	10	10
282	350	10	10
281	350	10	10
281	350	10	10
281	350	10	10
281	350	10	10
281	350	10	10
281	350	10	10
281	350	10	10
281	350	10	10
281	350	10	10
281	350	10	10
281	350	10	10
281	350	10	10
281	350	10	10
281	350	10	10
281	350	10	10
281	350	10	10
281	350	10	10
280	350	10	10
281	350	10	10
280	350	10	10
281	350	10	10
280	350	10	10
280	350	10	10
280	350	10	10
280	350	10	10
280	350	10	10
280	350	10	10
280	350	10	10
280	350	10	10
280	350	10	10
280	350	10	10
280	350	10	10
280	350	10	10
280	350	10	10
280	350	10	10
280	350	10	10
279	350	10	10
279	350	10	10
279	350	10	10
279	350	10	10
279	350	10	10
279	350	10	10
279	350	10	10
279	350	10	10
279	350	10	10
279	350	10	10
279	350	10	10
279	350	10	10
279	350	10	10
279	350	10	10
279	350	10	10
278	350	10	10
278	350	10	10
278	350	10	10
278	350	10	10
278	350	10	10
278	350	10	10
278	350	10	10
278	350	10	10
278	350	10	10
278	350	10	10
278	350	10	10
278	350	10	10
278	350	10	10
278	350	10	10
278	350	10	10
277	350	10	10
277	350	10	10
277	350	10	10
277	350	10	10
277	350	10	10
277	350	10	10
277	350	10	10
277	350	10	10
277	350	10	10
277	350	10	10
277	350	10	10
277	350	10	10
277	350	10	10
277	350	10	10
277	350	10	10
277	350	10	10
276	350	10	10
276	350	10	10
276	350	10	10
276	350	10	10
276	350	10	10
276	350	10	10
276	350	10	10
276	350	10	10
276	350	10	10
276	350	10	10
276	350	10	10
276	350	10	10
276	350	10	10
276	350	10	10
276	350	10	10
275	350	10	10
275	350	10	10
275	350	10	10
275	350	10	10
275	350	10	10
275	350	10	10
275	350	10	10
275	350	10	10
275	350	10	10
275	350	10	10
275	350	10	10
275	350	10	10
275	350	10	10
275	350	10	10
275	350	10	10
274	350	10	10
274	350	10	10
274	350	10	10
274	350	10	10
274	350	10	10
274	350	10	10
274	350	10	10
274	350	10	10
274	350	10	10
274	350	10	10
274	350	10	10
274	350	10	10
274	350	10	10
274	350	10	10
274	350	10	10
273	350	10	10
273	350	10	10
273	350	10	10
273	350	10	10
273	350	10	10
273	350	10	10
273	350	10	10
273	350	10	10
273	350	10	10
273	350	10	10
273	350	10	10
273	350	10	10
273	350	10	10
273	350	10	10
273	350	10	10
272	350	10	10
272	350	10	10
272	350	10	10
272	350	10	10
272	350	10	10
272	350	10	10
272	350	10	10
272	350	10	10
272	350	10	10
272	350	10	10
272	350	10	10
272	350	10	10
272	350	10	10
272	350	10	10
272	350	10	10
271	350	10	10
271	350	10	10
271	350	10	10
271	350	10	10
271	350	10	10
271	350	10	10
271	350	10	10
271	350	10	10
271	350	10	10
271	350	10	10
271	350	10	10
271	350	10	10
271	350	10	10
271	350	10	10
271	350	10	10
270	350	10	10
270	350	10	10
270	350	10	10
270	350	10	10
270	350	10	10
270	350	10	10
270	350	10	10
270	350	10	10
270	350	10	10
270	350	10	10
270	350	10	10
270	350	10	10
270	350	10	10
270	350	10	10
270	350	10	10
269	350	10	10
269	350	10	10
269	350	10	10
269	350	10	10
269	350	10	10
269	350	10	10
269	350	10	10
269	350	10	10
269	350	10	10
269	350	10	10
269	350	10	10
269	350	10	10
269	350	10	10
269	350	10	10
269	350	10	10
268	350	10	10
268	350	10	10
268	350	10	10
268	350	10	10
268	350	10	10
268	350	10	10
268	350	10	10
268	350	10	10
268	350	10	10
268	350	10	10
268	350	10	10
268	350	10	10
268	350	10	10
268	350	10	10
268	350	10	10
267	350	10	10
267	350	10	10
267	350	10	10
267	350	10	10
267	350	10	10
267	350	10	10
267	350	10	10
267	350	10	10
267	350	10	10
267	350	10	10
267	350	10	10
267	350	10	10
267	350	10	10
267	350	10	10
267	350	10	10
266	350	10	10
266	350	10	10
266	350	10	10
266	350	10	10
266	350	10	10
266	350	10	10
266	350	10	10
266	350	10	10
266	350	10	10
266	350	10	10
266	350	10	10
266	350	10	10
266	350	10	10
266	350	10	10
266	350	10	10
266	350	10	10
265	350	10	10
265	350	10	10
265	350	10	10
265	350	10	10
265	350	10	10
265	350	10	10
265	350	10	10
265	350	10	10
265	350	10	10
265	350	10	10
265	350	10	10
265	350	10	10
265	350	10	10
265	350	10	10
265	350	10	10
264	350	10	10
264	350	10	10
264	350	10	10
264	350	10	10
264	350	10	10
264	350	10	10
264	350	10	10
264	350	10	10
264	350	10	10
264	350	10	10
264	350	10	10
264	350	10	10
264	350	10	10
264	350	10	10
264	350	10	10
263	350	10	10
263	350	10	10
263	350	10	10
263	350	10	10
263	350	10	10
263	350	10	10
263	350	10	10
263	350	10	10
263	350	10	10
263	350	10	10
263	350	10	10
263	350	10	10
263	350	10	10
263	350	10	10
263	350	10	10
262	350	10	10
262	350	10	10
262	350	10	10
262	350	10	10
262	350	10	10
262	350	10	10
262	350	10	10
262	350	10	10
262	350	10	10
262	350	10	10
262	350	10	10
262	350	10	10
262	350	10	10
262	350	10	10
262	350	10	10
261	350	10	10
261	350	10	10
261	350	10	10
261	350	10	10
261	350	10	10
261	350	10	10
261	350	10	10
261	350	10	10
261	350	10	10
261	350	10	10
261	350	10	10
261	350	10	10
261	350	10	10
261	350	10	10
261	350	10	10
260	350	10	10
260	350	10	10
260	350	10	10
260	350	10	10
260	350	10	10
260	350	10	10
260	350	10	10
260	350	10	10
260	350	10	10
260	350	10	10
260	350	10	10
260	350	10	10
260	350	10	10
260	350	10	10
260	350	10	10
259	350	10	10
259	350	10	10
259	350	10	10
259	350	10	10
259	350	10	10
259	350	10	10
259	350	10	10
259	350	10	10
259	350	10	10
259	350	10	10
259	350	10	10
259	350	10	10
259	350	10	10
259	350	10	10
259	350	10	10
258	350	10	10
258	350	10	10
258	350	10	10
258	350	10	10
258	350	10	10
258	350	10	10
258	350	10	10
258	350	10	10
258	350	10	10
258	350	10	10
258	350	10	10
258	350	10	10
258	350	10	10
258	350	10	10
258	350	10	10
257	350	10	10
257	350	10	10
257	350	10	10
257	350	10	10
257	350	10	10
257	350	10	10
257	350	10	10
257	350	10	10
257	350	10	10
257	350	10	10
257	350	10	10
257	350	10	10
257	350	10	10
257	350	10	10
257	350	10	10
257	350	10	10
257	350	10	10
257	350	10	10
257	350	10	10
257	350	10	10
257	350	10	10
257	350	10	10
257	350	10	10
257	350	10	10
257	350	10	10
257	350	10	10
257	350	10	10
257	350	10	10
257	350	10	10
257	350	10	10
256	350	10	10
256	350	10	10
256	350	10	10
256	350	10	10
256	350	10	10
256	350	10	10
256	350	10	10
256	350	10	10
256	350	10	10
256	350	10	10
256	350	10	10
256	350	10	10
256	350	10	10
256	350	10	10
256	350	10	10
256	350	10	10
256	350	10	10
256	350	10	10
256	350	10	10
256	350	10	10
255	350	10	10
255	350	10	10
255	350	10	10
256	350	10	10
256	350	10	10
256	350	10	10
255	350	10	10
255	350	10	10
255	350	10	10
256	350	10	10
256	350	10	10
256	350	10	10
256	350	10	10
254	350	10	10
254	350	10	10
254	350	10	10
254	350	10	10
254	350	10	10
255	350	10	10
255	350	10	10
255	350	10	10
255	350	10	10
255	350	10	10
255	350	10	10
255	350	10	10
255	350	10	10
255	350	10	10
255	350	10	10
255	350	10	10
255	350	10	10
255	350	10	10
255	350	10	10
256	350	10	10
256	350	10	10
256	350	10	10
256	350	10	10
256	350	10	10
254	350	10	10
253	350	10	10
253	350	10	10
253	350	10	10
253	350	10	10
253	350	10	10
253	350	10	10
253	350	10	10
253	350	10	10
253	350	10	10
253	350	10	10
253	350	10	10
253	350	10	10
253	350	10	10
254	350	10	10
254	350	10	10
254	350	10	10
254	350	10	10
254	350	10	10
254	350	10	10
254	350	10	10
254	350	10	10
254	350	10	10
254	350	10	10
254	350	10	10
254	350	10	10
254	350	10	10
254	350	10	10
254	350	10	10
254	350	10	10
254	350	10	10
254	350	10	10
254	350	10	10
254	350	10	10
254	350	10	10
254	350	10	10
254	350	10	10
254	350	10	10
255	350	10	10
255	350	10	10
255	350	10	10
254	350	10	10
254	350	10	10
254	350	10	10
254	350	10	10
254	350	10	10
254	350	10	10
254	350	10	10
254	350	10	10
254	350	10	10
254	350	10	10
254	350	10	10
254	350	10	10
254	350	10	10
254	350	10	10
254	350	10	10
254	350	10	10
254	350	10	10
254	350	10	10
254	350	10	10
254	350	10	10
254	350	10	10
254	350	10	10
254	350	10	10
254	350	10	10
254	350	10	10
254	350	10	10
254	350	10	10
254	350	10	10
254	350	10	10
254	350	10	10
254	350	10	10
254	350	10	10
254	350	10	10
254	350	10	10
254	350	10	10
254	350	10	10
254	350	10	10
254	350	10	10
254	350	10	10
253	350	10	10
253	350	10	10
253	350	10	10
253	350	10	10
253	350	10	10
253	350	10	10
253	350	10	10
253	350	10	10
253	350	10	10
253	350	10	10
253	350	10	10
253	350	10	10
253	350	10	10
253	350	10	10
253	350	10	10
253	350	10	10
253	350	10	10
252	350	10	10
253	350	10	10
253	350	10	10
253	350	10	10
253	350	10	10
253	350	10	10
253	350	10	10
253	350	10	10
253	350	10	10
253	350	10	10
253	350	10	10
253	350	10	10
253	350	10	10
253	350	10	10
253	350	10	10
253	350	10	10
253	350	10	10
253	350	10	10
252	350	10	10
250	350	10	10
250	350	10	10
250	350	10	10
250	350	10	10
251	350	10	10
251	350	10	10
251	350	10	10
251	350	10	10
251	350	10	10
251	350	10	10
251	350	10	10
251	350	10	10
251	350	10	10
251	350	10	10
251	350	10	10
251	350	10	10
250	350	10	10
250	350	10	10
248	350	10	10
246	350	10	10
246	350	10	10
245	350	10	10
243	350	10	10
242	350	10	10
242	350	10	10
242	350	10	10
242	350	10	10
242	350	10	10
242	350	10	10
242	350	10	10
240	350	10	10
240	350	10	10
241	350	10	10
241	350	10	10
241	350	10	10
241	350	10	10
241	350	10	10
241	350	10	10
239	350	10	10
238	350	10	10
236	350	10	10
234	350	10	10
234	350	10	10
233	350	10	10
233	350	10	10
231	350	10	10
230	350	10	10
230	350	10	10
230	350	10	10
228	350	10	10
228	350	10	10
228	350	10	10
228	350	10	10
228	350	10	10
229	350	10	10
227	350	10	10
225	350	10	10
225	350	10	10
225	350	10	10
224	350	10	10
224	350	10	10
222	350	10	10
222	350	10	10
222	350	10	10
222	350	10	10
222	350	10	10
223	350	10	10
222	350	10	10
222	350	10	10
222	350	10	10
222	350	10	10
222	350	10	10
222	350	10	10
222	350	10	10
222	350	10	10
222	350	10	10
222	350	10	10
222	350	10	10
222	350	10	10
222	350	10	10
222	350	10	10
222	350	10	10
222	350	10	10
222	350	10	10
222	350	10	10
221	350	10	10
221	350	10	10
221	350	10	10
221	350	10	10
221	350	10	10
221	350	10	10
221	350	10	10
221	350	10	10
221	350	10	10
221	350	10	10
221	350	10	10
221	350	10	10
221	350	10	10
221	350	10	10
221	350	10	10
221	350	10	10
221	350	10	10
222	350	10	10
222	350	10	10
222	350	10	10
222	350	10	10
222	350	10	10
222	350	10	10
222	350	10	10
222	350	10	10
222	350	10	10
222	350	10	10
222	350	10	10
222	350	10	10
223	350	10	10
223	350	10	10
223	350	10	10
223	350	10	10
223	350	10	10
223	350	10	10
223	350	10	10
223	350	10	10
223	350	10	10
223	350	10	10
223	350	10	10
223	350	10	10
223	350	10	10
224	350	10	10
224	350	10	10
224	350	10	10
224	350	10	10
224	350	10	10
224	350	10	10
224	350	10	10
224	350	10	10
224	350	10	10
224	350	10	10
224	350	10	10
224	350	10	10
224	350	10	10
224	350	10	10
224	350	10	10
224	350	10	10
224	350	10	10
224	350	10	10
224	350	10	10
224	350	10	10
224	350	10	10
224	350	10	10
224	350	10	10
224	350	10	10
224	350	10	10
223	350	10	10
223	350	10	10
223	350	10	10
223	350	10	10
223	350	10	10
223	350	10	10
223	350	10	10
223	350	10	10
223	350	10	10
223	350	10	10
223	350	10	10
223	350	10	10
223	350	10	10
223	350	10	10
223	350	10	10
222	350	10	10
222	350	10	10
222	350	10	10
222	350	10	10
222	350	10	10
222	350	10	10
222	350	10	10
222	350	10	10
222	350	10	10
222	350	10	10
222	350	10	10
222	350	10	10
222	350	10	10
222	350	10	10
222	350	10	10
221	350	10	10
221	350	10	10
221	350	10	10
221	350	10	10
221	350	10	10
221	350	10	10
221	350	10	10
221	350	10	10
221	350	10	10
221	350	10	10
221	350	10	10
221	350	10	10
221	350	10	10
221	350	10	10
221	350	10	10
220	350	10	10
220	350	10	10
220	350	10	10
220	350	10	10
220	350	10	10
220	350	10	10
220	350	10	10
220	350	10	10
220	350	10	10
220	350	10	10
220	350	10	10
220	350	10	10
220	350	10	10
220	350	10	10
220	350	10	10
219	350	10	10
219	350	10	10
219	350	10	10
219	350	10	10
219	350	10	10
219	350	10	10
219	350	10	10
219	350	10	10
219	350	10	10
219	350	10	10
219	350	10	10
219	350	10	10
219	350	10	10
219	350	10	10
219	350	10	10
218	350	10	10
218	350	10	10
218	350	10	10
218	350	10	10
218	350	10	10
218	350	10	10
218	350	10	10
218	350	10	10
218	350	10	10
218	350	10	10
218	350	10	10
218	350	10	10
218	350	10	10
218	350	10	10
218	350	10	10
217	350	10	10
217	350	10	10
217	350	10	10
217	350	10	10
217	350	10	10
236	350	10	10
240	335	12	10
244	316	23	24
246	300	41	44
249	306	43	41
253	310	42	40
252	311	43	39
252	314	45	39
253	317	42	40
247	317	45	39
243	316	46	40
243	310	44	37
236	310	44	35
240	304	43	34
239	291	45	36
242	286	45	33
243	286	42	31
244	280	46	31
252	277	45	30
259	273	45	30
261	273	46	29
258	277	46	29
260	278	47	27
255	281	45	28
251	285	46	26
244	288	47	25
241	285	46	25
236	286	45	24
229	280	47	25
223	276	45	25
213	271	45	24
206	271	49	23
212	253	45	22
225	240	47	22
221	238	43	21
212	232	44	21
212	233	44	19
207	233	43	17
202	230	43	17
201	229	44	16
200	227	42	15
202	224	41	14
204	225	36	14
200	223	37	14
199	220	34	15
199	218	34	15
200	212	28	19
201	212	29	18
202	207	25	19
210	202	22	21
213	198	24	22
212	191	23	22
209	188	24	24
206	185	25	25
201	189	26	27
200	193	23	29
194	201	25	28
191	202	21	32
191	204	21	33
190	209	17	31
187	211	19	34
186	216	17	34
184	222	17	34
179	227	18	33
177	227	16	36
174	229	17	36
169	231	18	37
165	234	21	35
165	238	22	37
162	241	23	36
161	244	23	36
157	246	25	37
156	251	26	33
153	255	28	33
152	258	29	33
150	262	32	31
153	266	33	30
167	266	32	30
180	253	34	30
182	248	35	28
183	236	34	25
189	220	35	25
192	210	34	26
191	210	35	26
191	210	36	24
188	208	36	24
187	211	37	23
187	214	37	24
187	213	38	24
197	219	35	22
203	219	37	22
209	222	37	21
214	226	38	19
217	227	36	21
217	232	35	22
216	238	35	21
218	242	32	22
216	244	34	23
218	249	31	22
216	250	29	26
210	256	30	24
210	256	27	27
204	256	27	27
196	254	28	30
193	256	23	32
186	259	22	30
179	258	20	28
173	256	19	26
167	254	18	30
164	252	16	26
169	243	13	27
177	219	14	24
201	204	13	21
206	200	11	24
207	201	10	22
207	204	10	22
203	207	12	22
200	210	12	22
193	217	13	23
194	224	11	22
194	229	11	22
191	234	12	22
193	240	13	22
193	247	12	19
193	251	12	21
188	251	13	19
182	249	12	18
184	249	13	19
187	248	12	17
185	249	15	18
188	247	14	18
195	247	15	17
211	242	18	18
222	233	16	17
220	229	17	16
226	222	17	16
231	219	18	13
233	212	20	13
227	208	18	13
217	202	21	12
215	209	19	13
207	217	21	11
201	224	21	10
195	228	22	12
194	236	22	11
196	240	21	12
198	244	22	11
203	249	21	10
211	252	21	10
221	257	20	10
229	262	21	10
235	263	21	10
240	263	21	10
246	264	21	10
249	263	23	10
255	264	22	10
254	265	24	10
255	263	25	10
257	258	23	10
258	255	23	10
257	251	22	10
255	246	22	10
253	242	20	10
250	244	21	11
246	248	21	10
242	255	20	10
237	260	20	11
232	269	20	12
227	276	21	13
223	279	18	13
218	281	21	12
214	279	18	13
214	276	21	12
221	273	19	11
223	266	19	12
225	258	21	12
228	249	18	13
232	242	19	12
235	234	18	12
238	228	17	12
239	225	16	12
239	222	19	14
240	219	19	13
241	214	17	13
243	210	19	12
242	207	19	12
244	202	21	15
245	199	20	14
247	201	19	15
248	205	18	13
247	207	17	16
248	215	18	14
249	223	19	13
249	229	19	16
250	241	19	14
254	249	18	14
255	256	19	14
258	263	20	16
262	263	19	14
265	260	18	17
268	260	19	14
270	255	18	13
272	238	20	16
275	226	20	15
276	219	20	15
279	211	20	15
280	208	20	15
282	207	19	18
281	206	20	19
282	204	21	16
279	203	20	18
278	200	19	17
276	196	20	18
273	195	21	16
270	191	20	18
268	189	21	18
264	188	21	17
263	185	21	19
263	191	20	17
262	194	21	19
262	195	22	20
262	200	21	20
262	203	20	19
262	204	20	22
261	207	21	20
263	206	21	21
263	208	21	21
262	211	21	20
264	212	21	21
263	214	23	21
267	217	19	19
269	219	21	19
271	222	20	20
270	224	22	20
274	225	21	21
274	226	22	24
275	229	23	20
277	230	24	22
277	230	23	23
273	232	23	22
273	234	23	23
268	230	23	25
263	234	24	23
259	233	24	24
255	229	24	23
254	223	20	26
249	223	23	23
247	223	22	22
245	221	22	22
245	219	21	21
242	221	24	22
240	219	23	20
238	220	23	21
238	219	23	23
235	220	23	25
237	222	19	24
237	223	24	24
236	223	24	26
240	225	20	24
239	228	22	24
241	228	23	23
244	230	24	24
246	232	24	24
248	233	24	24
250	234	24	24
252	235	25	25
255	236	23	23
257	236	24	24
260	236	23	24
263	236	23	23
263	233	24	24
268	236	22	24
271	234	22	23
272	236	23	23
274	233	22	24
275	234	23	23
278	234	23	22
280	236	23	22
282	236	23	21
285	239	21	21
288	239	23	23
289	240	22	22
291	242	21	21
291	243	24	21
291	245	22	21
289	247	22	20
288	249	23	20
286	252	24	19
285	254	22	18
283	253	22	19
280	257	24	17
280	258	23	17
279	258	24	18
278	258	23	17
280	256	22	17
280	255	22	16
280	253	25	15
282	251	25	16
283	250	22	13
283	249	25	14
281	248	22	12
280	247	25	13
277	246	24	14
276	246	25	11
276	247	22	11
276	247	21	10
273	245	23	10
273	244	22	10
271	243	20	10
271	243	21	10
268	241	23	10
265	241	24	10
263	239	25	10
260	241	25	10
259	239	25	10
257	240	26	10
256	240	28	10
255	240	28	10
254	238	27	10
254	238	27	10
254	236	27	10
254	238	26	10
255	234	28	10
254	234	28	11
254	234	29	11
255	232	30	12
255	232	31	12
257	231	30	12
258	229	29	13
260	229	29	13
256	228	29	14
247	226	30	14
246	228	31	13
247	226	30	14
244	225	31	15
244	223	31	15
245	223	30	15
243	221	32	16
243	221	32	16
244	219	31	16
243	217	32	18
244	216	32	17
246	213	31	17
246	210	31	18
245	210	32	18
246	208	31	18
244	208	33	19
245	206	32	17
244	205	32	19
244	203	33	18
244	200	32	19
243	197	33	20
243	197	33	21
243	195	33	20
242	192	33	20
240	191	34	21
220	200	35	21
211	202	35	22
207	202	32	22
207	202	32	22
201	201	34	23
197	201	32	23
193	200	34	23
190	198	36	23
188	195	33	23
188	195	33	23
190	190	33	23
189	184	35	24
193	184	34	24
194	179	36	24
199	175	35	25
203	175	34	26
208	178	34	26
213	180	34	26
215	181	36	28
221	181	35	28
226	182	36	27
233	181	36	30
232	185	36	28
236	200	35	28
223	213	36	30
217	216	36	28
215	218	35	32
213	218	37	32
211	220	35	33
209	220	38	33
210	216	36	34
205	213	38	33
210	209	34	34
205	203	38	34
206	202	36	36
207	198	35	37
204	199	34	36
203	194	36	39
203	195	36	38
204	193	35	41
204	194	36	39
204	192	36	41
204	191	36	42
209	192	34	40
208	192	35	41
207	192	36	41
207	192	36	42
211	196	37	43
213	195	32	44
215	196	36	43
217	199	37	43
219	197	32	46
221	198	36	44
225	199	35	44
225	195	34	50
225	195	33	49
222	189	32	48
222	184	32	50
221	180	32	51
217	176	32	51
220	179	35	45
225	172	32	50
225	172	32	51
227	168	36	51
227	162	34	54
230	160	34	49
232	154	33	53
238	155	34	50
246	151	33	52
249	151	33	50
249	145	33	55
250	148	32	48
253	146	32	51
256	145	32	52
255	146	33	52
255	145	33	52
254	145	33	52
255	148	33	48
255	149	32	52
254	149	33	51
254	154	33	49
250	154	32	48
250	156	32	51
237	178	35	44
226	190	34	46
227	195	32	50
226	198	32	51
229	210	32	44
230	211	30	49
233	214	31	42
237	214	29	49
237	215	29	45
241	211	27	46
238	210	27	48
231	211	26	46
226	210	24	47
224	213	27	45
220	214	23	45
212	216	25	46
198	216	26	46
185	215	26	46
176	216	25	44
166	220	26	43
162	222	21	45
157	225	21	45
154	230	20	41
148	233	22	39
145	231	21	37
144	233	19	38
146	231	19	32
149	226	18	33
155	229	20	31
163	231	20	27
172	231	19	31
179	230	19	35
189	232	15	39
189	236	14	37
193	239	15	38
196	243	14	39
196	248	13	38
199	252	13	38
194	258	14	36
189	264	15	37
187	263	15	38
183	263	15	38
183	258	15	39
182	256	16	39
176	254	18	37
168	249	18	38
164	242	16	40
159	240	17	38
156	239	17	40
159	236	21	42
161	236	23	40
168	233	22	41
179	228	24	40
184	226	25	38
186	229	21	37
192	228	24	38
195	229	24	36
198	228	24	38
198	230	24	39
197	231	25	37
202	232	20	41
200	236	23	39
200	238	24	38
200	240	24	39
202	243	25	39
205	248	25	36
207	248	28	34
205	242	27	36
199	237	27	34
194	231	26	35
190	226	29	35
188	220	28	35
188	213	27	37
184	214	27	35
183	208	29	36
184	208	26	36
185	206	29	33
190	206	25	34
191	206	28	32
194	203	29	33
199	203	25	34
198	202	25	35
199	203	24	34
202	202	23	34
202	201	28	35
202	199	27	35
203	199	25	34
202	197	25	32
201	193	27	33
199	193	26	33
200	195	24	34
193	198	27	32
194	198	25	32
194	199	25	32
195	199	24	32
195	198	24	32
198	194	24	31
200	192	23	30
207	187	25	30
227	182	26	30
234	174	27	29
239	173	24	31
241	174	24	28
243	181	25	28
242	188	25	29
241	193	24	30
243	202	23	27
242	210	25	28
243	215	25	29
245	217	26	30
246	225	24	27
246	233	28	28
248	234	31	31
251	232	29	29
249	232	32	29
249	228	31	31
246	223	32	29
245	217	34	29
243	214	36	30
240	212	36	28
237	206	35	28
234	206	36	27
233	203	37	27
233	201	38	30
236	205	39	28
235	212	39	27
234	218	41	26
239	225	38	25
237	230	41	25
239	231	43	24
240	245	41	24
236	251	43	23
232	246	45	22
235	246	45	22
234	243	46	22
236	240	46	21
236	235	47	21
237	232	50	21
241	227	48	20
240	221	49	19
243	216	48	19
242	213	50	18
241	208	51	17
241	205	50	17
241	209	49	17
237	209	53	18
235	208	51	19
234	203	52	22
233	200	54	22
232	203	54	21
229	198	55	24
232	201	54	26
234	201	55	26
234	200	57	28
235	195	57	32
234	194	57	32
233	185	58	34
232	170	59	36
230	155	55	37
230	146	54	39
229	134	54	39
226	123	53	46
224	113	54	48
219	113	56	48
220	122	53	49
221	131	53	49
221	135	52	51
226	136	52	57
225	141	52	55
225	139	54	59
232	145	49	57
230	149	53	58
231	153	53	61
225	158	54	62
226	156	50	64
219	156	54	62
208	149	55	66
209	148	52	66
196	142	56	68
194	142	49	67
181	141	55	66
176	145	52	69
176	154	52	72
172	167	49	70
170	168	50	78
157	178	54	72
158	171	50	84
157	173	52	82
156	173	53	83
155	172	53	85
148	159	54	85
140	153	56	86
140	147	56	83
140	134	55	86
133	138	55	79
134	129	53	85
133	134	54	85
132	136	54	80
132	140	53	85
131	150	53	76
131	150	51	86
129	158	53	83
128	166	53	80
128	177	53	79
128	182	52	83
133	191	53	78
138	200	52	81
137	190	52	78
144	191	51	75
150	178	51	80
162	175	53	74
169	171	50	79
174	178	51	76
180	173	50	74
180	178	49	77
179	181	49	70
185	179	47	74
184	180	47	71
184	177	58	75
193	184	53	72
201	180	50	68
202	187	47	64
204	174	52	69
200	177	48	66
201	183	45	62
200	182	45	63
195	182	46	62
193	181	48	61
189	183	47	59
178	188	50	58
174	188	46	59
163	193	50	57
162	192	51	59
161	198	52	55
161	199	51	54
162	206	50	50
165	207	55	50
171	207	53	50
170	211	53	45
175	212	53	49
174	214	56	44
174	215	55	43
179	218	53	40
182	218	55	40
182	220	54	38
184	224	57	36
184	221	55	34
188	217	55	35
191	216	56	35
194	213	59	33
197	209	59	32
201	206	58	31
205	207	56	28
207	207	58	28
211	207	58	27
219	210	56	28
218	214	57	25
219	219	57	23
218	221	59	22
228	227	54	22
227	231	56	21
227	235	56	20
234	241	53	19
237	244	54	18
236	244	55	18
237	241	57	18
238	244	56	17
240	239	57	16
242	240	52	17
243	238	54	17
245	237	51	17
246	235	53	17
248	237	51	17
245	234	50	17
248	236	50	18
248	236	49	18
248	235	49	18
247	234	50	19
244	234	49	19
245	234	48	19
239	231	49	20
238	227	50	21
233	225	48	18
228	222	47	19
222	219	48	19
219	217	49	19
213	214	48	18
209	212	47	17
205	211	45	18
198	208	45	18
197	208	46	18
190	208	45	18
185	208	45	17
180	210	45	19
177	215	47	19
172	220	44	19
171	224	46	18
170	228	44	19
170	230	43	20
172	230	44	21
172	232	43	21
174	232	44	21
177	232	44	22
177	232	42	22
174	232	43	23
176	232	40	22
176	232	40	23
175	231	41	24
174	230	42	25
180	225	38	23
192	213	40	24
192	207	40	25
191	207	41	25
190	201	37	24
188	199	39	24
189	198	36	24
184	193	40	24
181	192	42	27
177	191	37	27
176	192	38	25
174	192	37	25
172	190	40	27
173	188	38	26
175	188	38	25
179	188	36	25
178	188	38	26
180	188	36	25
179	187	38	26
183	193	35	24
184	197	33	27
183	201	33	24
183	206	34	25
183	209	32	24
182	206	35	28
184	210	35	25
184	209	34	26
187	213	33	26
186	212	35	28
187	216	31	25
187	218	32	27
187	220	32	28
189	223	33	26
186	222	32	28
187	222	30	28
183	222	32	28
182	222	33	28
180	221	31	29
180	221	30	29
180	215	30	30
177	215	30	30
174	216	30	28
172	213	29	28
173	216	27	27
166	212	30	30
164	212	29	30
164	213	28	28
162	214	27	27
160	213	30	30
158	213	28	28
159	213	27	27
159	214	27	27
160	213	30	28
163	212	29	29
169	212	28	28
171	212	28	28
174	215	27	27
179	215	27	27
179	217	26	27
181	215	27	29
182	219	24	28
184	220	27	27
185	221	26	29
187	222	24	28
186	224	26	28
190	225	24	26
189	227	25	27
191	226	25	29
192	227	23	27
194	226	24	27
190	226	26	28
192	224	21	27
191	222	23	26
188	217	20	27
182	218	23	25
181	213	21	27
181	215	20	26
181	213	20	25
177	213	23	25
177	212	24	26
178	211	25	28
183	207	21	27
186	209	22	26
185	207	24	27
192	208	21	26
193	207	23	25
197	206	21	27
204	205	23	25
209	207	23	24
214	204	22	26
219	204	21	26
223	203	22	24
228	204	23	25
233	204	23	25
237	202	23	24
242	201	24	26
245	203	21	23
248	204	25	25
250	204	25	25
253	207	24	24
256	207	23	23
256	207	23	23
255	207	23	22
255	207	25	23
255	206	23	23
257	206	24	23
260	208	22	24
260	208	23	23
262	208	22	23
262	208	23	23
263	208	22	23
262	208	23	23
262	208	23	23
262	208	22	22
260	206	22	22
258	205	21	23
258	203	22	23
253	204	23	23
253	206	22	24
249	206	22	24
245	210	22	24
241	210	22	24
238	215	20	23
234	217	24	24
230	216	22	24
230	221	22	23
228	221	22	22
224	223	22	22
224	224	21	21
222	224	21	23
221	226	19	19
220	227	21	21
220	228	20	20
220	229	20	20
219	230	21	21
219	232	21	17
221	231	21	19
223	234	20	16
223	233	19	14
223	234	21	13
225	234	21	14
226	234	21	13
228	234	21	14
227	235	19	11
229	238	20	12
229	234	21	12
230	228	18	10
230	222	19	10
229	214	19	11
232	209	19	10
232	204	19	10
229	202	18	11
227	200	18	10
224	199	18	11
222	201	18	10
221	202	18	11
222	202	19	11
221	204	20	10
223	205	19	11
223	205	21	10
225	207	22	10
227	207	22	10
228	209	22	10
231	214	22	10
230	217	23	10
232	218	22	10
235	221	22	10
239	222	22	10
245	220	22	12
248	217	22	11
251	212	23	11
253	210	22	12
252	208	22	13
246	208	23	12
235	211	22	13
225	214	23	13
223	215	22	14
217	215	22	14
214	217	21	14
212	218	22	14
209	220	23	15
213	226	22	15
217	230	22	17
225	231	22	18
232	233	22	17
241	235	22	19
247	237	22	17
250	239	22	17
254	240	20	17
255	239	21	18
256	241	22	19
261	233	19	17
262	217	21	20
265	207	20	18
264	203	21	19
265	199	19	19
266	196	19	18
263	195	21	21
263	194	20	20
262	197	19	20
264	205	20	22
264	211	20	21
265	216	20	20
264	219	20	22
265	221	18	20
263	223	18	19
263	223	18	19
259	223	19	20
256	224	19	21
255	223	16	19
253	223	17	19
249	223	17	19
249	219	15	20
246	219	17	19
246	217	17	20
248	217	16	20
250	217	20	20
255	217	17	20
259	217	18	21
263	217	17	20
264	217	18	20
269	216	15	21
269	218	18	20
272	216	15	18
271	217	17	18
271	216	14	18
273	216	13	16
274	220	12	12
271	221	10	10
269	220	10	10
264	220	10	10
261	220	10	10
259	219	10	10
256	217	10	10
249	217	10	10
245	216	10	10
240	212	11	11
239	211	10	10
239	214	13	10
244	215	12	13
255	217	13	14
262	217	13	15
267	218	14	14
273	218	14	11
282	215	13	13
287	213	10	13
292	213	12	12
296	212	10	12
295	214	11	10
295	211	13	11
291	210	15	13
288	207	16	15
287	207	13	15
282	206	14	14
278	203	15	15
272	201	16	16
265	198	16	18
258	197	16	17
254	197	15	17
247	197	16	18
240	198	16	19
240	199	14	18
240	200	16	17
245	200	13	17
245	200	16	19
247	204	18	18
251	207	14	18
253	206	18	18
254	206	18	20
257	207	19	19
255	206	19	19
255	206	20	20
253	206	16	20
252	208	18	19
250	206	15	19
245	208	19	19
243	206	19	19
239	206	19	19
238	205	15	19
237	205	17	17
233	208	18	18
233	207	18	18
236	210	18	14
236	209	20	18
240	209	19	19
244	211	20	16
250	210	18	18
255	211	18	18
256	209	20	20
259	211	22	16
262	208	19	20
266	207	16	20
265	207	19	18
265	207	19	19
262	207	19	17
264	210	18	14
262	207	18	18
262	208	18	19
261	210	19	19
259	210	19	19
259	212	19	19
259	211	16	20
258	213	18	19
257	213	19	19
256	210	16	19
257	212	18	18
256	209	17	19
258	210	15	18
257	209	17	18
256	208	18	19
258	207	15	19
258	207	17	18
257	206	16	18
257	207	17	17
258	207	15	15
257	204	17	17
254	207	17	14
253	205	16	16
249	205	16	13
247	200	16	16
244	200	16	16
243	199	16	16
245	198	13	17
242	197	16	16
243	197	13	13
244	196	15	15
243	193	15	15
242	193	16	15
246	194	16	13
248	192	16	11
249	193	15	11
250	195	14	10
253	199	13	10
255	201	12	10
256	206	12	10
256	209	15	10
257	211	13	10
255	212	15	10
256	214	13	10
256	216	13	10
256	215	14	10
257	216	13	10
257	216	12	10
256	215	12	10
257	215	12	10
257	215	11	10
258	213	11	10
259	212	11	10
260	210	10	10
259	209	11	10
259	209	11	10
259	209	11	10
257	208	10	10
256	208	10	10
255	207	10	10
253	205	10	10
248	205	10	10
247	204	10	10
244	204	10	10
243	204	10	10
240	203	16	10
239	203	17	10
238	201	17	10
233	200	22	10
233	199	24	10
234	200	24	10
237	197	23	10
238	196	24	10
240	196	25	10
246	193	23	10
246	191	25	10
249	193	25	10
256	196	23	10
258	198	24	10
260	198	25	10
262	196	26	10
261	196	28	10
258	195	25	10
253	194	25	10
246	191	26	10
242	191	27	10
238	188	26	10
234	186	27	11
232	186	28	11
230	183	29	11
231	182	27	13
229	178	30	12
230	175	29	13
233	171	28	13
234	167	28	15
236	162	28	16
239	158	26	17
239	157	25	18
239	165	25	21
237	170	25	20
237	170	25	23
237	172	24	24
237	171	23	25
235	170	23	26
238	166	21	25
235	166	22	25
236	164	20	26
236	161	20	28
237	160	19	28
236	160	19	29
234	161	19	31
