0.001276
0.167038
0.173039
0.177227
0.138032
0.163172
0.161097
0.162511
0.166414
0.180577
0.188293
0.184376
0.162202
0.173000
0.178263
0.179109
0.178041
0.182592
0.178294
0.180090
0.180468
0.178961
0.157651
0.164572
0.163675
0.164403
0.164583
0.164036
0.164163
0.165695
0.163380
0.164081
0.165671
0.172523
0.173697
0.177406
0.174745
0.177141
0.178711
0.176263
0.180944
0.181172
0.175962
0.176243
0.179960
0.184041
0.185564
0.184622
0.174051
0.170174
0.165776
0.164543
0.165419
0.164782
0.165040
0.164705
0.165114
0.164036
0.164036
0.159035
0.173037
0.177039
0.178415
0.179892
0.175100
0.175038
0.172055
0.179949
0.173707
0.170558
0.164654
0.163957
0.165982
0.164239
0.164619
0.165012
0.162774
0.165498
0.150852
0.180442
0.180615
0.180630
0.181526
0.179740
0.182041
0.187601
0.184970
0.176624
0.169388
0.170060
0.165694
0.165552
0.170690
0.172591
0.171105
0.170835
0.170459
0.142642
0.172158
0.168425
0.172201
0.177300
0.175322
0.175740
0.177217
0.184331
0.189268
0.175039
0.189518
0.178231
0.174690
0.168557
0.165194
0.166156
0.165354
0.165037
0.132782
0.166709
0.171453
0.174574
0.177404
0.178606
0.177400
0.180641
0.180126
0.180627
0.179573
0.182062
0.182202
0.179125
0.175422
0.181491
0.184566
0.194043
0.188222
0.188703
0.187752
0.174004
0.175974
0.179365
0.167304
0.178039
0.181358
0.178280
0.169346
0.170380
0.175612
0.180194
0.170741
0.177536
0.177232
0.178040
0.161046
0.168252
0.170761
0.177656
0.176670
0.180681
0.175997
0.177867
0.169420
0.171777
0.179307
0.170374
0.173872
0.173573
0.178585
0.169038
0.177143
0.178291
0.169055
0.172473
0.176382
0.180216
0.168670
0.172842
0.176912
0.166417
0.171678
0.168039
0.151668
0.169952
0.169206
0.170799
0.177914
0.177328
0.178345
0.170269
0.166347
0.171104
0.177418
0.178136
0.176419
0.178756
0.171306
0.169638
0.167768
0.175189
0.177994
0.168033
0.168037
0.173996
0.180039
0.168036
0.168038
0.173038
0.173039
0.169038
0.173173
0.179319
0.170858
0.176643
0.175476
0.181616
0.173038
0.177039
0.178041
0.169038
0.170124
0.177039
0.179459
0.172293
0.175113
0.178039
0.174547
0.181038
0.179407
0.169572
0.177351
0.176137
0.177083
0.178979
0.170785
0.174880
0.177471
0.176043
0.181108
0.170194
0.175052
0.178460
0.179368
0.164300
0.163148
0.168541
0.173218
0.180899
0.183370
0.178746
0.176130
0.177131
0.178040
0.178528
0.177039
0.179039
0.180486
0.177897
0.180817
0.180792
0.181440
0.182040
0.178039
0.172502
0.171547
0.166968
0.166748
0.163970
0.165349
0.165004
0.167431
0.166509
0.166858
0.165716
0.164559
0.167037
0.172749
0.176142
0.176550
0.179750
0.179014
0.177720
0.184405
0.185877
0.156462
0.166975
0.168603
0.167057
0.167705
0.167743
0.167369
0.167776
0.168372
0.167118
0.168153
0.173863
0.178488
0.181040
0.178369
0.179140
0.175719
0.185124
0.177054
0.172052
0.167587
0.167304
0.167845
0.168038
0.168376
0.167037
0.168108
0.168037
0.167658
0.166621
0.167539
0.170285
0.176511
0.179331
0.178316
0.178401
0.181530
0.185041
0.181855
0.183084
0.183132
0.188924
0.187727
0.184041
0.181990
0.175251
0.175376
0.174168
0.172038
0.171038
0.172260
0.169038
0.174733
0.171380
0.146032
0.088019
0.185041
0.177039
0.178372
0.173038
0.178212
0.176744
0.176941
0.162222
0.174900
0.180891
0.176552
0.188989
0.189181
0.188263
0.179336
0.179931
0.181129
0.182208
0.198412
0.195914
0.194611
0.193760
0.179361
0.174223
0.168801
0.172532
0.165973
0.167485
0.166036
0.167783
0.166907
0.169502
0.169037
0.171371
0.168037
0.168373
0.168543
0.183041
0.180039
0.181040
0.177039
0.182036
0.176823
0.186988
0.185006
0.187896
0.181700
0.176767
0.184777
0.190042
0.188040
0.178940
0.175413
0.173659
0.167613
0.139032
0.168322
0.167217
0.169071
0.170037
0.174347
0.177039
0.177039
0.178226
0.180591
0.181093
0.179789
0.177441
0.178121
0.181037
0.178112
0.179639
0.178065
0.175039
0.188041
0.180114
0.171047
0.164036
0.166447
0.165311
0.166908
0.166802
0.166808
0.165948
0.166468
0.166037
0.169157
0.176660
0.176652
0.178833
0.178012
0.179236
0.173856
0.175617
0.171556
0.166683
0.165379
0.165521
0.164302
0.164814
0.166387
0.166037
0.168036
0.166188
0.168091
0.170099
0.176559
0.177483
0.178467
0.179869
0.177664
0.178913
0.185103
0.182692
0.187427
0.184040
0.185006
0.181766
0.174358
0.171055
0.167137
0.167322
0.164985
0.166085
0.166863
0.166053
0.164996
0.166909
0.165935
0.165767
0.171232
0.178337
0.179880
0.189940
0.185918
0.178289
0.172365
0.165959
0.163624
0.167906
0.169668
0.171520
0.167747
0.168470
0.167959
0.168877
0.171112
0.174003
0.176736
0.177517
0.190953
0.190878
0.191634
0.187023
0.191410
0.188640
0.179050
0.173871
0.170014
0.167588
0.169037
0.168513
0.170142
0.169780
0.171407
0.170837
0.169652
0.169540
0.166433
0.179928
0.179936
0.181834
0.181439
0.183273
0.180533
0.185163
0.184564
0.183697
0.184139
0.181039
0.181185
0.180624
0.184118
0.184147
0.181566
0.181040
0.178479
0.186041
0.189198
0.189019
0.188140
0.188042
0.183041
0.182040
0.176358
0.172038
0.169550
0.170224
0.167037
0.166852
0.168715
0.167764
0.167037
0.166037
0.168037
0.153034
0.176039
0.177946
0.179040
0.179068
0.180235
0.181976
0.179731
0.178910
0.186867
0.180666
0.176928
0.170516
0.166897
0.167760
0.165869
0.168037
0.168011
0.166097
0.143253
0.179039
0.178039
0.180040
0.179040
0.180040
0.180890
0.182040
0.183155
0.182040
0.178935
0.177813
0.179039
0.182828
0.178039
0.180039
0.179625
0.179039
0.180040
0.182209
0.183040
0.185857
0.181324
0.181040
0.182040
0.181040
0.183139
0.182040
0.185041
0.183526
0.186315
0.184668
0.188223
0.183685
0.186731
0.185309
0.185041
0.182039
0.176039
0.175326
0.171991
0.167133
0.166551
0.168092
0.166932
0.168036
0.168037
0.166574
0.167037
0.166869
0.167524
0.171908
0.175521
0.178055
0.179011
0.176434
0.350331
0.370336
0.373213
0.338111
0.353237
0.338375
0.359206
0.359223
0.337203
0.335594
0.373814
0.367005
0.396603
0.380257
0.356080
0.386527
0.349007
0.350078
0.369278
0.374516
0.381033
0.385140
0.383916
0.372196
0.374331
0.364408
0.345642
0.393160
0.332369
0.353559
0.157518
0.157035
0.158035
0.166510
0.162419
0.180040
0.179039
0.183040
0.177039
0.169038
0.162036
0.157033
0.163036
0.163281
0.159035
0.158959
0.159839
0.160060
0.159036
0.158461
0.159035
0.166054
0.170038
0.168037
0.172038
0.172038
0.175315
0.184344
0.184693
0.182040
0.183041
0.182166
0.177039
0.167244
0.163036
0.158035
0.165036
0.166036
0.165578
0.163532
0.164036
0.165258
0.165036
0.161035
0.163036
0.168416
0.177184
0.177040
0.181040
0.179473
0.178981
0.181447
0.184041
0.183043
0.175039
0.171134
0.178304
0.173042
0.170294
0.163036
0.159035
0.160420
0.159228
0.173142
0.154034
0.168037
0.167204
0.169771
0.173446
0.170735
0.170925
0.176039
0.181040
0.181440
0.179876
0.180041
0.182065
0.177355
0.175665
0.182040
0.184040
0.184041
0.179247
0.184041
0.176015
0.172621
0.165037
0.161036
0.162036
0.167037
0.165542
0.167037
0.168037
0.167037
0.171536
0.167037
0.169044
0.167943
0.175038
0.173559
0.188042
0.177721
0.115025
0.162036
0.163770
0.164111
0.180686
0.186707
0.177865
0.177923
0.177125
0.178039
0.178040
0.177039
0.179062
0.179147
0.179040
0.174527
0.175039
0.182121
0.177988
0.181029
0.172184
0.168037
0.165037
0.164120
0.164036
0.163036
0.164089
0.164037
0.165903
0.163130
0.163327
0.163036
0.166038
0.171201
0.178058
0.180193
0.180040
0.177039
0.182210
0.183040
0.179089
0.173402
0.175516
0.182040
0.180039
0.176025
0.178581
0.181040
0.184483
0.181040
0.178040
0.180220
0.176878
0.179039
0.177039
0.177040
0.186178
0.184276
0.187042
0.190042
0.184332
0.177039
0.172441
0.166570
0.170190
0.166278
0.164036
0.167037
0.166037
0.167037
0.166818
0.167037
0.167037
0.168037
0.174377
0.182540
0.181040
0.183041
0.180040
0.183040
0.181569
0.182040
0.183426
0.178878
0.180065
0.180286
0.179108
0.179240
0.178039
0.180040
0.179040
0.179189
0.176039
0.186121
0.186041
0.184180
0.187589
0.181751
0.180039
0.182040
0.178040
0.177039
0.190139
0.183110
0.179185
0.168131
0.164036
0.173204
0.166537
0.167037
0.166037
0.142031
0.168874
0.167037
0.166220
0.167037
0.172626
0.176039
0.176005
0.176110
0.180562
0.181313
0.183040
0.180040
0.180040
0.180040
0.179572
0.178039
0.183041
0.182561
0.192807
0.189044
0.192042
0.184963
0.179040
0.174038
0.167037
0.165036
0.165104
0.166037
0.164036
0.166682
0.165136
0.171038
0.176694
0.173038
0.166037
0.173038
0.174212
0.178338
0.177039
0.179128
0.182194
0.177616
0.183040
0.183041
0.182513
0.181040
0.180041
0.181040
0.181870
0.182122
0.184041
0.182213
0.177807
0.178040
0.177393
0.184041
0.183041
0.184041
0.185041
0.183041
0.182740
0.182256
0.183251
0.178143
0.181624
0.183137
0.185041
0.183040
0.181040
0.182041
0.182040
0.182040
0.180040
0.189337
0.186043
0.186041
0.192117
0.182739
0.175039
0.173038
0.168037
0.166036
0.167142
0.167037
0.166732
0.164220
0.167037
0.165625
0.165483
0.168231
0.171038
0.175342
0.191042
0.182772
0.177039
0.171448
0.165119
0.166395
0.169037
0.166562
0.166036
0.167173
0.167858
0.165037
0.164035
0.166037
0.170038
0.176314
0.178346
0.179725
0.178039
0.185116
0.185041
0.188004
0.182552
0.184041
0.184041
0.180533
0.179299
0.177130
0.171038
0.169456
0.172364
0.173038
0.176512
0.172202
0.172598
0.173038
0.173261
0.163090
0.185400
0.186594
0.188111
0.187042
0.183041
0.184041
0.182040
0.184041
0.181468
0.178040
0.178039
0.178462
0.180319
0.185041
0.184041
0.182040
0.184860
0.176039
0.187182
0.185519
0.187417
0.187042
0.186268
0.181054
0.173450
0.174037
0.171975
0.169038
0.173006
0.173718
0.173038
0.173038
0.174038
0.175529
0.175989
0.172037
0.174564
0.187041
0.188196
0.188043
0.187231
0.187041
0.189042
0.179040
0.181504
0.175822
0.180040
0.182065
0.186679
0.184041
0.183053
0.185361
0.191744
0.188042
0.189042
0.176814
0.172478
0.171038
0.170882
0.142351
0.171038
0.170752
0.170038
0.174500
0.179040
0.181040
0.183291
0.182584
0.176039
0.178039
0.176561
0.182041
0.186041
0.183040
0.189042
0.179905
0.167037
0.162594
0.164984
0.169038
0.166037
0.166188
0.165486
0.167037
0.166036
0.168037
0.170169
0.171115
0.171038
0.176357
0.174793
0.174038
0.174999
0.183819
0.191602
0.189433
0.188111
0.182492
0.179478
0.178851
0.181530
0.178508
0.177134
0.181040
0.178170
0.181040
0.179039
0.180039
0.180040
0.178833
0.177880
0.188517
0.188532
0.191446
0.188042
0.180041
0.172038
0.167476
0.165037
0.165036
0.168037
0.169037
0.168536
0.167351
0.165036
0.165036
0.168037
0.167813
0.165072
0.168037
0.180039
0.181036
0.184275
0.181040
0.183368
0.179591
0.184041
0.183133
0.189377
0.192787
0.189693
0.180039
0.181041
0.185041
0.183040
0.183731
0.183200
0.188041
0.187042
0.192042
0.190202
0.186276
0.182356
0.173038
0.168038
0.127460
0.168127
0.168796
0.167037
0.180440
0.174532
0.184041
0.175772
0.180261
0.178650
0.180522
0.175039
0.181194
0.176453
0.173039
0.165036
0.166037
0.168037
0.165007
0.168066
0.168037
0.170641
0.168037
0.170038
0.170374
0.176305
0.178121
0.175350
0.179039
0.180040
0.179039
0.183144
0.185041
0.183889
0.183040
0.184350
0.178822
0.184566
0.185040
0.182041
0.181040
0.185040
0.181041
0.185985
0.183041
0.181010
0.182154
0.179448
0.179039
0.185041
0.184041
0.182039
0.181040
0.179039
0.179136
0.182041
0.179039
0.180685
0.180529
0.180039
0.182040
0.182040
0.180040
0.181040
0.179039
0.179039
0.180040
0.181562
0.180397
0.183469
0.182070
0.184879
0.186042
0.182041
0.181040
0.182040
0.184040
0.184041
0.181880
0.183113
0.182116
0.184370
0.184471
0.186150
0.183040
0.186041
0.187041
0.185064
0.187020
0.186527
0.184611
0.184041
0.190042
0.156448
0.169038
0.171037
0.167037
0.167462
0.166036
0.167150
0.168037
0.168257
0.168619
0.165036
0.184041
0.190045
0.184041
0.182040
0.175038
0.187041
0.197131
0.200044
0.191970
0.184040
0.178039
0.173027
0.163036
0.166037
0.165364
0.166036
0.167337
0.167037
0.163596
0.181319
0.180449
0.165181
0.169037
0.175039
0.177457
0.180040
0.182040
0.181040
0.179039
0.181040
0.181164
0.181341
0.179039
0.181756
0.180039
0.181418
0.182040
0.188669
0.190042
0.183041
0.173568
0.170149
0.165359
0.167037
0.164036
0.164480
0.165037
0.164494
0.166598
0.168127
0.173038
0.181096
0.176450
0.178466
0.179719
0.176481
0.188042
0.188041
0.189042
0.182613
0.187041
0.184041
0.176572
0.171037
0.169583
0.167000
0.168037
0.168037
0.167520
0.167014
0.163454
0.161795
0.166200
0.169005
0.175106
0.178355
0.181034
0.183372
0.184088
0.345486
0.422684
0.373442
0.391438
0.346858
0.381757
0.332785
0.370265
0.364082
0.371376
0.357501
0.350078
0.346894
0.340610
0.366376
0.351913
0.372283
0.358071
0.368140
0.331754
0.391754
0.378671
0.389089
0.378559
0.380844
0.385258
0.364250
0.194377
0.155034
0.157503
0.155330
0.156034
0.161036
0.157035
0.148032
0.172747
0.171479
0.174039
0.176039
0.160730
0.165037
0.171038
0.172727
0.174038
0.172284
0.181787
0.180757
0.179450
0.170038
0.164037
0.162036
0.158950
0.158035
0.125276
0.162349
0.168962
0.170996
0.171063
0.173484
0.174849
0.171826
0.172398
0.176176
0.174259
0.171449
0.175375
0.172581
0.173361
0.173769
0.170995
0.176142
0.169870
0.175364
0.177598
0.181040
0.181889
0.178365
0.183206
0.179858
0.176237
0.167194
0.164114
0.162778
0.163038
0.164036
0.163728
0.165211
0.164036
0.165036
0.165036
0.153226
0.167138
0.175031
0.174364
0.174824
0.175954
0.176649
0.172945
0.176694
0.176193
0.180124
0.177251
0.176387
0.176488
0.175164
0.178509
0.179068
0.178592
0.175491
0.183611
0.183262
0.178132
0.175296
0.169037
0.165074
0.164059
0.133847
0.165218
0.164649
0.164174
0.163439
0.169920
0.174469
0.175646
0.175434
0.178386
0.172945
0.170956
0.187015
0.178228
0.174070
0.171412
0.169862
0.167277
0.167979
0.168489
0.167037
0.168039
0.167010
0.169113
0.167231
0.168893
0.169285
0.169060
0.167338
0.174030
0.176100
0.174699
0.171622
0.174038
0.179361
0.183662
0.179741
0.182127
0.180899
0.175039
0.175039
0.177156
0.178164
0.180411
0.180040
0.182976
0.185679
0.179134
0.180065
0.186042
0.187115
0.189174
0.189125
0.178336
0.174867
0.172183
0.168932
0.166067
0.167865
0.167377
0.167645
0.167273
0.167948
0.167209
0.169251
0.166745
0.167135
0.166611
0.186043
0.176457
0.180453
0.176509
0.176659
0.183623
0.178840
0.169124
0.169914
0.170004
0.168574
0.169168
0.168504
0.171193
0.168114
0.169603
0.168198
0.169269
0.167036
0.180738
0.184041
0.185065
0.181628
0.178184
0.180147
0.192856
0.192043
0.193024
0.188635
0.193163
0.184040
0.183846
0.185324
0.186042
0.185439
0.180667
0.182158
0.161633
0.165119
0.140555
0.167649
0.168037
0.167160
0.166398
0.174784
0.179468
0.182535
0.179872
0.180040
0.178450
0.181479
0.182330
0.181884
0.182608
0.182858
0.175387
0.166528
0.168552
0.164448
0.163182
0.164033
0.165988
0.165530
0.166408
0.165066
0.164297
0.166691
0.170324
0.179461
0.188741
0.184856
0.185315
0.179040
0.177478
0.181119
0.178041
0.181799
0.184043
0.185041
0.193389
0.180923
0.176016
0.171451
0.169518
0.170855
0.171010
0.172822
0.171038
0.164096
0.165037
0.163115
0.167224
0.175678
0.180040
0.192042
0.188042
0.188042
0.190223
0.180604
0.172425
0.171068
0.163967
0.164519
0.174255
0.172444
0.167477
0.165036
0.164605
0.165725
0.166531
0.167055
0.169550
0.146343
0.166120
0.175098
0.176693
0.177039
0.178365
0.178041
0.178093
0.180714
0.179918
0.179488
0.182197
0.181158
0.182714
0.179429
0.177836
0.178553
0.190042
0.194209
0.164250
0.170702
0.171180
0.134315
0.171515
0.171015
0.179106
0.181321
0.179803
0.177564
0.177149
0.181474
0.185068
0.182117
0.183348
0.184686
0.183500
0.185541
0.176379
0.169158
0.168573
0.165396
0.170038
0.171037
0.170029
0.171325
0.171927
0.170918
0.170072
0.170625
0.172486
0.177039
0.181515
0.183178
0.182954
0.184041
0.185507
0.183383
0.186174
0.189924
0.183606
0.182825
0.183370
0.179778
0.183937
0.183628
0.180040
0.175038
0.171456
0.171037
0.169460
0.169066
0.172038
0.171139
0.171528
0.171355
0.164587
0.171038
0.174055
0.177948
0.181036
0.183430
0.190162
0.187041
0.183810
0.184629
0.358998
0.373738
0.368071
0.591602
0.430955
0.611297
0.576122
0.424992
0.390016
0.420686
0.407303
0.378109
0.384632
0.385620
0.366870
0.376907
0.222440
0.142483
0.117370
0.159780
0.159878
0.155100
0.157035
0.159035
0.160035
0.160036
0.159035
0.159034
0.160678
0.167277
0.181774
0.179687
0.181334
0.183436
0.185670
0.178824
0.167338
0.161165
0.162036
0.162702
0.161848
0.161345
0.161201
0.160825
0.161036
0.159035
0.161595
0.165622
0.167571
0.184040
0.176039
0.170124
0.165878
0.162784
0.162105
0.161234
0.162036
0.161035
0.162309
0.163036
0.163036
0.161137
0.170037
0.174038
0.175038
0.183055
0.175626
0.172396
0.179724
0.183514
0.180502
0.170962
0.168644
0.164036
0.160224
0.162619
0.164145
0.163391
0.164499
0.161506
0.162649
0.163036
0.163130
0.164867
0.172234
0.173604
0.172305
0.179039
0.180366
0.178947
0.182607
0.178802
0.179560
0.178454
0.180496
0.179398
0.182509
0.175413
0.169100
0.164036
0.165845
0.168426
0.168855
0.168407
0.168158
0.151895
0.169881
0.167489
0.174972
0.179906
0.179040
0.181040
0.180027
0.180391
0.182402
0.182458
0.183307
0.182891
0.176146
0.175254
0.167147
0.166165
0.167037
0.168037
0.132048
0.169396
0.169233
0.176496
0.182116
0.180546
0.177782
0.179982
0.178123
0.179457
0.178137
0.179598
0.185208
0.185496
0.183290
0.182755
0.181370
0.179721
0.185292
0.175968
0.174555
0.169146
0.166765
0.166533
0.165624
0.164829
0.168413
0.168112
0.167569
0.168212
0.198315
0.168041
0.166304
0.181082
0.181246
0.180022
0.176773
0.177600
0.184806
0.187604
0.191577
0.176074
0.181918
0.177039
0.177039
0.188925
0.163036
0.163036
0.163332
0.164036
0.175323
0.178039
0.183041
0.183237
0.183115
0.182723
0.186668
0.185801
0.175772
0.158079
0.167294
0.177039
0.168038
0.175038
0.169037
0.169571
0.161035
0.171635
0.176210
0.179465
0.200726
0.167100
0.170314
0.180634
0.176250
0.187183
0.183317
0.178008
0.172302
0.167381
0.157196
0.173470
0.159393
0.165653
0.165036
0.178039
0.173038
0.182041
0.178557
0.180555
0.182376
0.185214
0.194044
0.194520
0.126389
0.171038
0.167037
0.160357
0.164036
0.178515
0.179039
0.184142
0.178248
0.183557
0.183040
0.181388
0.183598
0.184218
0.186955
0.188494
0.188291
0.185135
0.175801
0.138255
0.169291
0.170038
0.168417
0.167594
0.172328
0.178921
0.184377
0.181391
0.183230
0.183063
0.183358
0.182727
0.185600
0.186041
0.181892
0.180708
0.172474
0.167331
0.140704
0.167016
0.168180
0.166587
0.166750
0.179380
0.177959
0.179773
0.182068
0.174608
0.177082
0.352735
0.381882
0.383872
0.369882
0.342929
0.333030
0.332590
0.357816
0.355567
0.342443
0.373837
0.177074
0.152630
0.151617
0.157114
0.156585
0.163721
0.170288
0.176503
0.174493
0.176662
0.177876
0.183655
0.179387
0.168628
0.159587
0.150257
0.155104
0.120757
0.147018
0.163100
0.161127
0.162036
0.162886
0.165709
0.162868
0.162579
0.167037
0.170040
0.175605
0.174617
0.179040
0.177165
0.179797
0.182040
0.178416
0.181806
0.191381
0.183323
0.176290
0.170748
0.131733
0.167428
0.168214
0.168561
0.164998
0.168499
0.170399
0.174388
0.176008
0.178732
0.184115
0.184245
0.175133
0.078916
0.082769
0.078860
0.077168
0.083016
0.079440
0.080017
0.078998
0.078314
0.085879
0.077148
0.080421
0.079808
0.081609
0.082343
0.083178
0.081934
0.081017
0.081251
0.080566
0.076157
0.091326
0.081512
0.081846
0.083113
0.080018
0.080820
0.078495
0.080322
0.079020
0.078778
0.077822
0.076774
0.074746
0.077436
0.072812
0.073890
0.073243
0.076663
0.080735
0.076343
0.080643
0.082467
0.096454
0.075814
0.080803
0.080224
0.078736
0.076694
0.096222
0.074470
0.078771
0.077079
0.072253
0.073350
0.091690
0.075799
0.074242
0.074224
0.086090
0.099791
0.088941
0.086356
0.077365
0.077294
0.075153
0.079224
0.077606
0.074786
0.103222
0.078359
0.091922
0.080640
0.083835
0.090715
0.078416
0.074998
0.083770
0.075689
0.075077
0.090341
0.077522
0.078460
0.081760
0.084116
0.085359
0.084136
0.094745
0.075536
0.076645
0.084594
0.082884
0.081076
0.096433
0.078740
0.074955
0.073865
0.075493
0.083899
0.076629
0.080723
0.074124
0.074856
0.090277
0.074154
0.073253
0.091969
0.076076
0.073700
0.073584
0.073050
0.073287
0.073876
0.083574
0.073491
0.075376
0.073464
0.073616
0.074031
0.076383
0.075443
0.072877
0.074354
0.079493
0.076805
0.077954
0.074759
0.076227
0.078195
0.079444
0.087988
0.093599
0.080401
0.076685
0.076179
0.074878
0.077879
0.081605
0.076917
0.080065
0.077047
0.075649
0.074320
0.077161
0.078158
0.075497
0.076971
0.076783
0.079937
0.078932
0.079574
0.078478
0.074319
0.098040
0.076635
0.074800
0.077277
0.079336
0.091621
0.086522
0.087019
0.093049
0.080266
0.175556
0.181123
0.182040
0.188041
0.181792
0.184536
0.178557
0.147182
0.125574
0.175347
0.183739
0.175039
0.179147
0.171324
0.170038
0.173082
0.172676
0.164369
0.169973
0.172253
0.173046
0.174039
0.171742
0.170038
0.175138
0.172038
0.173355
0.172167
0.165642
0.189042
0.192862
0.192494
0.191849
0.189044
0.159035
0.146410
0.164036
0.170156
0.172971
0.172583
0.175039
0.174424
0.179062
0.135867
0.141462
0.162451
0.182242
0.173084
0.172038
0.168037
0.173468
0.188206
0.188453
0.152259
0.133374
0.152090
0.173686
0.172559
0.172072
0.178293
0.172038
0.173632
0.174446
0.175478
0.174522
0.176039
0.172411
0.175429
0.171666
0.189043
0.185583
0.148555
0.171129
0.172186
0.170949
0.173369
0.172279
0.171712
0.172444
0.148425
0.151300
0.169119
0.172212
0.177604
0.174039
0.177095
0.175419
0.177745
0.175091
0.178186
0.183040
0.181466
0.182168
0.175681
0.178488
0.181119
0.187099
0.185041
0.184041
0.186041
0.192576
0.184247
0.191175
0.185565
0.188657
0.191616
0.185293
0.185280
0.184109
0.180597
0.185878
0.191229
0.189153
0.187726
0.176574
0.174733
0.172039
0.178366
0.179097
0.174039
0.174039
0.175969
0.173491
0.177039
0.174039
0.142106
0.145614
0.175144
0.175438
0.175542
0.174280
0.175039
0.176039
0.174953
0.167697
0.184730
0.184515
0.186096
0.177547
0.178154
0.184823
0.189202
0.185376
0.186414
0.182938
0.182511
0.179728
0.180300
0.177196
0.177955
0.179234
0.179832
0.179012
0.186466
0.172927
0.171080
0.173038
0.176038
0.179039
0.177437
0.174174
0.174038
0.173129
0.174495
0.171442
0.178040
0.179040
0.179040
0.178295
0.175038
0.177979
0.177120
0.172038
0.180696
0.173607
0.172039
0.177201
0.180040
0.187319
0.177039
0.184041
0.172397
0.173495
0.175820
0.177941
0.174391
0.174072
0.174082
0.175271
0.174535
0.175039
0.172038
0.171577
0.174039
0.172636
0.173038
0.173814
0.174944
0.166467
0.181040
0.188042
0.188042
0.181040
0.179040
0.172690
0.175039
0.173038
0.178208
0.179805
0.178126
0.174150
0.173347
0.175039
0.178399
0.175339
0.182645
0.180434
0.175039
0.172266
0.176851
0.174039
0.172454
0.179039
0.179039
0.180040
0.179503
0.178266
0.178217
0.180160
0.180623
0.177055
0.175036
0.178113
0.178026
0.178149
0.184041
0.176039
0.177039
0.182040
0.181798
0.177178
0.182157
0.178268
0.180040
0.179040
0.177039
0.176039
0.184041
0.176039
0.176448
0.178039
0.179438
0.180216
0.175715
0.177655
0.181187
0.174038
0.172038
0.173541
0.179790
0.184283
0.179971
0.174563
0.180526
0.183344
0.179752
0.179646
0.176606
0.173038
0.174038
0.178040
0.176226
0.175038
0.172038
0.172485
0.172541
0.172859
0.176485
0.182040
0.173529
0.172038
0.176039
0.177039
0.178040
0.185041
0.184611
0.174868
0.174159
0.174320
0.174275
0.180017
0.185532
0.191042
0.189041
0.187041
0.191473
0.186581
0.180229
0.180130
0.180246
0.179039
0.174317
0.177039
0.174038
0.176039
0.174038
0.171036
0.172074
0.176439
0.184041
0.177176
0.183119
0.176784
0.180064
0.185043
0.173036
0.181040
0.182964
0.181698
0.179746
0.178234
0.181040
0.182040
0.175504
0.165527
0.180040
0.179168
0.184405
0.187388
0.186312
0.187900
0.187113
0.176414
0.174334
0.172287
0.158915
0.165608
0.172405
0.173464
0.167037
0.172038
0.173842
0.169530
0.169320
0.173193
0.176039
0.173621
0.175039
0.175261
0.172634
0.171602
0.173038
0.175844
0.172612
0.174038
0.172037
0.171452
0.173100
0.173131
0.178593
0.174038
0.176383
0.180537
0.180851
0.182034
0.181040
0.182130
0.172722
0.195568
0.187041
0.194043
0.185040
0.189041
0.185344
0.180249
0.182703
0.182040
0.183041
0.174119
0.173041
0.175039
0.175201
0.169037
0.196074
0.188129
0.188488
0.188563
0.184131
0.175202
0.176039
0.173816
0.174039
0.134384
0.165824
0.173797
0.178603
0.179040
0.178864
0.180715
0.179331
0.179656
0.179040
0.180328
0.179254
0.181327
0.179854
0.179830
0.179871
0.178130
0.180411
0.180721
0.179932
0.179333
0.180187
0.181665
0.178854
0.179151
0.172244
0.170545
0.173196
0.168114
0.184256
0.180892
0.178894
0.177481
0.180062
0.183183
0.177056
0.169524
0.154935
0.172550
0.175660
0.177040
0.175039
0.175038
0.175039
0.180040
0.175039
0.179039
0.180040
0.179040
0.177179
0.148263
0.160935
0.177229
0.173465
0.174382
0.176039
0.175039
0.178040
0.180040
0.174643
0.175168
0.175568
0.174531
0.171552
0.175039
0.138288
0.174316
0.177061
0.175820
0.175134
0.177169
0.177451
0.179535
0.187296
0.184041
0.174104
0.180040
0.179039
0.172038
0.179039
0.177039
0.179039
0.175230
0.175809
0.178894
0.174038
0.180067
0.175039
0.174039
0.176128
0.172469
0.179211
0.175189
0.182060
0.176039
0.178033
0.175844
0.176039
0.177040
0.179315
0.178227
0.194535
0.194367
0.189042
0.160249
0.136309
0.146046
0.183048
0.175068
0.180034
0.181040
0.176039
0.178198
0.176039
0.173518
0.177039
0.173038
0.179806
0.176390
0.179039
0.175973
0.178039
0.176130
0.178163
0.171843
0.185018
0.186041
0.183460
0.180357
0.177048
0.175948
0.186041
0.182095
0.185041
0.183040
0.179040
0.179039
0.181040
0.183294
0.177608
0.179413
0.179457
0.179131
0.185590
0.184041
0.177039
0.182040
0.179142
0.175039
0.176471
0.174592
0.180811
0.175434
0.178245
0.178190
0.178039
0.177184
0.175143
0.180622
0.175185
0.176275
0.180582
0.178451
0.178292
0.183694
0.190159
0.182040
0.179039
0.180420
0.181040
0.180021
0.188204
0.185519
0.181988
0.182376
0.177039
0.175573
0.175039
0.175509
0.180040
0.175408
0.178442
0.179039
0.178278
0.178066
0.175039
0.175078
0.182127
0.175668
0.176039
0.179040
0.179039
0.176039
0.177479
0.176558
0.183105
0.180632
0.179038
0.179133
0.182040
0.179039
0.186041
0.178040
0.177094
0.179464
0.176750
0.177412
0.174392
0.174147
0.183041
0.183473
0.185525
0.186041
0.183102
0.182389
0.182040
0.180113
0.179314
0.177639
0.178069
0.176039
0.178733
0.173038
0.173173
0.173038
0.175063
0.175661
0.175225
0.174413
0.176361
0.176039
0.158541
0.172483
0.175238
0.175400
0.174603
0.175645
0.173469
0.174096
0.177436
0.175873
0.177039
0.173056
0.175749
0.173038
0.172214
0.179040
0.181040
0.182284
0.180376
0.178121
0.178964
0.188536
0.189682
0.191446
0.186484
0.183040
0.180475
0.174584
0.190129
0.187041
0.188015
0.195516
0.189357
0.191042
0.186147
0.184501
0.187201
0.185041
0.183040
0.181852
0.183040
0.175123
0.177829
0.177996
0.183566
0.178764
0.174447
0.175039
0.179297
0.184041
0.188041
0.183184
0.177992
0.174856
0.175383
0.179937
0.179611
0.178620
0.180817
0.180047
0.180040
0.178039
0.180040
0.180297
0.175129
0.176039
0.179932
0.181040
0.179040
0.182179
0.180040
0.178792
0.180040
0.185041
0.189989
0.178574
0.175268
0.176558
0.172814
0.174097
0.176039
0.177039
0.174068
0.160036
0.185053
0.192075
0.187660
0.191042
0.189080
0.178850
0.177456
0.176039
0.175038
0.175371
0.170239
0.175039
0.175995
0.174528
0.171292
0.178040
0.175039
0.175178
0.174038
0.175039
0.176299
0.177302
0.175065
0.176039
0.175613
0.174728
0.180039
0.176038
0.176039
0.175811
0.176039
0.176039
0.178040
0.175038
0.173301
0.176069
0.178335
0.178367
0.179039
0.138265
0.178039
0.178039
0.173038
0.180030
0.179879
0.176039
0.181161
0.175670
0.176039
0.175039
0.177040
0.175039
0.173527
0.173170
0.175039
0.177039
0.176038
0.176039
0.181031
0.174039
0.179054
0.179168
0.176039
0.173583
0.172565
0.186120
0.195223
0.191785
0.189108
0.184170
0.151436
0.127852
0.172250
0.188041
0.182041
0.175648
0.180921
0.187497
0.191860
0.170038
0.148820
0.170174
0.166487
0.175039
0.180534
0.179481
0.179210
0.179350
0.176234
0.175039
0.176126
0.173414
0.183691
0.182040
0.178408
0.181470
0.182040
0.156984
0.179243
0.187041
0.182040
0.188485
0.182151
0.177542
0.177378
0.179141
0.177039
0.174039
0.175039
0.180040
0.181259
0.180040
0.177039
0.181626
0.181756
0.179040
0.181040
0.176295
0.174263
0.175038
0.176715
0.176039
0.168143
0.177125
0.186139
0.183189
0.179127
0.180379
0.178315
0.175039
0.180282
0.168037
0.178039
0.179039
0.180040
0.178663
0.181155
0.180040
0.176442
0.172406
0.184118
0.183041
0.184410
0.178166
0.187042
0.186076
0.187402
0.183797
0.185441
0.180519
0.174720
0.177039
0.177160
0.180040
0.179681
0.182040
0.176515
0.174615
0.177077
0.183148
0.176039
0.174698
0.178260
0.179040
0.178692
0.178339
0.177040
0.182040
0.174038
0.178224
0.173998
0.175531
0.177040
0.177463
0.180451
0.180411
0.179491
0.180575
0.181040
0.176522
0.175374
0.175274
0.173038
0.174603
0.177950
0.176953
0.178812
0.177039
0.176541
0.176039
0.181040
0.183715
0.185203
0.194043
0.189042
0.191042
0.147491
0.154347
0.170038
0.173220
0.176102
0.174068
0.174108
0.175472
0.175039
0.167226
0.159603
0.178112
0.178788
0.180075
0.178936
0.178520
0.177696
0.179451
0.179879
0.176963
0.177530
0.175039
0.178040
0.174039
0.175038
0.176068
0.177772
0.179167
0.179127
0.181138
0.178107
0.177604
0.178039
0.178277
0.177039
0.177574
0.178553
0.173951
0.177476
0.175310
0.185663
0.182727
0.181221
0.178487
0.176358
0.174835
0.173687
0.173739
0.178090
0.177142
0.186383
0.177890
0.174833
0.177038
0.179147
0.178112
0.177391
0.177039
0.177172
0.175038
0.177590
0.176150
0.173744
0.137252
0.175227
0.177812
0.180499
0.173530
0.177210
0.176419
0.186196
0.184145
0.176854
0.173038
0.179376
0.179796
0.180130
0.179139
0.178040
0.180936
0.179092
0.178119
0.176798
0.177039
0.181648
0.178075
0.181394
0.176575
0.171037
0.176136
0.184041
0.181040
0.177933
0.175039
0.178107
0.184041
0.177762
0.178897
0.179137
0.178092
0.176039
0.178039
0.175039
0.179039
0.173038
0.179039
0.174398
0.171886
0.173775
0.175447
0.175998
0.178039
0.175039
0.174038
0.182408
0.178040
0.170115
0.173764
0.177527
0.174626
0.174786
0.175039
0.177259
0.179039
0.174293
0.177125
0.173292
0.177201
0.178690
0.181454
0.181010
0.184201
0.175131
0.178040
0.179039
0.179040
0.180040
0.184151
0.174285
0.177122
0.177619
0.174164
0.179443
0.193043
0.186289
0.185441
0.183136
0.177129
0.168607
0.172121
0.177039
0.175244
0.175418
0.178040
0.176039
0.177186
0.175039
0.178040
0.171038
0.167123
0.172158
0.171372
0.173038
0.173976
0.171616
0.159314
0.161277
0.168656
0.173038
0.175277
0.175039
0.175039
0.179040
0.178040
0.180045
0.177724
0.178534
0.180174
0.174236
0.177039
0.178039
0.180040
0.175039
0.175039
0.186041
0.186886
0.185493
0.180041
0.181040
0.179522
0.181763
0.177626
0.179040
0.184536
0.185040
0.177039
0.174762
0.175796
0.178039
0.175121
0.173738
0.172038
0.177475
0.181278
0.176039
0.178039
0.180039
0.187041
0.186355
0.188286
0.187771
0.186041
0.175040
0.176039
0.176131
0.177039
0.178391
0.176393
0.176039
0.177534
0.175595
0.179162
0.176039
0.176039
0.175970
0.166117
0.190280
0.193667
0.192280
0.192551
0.165273
0.139030
0.165116
0.171175
0.175273
0.175261
0.177039
0.175134
0.173996
0.174013
0.176039
0.175209
0.174880
0.176949
0.177039
0.177085
0.176039
0.173038
0.175772
0.166420
0.184041
0.190042
0.194724
0.189686
0.161036
0.144355
0.168037
0.173353
0.154988
0.170038
0.180270
0.184104
0.179039
0.176039
0.174574
0.179498
0.180176
0.177039
0.183040
0.180039
0.183327
0.174930
0.176039
0.181040
0.181040
0.180451
0.186047
0.177629
0.179570
0.181003
0.177146
0.176039
0.177039
0.177039
0.177039
0.178039
0.180210
0.179878
0.182216
0.179040
0.177011
0.179936
0.176039
0.177628
0.179039
0.176039
0.179040
0.178395
0.177417
0.173038
0.177374
0.176195
0.176140
0.173936
0.177039
0.186042
0.177457
0.175039
0.177808
0.178241
0.171038
0.172038
0.174087
0.175170
0.172954
0.179039
0.176165
0.175038
0.176039
0.176177
0.173223
0.176039
0.176208
0.176009
0.176039
0.175891
0.176043
0.171649
0.174149
0.177435
0.177039
0.176275
0.179461
0.180418
0.180717
0.176978
0.176863
0.176249
0.173723
0.176039
0.179670
0.180470
0.180216
0.179128
0.179191
0.175188
0.175039
0.174769
0.178040
0.173038
0.172824
0.175551
0.179040
0.177883
0.179333
0.181059
0.179040
0.174350
0.174361
0.177770
0.179862
0.179120
0.183233
0.179346
0.174118
0.175985
0.176179
0.175945
0.175739
0.175039
0.178130
0.176039
0.179039
0.175213
0.172970
0.179462
0.177040
0.177165
0.180039
0.179039
0.181040
0.178288
0.181040
0.181040
0.186190
0.180272
0.180766
0.185033
0.180698
0.173807
0.176039
0.176039
0.179040
0.178018
0.175360
0.176215
0.181283
0.178290
0.175910
0.176038
0.175889
0.175169
0.174382
0.177577
0.173716
0.174039
0.179070
0.179188
0.177418
0.175339
0.172023
0.178039
0.180040
0.175150
0.175038
0.171550
0.175038
0.175062
0.178273
0.178386
0.180089
0.178281
0.179039
0.184333
0.178040
0.178730
0.177039
0.175570
0.178484
0.176039
0.179109
0.174768
0.175272
0.180040
0.175039
0.173038
0.177039
0.171302
0.177039
0.181040
0.184041
0.175038
0.178546
0.174635
0.175039
0.175546
0.179147
0.176039
0.181040
0.177039
0.177039
0.181040
0.174039
0.178478
0.178860
0.177039
0.175039
0.177038
0.179193
0.185041
0.175039
0.177177
0.175039
0.177519
0.179274
0.175372
0.178553
0.180040
0.179040
0.175039
0.177039
0.177038
0.179039
0.176040
0.174038
0.176039
0.174359
0.176417
0.175185
0.178040
0.175343
0.177040
0.181712
0.173048
0.177039
0.180893
0.176039
0.175158
0.178227
0.177039
0.175039
0.179039
0.174038
0.178039
0.184041
0.177039
0.176039
0.179486
0.180835
0.176785
0.177039
0.176042
0.176039
0.176039
0.176039
0.179040
0.174038
0.174038
0.178039
0.173040
0.173498
0.180039
0.176039
0.171140
0.176039
0.175917
0.186041
0.193042
0.188163
0.184842
0.181040
0.185473
0.187042
0.183040
0.178040
0.177139
0.176508
0.172381
0.177040
0.179444
0.177039
0.179374
0.178521
0.181040
0.180040
0.179040
0.178039
0.181082
0.180040
0.181041
0.178763
0.178039
0.185041
0.179657
0.176039
0.176931
0.176039
0.172038
0.179040
0.176495
0.182040
0.176395
0.177015
0.177039
0.175055
0.176075
0.176986
0.176040
0.182040
0.173038
0.173889
0.176381
0.176039
0.177494
0.177890
0.179056
0.178277
0.177481
0.177369
0.175720
0.177834
0.175039
0.174038
0.177039
0.174038
0.174038
0.175582
0.172038
0.172038
0.172038
0.178040
0.175039
0.175039
0.172665
0.174039
0.177039
0.180040
0.173038
0.176039
0.180039
0.176039
0.179529
0.180040
0.176346
0.176347
0.175246
0.175379
0.176064
0.176039
0.177230
0.175817
0.176039
0.178137
0.179039
0.168537
0.175760
0.175080
0.174371
0.175155
0.177288
0.175152
0.173038
0.177077
0.177039
0.178278
0.174038
0.176061
0.179487
0.175461
0.172038
0.180040
0.176039
0.177114
0.175038
0.177708
0.175474
0.178440
0.177202
0.178378
0.189042
0.176039
0.178039
0.177089
0.174164
0.181379
0.181040
0.173038
0.176462
0.175800
0.174749
0.173038
0.176038
0.178039
0.178127
0.180040
0.183618
0.182040
0.181736
0.183679
0.180840
0.180373
0.178226
0.183040
0.181000
0.180138
0.186471
0.184192
0.176922
0.176039
0.179588
0.180675
0.179255
0.183455
0.180506
0.177489
0.181453
0.175753
0.178123
0.178040
0.180261
0.176039
0.174551
0.176239
0.178290
0.180835
0.175395
0.175166
0.172523
0.175647
0.173465
0.178040
0.172038
0.175142
0.173433
0.175907
0.177513
0.177810
0.179430
0.175100
0.177080
0.174322
0.180040
0.176039
0.177572
0.179637
0.177843
0.176838
0.176804
0.176018
0.176039
0.178040
0.180333
0.176507
0.172039
0.177039
0.177037
0.181066
0.179588
0.176653
0.177039
0.179039
0.183041
0.175038
0.176579
0.175838
0.177587
0.180632
0.179678
0.177039
0.178884
0.179039
0.177532
0.181314
0.178507
0.175134
0.175292
0.176735
0.178116
0.180304
0.180899
0.175296
0.175438
0.177103
0.178128
0.181169
0.177975
0.178582
0.178963
0.180594
0.182341
0.174360
0.176458
0.184041
0.176290
0.177081
0.175251
0.177322
0.175585
0.173529
0.177028
0.178545
0.178333
0.178305
0.182040
0.182899
0.185115
0.179234
0.177764
0.178434
0.176320
0.178315
0.180632
0.182484
0.178821
0.176507
0.178559
0.176039
0.183040
0.180165
0.176551
0.173718
0.171957
0.191908
0.190175
0.186041
0.180815
0.178628
0.181040
0.188502
0.180407
0.181108
0.182078
0.185041
0.178005
0.179604
0.179040
0.178102
0.180281
0.187041
0.181116
0.177469
0.178267
0.177997
0.178807
0.179303
0.175155
0.180510
0.180040
0.176110
0.175453
0.176195
0.171037
0.173038
0.180040
0.177039
0.175340
0.175833
0.179167
0.177039
0.181349
0.178327
0.174038
0.177040
0.179039
0.179039
0.187778
0.187570
0.179796
0.180040
0.185898
0.176110
0.182173
0.179039
0.174929
0.175286
0.173038
0.179040
0.175172
0.173706
0.174294
0.175639
0.174510
0.174673
0.170037
0.176117
0.175436
0.175440
0.175664
0.176000
0.175244
0.176507
0.172776
0.171462
0.175442
0.176217
0.179348
0.173523
0.172544
0.174850
0.179082
0.176893
0.175538
0.175038
0.175039
0.180039
0.179040
0.176039
0.178040
0.177040
0.178039
0.179040
0.185364
0.178620
0.175775
0.181574
0.177658
0.175784
0.179039
0.176749
0.174166
0.174039
0.179401
0.173305
0.176932
0.179325
0.178293
0.178060
0.179885
0.176039
0.178315
0.180770
0.181040
0.182040
0.176047
0.176696
0.175214
0.179561
0.180014
0.175039
0.177088
0.177041
0.175039
0.176991
0.176048
0.174039
0.178814
0.178039
0.176394
0.178514
0.183341
0.180901
0.179739
0.175038
0.174313
0.177039
0.176039
0.176056
0.181681
0.175406
0.176404
0.175443
0.177040
0.177040
0.176039
0.179184
0.176147
0.173349
0.175390
0.176090
0.173095
0.177424
0.174039
0.177324
0.180040
0.179216
0.188134
0.180102
0.180176
0.176283
0.176206
0.175353
0.175674
0.175445
0.174341
0.173679
0.178126
0.179480
0.177039
0.185198
0.184013
0.179412
0.180662
0.177497
0.175351
0.174989
0.175281
0.174727
0.172038
0.181187
0.180040
0.175259
0.174732
0.176354
0.176039
0.176720
0.173316
0.177548
0.177422
0.175550
0.178040
0.175039
0.178040
0.175346
0.177927
0.177952
0.178544
0.179039
0.182153
0.177039
0.179454
0.178039
0.173341
0.176039
0.179604
0.179720
0.177113
0.178499
0.176829
0.177452
0.179069
0.181998
0.179039
0.180754
0.174537
0.177869
0.175691
0.174910
0.172276
0.172895
0.174455
0.176626
0.179039
0.180040
0.181656
0.181555
0.178923
0.183774
0.183081
0.175172
0.176094
0.177537
0.177039
0.182070
0.176039
0.182695
0.174096
0.179348
0.180562
0.176398
0.180039
0.182706
0.185041
0.184897
0.180404
0.180459
0.186530
0.176577
0.175457
0.179110
0.177816
0.181720
0.177876
0.180840
0.175470
0.178215
0.177416
0.179165
0.175839
0.188511
0.183802
0.178315
0.183264
0.180039
0.176538
0.173716
0.177074
0.177821
0.174300
0.177040
0.177032
0.179655
0.177093
0.177852
0.178132
0.179039
0.184058
0.178272
0.178841
0.176266
0.175554
0.174161
0.178004
0.181368
0.178383
0.179081
0.175676
0.176039
0.175732
0.176354
0.181143
0.180212
0.179039
0.178249
0.176836
0.179715
0.176140
0.170076
0.177345
0.176470
0.174853
0.177039
0.176039
0.175039
0.176486
0.187346
0.171562
0.175877
0.178042
0.174382
0.177039
0.176589
0.176589
0.176265
0.143141
0.173038
0.174869
0.176239
0.176233
0.177039
0.176233
0.174385
0.176223
0.178132
0.177039
0.179040
0.176039
0.178500
0.175206
0.177039
0.177039
0.175050
0.177147
0.174144
0.174557
0.177015
0.178962
0.176617
0.174711
0.176759
0.176231
0.175808
0.174117
0.177002
0.176378
0.173474
0.180295
0.181773
0.177299
0.178813
0.179105
0.176057
0.178847
0.173315
0.181105
0.181698
0.181522
0.179923
0.177313
0.177269
0.179427
0.178251
0.176978
0.180783
0.176818
0.178766
0.178237
0.177281
0.177710
0.178755
0.174877
0.177828
0.177732
0.176147
0.175620
0.177746
0.176712
0.176019
0.173572
0.175978
0.177630
0.176818
0.175050
0.178646
0.176351
0.179053
0.177908
0.177692
0.181060
0.179485
0.179003
0.179918
0.177729
0.177328
0.178952
0.178034
0.177417
0.178404
0.175087
0.177658
0.176336
0.178015
0.177411
0.180546
0.175095
0.175753
0.175886
0.176057
0.176467
0.177820
0.177823
0.178182
0.178296
0.177066
0.178224
0.178047
0.177914
0.177547
0.177443
0.178047
0.177254
0.178536
0.177475
0.177508
0.178602
0.177529
0.176478
0.179287
0.176405
0.176663
0.177272
0.175760
0.178040
0.176283
0.176692
0.177098
0.177193
0.176059
0.173795
0.175878
0.175145
0.174729
0.176678
0.176595
0.177434
0.177126
0.176173
0.176130
0.177029
0.176535
0.176627
0.177676
0.177819
0.176659
0.176340
0.176809
0.179206
0.177791
0.175718
0.177442
0.174038
0.175558
0.178214
0.177370
0.177100
0.175414
0.179040
0.176586
0.177715
0.178451
0.178208
0.180486
0.176927
0.176454
0.180418
0.176322
0.178450
0.177104
0.177510
0.178028
0.177257
0.178823
0.178040
0.177927
0.176226
0.177359
0.178955
0.175544
0.177047
0.178039
0.178040
0.179794
0.178380
0.179451
0.178039
0.180637
0.178488
0.178411
0.176025
0.178380
0.178040
0.179932
0.176039
0.174593
0.177628
0.178303
0.181979
0.175698
0.177039
0.178507
0.175680
0.178436
0.178040
0.178242
0.173561
0.186209
0.190890
0.187842
0.187946
0.185172
0.190618
0.187579
0.182432
0.183041
0.179689
0.083019
0.085019
0.081017
0.078407
0.078504
0.118260
0.095789
0.085657
0.085626
0.116027
0.087019
0.085017
0.084018
0.084019
0.084374
0.083159
0.083290
0.084019
0.082918
0.082026
0.076637
0.090317
0.087003
0.083019
0.084141
0.088248
0.088019
0.084800
0.083192
0.084720
0.082277
0.079534
0.076687
0.076979
0.078866
0.074567
0.076190
0.075559
0.075911
0.079410
0.078636
0.081991
0.082411
0.081018
0.081515
0.081668
0.079914
0.082547
0.082357
0.078892
0.080426
0.075597
0.082013
0.072970
0.073556
0.074760
0.076919
0.074825
0.081887
0.095119
0.091232
0.083906
0.081154
0.078470
0.077579
0.076154
0.076643
0.074361
0.081013
0.074170
0.083381
0.080520
0.079678
0.074645
0.076515
0.078281
0.077498
0.086761
0.084912
0.080334
0.083080
0.081303
0.073039
0.075850
0.078671
0.094861
0.089954
0.074266
0.075169
0.075762
0.074391
0.072504
0.075917
0.073316
0.073086
0.072787
0.075132
0.073210
