2.333864
6.440791
0.155212
0.158035
0.164906
0.164791
0.163035
0.166627
0.165144
0.169181
0.171786
0.163445
0.122027
0.149187
0.148715
0.148221
0.149181
0.161105
0.126890
0.166544
0.165787
0.165917
0.137092
0.147468
0.146184
0.147204
0.147938
0.147259
0.159286
0.162929
0.165044
0.134403
0.162769
0.164755
0.167705
0.169976
0.156481
0.161688
0.147506
0.148533
0.149836
0.150579
0.149569
0.148695
0.149756
0.155292
0.155757
0.170836
0.164855
0.155442
0.149267
0.151303
0.150516
0.150136
0.149437
0.150687
0.149653
0.152285
0.172436
0.162403
0.156843
0.150299
0.148166
0.149185
0.148748
0.148042
0.149220
0.156852
0.159379
0.164111
0.167943
0.165398
0.164952
0.167835
0.169288
0.169038
0.168913
0.163754
0.158674
0.151273
0.150519
0.150176
0.152587
0.148036
0.148875
0.153634
0.164445
0.163150
0.168038
0.167098
0.150925
0.149903
0.157418
0.162390
0.167048
0.164192
0.173475
0.164413
0.158318
0.151033
0.150033
0.152034
0.152102
0.126625
0.164515
0.165756
0.169406
0.169919
0.162607
0.165097
0.167814
0.170359
0.169268
0.171232
0.169979
0.164924
0.157611
0.152725
0.150584
0.152590
0.152532
0.152128
0.152398
0.149841
0.152291
0.170578
0.177145
0.170038
0.161104
0.157070
0.151395
0.149811
0.151646
0.152240
0.130846
0.161335
0.166037
0.165278
0.167533
0.167624
0.169106
0.166288
0.171423
0.173275
0.164625
0.164094
0.166920
0.152983
0.152165
0.161620
0.163553
0.164858
0.162594
0.161220
0.158960
0.152563
0.152544
0.152711
0.152110
0.152979
0.150819
0.151199
0.151530
0.150567
0.152033
0.154219
0.154389
0.160913
0.164501
0.165169
0.166568
0.170943
0.174261
0.175355
0.170038
0.161036
0.156729
0.150989
0.152456
0.154410
0.152244
0.151556
0.153508
0.153659
0.154697
0.154592
0.163268
0.165353
0.166831
0.166084
0.164924
0.152355
0.152463
0.151825
0.152847
0.141007
0.153176
0.153453
0.154275
0.153034
0.156682
0.163036
0.164311
0.166711
0.167956
0.169607
0.169460
0.168471
0.173189
0.168948
0.142561
0.152345
0.151220
0.154502
0.152169
0.153331
0.155742
0.152928
0.153053
0.153122
0.153873
0.153843
0.154056
0.162036
0.164495
0.166161
0.167266
0.167767
0.165660
0.174069
0.172215
0.162345
0.158956
0.154138
0.158494
0.155152
0.154562
0.154255
0.153327
0.152557
0.153371
0.153660
0.155035
0.159300
0.162271
0.166189
0.167522
0.165661
0.162036
0.158221
0.154034
0.152782
0.153049
0.153573
0.153223
0.153114
0.153083
0.152643
0.154201
0.161550
0.163036
0.165462
0.226739
0.153449
0.151487
0.157285
0.159626
0.172383
0.164030
0.159299
0.163193
0.156593
0.151540
0.149523
0.154198
0.152209
0.155200
0.154738
0.153033
0.157367
0.162651
0.167037
0.168071
0.166126
0.168711
0.164037
0.176039
0.179040
0.175178
0.162125
0.159933
0.154739
0.153034
0.156034
0.155393
0.153505
0.153620
0.152034
0.151033
0.155035
0.163036
0.164579
0.167377
0.165068
0.160504
0.168038
0.156937
0.155637
0.155787
0.155146
0.155097
0.161734
0.163136
0.167037
0.166874
0.167218
0.163955
0.175338
0.172679
0.163695
0.163230
0.155034
0.155957
0.124284
0.158035
0.155324
0.155141
0.155661
0.153463
0.160106
0.165172
0.165266
0.166942
0.167555
0.168155
0.169215
0.172171
0.171174
0.168941
0.170038
0.169933
0.167831
0.176207
0.171144
0.162065
0.155584
0.154984
0.155194
0.157764
0.157034
0.156323
0.156816
0.155250
0.156880
0.157030
0.156741
0.157985
0.156753
0.162123
0.165777
0.155517
0.164090
0.166211
0.166522
0.164957
0.167873
0.168939
0.168670
0.167308
0.169631
0.167586
0.168146
0.168481
0.172687
0.172435
0.172500
0.167145
0.171719
0.141826
0.164938
0.167157
0.169408
0.167052
0.166336
0.167405
0.168248
0.169280
0.168037
0.169038
0.171247
0.170279
0.171183
0.174293
0.172569
0.174040
0.175926
0.163862
0.171038
0.173169
0.171576
0.174038
0.173416
0.173684
0.174080
0.175462
0.173836
0.173038
0.176164
0.180040
0.173404
0.165050
0.160954
0.157901
0.156979
0.159343
0.136492
0.155983
0.155984
0.157004
0.156490
0.156262
0.157309
0.163347
0.165161
0.168037
0.168272
0.168450
0.168825
0.169826
0.170609
0.170328
0.173156
0.157504
0.160128
0.172749
0.170811
0.172836
0.171669
0.171754
0.174984
0.176039
0.172126
0.175968
0.172537
0.171144
0.174897
0.174184
0.166344
0.160315
0.159860
0.162991
0.159986
0.147299
0.158952
0.156973
0.157252
0.155918
0.156700
0.157849
0.156521
0.157035
0.159169
0.164185
0.167276
0.167624
0.166037
0.168513
0.168230
0.156755
0.154034
0.162486
0.170811
0.169038
0.177039
0.170752
0.166695
0.157194
0.153471
0.154979
0.156847
0.157131
0.157459
0.157543
0.155768
0.156194
0.157035
0.158035
0.155675
0.157020
0.156981
0.169264
0.168550
0.170708
0.169879
0.170063
0.171821
0.170329
0.172293
0.171227
0.171415
0.170038
0.170166
0.170827
0.170938
0.168854
0.168417
0.167921
0.164888
0.178555
0.178040
0.167037
0.163920
0.158035
0.154845
0.157024
0.157848
0.158520
0.157996
0.157163
0.155166
0.155751
0.156125
0.158337
0.155034
0.154752
0.156941
0.145032
0.165396
0.166018
0.168794
0.167604
0.167965
0.168650
0.169235
0.170038
0.172338
0.174696
0.170175
0.173642
0.172936
0.157317
0.158509
0.160793
0.158896
0.137210
0.166298
0.166920
0.169061
0.168161
0.168037
0.168074
0.168168
0.167727
0.170466
0.168500
0.167546
0.168617
0.171017
0.157977
0.159035
0.165036
0.165771
0.165914
0.172200
0.170545
0.172868
0.171422
0.172412
0.171871
0.174291
0.176141
0.177338
0.176185
0.173461
0.173130
0.175035
0.169564
0.168439
0.165946
0.171560
0.165894
0.161163
0.161830
0.156035
0.157035
0.157141
0.157682
0.157959
0.158290
0.156300
0.157140
0.156721
0.158635
0.157335
0.157640
0.156465
0.156034
0.157035
0.160623
0.164834
0.171719
0.171538
0.172122
0.170491
0.171489
0.172156
0.171849
0.171790
0.175039
0.173124
0.176156
0.173196
0.160082
0.157903
0.159387
0.159020
0.166037
0.166375
0.169482
0.173697
0.171038
0.171202
0.168698
0.169513
0.173841
0.169961
0.171721
0.172562
0.169818
0.168864
0.156868
0.158020
0.163409
0.166772
0.166037
0.161709
0.176394
0.172287
0.166463
0.161687
0.159344
0.156574
0.156480
0.157035
0.156034
0.153449
0.152341
0.157035
0.156649
0.156584
0.156807
0.163196
0.165942
0.166851
0.167175
0.169876
0.169924
0.170490
0.171501
0.170277
0.168768
0.173683
0.168212
0.171594
0.171026
0.170740
0.157708
0.166037
0.165512
0.169624
0.166037
0.165792
0.165289
0.169046
0.170200
0.171180
0.169616
0.170142
0.169868
0.170170
0.170314
0.173038
0.172039
0.168037
0.157028
0.155362
0.154727
0.164071
0.165426
0.167389
0.169437
0.169457
0.167032
0.170562
0.169647
0.168535
0.168213
0.167941
0.168749
0.169169
0.167374
0.168118
0.159242
0.156300
0.161697
0.166912
0.166716
0.168037
0.167939
0.172507
0.172555
0.172933
0.172348
0.174838
0.177047
0.173574
0.175328
0.177265
0.175039
0.173018
0.165383
0.168670
0.167639
0.167040
0.170003
0.168831
0.169405
0.173038
0.174198
0.177419
0.175004
0.176039
0.171541
0.173346
0.163727
0.161574
0.158708
0.154034
0.160806
0.158377
0.159642
0.155910
0.155850
0.156292
0.155149
0.138194
0.157616
0.163469
0.165559
0.167966
0.167179
0.170143
0.172150
0.170261
0.168888
0.168472
0.162355
0.164704
0.166575
0.167398
0.169295
0.170552
0.168171
0.165989
0.173103
0.174094
0.173940
0.174605
0.176248
0.172127
0.171470
0.174735
0.172577
0.179200
0.166504
0.167001
0.168103
0.168285
0.168736
0.170186
0.169037
0.164940
0.176271
0.171058
0.167411
0.162015
0.159136
0.157750
0.157984
0.157783
0.157142
0.157035
0.158107
0.155457
0.158006
0.155162
0.157087
0.155650
0.155525
0.159717
0.148819
0.157978
0.157543
0.157372
0.158035
0.165314
0.165835
0.168441
0.169146
0.166186
0.162477
0.165416
0.168292
0.167980
0.167445
0.171262
0.169494
0.169535
0.166377
0.174945
0.177473
0.174878
0.175135
0.170383
0.176363
0.170592
0.171819
0.172359
0.157370
0.159443
0.160146
0.155880
0.155063
0.158622
0.158542
0.157784
0.152613
0.167135
0.166291
0.173356
0.174039
0.175209
0.174641
0.172000
0.176978
0.173103
0.166692
0.163944
0.174819
0.174622
0.173100
0.177040
0.181125
0.174039
0.166056
0.156854
0.157365
0.157445
0.156981
0.158629
0.156093
0.157061
0.157899
0.156556
0.159441
0.159516
0.155900
0.157927
0.155219
0.157776
0.157867
0.158274
0.158015
0.163181
0.170038
0.166404
0.175573
0.175048
0.175417
0.178364
0.174648
0.173393
0.169725
0.170824
0.167938
0.168677
0.168931
0.172813
0.172587
0.171240
0.166717
0.168030
0.177042
0.172233
0.167673
0.162351
0.156114
0.155195
0.158164
0.157653
0.156460
0.158060
0.155118
0.155097
0.157272
0.156787
0.158602
0.156926
0.165674
0.165454
0.169089
0.172807
0.173203
0.171265
0.172038
0.171436
0.171037
0.169286
0.158218
0.157519
0.172528
0.168062
0.164036
0.159035
0.156034
0.158715
0.155566
0.158952
0.130562
0.158037
0.163036
0.165037
0.169769
0.170500
0.170665
0.170146
0.156034
0.163596
0.168365
0.167668
0.170038
0.170038
0.170038
0.169907
0.174039
0.173038
0.172005
0.177041
0.166037
0.161887
0.167409
0.164253
0.159365
0.158035
0.161062
0.159036
0.156034
0.158035
0.157036
0.158739
0.157041
0.156899
0.158474
0.156845
0.156033
0.159098
0.168037
0.170057
0.170037
0.169596
0.170037
0.171585
0.160037
0.164842
0.171011
0.169039
0.168037
0.168836
0.170038
0.170401
0.169342
0.168524
0.170044
0.169115
0.174298
0.172979
0.170986
0.176039
0.176039
0.175040
0.165038
0.167037
0.167037
0.169037
0.172098
0.170038
0.171939
0.166808
0.169519
0.168036
0.169308
0.167036
0.172591
0.172302
0.173039
0.172040
0.171513
0.173249
0.164947
0.163884
0.168514
0.169072
0.168037
0.169038
0.171380
0.169037
0.170038
0.170038
0.172038
0.171198
0.174565
0.175039
0.177039
0.178141
0.174039
0.173038
0.171152
0.169623
0.169039
0.170046
0.169700
0.172956
0.172503
0.175252
0.174038
0.171037
0.170038
0.170038
0.169086
0.161300
0.160036
0.158318
0.156036
0.158442
0.158429
0.159035
0.153034
0.157332
0.156034
0.158777
0.157903
0.158035
0.159120
0.159033
0.166538
0.159651
0.150270
0.166566
0.171037
0.170038
0.170038
0.166418
0.159035
0.158035
0.157504
0.158035
0.163036
0.166585
0.168295
0.168378
0.169038
0.169037
0.168488
0.170496
0.164523
0.177856
0.167240
0.165047
0.160058
0.156055
0.165555
0.162485
0.158684
0.157387
0.156034
0.157213
0.156034
0.157295
0.158035
0.158035
0.157035
0.155482
0.156986
0.167167
0.169143
0.167409
0.168037
0.172062
0.165036
0.162551
0.176039
0.170173
0.174077
0.172700
0.179817
0.177039
0.178463
0.177062
0.166036
0.161036
0.159035
0.155133
0.140030
0.157531
0.159036
0.156193
0.154881
0.158499
0.158035
0.158612
0.162536
0.165313
0.164421
0.167038
0.168914
0.171150
0.169037
0.170791
0.170422
0.167298
0.170038
0.171038
0.171045
0.170038
0.159035
0.162036
0.168037
0.170398
0.168038
0.166912
0.170082
0.169100
0.171038
0.172038
0.171058
0.172046
0.172039
0.171350
0.170040
0.177628
0.177209
0.165795
0.174932
0.167037
0.162036
0.158294
0.156659
0.159035
0.157035
0.156035
0.158035
0.158037
0.156666
0.158769
0.158508
0.164037
0.167037
0.163059
0.175799
0.169037
0.166037
0.159035
0.155034
0.158925
0.157289
0.157599
0.158416
0.156035
0.156056
0.156034
0.157035
0.160036
0.162095
0.164036
0.168037
0.167227
0.165072
0.174619
0.169183
0.172038
0.173038
0.174039
0.176137
0.169037
0.172038
0.173038
0.169158
0.168036
0.172954
0.168021
0.170912
0.168750
0.175039
0.176037
0.172726
0.175039
0.171038
0.170082
0.170038
0.168036
0.171048
0.171772
0.169406
0.172056
0.167465
0.171038
0.170114
0.171119
0.171038
0.169037
0.174038
0.174064
0.172203
0.174839
0.159035
0.160926
0.161036
0.164824
0.168037
0.169037
0.170038
0.170070
0.169341
0.171199
0.172527
0.169463
0.170038
0.173650
0.171117
0.168038
0.166036
0.180039
0.176039
0.173462
0.175043
0.175090
0.175130
0.175137
0.178039
0.178269
0.176385
0.178898
0.178040
0.175113
0.174039
0.176059
0.173894
0.182490
0.182040
0.147323
0.165036
0.158592
0.158036
0.160034
0.158035
0.158036
0.163327
0.164037
0.161301
0.160254
0.160509
0.162036
0.167220
0.167214
0.171957
0.166037
0.171037
0.169038
0.162036
0.163036
0.169142
0.168158
0.168037
0.171211
0.174039
0.171241
0.172038
0.173312
0.170038
0.170038
0.167407
0.168447
0.169050
0.170022
0.169355
0.169161
0.172038
0.171540
0.173818
0.171038
0.174038
0.170038
0.170038
0.172895
0.174858
0.173388
0.174040
0.168565
0.170038
0.168744
0.173040
0.155034
0.160035
0.166036
0.161157
0.158138
0.158956
0.161037
0.161345
0.159505
0.159232
0.160035
0.160929
0.159035
0.162230
0.163052
0.168037
0.174007
0.170374
0.170037
0.174039
0.165779
0.174589
0.180040
0.180040
0.176039
0.181040
0.174038
0.176191
0.176948
0.183076
0.180040
0.174038
0.167961
0.165205
0.161037
0.158696
0.156034
0.158035
0.159035
0.154470
0.158181
0.157311
0.159035
0.159500
0.158054
0.158220
0.159279
0.160320
0.167037
0.165341
0.170505
0.173753
0.168612
0.168037
0.169131
0.173038
0.172038
0.169386
0.171830
0.173038
0.170038
0.168037
0.172391
0.171572
0.173095
0.174038
0.174255
0.174057
0.172750
0.173128
0.174038
0.176243
0.171173
0.176209
0.170980
0.164821
0.174039
0.176039
0.174177
0.176180
0.175038
0.172280
0.170518
0.173038
0.175039
0.176757
0.179454
0.170771
0.173272
0.173038
0.177039
0.161035
0.161035
0.143154
0.166037
0.169563
0.168037
0.174373
0.167517
0.170037
0.169037
0.170487
0.170038
0.171051
0.174038
0.171037
0.170518
0.168037
0.172038
0.169494
0.171301
0.163048
0.173379
0.173655
0.173541
0.173929
0.172040
0.176757
0.177040
0.176137
0.172318
0.172108
0.180118
0.179039
0.184041
0.183320
0.171038
0.168517
0.159035
0.170398
0.162036
0.159208
0.160231
0.157607
0.158035
0.159034
0.159034
0.159158
0.158278
0.159827
0.163934
0.163035
0.164138
0.172038
0.174972
0.167904
0.171038
0.165037
0.152184
0.170037
0.171038
0.172038
0.172143
0.175040
0.172988
0.176491
0.167125
0.170216
0.172038
0.173039
0.172148
0.172939
0.170037
0.171038
0.173343
0.166116
0.164406
0.174990
0.173822
0.175038
0.172038
0.173038
0.174134
0.173051
0.173038
0.172038
0.171040
0.171467
0.170558
0.172878
0.171838
0.170564
0.172038
0.160037
0.154487
0.159035
0.166037
0.169037
0.169139
0.173038
0.176279
0.171414
0.172817
0.172038
0.172137
0.171037
0.171287
0.172038
0.174037
0.172038
0.171037
0.167283
0.168304
0.171038
0.171397
0.173040
0.171678
0.173040
0.171038
0.173038
0.172078
0.170469
0.172909
0.172970
0.173875
0.172323
0.173038
0.169361
0.170307
0.161085
0.142371
0.162036
0.165713
0.169217
0.169923
0.173109
0.173772
0.171038
0.172037
0.172038
0.172731
0.171038
0.171314
0.173038
0.171589
0.172432
0.175112
0.169334
0.168263
0.175557
0.176039
0.175132
0.174196
0.174156
0.174039
0.176154
0.174001
0.177039
0.173610
0.175479
0.181040
0.180040
0.181042
0.182461
0.177731
0.178674
0.175369
0.140113
0.159035
0.163598
0.163448
0.164045
0.161035
0.164036
0.164037
0.162829
0.166055
0.172921
0.171038
0.174271
0.174038
0.176657
0.172124
0.166037
0.338373
0.337085
0.365444
0.356012
0.343623
0.354083
0.333795
0.380725
0.156026
0.152034
0.148866
0.151989
0.150948
0.153376
0.148032
0.150032
0.151408
0.173115
0.167375
0.163038
0.145032
0.157035
0.159084
0.158373
0.155745
0.156367
0.158266
0.158331
0.159035
0.163534
0.167378
0.168144
0.168037
0.170536
0.164688
0.178730
0.179305
0.181411
0.174103
0.153731
0.161660
0.160036
0.157225
0.156420
0.159190
0.157094
0.159060
0.156883
0.156811
0.157035
0.162036
0.166037
0.169167
0.161036
0.158035
0.159909
0.162035
0.164399
0.175238
0.173741
0.173698
0.176039
0.177039
0.173953
0.174125
0.174590
0.170037
0.177040
0.167053
0.162227
0.160130
0.164870
0.159036
0.161285
0.161302
0.159362
0.142031
0.162036
0.161035
0.163347
0.164973
0.171347
0.172964
0.171357
0.172653
0.171038
0.171067
0.170243
0.171038
0.169037
0.170038
0.173039
0.174464
0.172423
0.171175
0.179249
0.177496
0.178876
0.180040
0.178092
0.179039
0.174522
0.167037
0.163597
0.161035
0.159575
0.157397
0.166038
0.161266
0.158314
0.158643
0.159246
0.159035
0.149660
0.165416
0.163551
0.163548
0.170169
0.172322
0.169158
0.171329
0.173039
0.170037
0.170047
0.175138
0.164423
0.167037
0.173059
0.172749
0.176442
0.172604
0.173798
0.180379
0.175169
0.174705
0.175385
0.173270
0.175317
0.172260
0.173494
0.177703
0.174249
0.174471
0.175428
0.172403
0.175039
0.172038
0.173038
0.173038
0.168845
0.181040
0.177626
0.168898
0.163363
0.159076
0.159564
0.161035
0.160035
0.159054
0.159035
0.160035
0.164036
0.160490
0.160107
0.163605
0.159489
0.161035
0.163846
0.166036
0.171247
0.172038
0.173118
0.173384
0.173958
0.179498
0.180609
0.175472
0.172467
0.172038
0.161646
0.162472
0.166036
0.167502
0.170385
0.173038
0.173039
0.168020
0.185338
0.178539
0.178109
0.178039
0.181260
0.180136
0.179255
0.181040
0.179260
0.175245
0.165230
0.167662
0.172540
0.172039
0.174621
0.174038
0.176225
0.175123
0.175117
0.172608
0.177623
0.175589
0.180275
0.176624
0.174913
0.175039
0.176922
0.177524
0.166037
0.166561
0.170614
0.172461
0.174039
0.172038
0.172160
0.172812
0.177050
0.177039
0.178323
0.176586
0.176355
0.175143
0.173337
0.175428
0.179776
0.183646
0.181652
0.180316
0.177832
0.172040
0.169701
0.164037
0.173038
0.168037
0.178039
0.179040
0.179877
0.177886
0.174201
0.179054
0.181994
0.181344
0.181040
0.179040
0.166179
0.164531
0.164047
0.163475
0.160774
0.165317
0.165959
0.166036
0.178040
0.178306
0.182040
0.179040
0.178040
0.177039
0.176271
0.177519
0.172759
0.176039
0.166935
0.170037
0.175214
0.175039
0.171971
0.160036
0.162951
0.138031
0.160099
0.166597
0.167236
0.171322
0.175039
0.177048
0.177163
0.170038
0.171037
0.174039
0.163051
0.163038
0.163691
0.161308
0.167091
0.172430
0.169038
0.166488
0.187815
0.183857
0.175040
0.166155
0.165057
0.162180
0.159704
0.161590
0.161035
0.162036
0.166060
0.159034
0.162164
0.160035
0.162036
0.163036
0.162035
0.161421
0.147797
0.162840
0.167037
0.168074
0.170037
0.169037
0.171132
0.172761
0.171038
0.176039
0.164037
0.162344
0.162213
0.163148
0.162036
0.168037
0.172038
0.171507
0.171503
0.177092
0.178039
0.178177
0.179039
0.177663
0.177274
0.178039
0.173359
0.170139
0.167037
0.171216
0.172053
0.171039
0.172039
0.172039
0.172827
0.176701
0.163249
0.183375
0.177039
0.169647
0.165649
0.164036
0.164037
0.163567
0.164701
0.164265
0.166863
0.162694
0.163036
0.165036
0.165468
0.164036
0.164036
0.164036
0.165036
0.160064
0.165015
0.164928
0.165407
0.166190
0.167037
0.171690
0.169037
0.171038
0.167140
0.171038
0.172757
0.173740
0.173038
0.173709
0.172174
0.170353
0.174040
0.170037
0.175652
0.171038
0.170341
0.174296
0.176344
0.174662
0.176039
0.177144
0.161161
0.159556
0.166036
0.173038
0.175588
0.174677
0.169457
0.170959
0.169291
0.170467
0.180074
0.184087
0.181040
0.169029
0.164321
0.166063
0.170044
0.171188
0.165443
0.164036
0.164369
0.162410
0.166573
0.169644
0.171038
0.174039
0.170295
0.169366
0.181042
0.180512
0.177039
0.177906
0.178041
0.179056
0.173901
0.163531
0.179188
0.178172
0.177402
0.176622
0.177040
0.177294
0.177041
0.178630
0.177157
0.175519
0.176846
0.172555
0.171585
0.175398
0.174039
0.177166
0.173205
0.173612
0.169037
0.172218
0.174568
0.170981
0.171037
0.173038
0.174038
0.171037
0.173932
0.174040
0.178039
0.179040
0.179424
0.181248
0.180382
0.177110
0.177294
0.176038
0.169185
0.160035
0.163035
0.162036
0.164036
0.162230
0.160513
0.161623
0.160486
0.156034
0.163178
0.169038
0.171038
0.170190
0.171338
0.173038
0.171406
0.175075
0.166823
0.166167
0.162145
0.164599
0.165428
0.170038
0.171124
0.173355
0.173262
0.151079
0.164361
0.162035
0.161208
0.171492
0.167037
0.171159
0.170741
0.179494
0.172038
0.173609
0.170648
0.175149
0.172038
0.175241
0.172270
0.171837
0.172205
0.179141
0.183357
0.183040
0.177842
0.175586
0.170273
0.171389
0.168831
0.175457
0.168879
0.165587
0.168894
0.174038
0.179039
0.177270
0.177152
0.178112
0.179548
0.181041
0.179653
0.172726
0.173608
0.172037
0.174939
0.179684
0.179151
0.181041
0.169036
0.166268
0.167037
0.171200
0.173511
0.165533
0.172038
0.174039
0.173038
0.171040
0.179136
0.175380
0.176138
0.174038
0.189160
0.184119
0.167511
0.162036
0.170273
0.166501
0.169083
0.167312
0.164036
0.165146
0.167294
0.166037
0.164982
0.165647
0.152291
0.164037
0.166037
0.173038
0.176186
0.175859
0.175039
0.170969
0.162035
0.167893
0.178213
0.172935
0.175038
0.176039
0.173038
0.174409
0.172655
0.177039
0.172039
0.177191
0.178040
0.178264
0.175702
0.171976
0.174038
0.172038
0.163037
0.165037
0.169037
0.169036
0.175288
0.173543
0.171561
0.173999
0.176093
0.172038
0.166271
0.182625
0.185668
0.179469
0.172552
0.168038
0.165158
0.162472
0.163850
0.160151
0.163007
0.162036
0.163123
0.165036
0.165128
0.163037
0.165037
0.162036
0.164560
0.164076
0.180549
0.177396
0.174893
0.179040
0.176039
0.177039
0.163337
0.167372
0.167168
0.176039
0.171133
0.173038
0.174542
0.177394
0.177184
0.173038
0.175039
0.173931
0.183040
0.184041
0.182043
0.180039
0.178712
0.182051
0.159958
0.162035
0.165036
0.168037
0.169037
0.171083
0.176175
0.172038
0.175039
0.175117
0.179588
0.172619
0.178825
0.178039
0.171177
0.169532
0.171586
0.176387
0.164565
0.178510
0.177099
0.173490
0.172093
0.173651
0.178436
0.178390
0.178507
0.174463
0.176245
0.168206
0.187041
0.186962
0.180505
0.177169
0.167937
0.165036
0.170038
0.164843
0.164035
0.168238
0.164728
0.165036
0.165108
0.162373
0.166279
0.162538
0.166196
0.163036
0.164531
0.184041
0.182634
0.182324
0.178686
0.182040
0.180042
0.177500
0.175633
0.169308
0.172038
0.175922
0.179267
0.178216
0.182041
0.171038
0.172101
0.174037
0.171220
0.176577
0.179207
0.180040
0.181040
0.174038
0.165036
0.163045
0.163838
0.167097
0.169038
0.172799
0.172038
0.176001
0.169976
0.173038
0.180040
0.179040
0.173038
0.176039
0.176039
0.177812
0.177039
0.174442
0.163394
0.163072
0.165036
0.171038
0.171038
0.171037
0.175038
0.172038
0.173038
0.173059
0.173038
0.174550
0.172333
0.178057
0.176039
0.174039
0.176039
0.174038
0.170038
0.174039
0.174039
0.174038
0.174204
0.175695
0.170655
0.173038
0.173038
0.173143
0.174046
0.174038
0.173069
0.178519
0.182653
0.184040
0.188345
0.186272
0.171038
0.176496
0.169827
0.171038
0.171779
0.176311
0.173038
0.173413
0.175661
0.175352
0.174457
0.176342
0.171894
0.175918
0.181270
0.175408
0.179121
0.176041
0.170083
0.171076
0.172024
0.174916
0.172334
0.174194
0.173038
0.173038
0.173475
0.176130
0.173744
0.174585
0.174434
0.176259
0.176894
0.179085
0.178525
0.178039
0.169710
0.167495
0.161197
0.167037
0.166736
0.168037
0.174323
0.176443
0.179433
0.168602
0.171174
0.172478
0.172064
0.183042
0.182235
0.182191
0.182529
0.178040
0.170290
0.172091
0.170781
0.172495
0.174560
0.173232
0.173635
0.174684
0.174038
0.174038
0.174039
0.174165
0.173714
0.182112
0.170376
0.167603
0.164272
0.159368
0.164239
0.163157
0.162037
0.164246
0.165036
0.162109
0.163628
0.161571
0.162036
0.165133
0.171136
0.166282
0.173329
0.168268
0.183139
0.177201
0.172453
0.168488
0.174137
0.169463
0.165122
0.164096
0.167282
0.164037
0.165037
0.164802
0.166037
0.166038
0.165636
0.163063
0.167017
0.167080
0.164036
0.182040
0.178040
0.180040
0.168395
0.170488
0.173514
0.175409
0.176001
0.176736
0.178626
0.180040
0.175700
0.173646
0.177039
0.176098
0.177881
0.177039
0.171853
0.179234
0.171538
0.163400
0.163936
0.162142
0.166036
0.165036
0.165037
0.167037
0.165485
0.167037
0.167244
0.167248
0.165178
0.168237
0.167037
0.167037
0.173038
0.167210
0.183039
0.176197
0.178132
0.172037
0.169155
0.164918
0.160114
0.163012
0.160699
0.164036
0.163036
0.164036
0.163036
0.164037
0.163318
0.163923
0.166162
0.165676
0.163197
0.176831
0.166980
0.168052
0.181927
0.175485
0.170069
0.174692
0.175256
0.176049
0.172639
0.176783
0.176046
0.178039
0.178040
0.171703
0.177521
0.173038
0.173431
0.178040
0.166633
0.164215
0.172310
0.170504
0.174536
0.179039
0.176039
0.175123
0.176270
0.175039
0.176039
0.175326
0.176040
0.178577
0.175590
0.173686
0.172016
0.182040
0.164796
0.167524
0.172623
0.240114
0.166037
0.172037
0.208114
0.202139
0.187042
0.179421
0.180040
0.176136
0.178039
0.177842
0.178761
0.177039
0.176163
0.182314
0.175018
0.175464
0.179651
0.181040
0.178739
0.176533
0.178770
0.178568
0.176039
0.174039
0.178324
0.179366
0.180039
0.184257
0.180039
0.175995
0.171105
0.166037
0.163219
0.164036
0.169038
0.175038
0.172375
0.170259
0.174038
0.173022
0.175038
0.172038
0.172038
0.172039
0.175237
0.175038
0.175803
0.176157
0.172601
0.178040
0.168037
0.163125
0.165037
0.162035
0.162035
0.164036
0.170037
0.171844
0.175991
0.172891
0.174943
0.175173
0.175038
0.177238
0.175969
0.174038
0.176039
0.179040
0.165278
0.172937
0.174063
0.171215
0.174347
0.176104
0.175039
0.172180
0.171038
0.172038
0.174520
0.175038
0.174038
0.176866
0.175370
0.173081
0.171274
0.134114
0.165289
0.164036
0.163036
0.163100
0.164371
0.163415
0.162362
0.162754
0.162100
0.162813
0.161841
0.168956
0.178038
0.179502
0.178215
0.179040
0.177039
0.184447
0.178051
0.180917
0.177181
0.189052
0.191144
0.180732
0.181041
0.178755
0.173038
0.173038
0.179351
0.182603
0.187440
0.186041
0.184040
0.179749
0.179039
0.178039
0.178039
0.177039
0.173440
0.175695
0.178092
0.176077
0.175355
0.175039
0.177040
0.177086
0.177040
0.175039
0.175574
0.176693
0.175193
0.176469
0.176039
0.176039
0.179550
0.178560
0.173681
0.177039
0.176960
0.176202
0.175509
0.177983
0.177040
0.176038
0.180774
0.178699
0.171965
0.174152
0.179039
0.186738
0.184040
0.183573
0.166250
0.170037
0.174038
0.175879
0.179732
0.172524
0.175038
0.176039
0.175115
0.178040
0.177039
0.180039
0.177039
0.177039
0.179135
0.180550
0.176390
0.173363
0.171038
0.172705
0.175039
0.176039
0.176038
0.178040
0.174423
0.181040
0.183905
0.187682
0.185041
0.186347
0.176039
0.172038
0.169942
0.166036
0.165276
0.165786
0.158035
0.164914
0.166106
0.166327
0.164481
0.170037
0.163036
0.165037
0.166037
0.165577
0.165037
0.166037
0.166038
0.166095
0.166241
0.164037
0.167037
0.173751
0.169103
0.185041
0.183041
0.174508
0.171037
0.166319
0.164289
0.165864
0.165469
0.164415
0.165213
0.164036
0.165289
0.166079
0.166470
0.166133
