0.002000
0.081552
0.083005
0.077327
0.078375
0.076298
0.074911
0.074986
0.076278
0.073570
0.076188
0.074825
0.075932
0.076576
0.077863
0.077082
0.076890
0.075386
0.075616
0.075339
0.073064
0.075191
0.076012
0.074405
0.077225
0.077687
0.078056
0.073572
0.074800
0.074774
0.075348
0.076156
0.075784
0.074716
0.075614
0.076555
0.075613
0.079574
0.074962
0.074628
0.074942
0.075362
0.074962
0.084406
0.075706
0.074792
0.076502
0.074747
0.077017
0.075214
0.075816
0.074018
0.078601
0.079273
0.103142
0.086018
0.092020
0.092687
0.160035
0.179040
0.155402
0.155035
0.129054
0.161037
0.168036
0.156170
0.120027
0.152034
0.152034
0.154034
0.156035
0.143032
0.157035
0.155035
0.156038
0.159540
0.154034
0.156629
0.156035
0.159035
0.158035
0.157035
0.156034
0.162036
0.159034
0.207046
0.154033
0.155478
0.156035
0.155035
0.155035
0.157034
0.115026
0.176039
0.175039
0.167714
0.166037
0.162036
0.163036
0.158606
0.158035
0.180526
0.168037
0.157035
0.156035
0.155034
0.158045
0.159101
0.180042
0.180040
0.176039
0.178040
0.179116
0.178039
0.170628
0.159035
0.159035
0.159035
0.160035
0.159035
0.160055
0.160036
0.159035
0.159035
0.158035
0.159880
0.158036
0.159035
0.160036
0.157462
0.156731
0.163191
0.174203
0.180040
0.185041
0.162036
0.161044
0.160603
0.158035
0.159035
0.159035
0.159036
0.161036
0.166036
0.164083
0.166095
0.161036
0.159533
0.158446
0.159367
0.143032
0.168037
0.166037
0.162806
0.162035
0.162036
0.173209
0.184041
0.188041
0.173038
0.167037
0.165036
0.166036
0.166037
0.166037
0.165530
0.166036
0.164036
0.190467
0.190042
0.186041
0.188041
0.188040
0.188988
0.184041
0.186040
0.184984
0.168037
0.168037
0.168036
0.166257
0.167752
0.170038
0.168037
0.165382
0.169037
0.168037
0.167568
0.161044
0.163055
0.158035
0.161035
0.166046
0.168037
0.167078
0.168037
0.165037
0.162616
0.159035
0.155034
0.159353
0.159033
0.165037
0.163652
0.165036
0.165036
0.165037
0.164778
0.164153
0.166037
0.174039
0.166036
0.162015
0.161036
0.166036
0.166036
0.165049
0.166037
0.165036
0.166037
0.167037
0.166037
0.167037
0.172467
0.162036
0.159045
0.160035
0.164440
0.164426
0.165036
0.166031
0.164333
0.164036
0.164036
0.166037
0.174873
0.171038
0.169037
0.166037
0.165036
0.164036
0.165036
0.165064
0.171038
0.166037
0.164036
0.163899
0.173038
0.170038
0.167037
0.167207
0.168037
0.168050
0.166801
0.167036
0.167037
0.168037
0.174222
0.168036
0.166411
0.166036
0.167484
0.168037
0.168037
0.173038
0.169720
0.168037
0.166163
0.167036
0.166184
0.169037
0.167037
0.168037
0.167250
0.168037
0.141719
0.167037
0.170438
0.168037
0.166036
0.168313
0.167036
0.171236
0.168037
0.168037
0.166036
0.168037
0.167885
0.167680
0.167400
0.168037
0.168037
0.167544
0.170037
0.164210
0.163036
0.161036
0.168036
0.166523
0.167889
0.172037
0.171585
0.170457
0.170837
0.164037
0.166037
0.166037
0.166244
0.167037
0.167037
0.170037
0.168037
0.164812
0.166037
0.166037
0.168037
0.169037
0.166565
0.168037
0.167194
0.168037
0.170053
0.168037
0.165418
0.165036
0.167037
0.167036
0.166037
0.167037
0.168117
0.168037
0.172038
0.169037
0.168200
0.167037
0.168262
0.166036
0.167037
0.166037
0.167037
0.168037
0.169037
0.168037
0.167037
0.170038
0.168616
0.172058
0.168037
0.166037
0.165102
0.168037
0.167037
0.167037
0.167135
0.173038
0.170038
0.166420
0.165037
0.163817
0.169038
0.170038
0.165037
0.166121
0.167037
0.166036
0.172038
0.169037
0.166037
0.173087
0.169020
0.167037
0.167037
0.166037
0.166037
0.167876
0.170554
0.175126
0.183040
0.182318
0.174564
0.169858
0.177040
0.166036
0.168037
0.175038
0.174038
0.175039
0.173098
0.168037
0.167037
0.164678
0.162036
0.167501
0.173038
0.170038
0.167037
0.167322
0.167037
0.162671
0.166396
0.174727
0.171038
0.170292
0.168037
0.176698
0.169037
0.169037
0.166670
0.166036
0.166037
0.166037
0.166036
0.169037
0.168604
0.168037
0.180040
0.181040
0.183273
0.181040
0.172037
0.168037
0.166114
0.167045
0.167037
0.168037
0.166037
0.166732
0.165036
0.169038
0.168037
0.166037
0.167003
0.166037
0.166036
0.165036
0.168934
0.168037
0.167037
0.167600
0.171501
0.171037
0.175039
0.173038
0.170038
0.167691
0.168037
0.167037
0.169037
0.168037
0.166800
0.165425
0.165037
0.169037
0.169037
0.168037
0.167037
0.167037
0.166037
0.170038
0.173125
0.169224
0.165093
0.163036
0.169037
0.170038
0.169249
0.173038
0.170119
0.168037
0.168037
0.165560
0.167037
0.167524
0.169255
0.168037
0.173038
0.171038
0.168037
0.169038
0.171038
0.168037
0.168037
0.167324
0.167037
0.165036
0.171037
0.167705
0.166037
0.167037
0.173038
0.174058
0.185230
0.179077
0.189533
0.194251
0.194456
0.186855
0.182040
0.177039
0.174039
0.171038
0.172038
0.172339
0.172038
0.173129
0.172035
0.173038
0.171462
0.171038
0.171038
0.171038
0.173038
0.171616
0.173038
0.171038
0.171260
0.170121
0.171464
0.175913
0.173038
0.166037
0.162035
0.164036
0.164594
0.163036
0.176039
0.174038
0.169522
0.165451
0.131514
0.184658
0.167037
0.166036
0.168037
0.170169
0.165438
0.167037
0.168037
0.175637
0.177362
0.167037
0.166394
0.166036
0.167037
0.166037
0.168037
0.173039
0.173576
0.171038
0.172875
0.168088
0.169038
0.166037
0.168974
0.167037
0.167037
0.167037
0.172038
0.169100
0.166037
0.168037
0.167180
0.164036
0.168037
0.168037
0.171532
0.166037
0.167037
0.168037
0.169271
0.170037
0.168037
0.169181
0.167522
0.166037
0.167699
0.168038
0.166036
0.166468
0.164036
0.168037
0.168095
0.172038
0.169948
0.168037
0.168037
0.168037
0.168037
0.166846
0.166037
0.166036
0.169038
0.170038
0.168036
0.169038
0.168009
0.168037
0.171037
0.169265
0.169039
0.167037
0.168037
0.167037
0.169038
0.167780
0.174039
0.171298
0.168319
0.167037
0.167385
0.169037
0.168056
0.170038
0.169037
0.169037
0.168037
0.168037
0.166037
0.170118
0.168037
0.170038
0.168037
0.167933
0.169038
0.170533
0.167050
0.169037
0.168036
0.169571
0.169844
0.172317
0.171038
0.169037
0.166465
0.168037
0.167037
0.167332
0.166036
0.167037
0.166037
0.169037
0.172285
0.174039
0.174633
0.173038
0.170038
0.168037
0.169061
0.173038
0.175039
0.173038
0.171058
0.170036
0.167037
0.167037
0.166032
0.172099
0.171038
0.170754
0.166037
0.170038
0.170038
0.178039
0.176098
0.175038
0.173570
0.173039
0.173038
0.173038
0.170473
0.167037
0.167037
0.168037
0.176697
0.174039
0.172038
0.171038
0.173038
0.173038
0.172038
0.167792
0.172038
0.170038
0.168037
0.167037
0.167516
0.168036
0.167037
0.168037
0.167055
0.171044
0.170671
0.168037
0.166036
0.173038
0.173047
0.169394
0.166037
0.166037
0.167037
0.167037
0.168037
0.168037
0.172223
0.168037
0.173038
0.174038
0.172194
0.167484
0.168037
0.167936
0.168037
0.171213
0.164036
0.168037
0.166174
0.166036
0.167037
0.180961
0.176097
0.178040
0.178039
0.170037
0.168037
0.168037
0.168037
0.168037
0.173038
0.172038
0.167960
0.170259
0.170038
0.170038
0.168037
0.170153
0.172038
0.170037
0.168037
0.167037
0.169037
0.169037
0.146230
0.167037
0.170038
0.172199
0.171038
0.169038
0.179039
0.175039
0.172038
0.171056
0.169038
0.169056
0.164036
0.175039
0.172038
0.169037
0.167857
0.169037
0.168037
0.167037
0.169061
0.169037
0.175017
0.169037
0.167037
0.169437
0.167037
0.167500
0.166036
0.167037
0.171554
0.170211
0.168037
0.166903
0.172106
0.169036
0.169037
0.168037
0.169038
0.165080
0.167037
0.166037
0.168037
0.167037
0.130028
0.174699
0.171038
0.176432
0.172556
0.173038
0.173038
0.173073
0.171086
0.173038
0.171037
0.172159
0.172679
0.173038
0.169038
0.173440
0.172038
0.170037
0.319236
0.325770
0.334368
0.345878
0.329074
0.353153
0.338281
0.354725
0.350073
0.364134
0.330015
0.355136
0.325302
0.334767
0.359419
0.271125
0.176703
0.178051
0.181812
0.184113
0.176499
0.164346
0.163036
0.163036
0.163036
0.163036
0.163036
0.163188
0.162188
0.164036
0.164036
0.162864
0.161935
0.161073
0.161035
0.162035
0.163036
0.162036
0.163036
0.175057
0.183041
0.185041
0.186048
0.183242
0.163036
0.165036
0.164044
0.163036
0.162045
0.163658
0.161036
0.165042
0.165043
0.162494
0.163036
0.163036
0.161045
0.163036
0.171468
0.168037
0.166037
0.165036
0.163327
0.163036
0.164036
0.174038
0.174038
0.171038
0.164037
0.164036
0.163553
0.169037
0.171037
0.169120
0.169037
0.169045
0.169645
0.165886
0.162035
0.163036
0.163036
0.164037
0.164145
0.161522
0.164036
0.163036
0.166037
0.166037
0.164984
0.167531
0.166037
0.166164
0.167037
0.169038
0.168037
0.168037
0.167037
0.167089
0.169038
0.169056
0.166510
0.169037
0.168037
0.166037
0.168037
0.168037
0.174039
0.169206
0.169762
0.168037
0.167719
0.165689
0.166037
0.167036
0.168037
0.167037
0.173038
0.167037
0.163036
0.164036
0.170236
0.169037
0.175054
0.170038
0.166037
0.163430
0.162036
0.163036
0.169038
0.171038
0.170038
0.170165
0.171038
0.168037
0.163832
0.162186
0.170038
0.170038
0.171038
0.165151
0.165359
0.171045
0.170038
0.171129
0.170038
0.170788
0.170178
0.172038
0.170038
0.174452
0.172502
0.171038
0.165969
0.165037
0.167391
0.174038
0.172796
0.170189
0.173450
0.173093
0.174038
0.170933
0.167037
0.165036
0.164037
0.165045
0.172013
0.169686
0.166048
0.164037
0.165037
0.168036
0.173299
0.174376
0.175038
0.168037
0.172406
0.170038
0.167037
0.164112
0.174038
0.173559
0.171038
0.168523
0.166037
0.165249
0.166037
0.167036
0.167037
0.166201
0.167345
0.165853
0.167037
0.171037
0.171038
0.171038
0.169485
0.167158
0.171038
0.166037
0.174050
0.170182
0.168650
0.187041
0.192164
0.197043
0.195043
0.196165
0.184041
0.179040
0.177039
0.175687
0.165648
0.165036
0.166037
0.166037
0.166932
0.166037
0.165036
0.165036
0.165037
0.165036
0.166037
0.164790
0.166037
0.166037
0.165036
0.165531
0.165037
0.165037
0.164037
0.166037
0.167037
0.168038
0.165715
0.123515
0.162036
0.181047
0.180040
0.179039
0.170977
0.169037
0.165037
0.166036
0.166037
0.168153
0.168350
0.167732
0.167037
0.168038
0.171120
0.170038
0.172038
0.169129
0.169037
0.167037
0.167763
0.170352
0.172462
0.172038
0.170038
0.170057
0.169038
0.168037
0.168141
0.168882
0.167385
0.169038
0.169037
0.171551
0.170038
0.167037
0.168038
0.168126
0.170038
0.167316
0.166841
0.168037
0.167037
0.169037
0.167914
0.174099
0.175039
0.171037
0.169038
0.169038
0.168113
0.167036
0.173048
0.170146
0.169037
0.168355
0.167255
0.167056
0.169038
0.167036
0.175150
0.178040
0.173037
0.171037
0.169286
0.171038
0.171038
0.168036
0.169037
0.167038
0.169037
0.169037
0.168037
0.167037
0.168263
0.175039
0.170754
0.169037
0.172039
0.166037
0.168038
0.168037
0.168037
0.168184
0.168037
0.167036
0.171038
0.170359
0.169036
0.165036
0.173038
0.171127
0.169037
0.168037
0.168037
0.168037
0.169037
0.174039
0.172038
0.166186
0.168037
0.167037
0.167037
0.167994
0.168037
0.173038
0.173623
0.172038
0.171038
0.169295
0.169037
0.168037
0.171093
0.170038
0.175142
0.172038
0.169038
0.169037
0.170089
0.170038
0.171037
0.174039
0.172137
0.169037
0.170037
0.170038
0.169037
0.171038
0.172038
0.168654
0.169038
0.171037
0.172038
0.173042
0.167964
0.166037
0.169037
0.172466
0.170038
0.170038
0.170037
0.170057
0.174038
0.171038
0.171657
0.171038
0.175039
0.175039
0.172038
0.173038
0.170038
0.164037
0.162088
0.168037
0.176039
0.180040
0.177721
0.170038
0.170038
0.173240
0.171038
0.174039
0.171038
0.169377
0.171038
0.170717
0.172038
0.174694
0.168037
0.171038
0.171038
0.171037
0.170047
0.172037
0.171530
0.176039
0.174038
0.169701
0.172038
0.171020
0.169496
0.175039
0.167151
0.164045
0.166036
0.169296
0.174047
0.171038
0.173453
0.173038
0.168084
0.167037
0.171038
0.174039
0.172038
0.172038
0.170111
0.170242
0.172038
0.168037
0.168037
0.167103
0.167038
0.170038
0.170038
0.168656
0.167037
0.168037
0.167037
0.167037
0.171038
0.168375
0.167895
0.167037
0.166037
0.167037
0.167037
0.167037
0.167037
0.171047
0.182040
0.181564
0.175039
0.172961
0.184381
0.180696
0.175039
0.172037
0.169598
0.169037
0.176039
0.173038
0.171037
0.169037
0.167760
0.165867
0.169037
0.168037
0.169037
0.167328
0.166052
0.167208
0.167037
0.166106
0.167037
0.167155
0.166890
0.168037
0.168037
0.167037
0.170037
0.169251
0.168882
0.168037
0.168037
0.103535
0.166988
0.165942
0.167168
0.168037
0.169038
0.169038
0.172382
0.169038
0.167036
0.166037
0.167037
0.164125
0.169427
0.166495
0.167037
0.170940
0.169037
0.169037
0.167626
0.169037
0.169038
0.168037
0.167863
0.167037
0.165896
0.166037
0.171176
0.169038
0.167037
0.167037
0.168037
0.172037
0.169037
0.169037
0.167090
0.168076
0.168329
0.168056
0.168037
0.172038
0.171037
0.170038
0.169108
0.166036
0.169037
0.167037
0.176059
0.172156
0.171038
0.173388
0.170038
0.168173
0.168037
0.168037
0.166220
0.183041
0.183642
0.183356
0.181039
0.160579
0.176039
0.185041
0.180039
0.171428
0.172038
0.172038
0.172048
0.173824
0.172038
0.173038
0.175039
0.172146
0.171038
0.172038
0.177039
0.176039
0.173038
0.172150
0.172038
0.172037
0.173038
0.172604
0.172047
0.170547
0.177039
0.174038
0.167605
0.165036
0.167046
0.176039
0.174044
0.171038
0.171369
0.171037
0.169585
0.170048
0.170204
0.171039
0.169545
0.171036
0.171038
0.169737
0.164036
0.164036
0.165036
0.176655
0.176039
0.173038
0.171038
0.173038
0.171038
0.170038
0.169282
0.164370
0.176039
0.173347
0.176039
0.176039
0.171556
0.167037
0.172038
0.172038
0.171038
0.170363
0.165354
0.167037
0.166037
0.166036
0.173038
0.171038
0.176178
0.176038
0.169038
0.167037
0.168219
0.166037
0.171046
0.171038
0.169038
0.168037
0.168107
0.172894
0.169037
0.169037
0.168036
0.169038
0.170244
0.169037
0.169038
0.167395
0.167047
0.168038
0.168038
0.170541
0.173038
0.169038
0.168037
0.169556
0.165037
0.169037
0.169037
0.168243
0.168046
0.169121
0.169038
0.172038
0.169931
0.173039
0.169037
0.162036
0.166630
0.168037
0.166036
0.169038
0.189515
0.191042
0.192042
0.191304
0.190042
0.186042
0.192043
0.191042
0.187041
0.174039
0.169474
0.169037
0.168037
0.168105
0.168027
0.167236
0.166037
0.167037
0.167037
0.165077
0.173038
0.182040
0.175490
0.191052
0.183040
0.195043
0.193043
0.188041
0.179040
0.172038
0.175039
0.177038
0.177140
0.178039
0.175448
0.185041
0.196043
0.191340
0.178622
0.175259
0.169037
0.169036
0.167556
0.168037
0.173496
0.186042
0.179039
0.171038
0.168037
0.180040
0.174038
0.173038
0.167037
0.169102
0.168037
0.167214
0.168037
0.168037
0.168037
0.167037
0.166036
0.170038
0.166037
0.168037
0.168037
0.322196
0.344638
0.339057
0.355954
0.322073
0.335958
0.337964
0.323532
0.328938
0.301661
0.313537
0.328072
0.322934
0.315069
0.324832
0.313201
0.319494
0.319673
0.302427
0.284752
0.298065
0.325069
0.160036
0.162905
0.162036
0.164036
0.164036
0.165036
0.167037
0.167037
0.168037
0.166037
0.163734
0.163036
0.162036
0.163466
0.171038
0.172038
0.168037
0.167037
0.164124
0.163035
0.164037
0.166037
0.167010
0.171036
0.169647
0.167037
0.165138
0.164036
0.167037
0.167037
0.165080
0.163453
0.163539
0.162036
0.162116
0.162036
0.163228
0.165036
0.166036
0.165036
0.166037
0.167037
0.170110
0.168621
0.164036
0.165036
0.165191
0.165037
0.170015
0.165036
0.165036
0.165036
0.164625
0.167037
0.166037
0.165037
0.164037
0.166037
0.166138
0.165216
0.167037
0.169038
0.170038
0.169038
0.169038
0.166108
0.165036
0.168038
0.163036
0.164037
0.163117
0.165170
0.165036
0.167037
0.170038
0.169037
0.172038
0.171038
0.169037
0.167037
0.171038
0.171616
0.171037
0.171038
0.165036
0.165496
0.165329
0.170038
0.175606
0.174038
0.169037
0.168037
0.167037
0.164735
0.163036
0.167037
0.169585
0.169037
0.168037
0.170038
0.171038
0.174227
0.172039
0.170425
0.169936
0.168941
0.170037
0.173038
0.172038
0.171037
0.169037
0.169675
0.169550
0.168045
0.168037
0.168037
0.168695
0.168098
0.173038
0.174038
0.176039
0.173038
0.171037
0.170037
0.175107
0.171038
0.176039
0.175039
0.169037
0.167037
0.169037
0.169037
0.167758
0.167037
0.169098
0.168037
0.175039
0.173038
0.173213
0.169037
0.169037
0.168037
0.173038
0.172038
0.169037
0.168037
0.167037
0.167037
0.169038
0.168422
0.166037
0.173038
0.170037
0.173038
0.170038
0.171038
0.171037
0.168813
0.170038
0.170038
0.168853
0.169037
0.168037
0.164036
0.166037
0.171037
0.182265
0.179040
0.151797
0.168037
0.168037
0.170046
0.168180
0.168037
0.168070
0.167037
0.181040
0.178039
0.174039
0.173038
0.169641
0.170038
0.172038
0.170038
0.169037
0.166159
0.174038
0.173038
0.170066
0.179210
0.190042
0.171038
0.169038
0.167664
0.167037
0.168037
0.167037
0.166037
0.184041
0.163036
0.164036
0.177039
0.187170
0.175038
0.174974
0.168037
0.168915
0.168037
0.168037
0.167277
0.168044
0.169631
0.168037
0.167037
0.168037
0.173038
0.178040
0.186040
0.181040
0.161790
0.167037
0.173038
0.182040
0.192041
0.183105
0.187319
0.186041
0.187042
0.165048
0.181040
0.191042
0.183289
0.173039
0.169037
0.167230
0.168037
0.165646
0.167037
0.155598
0.171038
0.168037
0.167037
0.169038
0.168037
0.177039
0.174039
0.170129
0.168349
0.166037
0.167037
0.166036
0.168802
0.169037
0.167036
0.166046
0.173038
0.174039
0.173038
0.169111
0.167310
0.168037
0.167534
0.168038
0.168037
0.178039
0.178039
0.177039
0.170361
0.168037
0.168667
0.168037
0.171038
0.170038
0.170038
0.168037
0.170712
0.173337
0.172038
0.169038
0.170038
0.169037
0.168721
0.168037
0.168037
0.169012
0.168037
0.168037
0.167422
0.168037
0.176039
0.175039
0.173038
0.171139
0.168037
0.170038
0.169076
0.169037
0.174316
0.171038
0.169037
0.174039
0.171038
0.169038
0.169616
0.168037
0.168038
0.168038
0.170174
0.171242
0.174227
0.171038
0.171038
0.170037
0.169037
0.172929
0.169041
0.168037
0.170038
0.168037
0.170038
0.175067
0.172038
0.171038
0.169037
0.169037
0.169037
0.170343
0.167037
0.168037
0.169038
0.176120
0.173038
0.171038
0.167262
0.168037
0.169038
0.167037
0.168166
0.167037
0.169037
0.169037
0.167037
0.173039
0.170796
0.169038
0.168036
0.169038
0.169037
0.169036
0.168360
0.167037
0.168930
0.168038
0.169611
0.169037
0.167678
0.168037
0.168037
0.169037
0.169037
0.170278
0.169037
0.167363
0.168036
0.169037
0.169038
0.170063
0.168547
0.168037
0.168037
0.168037
0.154460
0.168037
0.168037
0.169038
0.169037
0.168037
0.168114
0.168347
0.167036
0.168038
0.168036
0.169037
0.167301
0.168037
0.168037
0.169037
0.169037
0.170037
0.167037
0.168346
0.167036
0.166037
0.171038
0.167788
0.167447
0.169038
0.169036
0.169037
0.168037
0.169597
0.169037
0.168037
0.168037
0.169037
0.170038
0.173835
0.169515
0.168101
0.170038
0.169038
0.170038
0.170038
0.167990
0.169038
0.169036
0.168108
0.168037
0.167037
0.171115
0.168575
0.169037
0.169372
0.170038
0.169110
0.169038
0.167037
0.168037
0.168037
0.171913
0.169079
0.170038
0.170108
0.168037
0.168758
0.169037
0.169037
0.167052
0.167037
0.169107
0.168349
0.164232
0.168037
0.167037
0.168037
0.168037
0.168036
0.169100
0.168037
0.168037
0.168037
0.169038
0.168602
0.169037
0.168504
0.169085
0.169037
0.170037
0.169038
0.169037
0.169162
0.168047
0.169037
0.169605
0.168446
0.168037
0.167666
0.167037
0.171038
0.168037
0.169037
0.181040
0.176044
0.172100
0.172059
0.169037
0.170038
0.170037
0.169093
0.169037
0.168037
0.169426
0.169037
0.168085
0.168036
0.169037
0.166717
0.167037
0.169037
0.168037
0.169037
0.169038
0.170038
0.168037
0.125100
0.168519
0.168037
0.169037
0.168393
0.169037
0.169038
0.168037
0.170105
0.168036
0.178039
0.179040
0.178071
0.178039
0.179040
0.174367
0.168036
0.168037
0.170038
0.168037
0.167037
0.169037
0.168037
0.169543
0.166037
0.168037
0.170037
0.167037
0.168037
0.168546
0.170038
0.169586
0.168037
0.170038
0.167037
0.167319
0.168037
0.167037
0.167037
0.169038
0.168037
0.169037
0.169038
0.168037
0.168037
0.170038
0.168182
0.168037
0.167037
0.169037
0.170345
0.178040
0.178040
0.179039
0.171106
0.169038
0.169037
0.169038
0.169293
0.169037
0.168037
0.166371
0.168037
0.169037
0.170038
0.168037
0.170058
0.169038
0.170135
0.171038
0.168625
0.168037
0.168449
0.167094
0.167419
0.170038
0.169037
0.170608
0.169037
0.169038
0.168037
0.168037
0.170037
0.171148
0.168055
0.169037
0.169551
0.178039
0.173497
0.171038
0.170303
0.170222
0.168037
0.168595
0.168700
0.167271
0.169037
0.169037
0.170038
0.170038
0.169037
0.170109
0.169037
0.171038
0.170038
0.170038
0.166812
0.168037
0.170115
0.170038
0.170038
0.169037
0.170037
0.169443
0.170038
0.169808
0.170038
0.169556
0.169379
0.169038
0.167037
0.170038
0.170037
0.166037
0.168155
0.169487
0.169037
0.169038
0.168493
0.169105
0.168551
0.167325
0.146458
0.169037
0.168038
0.168037
0.169038
0.169038
0.169116
0.169037
0.169717
0.163650
0.169038
0.169037
0.108346
0.178039
0.173038
0.169099
0.169029
0.169037
0.169037
0.169037
0.169058
0.169037
0.168037
0.169037
0.170037
0.170038
0.169038
0.168037
0.168037
0.170038
0.168037
0.169562
0.169038
0.169038
0.170038
0.170038
0.168037
0.169037
0.169038
0.168121
0.168272
0.170038
0.169229
0.169038
0.168037
0.169037
0.169037
0.169115
0.169037
0.170115
0.169037
0.169037
0.169038
0.170038
0.169496
0.170038
0.170038
0.168555
0.168037
0.170037
0.170037
0.169037
0.169037
0.165037
0.170038
0.169814
0.168037
0.170037
0.168059
0.169037
0.169037
0.170037
0.170038
0.170038
0.169692
0.171038
0.168037
0.169720
0.168159
0.168896
0.168037
0.167037
0.169038
0.168731
0.168045
0.169038
0.169110
0.169037
0.168753
0.167036
0.170038
0.168325
0.168037
0.169037
0.169777
0.168523
0.167037
0.168037
0.167037
0.168037
0.166434
0.180040
0.177670
0.173039
0.170038
0.170038
0.167037
0.167502
0.166037
0.167615
0.167037
0.167168
0.165036
0.168037
0.166528
0.165036
0.168037
0.166109
0.165036
0.167037
0.163036
0.168038
0.167037
0.168558
0.135591
0.167264
0.166770
0.168038
0.166037
0.167037
0.167037
0.168037
0.168037
0.167593
0.168130
0.167037
0.167037
0.167037
0.168425
0.166037
0.167037
0.168037
0.168037
0.167037
0.166169
0.167037
0.164907
0.168037
0.167099
0.168170
0.165037
0.165036
0.166037
0.168037
0.168037
0.167037
0.164621
0.166037
0.165037
0.167036
0.166037
0.166418
0.164037
0.165037
0.165592
0.167037
0.165036
0.165036
0.165037
0.166511
0.168509
0.167037
0.166102
0.164036
0.165036
0.165037
0.165036
0.165037
0.166037
0.167037
0.164737
0.164303
0.166124
0.167037
0.165037
0.166313
0.163036
0.167037
0.165036
0.165037
0.167037
0.166037
0.165127
0.165036
0.166037
0.166037
0.165631
0.165036
0.163036
0.167037
0.165037
0.165037
0.167037
0.165199
0.163238
0.165036
0.165036
0.167037
0.166069
0.163036
0.163036
0.166037
0.165037
0.167351
0.166037
0.168618
0.166037
0.167036
0.165037
0.165051
0.167037
0.165280
0.166037
0.167037
0.166037
0.168037
0.168219
0.166037
0.168037
0.167037
0.167036
0.167037
0.165690
0.166254
0.168037
0.169037
0.166845
0.167545
0.168531
0.167037
0.167037
0.166037
0.167375
0.165037
0.166285
0.169037
0.165037
0.166037
0.165037
0.166216
0.164222
0.165037
0.166037
0.165037
0.167037
0.163036
0.165535
0.164037
0.166037
0.166037
0.165037
0.166138
0.170037
0.167037
0.167036
0.166037
0.165131
0.166037
0.164742
0.165037
0.165036
0.166037
0.166198
0.164037
0.166037
0.166036
0.165036
0.166037
0.168037
