0.013002
0.162034
0.180040
0.169405
0.159035
0.132059
0.147032
0.167173
0.159035
0.160036
0.158034
0.157035
0.157035
0.164036
0.155035
0.155034
0.156035
0.156559
0.154033
0.157034
0.158630
0.158033
0.156035
0.157035
0.157034
0.159035
0.157034
0.156035
0.131028
0.156955
0.156042
0.157035
0.156034
0.159035
0.195043
0.173038
0.166037
0.163713
0.162036
0.159035
0.160036
0.120026
0.136116
0.146007
0.176525
0.156035
0.132029
0.152034
0.149033
0.150033
0.136299
0.149204
0.180039
0.180040
0.177039
0.179039
0.177115
0.177039
0.157632
0.121027
0.139030
0.157035
0.159035
0.160035
0.160035
0.160055
0.161036
0.161035
0.160035
0.161036
0.158880
0.160036
0.144032
0.164036
0.160686
0.156157
0.164113
0.178203
0.181040
0.182040
0.149033
0.124752
0.143470
0.156602
0.159035
0.161045
0.162036
0.159471
0.147926
0.167037
0.167037
0.167105
0.162036
0.159533
0.162448
0.150365
0.148033
0.175039
0.171038
0.167808
0.165036
0.156298
0.175210
0.186041
0.187041
0.163036
0.133029
0.160035
0.155034
0.163036
0.166037
0.168037
0.154527
0.162036
0.151033
0.189466
0.189041
0.186041
0.188041
0.188040
0.186987
0.185041
0.187041
0.185985
0.156034
0.167037
0.167037
0.166257
0.167037
0.167751
0.165036
0.166382
0.167037
0.136487
0.142393
0.160035
0.152033
0.165056
0.161036
0.166036
0.170038
0.169037
0.160035
0.165036
0.168037
0.159616
0.112853
0.153034
0.159146
0.158307
0.163036
0.166037
0.153649
0.163036
0.164036
0.159778
0.167037
0.166036
0.147033
0.182040
0.171318
0.167037
0.165036
0.169038
0.169038
0.168049
0.168037
0.168036
0.168037
0.168037
0.169037
0.149033
0.176468
0.165036
0.163036
0.165037
0.167037
0.166547
0.167037
0.166328
0.166037
0.168037
0.169037
0.141032
0.182874
0.180039
0.175038
0.168037
0.167037
0.167037
0.167057
0.160036
0.178858
0.174038
0.169037
0.167900
0.180040
0.174038
0.170038
0.169208
0.169091
0.170038
0.168802
0.169037
0.170038
0.156455
0.179223
0.170037
0.169411
0.170038
0.170484
0.169038
0.159035
0.178040
0.173721
0.171038
0.169163
0.170037
0.169828
0.168037
0.170038
0.170038
0.169250
0.169037
0.172051
0.128424
0.168037
0.170037
0.169037
0.169314
0.163396
0.176230
0.170038
0.171037
0.170037
0.168376
0.169051
0.168037
0.169400
0.168037
0.169028
0.158539
0.175048
0.167211
0.164036
0.165036
0.170315
0.162232
0.168889
0.178039
0.181587
0.175458
0.174838
0.169340
0.169038
0.167036
0.169037
0.169036
0.156035
0.173441
0.171038
0.168812
0.167037
0.169038
0.159517
0.171556
0.168027
0.169038
0.169196
0.164526
0.175548
0.171037
0.169419
0.168037
0.170038
0.168036
0.168037
0.169037
0.168117
0.153601
0.178039
0.173047
0.169201
0.168037
0.168260
0.169038
0.167037
0.168038
0.162035
0.169037
0.171038
0.169038
0.168047
0.171037
0.168740
0.179058
0.173038
0.168103
0.167036
0.168037
0.169037
0.168136
0.159963
0.179328
0.174039
0.172757
0.170038
0.166817
0.175039
0.172038
0.168037
0.167121
0.167037
0.163793
0.178197
0.173038
0.167036
0.180087
0.173021
0.169037
0.171038
0.167037
0.167037
0.166793
0.176555
0.179040
0.182040
0.186656
0.182565
0.174833
0.185041
0.174038
0.179040
0.178039
0.175039
0.176039
0.174099
0.165036
0.171038
0.170195
0.166037
0.167501
0.180040
0.180040
0.173037
0.170323
0.168275
0.166460
0.162396
0.181985
0.179039
0.173292
0.168037
0.185700
0.175039
0.174038
0.170672
0.167036
0.166037
0.167037
0.165036
0.174039
0.171613
0.165344
0.184041
0.181039
0.178039
0.175039
0.163158
0.166037
0.148211
0.163113
0.167037
0.153843
0.163036
0.166037
0.165732
0.147032
0.163037
0.166037
0.166276
0.167002
0.166036
0.167036
0.164036
0.170557
0.170038
0.169037
0.168601
0.178236
0.177039
0.181372
0.180040
0.175684
0.170038
0.169038
0.168037
0.173037
0.174038
0.170802
0.165425
0.165036
0.173522
0.174038
0.171038
0.169037
0.167037
0.164610
0.172162
0.180126
0.175710
0.167703
0.165036
0.174039
0.173038
0.169249
0.178039
0.175121
0.171038
0.170445
0.167037
0.168037
0.166741
0.174039
0.167036
0.180040
0.176039
0.172038
0.169038
0.176039
0.172038
0.170038
0.169324
0.168036
0.165037
0.175040
0.174707
0.167037
0.166036
0.179039
0.177058
0.185229
0.178078
0.188533
0.193251
0.193456
0.176853
0.176039
0.172038
0.171038
0.161036
0.168037
0.162036
0.166337
0.171038
0.166054
0.154260
0.167037
0.171462
0.172038
0.172037
0.171038
0.171616
0.156034
0.174038
0.173038
0.170352
0.172038
0.174464
0.180914
0.178039
0.167037
0.164036
0.164036
0.165595
0.163036
0.180040
0.177039
0.168936
0.169037
0.132818
0.183040
0.170037
0.165497
0.167325
0.176039
0.170439
0.169037
0.169037
0.175961
0.177039
0.169037
0.168394
0.168037
0.169038
0.161036
0.168550
0.178416
0.181570
0.174038
0.180068
0.171898
0.170047
0.166037
0.172975
0.169037
0.168037
0.165036
0.176039
0.174102
0.167037
0.168046
0.168181
0.168037
0.169038
0.162036
0.177534
0.168037
0.168037
0.168037
0.173491
0.174039
0.169038
0.168180
0.170522
0.168036
0.167699
0.167037
0.169037
0.168469
0.167037
0.167037
0.165318
0.180049
0.174951
0.171037
0.168037
0.169037
0.169037
0.165846
0.169038
0.166038
0.171037
0.173038
0.168037
0.168037
0.169010
0.167038
0.178039
0.171288
0.171039
0.167037
0.167037
0.168037
0.169262
0.165781
0.178631
0.177543
0.170320
0.169037
0.167385
0.169038
0.169057
0.174038
0.173038
0.172038
0.169037
0.170038
0.166037
0.175119
0.172038
0.171038
0.169037
0.167933
0.169038
0.174534
0.170548
0.170038
0.168037
0.172055
0.170845
0.179318
0.177038
0.172038
0.168474
0.168037
0.168037
0.169333
0.167037
0.169037
0.167037
0.170037
0.177286
0.179095
0.180935
0.180270
0.174039
0.172061
0.169246
0.178039
0.181040
0.177676
0.176039
0.174048
0.169037
0.169540
0.166530
0.176100
0.173038
0.175755
0.167037
0.174039
0.174038
0.184041
0.180098
0.177570
0.174038
0.174038
0.172038
0.171977
0.179475
0.172038
0.169037
0.163170
0.180699
0.181040
0.178040
0.176039
0.180040
0.179108
0.177039
0.168792
0.183040
0.176039
0.173038
0.169037
0.167515
0.169037
0.168037
0.168144
0.166879
0.176039
0.173671
0.171038
0.165092
0.180039
0.177039
0.174395
0.169037
0.167037
0.168037
0.167037
0.169038
0.167223
0.177039
0.170038
0.176274
0.180368
0.180487
0.170038
0.170038
0.168937
0.166109
0.177301
0.169037
0.169516
0.168037
0.167037
0.167037
0.189963
0.181098
0.179039
0.180039
0.170037
0.168037
0.169037
0.167037
0.168036
0.180040
0.176962
0.173038
0.170259
0.174038
0.175039
0.170037
0.174154
0.177039
0.174038
0.173038
0.167037
0.170038
0.170038
0.150033
0.164036
0.167691
0.179200
0.176038
0.172039
0.182040
0.183040
0.180020
0.175038
0.171039
0.173057
0.164033
0.179039
0.180040
0.173039
0.169855
0.175039
0.172038
0.168046
0.172038
0.168100
0.185020
0.175039
0.170038
0.169437
0.169037
0.168499
0.166037
0.165562
0.178040
0.174212
0.171038
0.166914
0.178108
0.173038
0.172038
0.169037
0.170038
0.168080
0.168037
0.168037
0.167037
0.164156
0.174039
0.171698
0.136423
0.178039
0.175557
0.175039
0.173038
0.173038
0.172038
0.174089
0.172652
0.173038
0.171678
0.177039
0.170038
0.179039
0.178039
0.175039
0.325239
0.329761
0.331143
0.385889
0.327071
0.325145
0.324277
0.350724
0.358071
0.357131
0.392030
0.341132
0.343309
0.369772
0.350416
0.252120
0.175704
0.176051
0.181812
0.184113
0.161798
0.133115
0.149033
0.159035
0.163036
0.163036
0.153034
0.159186
0.162036
0.151186
0.166036
0.165036
0.164114
0.163724
0.162036
0.164036
0.163036
0.163037
0.164036
0.153904
0.177058
0.182039
0.186041
0.186048
0.182241
0.152033
0.130029
0.154055
0.160585
0.163036
0.144907
0.161649
0.159131
0.164044
0.164045
0.164495
0.163036
0.165036
0.163036
0.158392
0.177648
0.174039
0.169037
0.168037
0.165328
0.163036
0.163036
0.179040
0.181040
0.175039
0.165036
0.164060
0.162071
0.173038
0.177039
0.173222
0.178039
0.175038
0.172645
0.168887
0.164036
0.164036
0.165035
0.164114
0.164037
0.164522
0.165036
0.157553
0.168037
0.167967
0.166045
0.173533
0.171038
0.169165
0.169037
0.170037
0.169037
0.169037
0.170038
0.171090
0.169038
0.168055
0.159508
0.171038
0.169038
0.169038
0.170038
0.162278
0.180209
0.173038
0.169763
0.170038
0.169230
0.167689
0.169037
0.169037
0.168037
0.157034
0.183041
0.172039
0.166037
0.167037
0.171237
0.165229
0.185056
0.174038
0.167037
0.164431
0.164036
0.167037
0.171038
0.171038
0.171038
0.163684
0.171038
0.173038
0.167984
0.164037
0.170037
0.168037
0.177039
0.170466
0.169050
0.172039
0.173038
0.174130
0.173038
0.165787
0.172178
0.173039
0.169038
0.178040
0.174502
0.172038
0.167969
0.169038
0.168726
0.178039
0.181797
0.178192
0.179039
0.174094
0.173038
0.175934
0.172038
0.167037
0.167037
0.161113
0.179355
0.176713
0.171038
0.166036
0.165036
0.169038
0.174300
0.174384
0.174039
0.166036
0.178407
0.173038
0.170037
0.162111
0.180040
0.180562
0.179039
0.172524
0.170038
0.167250
0.168037
0.169037
0.171038
0.169202
0.173347
0.166853
0.166037
0.174039
0.178039
0.176039
0.172485
0.168158
0.172038
0.164036
0.178039
0.179623
0.169468
0.188042
0.194165
0.197044
0.195043
0.197165
0.172038
0.175038
0.175039
0.173687
0.166286
0.165398
0.167037
0.166037
0.165932
0.155034
0.163037
0.166036
0.166037
0.167037
0.146032
0.162036
0.162789
0.165036
0.166037
0.165531
0.167037
0.166036
0.165990
0.167037
0.166037
0.144032
0.163036
0.167130
0.164283
0.139969
0.161036
0.177039
0.181040
0.171985
0.171182
0.168037
0.170037
0.169038
0.162548
0.169044
0.171037
0.170037
0.164036
0.176121
0.171038
0.178128
0.172038
0.171038
0.170038
0.169764
0.166776
0.180040
0.177040
0.173554
0.171038
0.169037
0.171037
0.169038
0.169048
0.167385
0.172039
0.169746
0.180730
0.174039
0.169037
0.170038
0.169127
0.170047
0.168317
0.167841
0.170038
0.170038
0.164037
0.170975
0.179084
0.183041
0.177039
0.171038
0.171037
0.170113
0.165436
0.179147
0.173039
0.171037
0.171356
0.169256
0.170056
0.168037
0.163036
0.181151
0.183041
0.180040
0.174039
0.172287
0.178039
0.175039
0.169037
0.169038
0.169037
0.168037
0.170038
0.169037
0.168038
0.165354
0.178756
0.178040
0.171038
0.172038
0.168037
0.171038
0.169038
0.169038
0.169183
0.171038
0.163036
0.174856
0.173039
0.170038
0.166037
0.179207
0.175128
0.172039
0.170038
0.169037
0.168037
0.168037
0.180039
0.178185
0.169038
0.171038
0.170046
0.168037
0.166993
0.164036
0.175072
0.180624
0.176039
0.173038
0.172287
0.170038
0.169038
0.175094
0.171227
0.181484
0.176039
0.172038
0.170038
0.169089
0.171396
0.172038
0.181139
0.176039
0.173038
0.170038
0.171038
0.169038
0.175038
0.176039
0.171654
0.170180
0.174047
0.172038
0.179064
0.171038
0.173038
0.174039
0.174466
0.171038
0.172038
0.171053
0.171038
0.181040
0.175039
0.172657
0.171038
0.182040
0.181040
0.176039
0.174039
0.176039
0.169038
0.165090
0.169037
0.176038
0.185041
0.182723
0.170037
0.171390
0.180717
0.178048
0.177039
0.173038
0.173038
0.172039
0.170717
0.169624
0.183697
0.171038
0.172037
0.171038
0.172038
0.172038
0.170047
0.170187
0.181040
0.179039
0.171702
0.172038
0.174023
0.168496
0.180040
0.173152
0.165037
0.167037
0.167684
0.178040
0.173038
0.177460
0.176039
0.168084
0.176039
0.174063
0.181040
0.176038
0.179040
0.175112
0.171744
0.178040
0.173037
0.170030
0.167192
0.167037
0.174039
0.174038
0.170656
0.168037
0.168037
0.168037
0.165676
0.177039
0.172038
0.170896
0.170038
0.167037
0.169037
0.169037
0.169038
0.163036
0.170401
0.183804
0.186452
0.182039
0.176961
0.187382
0.186697
0.181040
0.180040
0.173599
0.167037
0.182040
0.178040
0.175039
0.171038
0.170105
0.168562
0.175039
0.172038
0.170038
0.169337
0.168215
0.169038
0.169038
0.168107
0.169037
0.166827
0.162216
0.170038
0.169037
0.167037
0.174179
0.174113
0.169883
0.170038
0.167158
0.172989
0.167943
0.166168
0.146032
0.144032
0.153034
0.169037
0.180383
0.176039
0.172038
0.166036
0.169603
0.167043
0.167426
0.167495
0.163036
0.175942
0.174038
0.172038
0.169626
0.169037
0.169038
0.169037
0.167863
0.167969
0.167346
0.163927
0.177177
0.173039
0.168037
0.168036
0.165036
0.177039
0.172037
0.171038
0.168091
0.168076
0.168329
0.168056
0.167037
0.177358
0.175039
0.173038
0.170048
0.168037
0.170038
0.163592
0.182060
0.178488
0.173923
0.182040
0.175039
0.172038
0.169038
0.169037
0.162313
0.184041
0.184643
0.183356
0.182039
0.148576
0.144031
0.181040
0.185041
0.172308
0.171159
0.172038
0.171038
0.163273
0.166814
0.171038
0.149019
0.169037
0.173146
0.171038
0.169037
0.182040
0.181040
0.176039
0.175149
0.175039
0.171038
0.172589
0.172541
0.171489
0.169037
0.184041
0.179039
0.168936
0.166036
0.166404
0.181041
0.180274
0.173058
0.172362
0.173038
0.171541
0.170038
0.171204
0.170147
0.171036
0.172038
0.168037
0.174738
0.166036
0.167036
0.166037
0.179655
0.180040
0.175038
0.176039
0.179039
0.175039
0.175038
0.174284
0.168370
0.176039
0.174347
0.176039
0.175038
0.172556
0.169038
0.176065
0.180039
0.176039
0.174364
0.168356
0.168037
0.166037
0.162036
0.179039
0.177571
0.179635
0.177039
0.170038
0.166037
0.169218
0.165036
0.172038
0.175039
0.173038
0.170108
0.168037
0.179896
0.173038
0.170037
0.169038
0.169244
0.171038
0.169060
0.170038
0.168395
0.169036
0.167037
0.168224
0.172038
0.182040
0.174038
0.169037
0.170557
0.166253
0.170552
0.173047
0.169243
0.168037
0.172121
0.169425
0.180040
0.171556
0.181041
0.176039
0.167037
0.165630
0.167037
0.166036
0.163151
0.189515
0.190042
0.192042
0.191304
0.190042
0.189043
0.191043
0.191042
0.188042
0.161036
0.132389
0.145769
0.163036
0.166045
0.166983
0.163717
0.167543
0.167036
0.166037
0.167037
0.164576
0.176469
0.183041
0.152109
0.153923
0.162036
0.160036
0.195044
0.195043
0.189042
0.179039
0.159638
0.124027
0.163036
0.171139
0.160035
0.178039
0.171448
0.189554
0.197044
0.192340
0.156035
0.148836
0.155034
0.163036
0.166036
0.161554
0.157114
0.174496
0.186041
0.166036
0.102022
0.167037
0.157501
0.182040
0.162121
0.169153
0.167037
0.167102
0.166037
0.166215
0.165037
0.167037
0.165036
0.167047
0.166036
0.134910
0.163036
0.166036
0.167037
0.155035
0.327197
0.336638
0.335055
0.362958
0.312492
0.335283
0.332074
0.320245
0.323735
0.322373
0.302758
0.315069
0.303297
0.306815
0.318069
0.331092
0.315357
0.309068
0.328137
0.298799
0.302757
0.308068
0.229043
0.166037
0.163905
0.164036
0.170096
0.169046
0.169037
0.170037
0.166836
0.171038
0.169037
0.167735
0.165036
0.164036
0.168051
0.174038
0.180040
0.172038
0.171038
0.166134
0.165037
0.163273
0.169038
0.168529
0.176039
0.175707
0.175039
0.170140
0.164036
0.173038
0.171038
0.169491
0.166049
0.166037
0.163036
0.162125
0.163036
0.164229
0.170038
0.171038
0.166036
0.165036
0.164625
0.174352
0.173614
0.167037
0.166036
0.166191
0.166036
0.177017
0.167037
0.165036
0.165036
0.166626
0.172038
0.171038
0.169037
0.164037
0.167138
0.169038
0.171217
0.170037
0.176326
0.177387
0.174539
0.173038
0.170109
0.167037
0.168037
0.164036
0.164037
0.164804
0.166037
0.168037
0.165605
0.177039
0.172038
0.179039
0.177039
0.178308
0.170037
0.171038
0.171616
0.171038
0.173038
0.164037
0.165036
0.162500
0.173038
0.177606
0.180040
0.177039
0.172046
0.171038
0.168736
0.166037
0.168037
0.168585
0.169037
0.168047
0.169047
0.173376
0.181228
0.177039
0.173426
0.170928
0.174942
0.171037
0.178186
0.174209
0.173038
0.171419
0.169203
0.170046
0.169038
0.168512
0.168245
0.169996
0.168295
0.179039
0.180040
0.182357
0.179464
0.176039
0.170220
0.181040
0.172801
0.183041
0.181040
0.172038
0.168037
0.169037
0.169037
0.168758
0.169038
0.170188
0.164103
0.179039
0.180040
0.177214
0.172038
0.170038
0.167037
0.178039
0.176039
0.173039
0.170047
0.169038
0.169037
0.169037
0.169422
0.163044
0.179039
0.174038
0.178039
0.174038
0.173038
0.173047
0.169821
0.171038
0.174038
0.170358
0.169229
0.175039
0.169038
0.171037
0.174244
0.189041
0.185041
0.157311
0.167109
0.170038
0.171181
0.167037
0.168037
0.169072
0.162178
0.183041
0.184040
0.180476
0.179039
0.175615
0.169776
0.178039
0.174038
0.171038
0.166159
0.180040
0.179040
0.170122
0.181211
0.190042
0.105023
0.165037
0.166352
0.167037
0.167037
0.166037
0.167037
0.150551
0.184041
0.151033
0.127028
0.154034
0.191042
0.177168
0.149646
0.177974
0.172038
0.168920
0.169037
0.170038
0.168277
0.167037
0.168630
0.169037
0.167037
0.167222
0.175504
0.181040
0.186040
0.182040
0.145786
0.121026
0.145032
0.169668
0.184345
0.192041
0.184106
0.192320
0.187041
0.188041
0.153658
0.131029
0.166037
0.190042
0.174288
0.167037
0.167037
0.167230
0.168272
0.165902
0.167046
0.145596
0.174038
0.171038
0.168037
0.169037
0.164981
0.184041
0.181040
0.177130
0.172350
0.166037
0.167037
0.167037
0.168802
0.169038
0.169037
0.167786
0.176539
0.179040
0.177039
0.175111
0.169311
0.168036
0.167102
0.168037
0.170038
0.183040
0.181040
0.177039
0.171361
0.169037
0.170667
0.171038
0.172038
0.172038
0.172039
0.167037
0.172712
0.180338
0.178039
0.172038
0.172038
0.172038
0.169722
0.168037
0.169037
0.170012
0.169037
0.170422
0.166037
0.166037
0.179536
0.180516
0.179068
0.176140
0.171038
0.170038
0.170076
0.167037
0.179692
0.174038
0.170038
0.178039
0.174038
0.171038
0.173303
0.169037
0.167037
0.168037
0.172379
0.172038
0.179228
0.175039
0.173039
0.171038
0.169037
0.177449
0.174039
0.169037
0.170037
0.168037
0.169038
0.181069
0.180039
0.173038
0.170038
0.170037
0.169441
0.171561
0.168037
0.169037
0.164525
0.181121
0.180040
0.177039
0.169047
0.170037
0.171038
0.168037
0.169167
0.167037
0.167037
0.170037
0.165460
0.182041
0.175797
0.171038
0.169037
0.170038
0.169037
0.170352
0.170038
0.169038
0.168930
0.169037
0.170123
0.171038
0.168679
0.168037
0.168037
0.170038
0.169038
0.170278
0.172364
0.168037
0.169037
0.169037
0.170038
0.171071
0.168042
0.170038
0.168037
0.172038
0.167037
0.167037
0.168037
0.167037
0.167037
0.167037
0.168114
0.166347
0.167037
0.169037
0.167037
0.168037
0.167300
0.168037
0.169037
0.168037
0.169037
0.172038
0.169142
0.169346
0.168036
0.166037
0.171038
0.169788
0.167447
0.170038
0.169037
0.169038
0.171038
0.169099
0.168037
0.170037
0.169038
0.171038
0.171038
0.172942
0.172408
0.168100
0.172038
0.171037
0.169037
0.172038
0.168990
0.168037
0.170038
0.169107
0.170037
0.168038
0.171112
0.170574
0.169037
0.170372
0.171038
0.170110
0.171037
0.168037
0.168036
0.168911
0.171078
0.170038
0.171108
0.171038
0.168037
0.169758
0.170038
0.170594
0.169037
0.167037
0.168107
0.172350
0.168233
0.169038
0.169037
0.167037
0.168037
0.167037
0.169100
0.170037
0.168037
0.168037
0.170038
0.169044
0.169037
0.168504
0.169084
0.170038
0.171038
0.171038
0.169037
0.169183
0.168037
0.171038
0.170605
0.170446
0.169038
0.167667
0.168037
0.171038
0.169037
0.165546
0.185041
0.183046
0.180102
0.178060
0.172038
0.171038
0.170037
0.170094
0.172038
0.169418
0.169037
0.171037
0.169083
0.168036
0.171037
0.168718
0.168037
0.170038
0.168037
0.169037
0.169037
0.172038
0.169037
0.171037
0.166520
0.167036
0.166037
0.166393
0.168037
0.167036
0.167104
0.166037
0.172038
0.177039
0.176039
0.175069
0.176039
0.176039
0.167835
0.167037
0.167036
0.167037
0.169037
0.168037
0.167037
0.166036
0.166543
0.167037
0.167037
0.167037
0.167037
0.166036
0.166546
0.169572
0.170541
0.169037
0.172038
0.170038
0.167319
0.170037
0.168038
0.166037
0.168037
0.170038
0.169037
0.170038
0.169037
0.168037
0.171038
0.169183
0.170038
0.167037
0.169037
0.173038
0.178039
0.178040
0.179039
0.172106
0.169037
0.170038
0.170038
0.169294
0.172038
0.170038
0.168372
0.168037
0.169039
0.171038
0.168037
0.171058
0.170038
0.170038
0.170603
0.170048
0.169180
0.169505
0.168037
0.167420
0.169037
0.169038
0.171617
0.171038
0.170038
0.169037
0.168037
0.170038
0.174201
0.168509
0.170037
0.166184
0.183040
0.178498
0.176305
0.172038
0.172230
0.171038
0.168595
0.170829
0.166597
0.169037
0.170038
0.171037
0.172038
0.169109
0.171038
0.171038
0.171038
0.170038
0.172058
0.167793
0.168037
0.169113
0.170038
0.172460
0.171038
0.169934
0.169037
0.169037
0.170809
0.171038
0.170576
0.170184
0.170038
0.168036
0.170038
0.171037
0.168037
0.169156
0.170487
0.170038
0.170038
0.170402
0.170073
0.171045
0.166325
0.169037
0.168037
0.167037
0.169038
0.169038
0.166116
0.168037
0.168336
0.166746
0.167321
0.168036
0.168857
0.174038
0.170038
0.168098
0.165027
0.168037
0.166037
0.168038
0.167056
0.168037
0.168037
0.168037
0.167037
0.169038
0.169038
0.169037
0.168037
0.169037
0.169037
0.167542
0.166046
0.166037
0.167036
0.168037
0.169038
0.167036
0.168037
0.168037
0.168057
0.168271
0.167228
0.167037
0.168037
0.167037
0.167036
0.167114
0.168037
0.168037
0.169116
0.168037
0.168037
0.169037
0.169038
0.166043
0.168037
0.166554
0.167037
0.169037
0.168037
0.167037
0.168037
0.168037
0.166036
0.168037
0.168814
0.169037
0.168036
0.166058
0.169038
0.168037
0.168037
0.170038
0.171038
0.169692
0.171038
0.169037
0.171720
0.168159
0.167905
0.170038
0.168038
0.168037
0.168738
0.167540
0.169037
0.170110
0.168037
0.170754
0.168037
0.170038
0.167324
0.169037
0.169773
0.169037
0.170525
0.170038
0.169037
0.167037
0.167911
0.161047
0.184041
0.185189
0.180040
0.175039
0.174039
0.168037
0.168037
0.168037
0.168615
0.168037
0.168169
0.168037
0.166527
0.166037
0.166037
0.167037
0.167109
0.167037
0.169037
0.168037
0.167037
0.166558
0.168036
0.168826
0.166037
0.166770
0.166037
0.167037
0.167037
0.168037
0.167037
0.167593
0.167037
0.165129
0.167037
0.166037
0.168414
0.165037
0.166037
0.167037
0.167037
0.167037
0.168169
0.167037
0.166908
0.166037
0.168037
0.167099
0.164170
0.165036
0.166037
0.168037
0.168037
0.166037
0.164036
0.165621
0.162035
0.165036
0.166037
0.166036
0.166418
0.164036
0.165036
0.166593
0.167037
0.167037
0.166037
0.163510
0.166037
0.167287
0.165036
0.165102
0.164037
0.165037
0.169037
0.164036
0.165036
0.163036
0.163036
0.165046
0.166303
0.165122
0.166037
0.163312
0.165037
0.164036
0.168037
0.166036
0.164036
0.166036
0.166113
0.164037
0.167037
0.165036
0.164631
0.166036
0.165036
0.164036
0.166036
0.166036
0.164037
0.166037
0.166198
0.168239
0.165036
0.165036
0.165036
0.165578
0.165037
0.168037
0.166036
0.165351
0.166036
0.165036
0.164617
0.166037
0.165036
0.163036
0.168052
0.166037
0.165280
0.167037
0.168037
0.167037
0.167037
0.168219
0.166037
0.168037
0.168037
0.169037
0.169037
0.164690
0.166254
0.167037
0.169037
0.169367
0.167037
0.168531
0.168037
0.168037
0.167037
0.166375
0.166037
0.165285
0.169037
0.165037
0.167037
0.166037
0.166217
0.168222
0.167037
0.166037
0.166038
0.168036
0.166037
0.166535
0.165036
0.165036
0.165280
0.164037
0.162138
0.177039
0.169038
0.168037
0.167037
0.166131
0.167738
0.166037
0.164037
0.167037
0.164689
0.165036
0.167037
0.167037
0.166037
0.166037
0.165036
0.159673
0.079017
0.081017
0.079017
0.078053
0.079870
0.077256
0.075018
0.077721
0.079018
0.079017
0.079886
0.082018
0.085018
0.087019
0.088019
0.086133
0.084524
0.079652
0.080904
0.085019
0.090019
0.085640
0.086019
0.082479
0.083151
0.078017
0.078374
0.077138
0.076018
0.073823
0.076898
0.072730
0.073996
0.072078
0.075530
0.073284
0.074245
0.072051
0.074889
0.072913
0.073016
0.075017
0.074062
0.073698
0.081452
0.082695
0.085387
0.077749
0.077479
0.076835
0.079017
0.073666
0.075160
0.072025
0.074016
0.075016
0.073837
0.079580
0.073394
0.076728
0.075878
0.075974
0.074725
0.075937
0.078422
0.076016
0.072348
0.074656
0.074120
0.073016
0.072518
0.071592
0.073343
0.075069
0.072990
0.072845
0.074016
0.072685
0.073016
0.073282
0.072428
0.074491
0.072016
0.071414
0.073015
0.075016
0.071625
0.073704
0.073880
0.075135
0.078975
0.074161
0.074939
0.077346
0.071713
0.072600
0.073142
0.077010
0.072983
0.072088
0.074740
0.074017
0.082988
0.081294
0.075016
0.078634
0.074558
0.072171
0.076282
0.074152
0.072610
0.091159
0.074051
0.073276
0.072871
0.075117
0.076971
0.095872
0.076664
0.074016
0.072885
0.073698
0.075017
0.074017
0.073236
0.073354
0.074578
0.073532
0.073018
0.075017
0.080018
0.089020
0.091020
0.154653
0.154033
0.155950
0.151033
0.157479
0.123374
0.154036
0.188041
0.118796
0.138240
0.164036
0.164037
0.163464
0.164170
0.165036
0.165847
0.166036
0.166646
0.170038
0.166003
0.167002
0.161513
0.185040
0.183040
0.151033
0.135221
0.137862
0.151033
0.184475
0.154210
0.137031
0.156996
0.156909
0.151227
0.159750
0.163555
0.158034
0.178133
0.188041
0.158035
0.126029
0.140031
0.157034
0.186041
0.185324
0.162063
0.113025
0.159035
0.162035
0.161035
0.163035
0.166066
0.163036
0.185117
0.188041
0.156227
0.125550
0.158034
0.167513
0.180107
0.187041
0.156610
0.122783
0.137800
0.163087
0.186041
0.187042
0.156020
0.126395
0.150265
0.166036
0.161035
0.182041
0.187042
0.161591
0.138030
0.141031
0.163291
0.156034
0.173278
0.171677
0.161036
0.157034
0.160504
0.167037
0.166109
0.145256
0.162035
0.152033
0.163036
0.170037
0.170902
0.173049
0.169037
0.169258
0.172395
0.180040
0.177531
0.176855
0.175038
0.171159
0.171108
0.172038
0.172038
0.177038
0.186041
0.190466
0.148033
0.126028
0.151221
0.169037
0.169037
0.171037
0.172562
0.171546
0.168813
0.167037
0.172038
0.163036
0.188042
0.186041
0.160120
0.132029
0.150111
0.163036
0.166482
0.163651
0.164577
0.180039
0.191042
0.149801
0.126322
0.150033
0.168592
0.168179
0.168107
0.176039
0.175155
0.172784
0.173388
0.172309
0.182039
0.150069
0.165036
0.167037
0.166037
0.166037
0.168120
0.127028
0.152036
0.169033
0.170080
0.169037
0.170460
0.168037
0.162413
0.175711
0.181039
0.182040
0.144238
0.117026
0.158854
0.175763
0.174681
0.174747
0.174038
0.167037
0.167048
0.166595
0.178039
0.186106
0.173704
0.165040
0.165001
0.174038
0.173038
0.171739
0.173038
0.119026
0.161035
0.164036
0.167037
0.166037
0.166036
0.166464
0.166960
0.168368
0.170037
0.167900
0.177323
0.171037
0.168037
0.168483
0.170056
0.169037
0.166124
0.166673
0.172038
0.172451
0.172436
0.168485
0.178039
0.175039
0.171628
0.167037
0.168037
0.169037
0.166970
0.184040
0.182040
0.172038
0.171383
0.165036
0.165037
0.178106
0.180039
0.177039
0.175039
0.172888
0.168037
0.166660
0.167037
0.167037
0.168037
0.143312
0.159035
0.173528
0.179134
0.175059
0.174018
0.169028
0.171140
0.168037
0.171109
0.166454
0.168037
0.169036
0.167110
0.177039
0.180039
0.181714
0.173272
0.173179
0.170038
0.169317
0.166037
0.183390
0.179039
0.177038
0.165704
0.185041
0.189921
0.158896
0.120595
0.166009
0.186330
0.174530
0.169037
0.165036
0.166302
0.168037
0.171037
0.166037
0.169083
0.164557
0.168018
0.166406
0.180651
0.188029
0.162038
0.134106
0.142318
0.161036
0.164405
0.165036
0.162155
0.170876
0.178039
0.176039
0.177138
0.172038
0.175548
0.168863
0.174039
0.171037
0.169037
0.169234
0.171972
0.186041
0.190042
0.190090
0.145032
0.121026
0.153020
0.172128
0.169037
0.167978
0.170577
0.166199
0.167037
0.168486
0.168003
0.169842
0.168453
0.168037
0.168573
0.167765
0.167037
0.169424
0.179374
0.180461
0.178039
0.173443
0.173105
0.182085
0.181065
0.179040
0.177039
0.177176
0.176610
0.171012
0.167037
0.168037
0.166476
0.168473
0.167958
0.167037
0.165220
0.170038
0.182415
0.182040
0.179433
0.171054
0.172069
0.175063
0.180130
0.169983
0.174038
0.174038
0.174376
0.173148
0.172319
0.173036
0.172724
0.170037
0.164036
0.186042
0.170847
0.169037
0.168036
0.168037
0.168037
0.216008
0.169854
0.148360
0.159034
0.164732
0.165037
0.166157
0.163180
0.165036
0.165036
0.165037
0.156035
0.161138
0.167043
0.152567
0.161035
0.165037
0.163342
0.167037
0.168037
0.165036
0.173038
0.171037
0.212047
0.187263
0.188008
0.177039
0.170364
0.165036
0.165037
0.164567
0.161496
0.164037
0.150641
0.141031
0.150181
0.170214
0.179049
0.175180
0.169046
0.168037
0.170037
0.175150
0.172222
0.173038
0.175039
0.175039
0.179814
0.165441
0.167036
0.167037
0.166104
0.164143
0.161036
0.171010
0.169242
0.171820
0.176626
0.176308
0.171600
0.177807
0.164542
0.173038
0.171037
0.171934
0.166237
0.167037
0.167037
0.168036
0.163036
0.164715
0.168622
0.181040
0.173038
0.169291
0.166037
0.169038
0.167071
0.168037
0.167215
0.166036
0.164225
0.167608
0.167456
0.147099
0.167384
0.168595
0.170037
0.166440
