0.006057
0.174557
0.174121
0.181040
0.182041
0.180633
0.179533
0.180557
0.167037
0.186310
0.192066
0.179039
0.133141
0.171324
0.179040
0.175040
0.174356
0.179516
0.176446
0.175783
0.174038
0.174545
0.176440
0.180342
0.174138
0.173038
0.173356
0.174038
0.172850
0.183040
0.185696
0.188041
0.186041
0.189041
0.173038
0.181418
0.172038
0.175396
0.174905
0.175410
0.172424
0.124523
0.185064
0.173038
0.170125
0.173242
0.178087
0.174039
0.174038
0.180143
0.187206
0.187960
0.174038
0.174181
0.175668
0.174518
0.172758
0.173292
0.172038
0.177039
0.173482
0.174678
0.174524
0.174038
0.173563
0.176429
0.175239
0.184166
0.184582
0.172333
0.173129
0.173598
0.173272
0.172410
0.174237
0.173485
0.173364
0.173867
0.176121
0.174109
0.177707
0.177039
0.175699
0.174191
0.177145
0.175091
0.182040
0.180041
0.177464
0.177291
0.178293
0.181920
0.186120
0.190097
0.187041
0.193043
0.180040
0.187575
0.188247
0.185947
0.189568
0.187656
0.191616
0.186293
0.184963
0.183110
0.181597
0.189127
0.195198
0.195168
0.192338
0.180421
0.179936
0.177039
0.172686
0.173795
0.180040
0.173038
0.175583
0.176115
0.174149
0.176038
0.176487
0.178039
0.175143
0.175086
0.175865
0.175083
0.176039
0.175401
0.176199
0.184304
0.184949
0.183318
0.174289
0.177269
0.185300
0.185970
0.181375
0.182414
0.179118
0.179680
0.179225
0.177780
0.178199
0.178244
0.179043
0.178222
0.184039
0.179581
0.171551
0.171456
0.173038
0.177039
0.175039
0.173436
0.171172
0.178039
0.173050
0.174170
0.172727
0.176039
0.177039
0.178040
0.175295
0.174038
0.175979
0.174119
0.174039
0.175864
0.169173
0.174095
0.179201
0.183040
0.181318
0.174038
0.178039
0.170852
0.175053
0.175826
0.173977
0.171046
0.174583
0.175082
0.151035
0.175272
0.175535
0.179039
0.179582
0.178039
0.173635
0.179040
0.172718
0.174377
0.175733
0.186041
0.183041
0.179040
0.175038
0.174038
0.172690
0.175039
0.177039
0.179873
0.175140
0.176126
0.174038
0.173459
0.178039
0.177400
0.180057
0.177251
0.176435
0.172037
0.175321
0.176531
0.173135
0.174528
0.176527
0.182040
0.177039
0.177503
0.178266
0.177217
0.178159
0.177343
0.174895
0.177787
0.177113
0.178027
0.180150
0.178039
0.177040
0.181040
0.181040
0.176035
0.177435
0.178735
0.176831
0.175746
0.177039
0.175039
0.181040
0.178040
0.173038
0.179368
0.176120
0.176438
0.180445
0.176981
0.176161
0.176187
0.172038
0.174039
0.175039
0.180790
0.180282
0.175970
0.175564
0.179284
0.176632
0.176752
0.175271
0.173040
0.172606
0.174038
0.177039
0.172023
0.173241
0.175039
0.172837
0.174803
0.173860
0.179486
0.177039
0.171530
0.176039
0.178040
0.180040
0.181039
0.179039
0.176388
0.172900
0.174038
0.175322
0.178276
0.175110
0.182255
0.191042
0.185041
0.190042
0.186041
0.189582
0.178229
0.178129
0.177039
0.175246
0.174132
0.175223
0.172038
0.174039
0.171038
0.173039
0.175224
0.173735
0.181040
0.182177
0.181119
0.180310
0.181093
0.179042
0.169037
0.174039
0.178963
0.176830
0.181349
0.184041
0.182236
0.180040
0.174503
0.175039
0.181040
0.179168
0.190407
0.190389
0.189313
0.193438
0.190488
0.183068
0.176306
0.174286
0.180601
0.174868
0.176039
0.182465
0.176039
0.173471
0.178617
0.179442
0.173408
0.175040
0.173013
0.174646
0.174039
0.173568
0.179822
0.175109
0.173288
0.174163
0.177039
0.172038
0.178453
0.176101
0.175164
0.174593
0.172038
0.175383
0.181538
0.182368
0.179389
0.180629
0.182130
0.179724
0.187088
0.185041
0.184041
0.184041
0.182041
0.181343
0.182788
0.185176
0.181040
0.176039
0.168118
0.172350
0.174039
0.173038
0.181202
0.189072
0.195131
0.191298
0.185308
0.189132
0.180202
0.174302
0.177546
0.176039
0.178383
0.173239
0.171602
0.178039
0.182618
0.180136
0.180331
0.182040
0.180655
0.181811
0.181053
0.181483
0.181912
0.180512
0.182497
0.180887
0.180494
0.181516
0.182577
0.179601
0.181042
0.181154
0.180085
0.178668
0.175574
0.173190
0.174337
0.172313
0.179255
0.176891
0.177490
0.177352
0.180046
0.178981
0.175364
0.174002
0.177540
0.178532
0.175911
0.176039
0.178040
0.177039
0.177039
0.175039
0.177039
0.175038
0.174038
0.176039
0.177555
0.177669
0.152034
0.178512
0.179527
0.178040
0.162139
0.176039
0.174038
0.174496
0.176185
0.177552
0.182295
0.178078
0.176039
0.178039
0.182064
0.176775
0.175163
0.175975
0.175893
0.181261
0.182209
0.181361
0.177039
0.173104
0.177040
0.172038
0.178039
0.177039
0.174039
0.176039
0.174039
0.176231
0.178582
0.175703
0.176066
0.172038
0.177039
0.177040
0.180561
0.176210
0.178039
0.178061
0.173038
0.177417
0.176458
0.177039
0.178039
0.181315
0.179039
0.188260
0.191044
0.188041
0.174362
0.179922
0.180795
0.174038
0.178063
0.174039
0.173038
0.175198
0.175039
0.179040
0.177039
0.178039
0.175583
0.174614
0.177039
0.174973
0.177038
0.176131
0.177163
0.174039
0.182540
0.179040
0.179460
0.175543
0.178399
0.177039
0.179039
0.178095
0.179040
0.178039
0.178039
0.180040
0.179039
0.178823
0.179775
0.180250
0.178039
0.183550
0.181589
0.178040
0.176039
0.178039
0.176039
0.173142
0.177986
0.178702
0.179217
0.175435
0.177244
0.178190
0.178038
0.175183
0.176039
0.176727
0.177187
0.179112
0.178419
0.181463
0.177958
0.182693
0.183158
0.177039
0.183040
0.180419
0.182040
0.185022
0.182202
0.180708
0.177680
0.178039
0.174038
0.173038
0.178574
0.176509
0.178039
0.174408
0.180442
0.177039
0.176533
0.176077
0.175370
0.179079
0.178128
0.175668
0.176039
0.179040
0.178039
0.176039
0.177479
0.177399
0.181428
0.177581
0.178039
0.181040
0.179040
0.182040
0.179040
0.176039
0.176094
0.176039
0.174011
0.175031
0.180999
0.177929
0.183040
0.185473
0.188525
0.192043
0.186104
0.186389
0.183583
0.185566
0.186664
0.176291
0.176068
0.180040
0.178734
0.179040
0.179174
0.178144
0.177582
0.177039
0.181816
0.175809
0.176376
0.176039
0.177366
0.177077
0.177977
0.177883
0.177039
0.177006
0.179166
0.177867
0.175565
0.176918
0.177039
0.177767
0.180040
0.181218
0.180040
0.181040
0.178282
0.178109
0.177735
0.178216
0.185332
0.186885
0.183444
0.180484
0.178040
0.178473
0.176584
0.187129
0.189042
0.191627
0.189516
0.188356
0.185041
0.184146
0.183501
0.183809
0.181042
0.180039
0.178534
0.178039
0.175519
0.176468
0.180478
0.179086
0.173763
0.174447
0.179040
0.181297
0.184041
0.181040
0.178250
0.176288
0.173254
0.179383
0.176936
0.176610
0.178620
0.178640
0.180226
0.179039
0.177039
0.178039
0.177096
0.175098
0.182040
0.181932
0.178039
0.183040
0.178178
0.178039
0.180793
0.178039
0.182040
0.179101
0.175579
0.176269
0.147528
0.181041
0.177874
0.177039
0.176039
0.180069
0.179039
0.188053
0.190815
0.186920
0.186041
0.188079
0.188413
0.184457
0.182040
0.174371
0.182040
0.176241
0.176039
0.178203
0.180008
0.177294
0.175039
0.177557
0.180152
0.177039
0.177050
0.177552
0.174064
0.176039
0.177825
0.176983
0.177039
0.174038
0.179039
0.175812
0.179039
0.178040
0.178040
0.172387
0.179302
0.176825
0.176551
0.175038
0.174366
0.176047
0.180040
0.175039
0.178040
0.177030
0.172878
0.173038
0.175039
0.172971
0.176438
0.177039
0.176039
0.177040
0.179528
0.180171
0.176039
0.175038
0.176039
0.172038
0.176416
0.177562
0.177053
0.173167
0.174038
0.178584
0.177039
0.184131
0.191221
0.191785
0.186042
0.184170
0.166210
0.186176
0.200121
0.184041
0.180994
0.179316
0.186497
0.194861
0.183644
0.181369
0.180040
0.180490
0.180129
0.179446
0.180724
0.179838
0.183235
0.183539
0.179125
0.176941
0.177379
0.174038
0.177039
0.173469
0.178039
0.175988
0.180204
0.182041
0.183040
0.180481
0.178453
0.177168
0.181040
0.179480
0.176039
0.172038
0.173038
0.176039
0.176257
0.175039
0.177039
0.175868
0.173664
0.175317
0.174038
0.176039
0.182520
0.177039
0.178715
0.176039
0.178039
0.177039
0.181253
0.177390
0.174676
0.177040
0.173652
0.176039
0.178282
0.174038
0.178040
0.178039
0.178040
0.177663
0.177122
0.175724
0.175441
0.178386
0.182116
0.180040
0.180410
0.178166
0.185041
0.182557
0.181092
0.182566
0.180439
0.176519
0.176607
0.172152
0.173993
0.179206
0.178681
0.177039
0.175514
0.174038
0.175795
0.177005
0.173038
0.175136
0.176643
0.177039
0.178692
0.177039
0.177339
0.177039
0.173038
0.179005
0.175015
0.175531
0.179039
0.179376
0.180539
0.177410
0.178490
0.180263
0.177351
0.174405
0.172514
0.175167
0.176039
0.175602
0.178950
0.176497
0.176540
0.177845
0.176542
0.183041
0.184040
0.184599
0.191751
0.188041
0.188041
0.185041
0.174497
0.176167
0.179624
0.176230
0.174668
0.175997
0.175819
0.176010
0.182229
0.177314
0.177112
0.178788
0.178075
0.177510
0.177653
0.180699
0.177316
0.177298
0.176172
0.175036
0.174038
0.176039
0.175039
0.176039
0.176039
0.179541
0.178040
0.180167
0.177261
0.177269
0.176604
0.179039
0.176276
0.176039
0.177266
0.176009
0.173681
0.175121
0.174807
0.179553
0.177205
0.177680
0.176149
0.175534
0.174850
0.174935
0.174943
0.179873
0.181143
0.178730
0.173938
0.174181
0.144032
0.178040
0.173145
0.173110
0.173390
0.173943
0.173266
0.177039
0.177589
0.174149
0.178044
0.175909
0.176767
0.176018
0.177531
0.176209
0.174152
0.179312
0.177039
0.173853
0.174039
0.177793
0.178282
0.179226
0.177139
0.182040
0.176934
0.178092
0.176119
0.177798
0.179039
0.178648
0.177967
0.176226
0.173034
0.174038
0.175039
0.176137
0.176040
0.174664
0.172307
0.179107
0.178039
0.177986
0.178330
0.175768
0.177505
0.174039
0.175038
0.172038
0.177040
0.175039
0.175039
0.172397
0.178387
0.174817
0.175446
0.177039
0.175997
0.174038
0.176038
0.177894
0.172047
0.177039
0.174468
0.176442
0.174222
0.174894
0.175299
0.175257
0.176039
0.174293
0.174124
0.178293
0.179201
0.182264
0.178115
0.179065
0.177200
0.174131
0.177039
0.178039
0.181040
0.181040
0.177150
0.175140
0.175269
0.174463
0.173665
0.185041
0.186041
0.188116
0.190442
0.188138
0.184130
0.177039
0.174039
0.173150
0.176840
0.173530
0.173038
0.176039
0.174562
0.178040
0.175039
0.177039
0.176222
0.179040
0.175373
0.175122
0.175819
0.179040
0.180040
0.179658
0.178039
0.174277
0.176039
0.177039
0.179039
0.178039
0.177484
0.178286
0.176534
0.177173
0.177237
0.177039
0.180040
0.177039
0.175039
0.177040
0.186041
0.182040
0.179322
0.180333
0.177038
0.178522
0.178762
0.175626
0.181041
0.180535
0.177039
0.173039
0.174762
0.175695
0.172139
0.172038
0.175396
0.180467
0.179476
0.176197
0.178120
0.178039
0.182041
0.180040
0.183491
0.184147
0.184446
0.185365
0.177039
0.175039
0.178132
0.175039
0.176390
0.176392
0.175039
0.177245
0.175635
0.176632
0.173562
0.181040
0.173039
0.174970
0.186278
0.191667
0.191279
0.193552
0.177690
0.179119
0.174176
0.172314
0.177239
0.177262
0.177186
0.175755
0.179569
0.178039
0.177039
0.176526
0.176039
0.176949
0.176085
0.175039
0.180040
0.176039
0.177156
0.182040
0.188041
0.190723
0.193687
0.182040
0.180040
0.173354
0.174993
0.181040
0.181270
0.177039
0.174038
0.173038
0.181576
0.177282
0.178176
0.178040
0.180040
0.178039
0.178325
0.174224
0.175743
0.177039
0.179040
0.180227
0.177649
0.180415
0.178249
0.178044
0.176146
0.175039
0.176039
0.176039
0.180040
0.181040
0.177704
0.181730
0.178215
0.178040
0.178011
0.177936
0.177039
0.177628
0.179040
0.176039
0.178039
0.176422
0.174821
0.176039
0.177374
0.175195
0.177039
0.178763
0.181216
0.178039
0.174457
0.177039
0.174477
0.142130
0.181040
0.181040
0.181088
0.176039
0.180088
0.176039
0.174927
0.177039
0.177039
0.176039
0.175862
0.177039
0.177207
0.177203
0.175846
0.176891
0.177043
0.180350
0.176450
0.177435
0.178040
0.177276
0.179460
0.176302
0.177832
0.174038
0.175801
0.175248
0.177723
0.180040
0.179670
0.177039
0.177142
0.175115
0.172191
0.173187
0.175039
0.175770
0.178039
0.175039
0.179824
0.176552
0.177039
0.178529
0.178687
0.177058
0.174038
0.173350
0.180363
0.179770
0.177862
0.177186
0.179117
0.177539
0.173937
0.174165
0.176039
0.173084
0.174381
0.176396
0.177130
0.174039
0.176039
0.175213
0.179972
0.178113
0.176389
0.181167
0.178039
0.181040
0.180040
0.181763
0.181559
0.184041
0.181188
0.178271
0.184130
0.178455
0.176894
0.174958
0.175039
0.176039
0.177039
0.177017
0.174833
0.175742
0.177282
0.173038
0.173482
0.176220
0.175169
0.175890
0.174383
0.175372
0.177922
0.175039
0.175069
0.175187
0.173417
0.172679
0.178183
0.175039
0.175039
0.172149
0.176039
0.180082
0.176324
0.180063
0.176273
0.179825
0.177654
0.179235
0.180040
0.177220
0.175040
0.173592
0.174175
0.175570
0.177483
0.173038
0.175108
0.175276
0.177336
0.175039
0.173038
0.181040
0.177039
0.181304
0.183041
0.178039
0.179039
0.174039
0.177039
0.175142
0.176039
0.176434
0.177152
0.179147
0.178039
0.175039
0.177040
0.178039
0.176039
0.178477
0.175626
0.178849
0.175039
0.178039
0.180193
0.179039
0.174039
0.179178
0.175039
0.178039
0.176754
0.176332
0.175674
0.176039
0.174039
0.175039
0.177039
0.176039
0.174039
0.173038
0.180040
0.176039
0.177976
0.175802
0.176186
0.176039
0.176343
0.179040
0.176535
0.176232
0.177039
0.178893
0.175039
0.178508
0.176569
0.175039
0.176039
0.177039
0.177039
0.180040
0.178039
0.175039
0.180040
0.176486
0.176039
0.172746
0.174038
0.174449
0.177039
0.176039
0.174037
0.177040
0.174038
0.179039
0.174038
0.176324
0.178587
0.175573
0.172038
0.181142
0.175038
0.177184
0.190042
0.186041
0.185164
0.179841
0.185041
0.182237
0.180275
0.177039
0.175039
0.173138
0.173508
0.180382
0.178039
0.177443
0.177039
0.180314
0.182736
0.177430
0.178040
0.178039
0.182040
0.178082
0.182041
0.178039
0.177763
0.179040
0.178039
0.176619
0.173074
0.175517
0.174453
0.181041
0.177039
0.176496
0.177331
0.175395
0.174013
0.176039
0.177427
0.175372
0.174779
0.176086
0.177039
0.173038
0.179888
0.176381
0.179039
0.175430
0.177953
0.141205
0.176119
0.174039
0.175702
0.175829
0.176833
0.176039
0.177039
0.178039
0.175039
0.177040
0.176173
0.179449
0.179040
0.180040
0.178040
0.175038
0.176038
0.182302
0.178405
0.177039
0.175038
0.175039
0.177039
0.177039
0.173038
0.176039
0.173527
0.172038
0.175302
0.177165
0.176378
0.176057
0.176543
0.176039
0.173817
0.178039
0.175039
0.174135
0.176539
0.176159
0.177363
0.176372
0.181156
0.173286
0.174152
0.180040
0.175580
0.176536
0.174129
0.176188
0.178051
0.175371
0.174460
0.178039
0.177039
0.177040
0.175114
0.174038
0.177708
0.177039
0.177876
0.178719
0.178862
0.178040
0.172038
0.177039
0.177090
0.176165
0.177378
0.172038
0.177039
0.177039
0.176964
0.179835
0.179214
0.181040
0.178039
0.181129
0.182040
0.182617
0.179040
0.183736
0.179380
0.177879
0.177609
0.180762
0.180041
0.179000
0.184140
0.180040
0.178191
0.174922
0.179039
0.179588
0.178562
0.181154
0.178293
0.176505
0.173488
0.172451
0.171760
0.177227
0.174037
0.175261
0.173039
0.175726
0.178957
0.174141
0.173985
0.174617
0.181944
0.176313
0.175524
0.181648
0.176359
0.181041
0.176039
0.180288
0.176053
0.177039
0.176244
0.175467
0.177039
0.174099
0.179354
0.177544
0.176039
0.176571
0.176095
0.173980
0.178839
0.175082
0.177243
0.177039
0.177039
0.176332
0.172507
0.181040
0.179039
0.181257
0.178848
0.177213
0.176763
0.179039
0.179040
0.178039
0.174038
0.175578
0.175838
0.180040
0.178179
0.178290
0.179745
0.177884
0.178039
0.175531
0.178314
0.175507
0.179135
0.176293
0.176735
0.177116
0.178061
0.178374
0.174297
0.176411
0.178919
0.180128
0.178169
0.179976
0.182583
0.177443
0.179115
0.178987
0.175520
0.177458
0.178039
0.173289
0.176080
0.176251
0.175818
0.175757
0.180531
0.177028
0.180239
0.178145
0.182292
0.181545
0.179898
0.181114
0.178234
0.177200
0.177652
0.176013
0.181315
0.178588
0.182528
0.175424
0.176903
0.177558
0.181040
0.179039
0.176164
0.172550
0.179719
0.180433
0.189353
0.182225
0.180040
0.178423
0.181624
0.184041
0.185502
0.180121
0.183396
0.178788
0.179330
0.177541
0.178445
0.180040
0.181104
0.182281
0.182040
0.177115
0.177469
0.178039
0.176508
0.175128
0.174200
0.173040
0.177276
0.174038
0.174110
0.176453
0.176195
0.182040
0.181041
0.177039
0.176039
0.175873
0.179298
0.177166
0.179039
0.178348
0.177326
0.175039
0.182041
0.183040
0.185041
0.183778
0.181536
0.178496
0.182171
0.178701
0.176110
0.126644
0.175039
0.173486
0.179729
0.178039
0.177039
0.176040
0.177228
0.177236
0.177393
0.177287
0.178511
0.182674
0.176117
0.175039
0.176679
0.177051
0.176952
0.177078
0.176883
0.180220
0.182200
0.176442
0.177217
0.175347
0.178524
0.179546
0.175851
0.176081
0.174663
0.177903
0.176039
0.180039
0.177040
0.177039
0.178039
0.175039
0.179039
0.181040
0.181040
0.178134
0.176641
0.176775
0.176754
0.174038
0.175403
0.177039
0.173748
0.179039
0.178167
0.176039
0.174232
0.180011
0.177325
0.177292
0.177639
0.178040
0.175582
0.181316
0.178128
0.178681
0.177039
0.173956
0.176491
0.178216
0.177134
0.175440
0.172038
0.176111
0.176304
0.175039
0.176989
0.177049
0.180040
0.176275
0.176267
0.178394
0.180879
0.178480
0.176899
0.172737
0.174038
0.177314
0.176039
0.174038
0.176600
0.172135
0.173169
0.175477
0.175442
0.177736
0.177343
0.177039
0.176182
0.174579
0.176882
0.178766
0.176189
0.182097
0.176065
0.178399
0.181119
0.178245
0.184218
0.182133
0.176101
0.175175
0.173646
0.175714
0.174333
0.176802
0.176438
0.176369
0.176680
0.181126
0.178480
0.182040
0.180197
0.177442
0.174982
0.173660
0.173299
0.174249
0.176153
0.176282
0.174728
0.181040
0.176186
0.172038
0.172258
0.177685
0.176402
0.176039
0.177253
0.179641
0.177693
0.176039
0.175437
0.176039
0.180040
0.175039
0.180018
0.177794
0.176952
0.179544
0.180040
0.177366
0.176039
0.175452
0.174038
0.178039
0.180042
0.177377
0.180549
0.178039
0.177573
0.176830
0.176129
0.179481
0.177997
0.175039
0.173752
0.172493
0.175941
0.173933
0.176052
0.178621
0.179850
0.174515
0.179627
0.181040
0.183041
0.178656
0.178554
0.182400
0.180291
0.178079
0.174171
0.177418
0.178237
0.179519
0.179232
0.177040
0.178395
0.175395
0.180040
0.176869
0.182399
0.185041
0.181706
0.183041
0.179896
0.178404
0.183461
0.179057
0.176564
0.176283
0.179770
0.176816
0.179720
0.181107
0.177613
0.176470
0.178709
0.176208
0.177165
0.178841
0.179597
0.178219
0.180251
0.179262
0.175039
0.172537
0.179039
0.175309
0.176078
0.179302
0.176039
0.178032
0.178801
0.177722
0.177792
0.178219
0.181039
0.178581
0.175747
0.175841
0.174038
0.176680
0.178141
0.181049
0.177545
0.173382
0.175079
0.176676
0.181040
0.174413
0.181357
0.177142
0.179210
0.178040
0.168246
0.176836
0.175714
0.170037
0.183179
0.174039
0.175752
0.175835
0.176102
0.175038
0.177039
0.178684
0.173945
0.166893
0.178039
0.146698
0.176039
0.176382
0.175588
0.177589
0.176038
0.178892
0.176804
0.177035
0.175923
0.177233
0.176039
0.175693
0.177924
0.177040
0.177339
0.178039
0.177040
0.176038
0.176637
0.175033
0.175123
0.176039
0.177051
0.176143
0.172250
0.178558
0.175830
0.175073
0.170109
0.177628
0.176838
0.178274
0.177796
0.175263
0.178394
0.170839
0.190014
0.177782
0.176296
0.176681
0.176924
0.176332
0.176751
0.175177
0.176276
0.179093
0.178218
0.178883
0.177565
0.177271
0.177227
0.177995
0.176821
0.176950
0.178299
0.179771
0.177279
0.176780
0.176701
0.176270
0.175254
0.176353
0.174776
0.175623
0.173718
0.176178
0.177387
0.176071
0.176718
0.174661
0.177327
0.176510
0.175325
0.176538
0.177960
0.177159
0.178716
0.176874
0.178089
0.179117
0.177966
0.177695
0.178102
0.177219
0.177518
0.178248
0.176174
0.178165
0.176678
0.174842
0.177553
0.176277
0.176460
0.178543
0.178113
0.174296
0.176871
0.175067
0.176554
0.175972
0.178492
0.178756
0.178393
0.176577
0.176796
0.177224
0.178047
0.176973
0.176490
0.178047
0.177445
0.177871
0.178471
0.177926
0.177039
0.177237
0.176340
0.176477
0.177287
0.175125
0.176772
0.176966
0.175770
0.176039
0.175282
0.176022
0.177530
0.177114
0.161133
0.176221
0.178532
0.177143
0.176689
0.177630
0.178039
0.177326
0.176385
0.177070
0.177026
0.177302
0.177536
0.177698
0.176559
0.176039
0.178183
0.178452
0.178307
0.176577
0.175124
0.175390
0.177771
0.177039
0.176787
0.178332
0.176003
0.175454
0.176986
0.177040
0.176053
0.177403
0.176717
0.178207
0.178485
0.175372
0.178004
0.177642
0.176579
0.176728
0.176643
0.177822
0.178374
0.176256
0.177439
0.176422
0.175605
0.175563
0.177343
0.177954
0.176544
0.177047
0.178039
0.179039
0.178793
0.177380
0.179451
0.178039
0.177947
0.178826
0.177374
0.175423
0.177355
0.176549
0.178327
0.177303
0.176170
0.178020
0.178063
0.180004
0.174938
0.177038
0.176505
0.176039
0.177474
0.177039
0.178241
0.177150
0.185707
0.187891
0.188841
0.185779
0.184174
0.185617
0.182577
0.179431
0.180040
0.179689
