0.001937
0.076602
0.076315
0.073016
0.071016
0.072062
0.073017
0.075332
0.072235
0.071402
0.071603
0.073360
0.071784
0.074425
0.074380
0.075060
0.074016
0.074016
0.074162
0.074360
0.073805
0.075063
0.070877
0.073500
0.070992
0.071346
0.072309
0.072011
0.072016
0.079266
0.072016
0.088019
0.075017
0.072441
0.073016
0.092020
0.071526
0.072722
0.072736
0.071192
0.080017
0.073016
0.072016
0.075511
0.075263
0.074016
0.070694
0.073553
0.072641
0.075513
0.071810
0.072398
0.073018
0.075869
0.071126
0.071438
0.071226
0.072546
0.074017
0.073825
0.075017
0.081791
0.091278
0.091511
0.105972
0.148380
0.150587
0.149424
0.149603
0.151007
0.150200
0.146470
0.121680
0.151840
0.150461
0.155008
0.132164
0.151882
0.152649
0.150968
0.152165
0.152457
0.110038
0.167039
0.164642
0.158035
0.157522
0.154486
0.151500
0.150364
0.160106
0.156035
0.154035
0.151033
0.151104
0.153034
0.151156
0.151441
0.152888
0.159036
0.108503
0.152034
0.152107
0.152250
0.151243
0.151550
0.152133
0.152670
0.155035
0.150033
0.152569
0.155346
0.158817
0.159236
0.155034
0.150111
0.150314
0.152123
0.118056
0.152572
0.134510
0.163036
0.152371
0.152034
0.152648
0.147386
0.152034
0.155388
0.148448
0.153037
0.150864
0.153818
0.156239
0.155835
0.179750
0.153336
0.152096
0.152224
0.155035
0.153742
0.155711
0.155455
0.152502
0.150442
0.167037
0.165153
0.188179
0.158035
0.159472
0.157035
0.186040
0.182040
0.167301
0.154622
0.154205
0.149188
0.149944
0.153034
0.153705
0.157532
0.157313
0.157035
0.159475
0.157347
0.158057
0.156071
0.156105
0.157831
0.162027
0.132003
0.161748
0.166566
0.184074
0.185348
0.174038
0.158036
0.159214
0.152215
0.156035
0.157375
0.161036
0.157035
0.162632
0.156868
0.152034
0.152033
0.129028
0.160035
0.160326
0.159939
0.161036
0.161866
0.159806
0.161449
0.161297
0.158035
0.157457
0.155563
0.156908
0.162427
0.157234
0.156034
0.163362
0.161427
0.127092
0.158035
0.160035
0.159708
0.156065
0.156034
0.157034
0.156035
0.128334
0.162035
0.160777
0.160505
0.156322
0.161561
0.159054
0.160312
0.160648
0.161579
0.135169
0.160013
0.158579
0.159052
0.162851
0.168611
0.187297
0.183869
0.167898
0.163254
0.160596
0.162487
0.167172
0.186467
0.170057
0.162736
0.126902
0.160497
0.113057
0.165918
0.164526
0.161164
0.161468
0.159367
0.158977
0.162027
0.160520
0.160536
0.172634
0.183291
0.178599
0.162266
0.160581
0.133313
0.160182
0.162756
0.161143
0.165034
0.159680
0.162383
0.160035
0.161611
0.161035
0.158035
0.159035
0.159627
0.160262
0.161315
0.171163
0.160900
0.136241
0.160036
0.161111
0.161058
0.159035
0.159431
0.159397
0.159009
0.124115
0.160753
0.162093
0.161507
0.161239
0.164039
0.161145
0.160349
0.177145
0.169037
0.164418
0.162679
0.162776
0.161214
0.161955
0.160917
0.169209
0.188631
0.183200
0.167037
0.161541
0.140636
0.185070
0.187754
0.185488
0.183972
0.177039
0.170658
0.178788
0.160250
0.169318
0.172057
0.170527
0.162804
0.165244
0.163615
0.190042
0.185041
0.185040
0.177351
0.163944
0.161193
0.161489
0.162472
0.163476
0.163687
0.161743
0.178735
0.190042
0.184301
0.163226
0.160290
0.162425
0.163063
0.163705
0.163576
0.163461
0.162253
0.159551
0.160550
0.164036
0.133029
0.164102
0.161574
0.159035
0.160035
0.162035
0.163135
0.161895
0.161035
0.163036
0.163103
0.162035
0.169395
0.181152
0.182040
0.180040
0.177039
0.179310
0.202513
0.192042
0.188288
0.185701
0.171036
0.165075
0.163036
0.163036
0.165036
0.164036
0.169322
0.171520
0.169407
0.165036
0.161211
0.160035
0.161036
0.115026
0.164036
0.185722
0.185239
0.174867
0.167121
0.160035
0.164037
0.162035
0.163661
0.159035
0.161035
0.162036
0.161035
0.163035
0.161128
0.164787
0.122309
0.156034
0.162383
0.164227
0.163457
0.157946
0.162179
0.161474
0.168092
0.160595
0.161232
0.182040
0.186878
0.187041
0.160241
0.163901
0.158035
0.118025
0.160078
0.161067
0.162035
0.162308
0.162036
0.165037
0.161372
0.163006
0.163241
0.163036
0.162057
0.161199
0.160386
0.169037
0.188737
0.184486
0.170512
0.163036
0.164037
0.163313
0.163035
0.165037
0.172037
0.188686
0.162111
0.166384
0.163231
0.162035
0.164165
0.180067
0.152262
0.159738
0.143260
0.179031
0.169037
0.172164
0.165250
0.167540
0.166817
0.175038
0.170564
0.189371
0.190042
0.184041
0.167037
0.164036
0.164486
0.172038
0.173253
0.136199
0.168766
0.164531
0.174151
0.171038
0.168206
0.168316
0.169148
0.183171
0.179665
0.173038
0.167383
0.168395
0.168494
0.163439
0.165100
0.173383
0.173038
0.131903
0.167534
0.166036
0.170037
0.164036
0.192565
0.192222
0.192118
0.189077
0.190300
0.188042
0.168336
0.169036
0.190042
0.185336
0.182551
0.177308
0.179374
0.171634
0.167940
0.167037
0.166443
0.167484
0.166037
0.165742
0.167040
0.187041
0.182281
0.180768
0.173200
0.170347
0.168037
0.168467
0.162349
0.180387
0.174039
0.169038
0.170986
0.166230
0.170038
0.180039
0.194433
0.192042
0.166806
0.138030
0.168037
0.166036
0.166037
0.166037
0.165843
0.153219
0.174264
0.168036
0.167643
0.167938
0.171038
0.165533
0.167036
0.165360
0.163574
0.165765
0.168037
0.170269
0.165127
0.161595
0.167697
0.164018
0.169213
0.135628
0.167037
0.167037
0.169037
0.166579
0.166847
0.167011
0.166385
0.166608
0.165827
0.166037
0.166105
0.177039
0.186260
0.191308
0.190644
0.191427
0.191043
0.188041
0.170717
0.167251
0.165441
0.168238
0.166037
0.167037
0.168265
0.169036
0.166444
0.168037
0.166144
0.173038
0.165284
0.159035
0.159431
0.161263
0.147490
0.188690
0.193350
0.193076
0.192830
0.192446
0.172197
0.169678
0.157034
0.162310
0.162036
0.163037
0.162239
0.167037
0.163154
0.163352
0.168529
0.150770
0.167806
0.338349
0.353408
0.345219
0.353823
0.352258
0.341872
0.348269
0.335495
0.339902
0.323283
0.319071
0.334231
0.318073
0.341933
0.339782
0.196038
0.076106
0.176569
0.179635
0.176471
0.179748
0.181040
0.183412
0.158433
0.159035
0.158369
0.158257
0.158035
0.159116
0.158034
0.160683
0.158262
0.159194
0.158035
0.125886
0.161316
0.152999
0.158439
0.157976
0.159035
0.154265
0.157232
0.156903
0.179132
0.180040
0.180039
0.180377
0.182210
0.186041
0.184767
0.185040
0.168038
0.174445
0.163143
0.162201
0.160330
0.161704
0.159510
0.161592
0.160788
0.161207
0.161036
0.161815
0.160634
0.161558
0.172094
0.170161
0.166434
0.160596
0.164036
0.160026
0.160694
0.160035
0.162289
0.159343
0.162675
0.162309
0.161324
0.161775
0.160341
0.158452
0.173123
0.169038
0.167121
0.171395
0.183040
0.175039
0.170037
0.175158
0.169038
0.164145
0.166037
0.164036
0.164159
0.165086
0.163035
0.163624
0.179111
0.186224
0.176039
0.169037
0.163313
0.164076
0.163231
0.163318
0.163036
0.179039
0.181322
0.156447
0.156035
0.160035
0.169776
0.168656
0.169290
0.167208
0.171038
0.170312
0.169058
0.176035
0.161035
0.191042
0.190509
0.185628
0.177195
0.168594
0.162238
0.161036
0.159102
0.161035
0.161036
0.165199
0.185531
0.161110
0.161837
0.162213
0.150033
0.160494
0.164036
0.165037
0.158402
0.165125
0.181441
0.194043
0.194369
0.194949
0.196181
0.177241
0.170038
0.164151
0.164036
0.163036
0.165037
0.127028
0.161035
0.164324
0.164865
0.163176
0.163036
0.169037
0.187158
0.180040
0.187218
0.183040
0.156377
0.159091
0.161427
0.170038
0.147774
0.172234
0.149225
0.173593
0.169447
0.169110
0.166522
0.126305
0.160036
0.162036
0.163748
0.172110
0.173038
0.169037
0.167037
0.166037
0.166037
0.167037
0.177318
0.186041
0.168321
0.157779
0.166036
0.168037
0.171265
0.175039
0.168517
0.129028
0.160234
0.162161
0.162353
0.159394
0.158012
0.158035
0.159035
0.162035
0.160035
0.133430
0.175280
0.168037
0.165036
0.167222
0.166037
0.180660
0.172038
0.167113
0.162377
0.172038
0.169499
0.166037
0.160824
0.164036
0.165212
0.164036
0.163262
0.104022
0.163036
0.163036
0.160751
0.164036
0.159035
0.166848
0.191042
0.174985
0.168908
0.164929
0.163069
0.166540
0.164865
0.127468
0.166036
0.165320
0.135029
0.161246
0.156349
0.159432
0.162309
0.176465
0.195626
0.170037
0.162488
0.162282
0.162035
0.130455
0.162621
0.178843
0.183041
0.157859
0.131824
0.164200
0.163036
0.161431
0.163036
0.164036
0.169765
0.163953
0.159035
0.166250
0.164728
0.162886
0.166265
0.164037
0.165036
0.165036
0.172038
0.191042
0.180103
0.167224
0.163036
0.163500
0.165138
0.164201
0.162035
0.165232
0.165529
0.165856
0.162442
0.162036
0.165036
0.167344
0.169456
0.172038
0.163055
0.136030
0.165492
0.168090
0.166037
0.164036
0.163871
0.164037
0.165187
0.163036
0.161215
0.169425
0.169037
0.165037
0.161606
0.171038
0.170037
0.165327
0.165036
0.096657
0.166255
0.161363
0.164036
0.138030
0.170037
0.169037
0.166037
0.166108
0.175039
0.168069
0.162038
0.167247
0.174647
0.172038
0.163376
0.163036
0.119402
0.164131
0.162036
0.165036
0.159035
0.162036
0.166227
0.167466
0.170080
0.183041
0.170240
0.290330
0.323167
0.316279
0.359260
0.312424
0.340016
0.329113
0.332072
0.321473
0.315210
0.337443
0.350071
0.364541
0.359317
0.333079
0.157035
0.164271
0.168557
0.156036
0.160862
0.156825
0.159104
0.128028
0.159035
0.159035
0.160035
0.157034
0.159289
0.158035
0.160036
0.159285
0.164036
0.164214
0.161602
0.165294
0.164036
0.171488
0.162262
0.156769
0.122027
0.158035
0.159413
0.158034
0.157036
0.160187
0.157034
0.158545
0.158806
0.160035
0.159035
0.159035
0.186833
0.185040
0.185040
0.171038
0.161260
0.135030
0.160139
0.155035
0.159035
0.160108
0.125652
0.161036
0.139133
0.157035
0.159035
0.141508
0.165798
0.186041
0.187040
0.186041
0.160341
0.160035
0.130768
0.160035
0.118467
0.159036
0.158295
0.156576
0.135030
0.187041
0.186752
0.185041
0.187041
0.170239
0.159035
0.160036
0.158144
0.160068
0.161706
0.162189
0.137232
0.157634
0.160727
0.159531
0.160758
0.156034
0.158170
0.159667
0.160689
0.166148
0.162036
0.179881
0.185041
0.174438
0.172038
0.165037
0.161036
0.153445
0.170038
0.189226
0.160789
0.161035
0.159035
0.160035
0.153034
0.164036
0.163036
0.163877
0.163234
0.162367
0.161036
0.141568
0.160035
0.162036
0.124130
0.160035
0.162036
0.162036
0.162036
0.163035
0.161227
0.161035
0.169358
0.189989
0.167037
0.169037
0.165036
0.164739
0.164947
0.163591
0.165071
0.157454
0.164163
0.166989
0.188761
0.187524
0.181041
0.168037
0.167037
0.168037
0.163800
0.164036
0.165037
0.166037
0.164151
0.176039
0.183041
0.168069
0.165036
0.169038
0.163974
0.146600
0.167036
0.179040
0.191805
0.162036
0.165036
0.164036
0.163036
0.162035
0.164036
0.164249
0.155058
0.173039
0.165036
0.164962
0.165578
0.175038
0.181040
0.170170
0.178039
0.167037
0.166196
0.168037
0.168327
0.158184
0.158248
0.159035
0.148280
0.164037
0.161035
0.157572
0.156855
0.157035
0.159290
0.161442
0.166037
0.172038
0.167288
0.166636
0.167004
0.167555
0.176039
0.172038
0.172336
0.171037
0.172452
0.167037
0.170929
0.165405
0.162171
0.160237
0.164037
0.163036
0.163174
0.169037
0.177040
0.184909
0.187930
0.188811
0.184794
0.187041
0.160035
0.154034
0.156034
0.161036
0.170038
0.169037
0.172038
0.163036
0.162476
0.163882
0.162472
0.187678
0.196043
0.172038
0.170038
0.161058
0.161855
0.161036
0.189293
0.190353
0.165036
0.164036
0.162662
0.142146
0.164794
0.095126
0.170537
0.165209
0.163129
0.164900
0.159895
0.170626
0.163036
0.163414
0.165036
0.168098
0.175395
0.189043
0.190129
0.164912
0.168564
0.165036
0.163460
0.165036
0.165660
0.169037
0.164109
0.169152
0.167498
0.181040
0.191715
0.191447
0.170037
0.167036
0.168037
0.166773
0.162036
0.165473
0.167037
0.181040
0.171037
0.167133
0.166037
0.164036
0.165036
0.187040
0.188515
0.192044
0.164310
0.165036
0.164492
0.165036
0.163883
0.165036
0.165114
0.164036
0.165036
0.157504
0.165036
0.163036
0.166037
0.166037
0.166037
0.171762
0.169483
0.153200
0.164037
0.164036
0.169037
0.148097
0.165753
0.164036
0.164036
0.165037
0.143829
0.165004
0.165036
0.154042
0.165036
0.154222
0.168071
0.165308
0.163530
0.164160
0.160035
0.172655
0.190838
0.186041
0.162036
0.162035
0.160036
0.162035
0.160216
0.161139
0.162036
0.164036
0.160150
0.162923
0.161036
0.165036
0.152294
0.168037
0.173038
0.178346
0.186134
0.176039
0.163210
0.165327
0.162302
0.161485
0.163036
0.164456
0.162067
0.164440
0.177719
0.189342
0.165037
0.164036
0.164120
0.164194
0.163036
0.162626
0.162036
0.163035
0.163036
0.164155
0.146890
0.164036
0.164036
0.164036
0.161951
0.169162
0.181039
0.176435
0.170038
0.182655
0.182044
0.183593
0.182042
0.182108
0.190320
0.184041
0.164036
0.196097
0.197016
0.188040
0.176717
0.165547
0.165036
0.166036
0.163646
0.161907
0.165037
0.171089
0.165819
0.163182
0.164036
0.168619
0.167037
0.168037
0.163036
0.165036
0.165480
0.184041
0.191229
0.192043
0.182792
0.168502
0.166780
0.164880
0.167036
0.170037
0.163995
0.165036
0.164473
0.168523
0.180057
0.189223
0.190209
0.186041
0.180040
0.181040
0.192182
0.191228
0.192170
0.191058
0.172666
0.164780
0.162256
0.164896
0.190041
0.182915
0.185069
0.182374
0.167121
0.144232
0.162384
0.164171
0.189484
0.188407
0.167201
0.167338
0.164704
0.165570
0.167602
0.166961
0.182383
0.172361
0.165584
0.166960
0.167543
0.167037
0.169504
0.164750
0.165376
0.167200
0.165609
0.165134
0.170679
0.164840
0.171038
0.172037
0.172038
0.170037
0.163508
0.170190
0.193840
0.193328
0.191361
0.186420
0.183885
0.217048
0.216189
0.218594
0.211996
0.198043
0.189672
0.181040
0.162285
0.163436
0.164037
0.163775
0.165805
0.166778
0.166008
0.165680
0.168570
0.192434
0.187373
0.185273
0.187027
0.160022
0.170798
0.165445
0.166962
0.163619
0.163557
0.162984
0.165759
0.169730
0.162776
0.166061
0.162084
0.165262
0.165822
0.162538
0.174673
0.186870
0.175818
0.156645
0.160968
0.164487
0.164980
0.166672
0.163652
0.164071
0.164684
0.166342
0.165653
0.166363
0.163571
0.164413
0.152974
0.168491
0.155694
0.158120
0.148323
0.176879
0.173200
0.167753
0.169403
0.165996
0.163162
0.165558
0.166162
0.166934
0.179832
0.177822
0.164658
0.161548
0.162465
0.166535
0.165955
0.145715
0.167159
0.170953
0.163759
0.185899
0.184927
0.182034
0.159348
0.147582
0.152573
0.200548
0.193827
0.185832
0.186935
0.182964
0.182348
0.214066
0.219048
0.201767
0.158045
0.180929
0.176163
0.086654
0.090606
0.085415
0.190009
0.168307
0.155162
0.180554
0.176839
0.217212
0.164854
0.176438
0.160850
0.183347
0.178185
0.173254
0.196162
0.075676
0.185740
0.180255
0.183239
0.187268
0.186909
0.181155
0.181576
0.177884
0.177051
0.152543
0.158964
0.172865
0.192406
0.120788
0.169105
0.180572
0.185778
0.191814
0.190936
0.190542
0.187499
0.171441
0.152558
0.161896
0.095127
0.181860
0.144816
0.164751
0.109449
0.164145
0.155118
0.169978
0.175295
0.120990
0.127695
0.099021
0.137324
0.161467
0.148033
0.178040
0.185850
0.180040
0.172223
0.193873
0.160484
0.177760
0.162771
0.164073
0.170516
0.091439
0.113407
0.166367
0.117891
0.140915
0.148267
0.173966
0.088300
0.092108
0.176508
0.171529
0.188552
0.141766
0.189447
0.165578
0.143164
0.081306
0.158747
0.158128
0.087974
0.077010
0.183488
0.157034
0.162295
0.131157
0.183678
0.184618
0.187713
0.179316
0.089585
0.166212
0.182041
0.180620
0.168227
0.179040
0.178039
0.180247
0.178730
0.180122
0.101022
0.180388
0.187988
0.188510
0.180330
0.185137
0.130003
0.076672
0.181513
0.182040
0.183967
0.129933
0.160934
0.160222
0.177449
0.130832
0.195448
0.185812
0.186096
0.168156
0.132028
0.134029
0.161036
0.190042
0.188041
0.179039
0.180040
0.168714
0.135436
0.162035
0.175039
0.166037
0.164172
0.181353
0.149033
0.155034
0.188420
0.173483
0.166037
0.185041
0.181222
0.183517
0.187732
0.187692
0.184369
0.186954
0.185697
0.185040
0.191042
0.178621
0.132029
0.141773
0.167277
0.215048
0.197044
0.164037
0.162712
0.125027
0.183170
0.180191
0.168068
0.141266
0.114745
0.187146
0.190042
0.177859
0.178040
0.178040
0.163376
0.163302
0.172039
0.183040
0.183040
0.166038
0.168038
0.077017
0.156718
0.179114
0.183028
0.185001
0.177758
0.177649
0.176670
0.165359
0.176917
0.113903
0.108473
0.152182
0.131092
0.161919
0.159299
0.321584
0.329157
0.318730
0.352506
0.371590
0.359418
0.348970
0.356416
0.330801
0.362728
0.336015
0.326538
0.343936
0.330761
0.155456
0.178040
0.178039
0.075191
0.181269
0.176152
0.178137
0.152174
0.156034
0.160436
0.182524
0.157037
0.158694
0.159926
0.162029
0.156862
0.160154
0.184301
0.164355
0.159035
0.101514
0.155513
0.153159
0.161127
0.123474
0.180040
0.178039
0.178454
0.157257
0.161203
0.161175
0.163035
0.181041
0.178040
0.186041
0.186189
0.175040
0.177630
0.180438
0.183292
0.157556
0.155035
0.155415
0.157841
0.156983
0.134648
0.164160
0.176039
0.168037
0.166681
0.169456
0.161116
0.150240
0.183086
0.174038
0.155597
0.159559
0.164036
0.163036
0.162036
0.157039
0.157773
0.169061
0.165294
0.162971
0.160941
0.163278
0.160077
0.186779
0.180957
0.168169
0.158331
0.167995
0.161035
0.159035
0.162035
0.151562
0.141052
0.160034
0.142032
0.159318
0.163289
0.161036
0.161036
0.172285
0.189480
0.098022
0.179070
0.158781
0.186512
0.184041
0.188042
0.186042
0.187041
0.184482
0.151159
0.151145
0.152009
0.155330
0.164941
0.102155
0.161316
0.157872
0.158746
0.167163
0.186059
0.189148
0.167810
0.166688
0.136504
0.159370
0.153645
0.160788
0.159851
0.133730
0.161720
0.160357
0.161386
0.150648
0.159927
0.126268
0.178324
0.169620
0.161917
0.158368
0.155338
0.173779
0.170706
0.161430
0.154034
0.187215
0.187889
0.189028
0.188380
0.177781
0.168324
0.167432
0.161844
0.159950
0.160156
0.166854
0.159645
0.161175
0.169561
0.122133
0.162980
0.159036
0.158354
0.161704
0.163045
0.161180
0.149431
0.160028
0.152854
0.134597
0.166104
0.088624
0.169670
0.173059
0.165811
0.169038
0.148154
0.185042
0.185869
0.185517
0.187217
0.187041
0.187573
0.164896
0.162556
0.163958
0.154743
0.162593
0.163778
0.184562
0.161459
0.183339
0.180852
0.171038
0.181291
0.153034
0.164037
0.088388
0.184715
0.183454
0.187041
0.192002
0.162723
0.163424
0.161281
0.160927
0.163373
0.162117
0.161969
0.184345
0.179882
0.171940
0.165390
0.161411
0.114287
0.158035
0.162418
0.161134
0.162724
0.159362
0.161725
0.161526
0.158632
0.160574
0.161823
0.151635
0.181445
0.164240
0.169783
0.167358
0.169906
0.161108
0.162144
0.163335
0.164892
0.160464
0.169941
0.137247
0.159847
0.160860
0.160539
0.161260
0.161244
0.160733
0.160692
0.160277
0.158518
0.158174
0.160307
0.162126
0.187930
0.173597
0.176901
0.168011
0.168027
0.165369
0.166209
0.163328
0.165715
0.167569
0.162493
0.165485
0.153348
0.161911
0.158583
0.158464
0.159029
0.159436
0.167953
0.168079
0.164660
0.167030
0.188029
0.137157
0.182045
0.185874
0.212267
0.197758
0.192002
0.190397
0.184689
0.185238
0.187381
0.188863
0.186093
0.182526
0.182266
0.170744
0.167847
0.174370
0.150129
0.171599
0.190567
0.192868
0.186924
0.191287
0.190138
0.183481
0.267189
0.171434
0.176700
0.172274
0.160997
0.158695
0.161597
0.165510
0.190329
0.193049
0.189756
0.192277
0.189009
0.189133
0.189535
0.188991
0.175303
0.187390
0.182415
0.167272
0.155129
0.158730
0.169331
0.169436
0.160131
0.100364
0.164577
0.160096
0.161223
0.161520
0.164824
0.161811
0.163212
0.162228
0.164590
0.162088
0.160099
0.159063
0.161243
0.162036
0.159789
0.162210
0.145780
0.161962
0.160310
0.160426
0.101221
0.188151
0.178053
0.176621
0.179165
0.170110
0.180915
0.183248
0.182040
0.167045
0.166332
0.166444
0.181200
0.178764
0.188042
0.184295
0.186731
0.186599
0.193018
0.083227
0.192043
0.182605
0.180905
0.180148
0.184432
0.182945
0.183554
0.181767
0.177731
0.182464
0.185248
0.190199
0.187959
0.189155
0.192425
0.190912
0.190050
0.191330
0.190755
0.192101
0.183954
0.176148
0.164320
0.163359
0.157640
0.164848
0.159178
0.178586
0.179470
0.112801
0.153034
0.160315
0.156155
0.160469
0.161036
0.159575
0.161768
0.161794
0.160035
0.159035
0.160036
0.162036
0.159035
0.160035
0.150033
0.165037
0.185041
0.184041
0.183149
0.186041
0.184041
0.187042
0.186036
0.187042
0.187216
0.183041
0.184071
0.185066
0.184041
0.180154
0.184041
0.156035
0.159035
0.161107
0.159034
0.177039
0.163036
0.163036
0.159035
0.167123
0.162035
0.162249
0.161814
0.163036
0.162037
0.162663
0.179039
0.180040
0.189043
0.184097
0.180112
0.182363
0.214428
0.211500
0.204612
0.189792
0.185871
0.189870
0.183774
0.189467
0.189162
0.181796
0.180778
0.182258
0.184735
0.181772
0.178276
0.185307
0.187027
0.189534
0.188345
0.189317
0.185835
0.191270
0.190095
0.190424
0.188217
0.189617
0.190211
0.188041
0.191370
0.188042
0.187531
0.187048
0.190722
0.182468
0.187635
0.182316
0.183388
0.177040
0.176276
0.175428
0.171136
0.169596
0.168355
0.169362
0.170136
0.169190
0.168645
0.168400
0.155335
0.170543
0.169984
0.168575
0.168538
0.154200
0.174246
0.170110
0.168365
0.167021
0.170110
0.157281
0.163658
0.161823
0.165188
0.160614
0.160852
0.162078
0.162545
0.163018
0.161692
0.164318
0.158097
0.140991
0.170486
0.163512
0.160941
0.167770
0.167617
0.148829
0.167187
0.167110
0.168037
0.166393
0.168616
0.166680
0.166373
0.167174
0.167733
0.172499
0.171351
0.114892
0.167705
0.165488
0.165162
0.167481
0.166605
0.165692
0.168606
0.166037
0.167675
0.164533
0.166083
0.164476
0.166116
0.167039
0.167210
0.167211
0.167312
0.152758
0.152808
0.166760
0.167212
0.166628
0.166623
0.167192
0.168368
0.165597
0.165408
0.166281
0.167014
0.163072
0.165049
0.162400
0.164887
0.171617
0.152436
0.111025
0.163776
0.166802
0.163554
0.163877
0.171513
0.165591
0.166823
0.164623
0.165036
0.166225
0.165350
0.165732
0.183218
0.183485
0.184128
0.182383
0.178752
0.179060
0.185041
0.162241
0.161469
0.164253
0.162694
0.157709
0.163172
0.163178
0.162037
0.164938
0.163706
0.162006
0.164198
0.162073
0.183531
0.191496
0.189976
0.183117
0.173674
0.169164
0.172634
0.166899
0.164293
0.163136
0.167169
0.161035
0.164073
0.163036
0.163190
0.145176
0.162801
0.165139
0.164689
0.167037
0.164369
0.142839
0.166347
0.164363
0.165518
0.166604
0.148810
0.166855
0.166015
0.165203
0.165210
0.165825
0.162316
0.166677
0.166988
0.164246
0.167492
0.169378
0.165473
0.154148
0.162948
0.167586
0.166842
0.173768
0.169029
0.167297
0.166635
0.164032
0.165413
0.164939
0.166913
0.162891
0.165226
0.167082
0.165608
0.169431
0.168554
0.149430
0.167045
0.166692
0.166541
0.166944
0.163940
0.171075
0.166703
0.166313
0.166169
0.166076
0.166707
0.166998
0.166112
0.167675
0.167161
0.169960
0.167918
0.151416
0.167607
0.166831
0.165927
0.166409
0.166733
0.165432
0.167496
0.149338
0.165123
0.165193
0.166356
0.164936
0.166557
0.167130
0.166790
0.168145
0.167590
0.153076
0.167040
0.167103
0.164807
0.167325
0.167396
0.164882
0.167771
0.167448
0.169054
0.164789
0.167269
0.164930
0.166712
0.167517
0.167641
0.167907
0.166294
0.145287
0.166876
0.167023
0.166031
0.166070
0.168051
0.168017
0.103637
0.182783
0.171031
0.169641
0.164905
0.164680
0.165527
0.166865
0.165339
0.165833
0.165488
0.148952
0.166795
0.166101
0.164038
0.164255
0.165546
0.164544
0.163692
0.162652
0.163176
0.162212
0.164454
0.161393
0.163664
0.162150
0.163239
0.163207
0.164707
0.138814
0.162410
0.162460
0.163389
0.163416
0.162908
0.165536
0.163832
0.162329
0.160771
0.164335
