178	501	252	217
206	481	234	234
233	482	235	235
259	482	236	236
290	481	228	237
293	470	222	249
319	478	210	236
363	476	199	243
387	479	188	240
420	478	171	241
415	476	181	243
445	479	168	240
472	485	161	230
497	486	155	232
543	495	127	217
532	477	148	242
559	481	127	236
585	483	116	232
606	490	109	219
636	497	104	208
629	482	118	236
646	489	111	223
652	481	127	238
694	507	103	212
709	495	99	224
708	487	100	232
721	487	102	232
733	487	103	232
734	487	103	232
752	483	104	236
757	483	93	236
755	489	99	226
768	482	100	237
767	485	103	232
780	478	104	241
785	506	94	212
785	499	94	220
784	493	96	226
784	488	99	231
784	490	101	229
783	482	102	237
782	484	104	234
788	484	93	235
785	483	99	236
789	484	91	233
785	484	97	234
789	485	90	230
791	472	85	231
787	476	94	226
785	478	97	222
790	476	87	224
792	482	83	216
790	482	90	216
789	478	93	224
780	473	86	232
781	482	84	215
778	467	90	216
774	463	83	224
767	465	81	219
768	468	79	214
769	470	77	209
771	472	73	205
768	465	82	219
771	468	76	215
755	472	73	207
756	471	70	210
755	462	72	207
751	453	82	224
753	464	77	204
754	465	75	203
750	467	82	198
755	463	73	206
751	456	82	220
753	459	80	216
738	450	88	211
736	446	91	219
742	443	81	227
730	453	68	207
724	450	79	212
726	452	74	209
728	456	71	201
724	449	80	214
728	458	75	197
736	460	61	196
715	448	73	220
720	456	63	204
717	454	67	208
717	463	68	191
713	443	76	229
713	457	75	201
716	458	71	199
711	452	79	212
714	453	74	209
714	457	74	200
710	460	81	196
713	456	75	203
714	458	73	199
716	450	72	216
717	458	71	200
713	462	80	192
719	458	71	199
707	462	68	191
704	444	76	230
710	452	67	213
709	452	71	214
710	460	70	198
712	453	68	211
716	462	80	193
721	459	71	200
721	452	71	213
720	459	73	198
726	451	80	215
729	458	75	200
730	459	73	198
726	461	80	193
729	458	74	201
736	460	81	196
745	456	63	203
739	444	76	228
744	452	66	212
748	464	59	190
751	452	71	213
750	449	73	220
755	457	63	204
749	444	76	229
749	452	75	212
751	457	72	204
762	461	72	196
764	451	68	218
763	451	70	218
761	450	73	220
761	458	73	204
764	462	70	196
770	455	78	210
772	457	73	206
774	461	70	198
775	466	68	190
775	465	67	193
776	459	68	204
777	468	67	189
782	461	75	202
785	463	71	199
786	456	70	212
787	464	70	197
784	457	78	210
786	449	73	207
788	453	70	198
785	446	79	211
793	448	65	208
788	448	78	208
791	451	73	205
792	455	70	197
789	448	78	210
797	456	64	196
797	451	66	205
798	460	67	188
799	441	66	225
801	455	63	197
796	441	75	225
802	456	65	198
802	454	67	203
806	462	78	188
805	459	81	195
808	461	75	190
806	461	80	192
804	457	83	199
803	472	86	172
807	460	81	196
796	462	75	192
785	461	96	193
788	466	91	183
783	471	86	173
778	459	98	197
767	464	83	187
758	474	100	167
756	471	104	173
740	442	107	202
744	444	99	198
727	449	93	187
730	454	88	177
732	448	84	189
733	458	84	168
711	452	95	181
715	447	88	176
719	452	83	167
704	456	79	158
699	445	90	180
685	450	85	170
689	454	80	161
692	443	76	184
675	446	79	179
676	455	79	159
664	434	75	181
668	446	67	157
649	442	68	165
653	453	61	143
652	450	62	150
656	447	55	156
652	450	62	150
655	447	57	155
655	453	56	144
654	452	60	144
658	449	53	150
660	452	51	144
661	455	49	138
659	458	55	133
649	455	57	138
647	452	59	143
650	450	55	149
647	451	60	146
649	449	56	151
651	463	53	123
650	439	54	148
650	441	53	144
651	443	52	141
652	444	49	138
653	447	47	132
654	443	45	141
654	442	45	143
654	444	46	138
654	440	45	146
653	440	47	146
656	446	41	133
655	446	42	133
654	445	45	135
655	450	44	125
653	444	50	136
651	446	55	133
661	455	49	115
664	445	43	135
663	451	45	123
661	446	50	133
672	436	41	131
674	443	36	118
671	436	44	132
674	441	38	123
673	441	39	123
679	440	40	124
682	446	35	113
678	439	42	127
681	445	37	118
680	445	38	118
688	451	33	108
685	434	40	121
685	438	40	113
686	434	38	120
691	432	40	125
690	437	41	115
697	433	39	123
697	438	40	112
700	440	33	107
697	433	40	121
697	438	40	112
709	440	38	108
711	430	37	129
712	440	34	111
714	434	31	100
711	428	37	112
708	441	43	87
710	435	41	99
712	433	36	103
724	446	30	99
722	440	37	111
722	433	36	103
725	445	31	99
726	429	37	111
734	433	37	103
731	435	41	99
739	433	37	103
737	423	41	124
739	427	36	115
751	439	32	104
753	433	29	117
758	433	47	117
764	420	37	120
763	426	38	107
763	429	38	103
764	430	36	101
769	420	40	121
771	424	35	113
776	423	37	115
781	428	37	105
783	430	36	101
787	426	40	111
788	427	38	108
794	430	38	103
795	426	36	112
797	418	42	128
804	422	42	119
807	425	35	114
814	437	36	102
822	433	35	109
822	433	35	111
834	434	31	107
835	435	29	106
840	432	37	111
842	433	32	110
850	440	35	96
851	438	33	99
850	438	34	99
858	441	39	94
857	434	40	108
872	435	33	107
869	434	40	120
869	438	39	111
867	415	44	134
876	440	38	104
882	440	42	102
881	426	44	132
884	441	38	102
888	419	31	63
888	406	29	89
907	409	29	83
922	419	33	80
926	418	26	83
932	413	46	93
972	430	44	88
995	431	42	101
1017	416	43	131
1014	431	50	101
1041	432	48	115
1066	443	50	120
1066	452	51	103
1112	430	58	147
1111	457	62	93
1151	469	61	123
1204	488	58	116
1206	519	55	55
1212	491	44	111
1129	559	70	70
1188	607	47	70
1195	570	34	29
1170	574	21	21
1170	566	21	21
1170	539	21	17
1177	516	39	31
1133	550	28	47
1154	576	49	73
1149	589	60	120
1199	580	68	137
1205	586	57	48
1217	567	35	35
1223	573	23	23
1227	553	16	16
1231	557	10	10
1233	560	10	10
1237	563	10	10
1240	566	10	10
1243	569	10	10
1245	572	10	10
1253	569	10	10
1255	572	10	10
1250	575	20	10
1257	576	10	10
1260	579	10	10
1263	583	10	10
1266	586	10	10
1270	589	10	10
1270	592	10	10
1270	595	10	10
1270	599	10	10
1270	602	10	10
1270	605	10	10
1270	608	10	10
1270	611	10	10
1270	615	10	10
1270	618	10	10
1270	621	10	10
1270	624	10	10
1270	627	10	10
1270	631	10	10
1270	634	10	10
1270	637	10	10
1270	640	10	10
1270	643	10	10
1270	646	10	10
1270	649	10	10
1270	653	10	10
1270	656	10	10
1270	659	10	10
1270	662	10	10
1270	657	10	20
1270	665	10	10
1270	668	10	10
1270	671	10	10
1270	674	10	10
1270	677	10	10
1270	681	10	10
1270	684	10	10
1270	687	10	10
1270	690	10	10
1270	693	10	10
1270	706	10	10
1270	701	10	18
1270	708	10	10
1270	710	10	10
1270	710	10	10
1270	710	10	10
1270	710	10	10
1270	710	10	10
1270	710	10	10
1270	710	10	10
1270	710	10	10
1270	710	10	10
1270	710	10	10
1270	710	10	10
1270	710	10	10
1270	710	10	10
1270	710	10	10
1270	710	10	10
1270	710	10	10
1270	710	10	10
1270	710	10	10
1270	710	10	10
1270	710	10	10
1270	710	10	10
1270	710	10	10
1270	710	10	10
1270	710	10	10
1270	710	10	10
1270	710	10	10
1270	710	10	10
1270	710	10	10
1270	710	10	10
1270	710	10	10
1270	710	10	10
1270	710	10	10
1270	710	10	10
1270	710	10	10
1270	710	10	10
1270	710	10	10
1270	710	10	10
1263	710	10	10
1257	710	10	10
1260	710	10	10
1264	710	10	10
1267	710	10	10
1270	710	10	10
1270	710	10	10
1270	710	10	10
1270	710	10	10
1270	710	10	10
1270	710	10	10
1270	710	10	10
1270	710	10	10
1270	710	10	10
1270	710	10	10
1270	710	10	10
1270	710	10	10
1270	710	10	10
1270	710	10	10
1270	710	10	10
1270	710	10	10
1270	710	10	10
1270	710	10	10
1270	710	10	10
1270	710	10	10
1270	710	10	10
1270	710	10	10
1270	710	10	10
1270	710	10	10
1270	710	10	10
1270	710	10	10
1270	710	10	10
1270	710	10	10
1270	710	10	10
1270	710	10	10
1270	710	10	10
1270	710	10	10
1270	710	10	10
1270	710	10	10
1270	710	10	10
1270	710	10	10
1270	710	10	10
1270	710	10	10
1270	710	10	10
1270	710	10	10
1270	710	10	10
1270	710	10	10
1270	710	10	10
1270	710	10	10
1270	710	10	10
1270	710	10	10
1270	710	10	10
1270	710	10	10
1270	710	10	10
1270	710	10	10
1270	710	10	10
1270	710	10	10
1270	710	10	10
1270	710	10	10
1270	710	10	10
1270	710	10	10
1270	710	10	10
1270	710	10	10
1270	710	10	10
1270	710	10	10
1270	710	10	10
1270	710	10	10
1270	710	10	10
1270	710	10	10
1270	710	10	10
1263	710	10	10
1257	710	10	10
1260	710	10	10
1263	710	10	10
1267	710	10	10
1270	710	10	10
1270	710	10	10
1270	710	10	10
1270	710	10	10
1270	710	10	10
1270	710	10	10
1270	710	10	10
1270	710	10	10
1270	710	10	10
1270	710	10	10
1270	710	10	10
1270	710	10	10
1263	710	10	10
1267	710	10	10
1270	710	10	10
1270	710	10	10
1270	710	10	10
1270	710	10	10
1270	710	10	10
1270	710	10	10
1270	710	10	10
1270	710	10	10
1270	710	10	10
1270	710	10	10
1270	710	10	10
1270	710	10	10
1270	710	10	10
1270	710	10	10
1270	710	10	10
1270	710	10	10
1270	710	10	10
1270	710	10	10
1270	710	10	10
1270	710	10	10
1270	710	10	10
1270	710	10	10
1270	710	10	10
1270	710	10	10
1270	710	10	10
1270	710	10	10
1270	710	10	10
1270	710	10	10
1270	710	10	10
1270	710	10	10
1270	710	10	10
1270	710	10	10
1270	710	10	10
1270	710	10	10
1270	710	10	10
1270	710	10	10
1270	710	10	10
1270	710	10	10
1270	710	10	10
1270	710	10	10
1270	710	10	10
1270	710	10	10
1270	710	10	10
1270	710	10	10
1270	710	10	10
1270	710	10	10
1270	710	10	10
1270	710	10	10
1270	710	10	10
1270	710	10	10
1270	710	10	10
1270	710	10	10
1270	710	10	10
1270	710	10	10
1270	710	10	10
1270	710	10	10
1270	710	10	10
1270	710	10	10
1270	710	10	10
1270	710	10	10
1270	710	10	10
1270	710	10	10
1270	710	10	10
1270	710	10	10
1270	710	10	10
1270	710	10	10
1270	710	10	10
1270	710	10	10
1270	710	10	10
1270	710	10	10
1270	710	10	10
1270	710	10	10
1270	710	10	10
1270	710	10	10
1270	710	10	10
1270	710	10	10
1270	710	10	10
1270	710	10	10
1270	710	10	10
1270	710	10	10
1270	710	10	10
1270	710	10	10
1270	710	10	10
1270	710	10	10
1270	710	10	10
1270	710	10	10
1270	710	10	10
1270	710	10	10
1270	710	10	10
1270	710	10	10
1270	710	10	10
1270	710	10	10
1270	710	10	10
1270	710	10	10
1270	710	10	10
1270	710	10	10
1270	710	10	10
1270	710	10	10
1270	710	10	10
1270	710	10	10
1270	710	10	10
1270	710	10	10
1270	710	10	10
1270	710	10	10
1270	710	10	10
1270	710	10	10
1270	710	10	10
1270	710	10	10
1270	710	10	10
1270	710	10	10
1270	710	10	10
1270	710	10	10
1270	710	10	10
1270	710	10	10
1270	710	10	10
1270	710	10	10
1270	710	10	10
1270	710	10	10
1270	710	10	10
1270	710	10	10
1270	710	10	10
1270	710	10	10
1270	710	10	10
1270	710	10	10
1270	710	10	10
1270	710	10	10
1270	710	10	10
1270	710	10	10
1270	710	10	10
1270	710	10	10
1270	710	10	10
1270	710	10	10
1270	710	10	10
1270	710	10	10
1270	710	10	10
1270	710	10	10
1270	710	10	10
1270	710	10	10
1270	710	10	10
1270	710	10	10
1270	710	10	10
1270	710	10	10
1270	710	10	10
1270	710	10	10
1270	710	10	10
1270	710	10	10
1270	710	10	10
1270	710	10	10
1270	710	10	10
1270	710	10	10
1270	710	10	10
1270	710	10	10
1270	710	10	10
1270	710	10	10
1270	710	10	10
1270	710	10	10
1270	710	10	10
1270	710	10	10
1270	710	10	10
1270	710	10	10
1263	710	10	10
1257	710	10	10
1252	710	10	10
1255	710	10	10
1249	710	10	10
1252	710	10	10
1255	710	10	10
1258	710	10	10
1261	710	10	10
1265	710	10	10
1268	710	10	10
1270	710	10	10
1270	710	10	10
1270	710	10	10
1270	710	10	10
1270	710	10	10
1270	710	10	10
1270	710	10	10
1270	710	10	10
1270	710	10	10
1270	710	10	10
1270	710	10	10
1270	710	10	10
1270	710	10	10
1270	710	10	10
1270	710	10	10
1270	710	10	10
1270	710	10	10
1270	710	10	10
1270	710	10	10
1270	710	10	10
1270	710	10	10
1270	710	10	10
1270	710	10	10
1270	710	10	10
1270	710	10	10
1270	710	10	10
1270	710	10	10
1270	710	10	10
1270	710	10	10
1270	710	10	10
1270	710	10	10
1270	710	10	10
1270	710	10	10
1270	710	10	10
1270	710	10	10
1270	710	10	10
1270	710	10	10
1270	710	10	10
1270	710	10	10
1270	710	10	10
1270	710	10	10
1270	710	10	10
1270	710	10	10
1270	710	10	10
1270	710	10	10
1270	710	10	10
1270	710	10	10
1270	710	10	10
1270	710	10	10
1270	710	10	10
1270	710	10	10
1270	710	10	10
1270	710	10	10
1270	710	10	10
1270	710	10	10
1270	710	10	10
1270	710	10	10
1270	710	10	10
1270	710	10	10
1270	710	10	10
1270	710	10	10
1270	710	10	10
1270	710	10	10
1270	710	10	10
1270	710	10	10
1270	710	10	10
1270	710	10	10
1270	710	10	10
1270	710	10	10
1270	710	10	10
1270	710	10	10
1270	710	10	10
1270	710	10	10
1270	705	10	14
1270	710	10	10
1270	710	10	10
1270	702	10	17
1270	709	10	10
1270	710	10	10
1270	710	10	10
1270	710	10	10
1270	710	10	10
1270	710	10	10
1270	710	10	10
1270	710	10	10
1270	710	10	10
1270	710	10	10
1270	710	10	10
1270	710	10	10
1270	710	10	10
1270	710	10	10
1270	710	10	10
1270	710	10	10
1270	710	10	10
1270	710	10	10
1270	710	10	10
1270	710	10	10
1270	710	10	10
1270	710	10	10
1270	710	10	10
1270	710	10	10
1270	710	10	10
1270	710	10	10
1270	710	10	10
1270	710	10	10
1270	710	10	10
1270	710	10	10
1270	710	10	10
1270	710	10	10
1270	710	10	10
1270	710	10	10
1270	710	10	10
1270	710	10	10
1270	705	10	14
1270	710	10	10
1270	710	10	10
1270	710	10	10
1270	710	10	10
1270	710	10	10
1270	710	10	10
1270	710	10	10
1270	710	10	10
1270	710	10	10
1270	710	10	10
1270	710	10	10
1270	710	10	10
1270	710	10	10
1270	710	10	10
1270	710	10	10
1270	710	10	10
1270	710	10	10
1270	710	10	10
1270	710	10	10
1270	710	10	10
1270	710	10	10
1270	710	10	10
1270	710	10	10
1270	710	10	10
1270	710	10	10
1270	710	10	10
1270	710	10	10
1270	710	10	10
1270	710	10	10
1270	710	10	10
1270	710	10	10
1270	710	10	10
1270	710	10	10
1270	710	10	10
1270	710	10	10
1270	710	10	10
1270	710	10	10
1270	710	10	10
1270	710	10	10
1270	710	10	10
1270	710	10	10
1270	710	10	10
1270	710	10	10
1270	710	10	10
1270	710	10	10
1270	710	10	10
1270	710	10	10
1270	710	10	10
1257	710	10	10
1260	710	10	10
1263	710	10	10
1267	710	10	10
1270	710	10	10
1270	710	10	10
1270	710	10	10
1270	710	10	10
1270	710	10	10
1270	710	10	10
1270	710	10	10
1270	710	10	10
1270	710	10	10
1270	710	10	10
1270	710	10	10
1270	710	10	10
1270	710	10	10
1270	710	10	10
1270	710	10	10
1270	710	10	10
1270	710	10	10
1270	710	10	10
1270	710	10	10
1270	710	10	10
1270	710	10	10
1270	710	10	10
1270	710	10	10
1270	710	10	10
1270	710	10	10
1270	710	10	10
1270	710	10	10
1270	710	10	10
1270	710	10	10
1270	710	10	10
1270	710	10	10
1270	710	10	10
1270	710	10	10
1270	710	10	10
1270	710	10	10
1270	710	10	10
1270	710	10	10
1270	710	10	10
1270	710	10	10
1270	710	10	10
1270	710	10	10
1270	710	10	10
1270	710	10	10
1270	710	10	10
1270	710	10	10
1270	710	10	10
1270	710	10	10
1270	710	10	10
1270	710	10	10
1270	710	10	10
1270	710	10	10
1270	710	10	10
1270	710	10	10
1270	710	10	10
1270	710	10	10
1270	710	10	10
1270	710	10	10
1270	710	10	10
1270	710	10	10
1270	710	10	10
1270	710	10	10
1270	710	10	10
1270	710	10	10
1270	710	10	10
1270	698	10	10
1270	701	10	10
1270	704	10	10
1270	708	10	10
1270	710	10	10
1270	710	10	10
1270	710	10	10
1270	710	10	10
1270	710	10	10
1270	710	10	10
1270	710	10	10
1270	710	10	10
1270	710	10	10
1270	710	10	10
1270	710	10	10
1270	710	10	10
1270	710	10	10
1270	710	10	10
1270	710	10	10
1270	710	10	10
1270	710	10	10
1270	710	10	10
1270	710	10	10
1270	710	10	10
1270	710	10	10
1270	710	10	10
1270	710	10	10
1270	710	10	10
1270	710	10	10
1270	710	10	10
1270	710	10	10
1263	710	10	10
1257	710	10	10
1251	710	10	10
1245	710	10	10
1239	710	10	10
1233	710	10	10
1228	710	10	10
1229	699	10	10
1224	684	20	20
1254	681	20	38
1258	695	11	10
1262	699	10	10
1265	702	10	10
1268	705	10	10
1270	708	10	10
1270	710	10	10
1270	710	10	10
1270	710	10	10
1270	710	10	10
1270	710	10	10
1270	710	10	10
1270	710	10	10
1270	710	10	10
1270	710	10	10
1270	710	10	10
1270	710	10	10
1270	710	10	10
1270	710	10	10
1270	710	10	10
1270	710	10	10
1270	710	10	10
1270	710	10	10
1270	710	10	10
1270	710	10	10
1270	710	10	10
1270	710	10	10
1270	710	10	10
1270	710	10	10
1270	710	10	10
1270	710	10	10
1270	710	10	10
1270	710	10	10
1270	710	10	10
1270	710	10	10
1270	710	10	10
1270	710	10	10
1270	710	10	10
1270	710	10	10
1270	710	10	10
1270	710	10	10
1270	710	10	10
1270	710	10	10
1270	710	10	10
1270	710	10	10
1270	710	10	10
1270	710	10	10
1270	710	10	10
1270	710	10	10
1270	710	10	10
1270	710	10	10
1270	710	10	10
1270	710	10	10
1270	710	10	10
1270	710	10	10
1270	710	10	10
1270	710	10	10
1270	710	10	10
1254	688	20	31
1252	694	25	25
1256	700	17	12
1262	704	10	10
1265	707	10	10
1268	710	10	10
1270	710	10	10
1270	710	10	10
1270	710	10	10
1270	710	10	10
1270	710	10	10
1270	710	10	10
1270	710	10	10
1270	705	10	14
1270	710	10	10
1270	710	10	10
1270	710	10	10
1270	710	10	10
1270	710	10	10
1270	710	10	10
1270	710	10	10
1270	710	10	10
1270	710	10	10
1270	710	10	10
1270	710	10	10
1270	710	10	10
1270	710	10	10
1270	710	10	10
1270	710	10	10
1270	710	10	10
1270	710	10	10
1270	710	10	10
1270	710	10	10
1270	710	10	10
1270	710	10	10
1270	710	10	10
1270	710	10	10
1270	710	10	10
1270	710	10	10
1270	710	10	10
1270	710	10	10
1270	710	10	10
1270	699	10	10
1270	702	10	10
1270	705	10	10
1270	708	10	10
1270	710	10	10
1270	710	10	10
1270	710	10	10
1270	710	10	10
1270	710	10	10
1270	710	10	10
1270	710	10	10
1270	710	10	10
1270	710	10	10
1270	710	10	10
1270	710	10	10
1270	710	10	10
1270	710	10	10
1270	710	10	10
1270	710	10	10
1270	710	10	10
1270	710	10	10
1270	710	10	10
1270	710	10	10
1270	710	10	10
1270	710	10	10
1270	710	10	10
1270	710	10	10
1270	710	10	10
1270	710	10	10
1270	710	10	10
1270	710	10	10
1270	710	10	10
1270	710	10	10
1270	710	10	10
1270	710	10	10
1270	710	10	10
1270	710	10	10
1270	710	10	10
1270	710	10	10
1270	710	10	10
1270	710	10	10
1270	710	10	10
1270	710	10	10
1270	710	10	10
1270	710	10	10
1270	710	10	10
1270	710	10	10
1270	710	10	10
1270	710	10	10
1270	710	10	10
1270	710	10	10
1270	710	10	10
1270	710	10	10
1270	710	10	10
1270	710	10	10
1270	710	10	10
1270	710	10	10
1270	710	10	10
1270	710	10	10
1270	710	10	10
1270	710	10	10
1270	710	10	10
1270	710	10	10
1270	710	10	10
1270	710	10	10
1270	710	10	10
1270	710	10	10
1270	710	10	10
1270	710	10	10
1270	710	10	10
1270	710	10	10
1270	710	10	10
1270	710	10	10
1270	710	10	10
1270	710	10	10
1270	710	10	10
1270	710	10	10
1270	710	10	10
1270	710	10	10
1270	710	10	10
1270	710	10	10
1270	710	10	10
1270	710	10	10
1270	710	10	10
1270	710	10	10
1270	710	10	10
1270	710	10	10
1270	710	10	10
1270	710	10	10
1270	710	10	10
1270	710	10	10
1270	710	10	10
1270	710	10	10
1270	710	10	10
1270	710	10	10
1270	710	10	10
1270	710	10	10
1270	710	10	10
1270	710	10	10
1270	710	10	10
1270	710	10	10
1270	710	10	10
1270	710	10	10
1270	710	10	10
1270	710	10	10
1270	710	10	10
1270	710	10	10
1270	710	10	10
1270	710	10	10
1270	710	10	10
1270	710	10	10
1270	710	10	10
1263	710	10	10
1257	710	10	10
1251	710	10	10
1245	710	10	10
1239	710	10	10
1232	710	10	10
1226	710	10	10
1229	710	10	10
1230	698	10	10
1232	699	10	10
1235	694	10	20
1252	687	14	32
1255	699	10	10
1249	702	10	10
1244	706	10	10
1238	709	10	10
1233	710	10	10
1227	710	10	10
1221	710	10	10
1214	710	10	10
1208	710	10	10
1202	710	10	10
1205	710	10	10
1199	710	10	10
1202	710	10	10
1205	710	10	10
1209	710	10	10
1212	710	10	10
1215	710	10	10
1218	710	10	10
1212	710	10	10
1215	710	10	10
1209	710	10	10
1203	710	10	10
1197	710	10	10
1191	710	10	10
1184	710	10	10
1178	710	10	10
1180	694	10	20
1181	686	10	10
1166	687	40	10
1133	705	80	14
1103	687	139	23
1097	622	38	38
1078	655	76	25
1028	665	178	35
1038	643	213	76
1018	650	255	63
1039	651	85	64
1064	665	37	37
1074	675	18	18
1077	657	12	10
1061	672	10	10
1056	675	10	10
1051	678	10	10
1045	682	10	10
1040	685	10	10
1034	688	10	10
1029	691	10	10
1024	694	10	10
1027	697	10	10
1030	701	10	10
1033	704	10	10
1036	707	10	10
1033	697	10	10
1034	684	10	10
1037	687	10	10
1031	690	10	10
1024	684	10	10
1018	687	10	10
1012	690	10	10
1006	694	10	10
993	689	10	20
982	670	14	49
962	631	53	88
962	658	55	34
975	661	29	29
980	666	19	19
982	670	15	13
983	687	14	14
986	690	10	10
989	693	10	10
992	697	10	10
995	700	10	10
998	703	10	10
1001	706	10	10
1005	710	10	10
1008	710	10	10
1011	710	10	10
1014	710	10	10
1017	710	10	10
1021	710	10	10
1024	710	10	10
1027	710	10	10
1030	710	10	10
1034	710	10	10
1037	710	10	10
1040	710	10	10
1043	710	10	10
1046	710	10	10
1050	710	10	10
1053	710	10	10
1056	710	10	10
1059	710	10	10
1062	710	10	10
1066	710	10	10
1069	710	10	10
1072	710	10	10
1075	710	10	10
1078	710	10	10
1082	710	10	10
1085	710	10	10
1088	710	10	10
1082	710	10	10
1085	710	10	10
1079	710	10	10
1073	710	10	10
1067	710	10	10
1060	710	10	10
1054	710	10	10
1048	710	10	10
1042	710	10	10
1045	710	10	10
1048	710	10	10
1051	710	10	10
1055	710	10	10
1058	710	10	10
1061	710	10	10
1064	710	10	10
1067	710	10	10
1071	710	10	10
1074	710	10	10
1077	710	10	10
1080	710	10	10
1083	710	10	10
1087	710	10	10
1090	710	10	10
1093	710	10	10
1096	710	10	10
1099	710	10	10
1103	710	10	10
1106	710	10	10
1109	710	10	10
1112	710	10	10
1116	710	10	10
1119	710	10	10
1122	710	10	10
1125	710	10	10
1128	710	10	10
1132	710	10	10
1135	710	10	10
1138	710	10	10
1141	710	10	10
1144	710	10	10
1148	710	10	10
1151	710	10	10
1154	710	10	10
1157	710	10	10
1160	710	10	10
1164	710	10	10
1167	710	10	10
1170	710	10	10
1173	710	10	10
1177	710	10	10
1180	710	10	10
1183	710	10	10
1186	710	10	10
1189	710	10	10
1193	710	10	10
1196	710	10	10
1199	710	10	10
1202	710	10	10
1196	710	10	10
1190	710	10	10
1184	710	10	10
1177	710	10	10
1171	710	10	10
1174	710	10	10
1178	710	10	10
1171	710	10	10
1165	710	10	10
1169	710	10	10
1162	694	10	20
1178	702	14	14
1182	707	10	10
1185	710	10	10
1188	710	10	10
1191	710	10	10
1185	710	10	10
1179	710	10	10
1174	710	10	10
1177	710	10	10
1180	710	10	10
1183	710	10	10
1186	710	10	10
1190	710	10	10
1193	710	10	10
1196	710	10	10
1199	710	10	10
1202	710	10	10
1205	710	10	10
1208	710	10	10
1203	710	10	10
1206	710	10	10
1200	710	10	10
1194	710	10	10
1197	710	10	10
1200	710	10	10
1194	710	10	10
1197	710	10	10
1200	710	10	10
1204	710	10	10
1207	710	10	10
1210	710	10	10
1213	710	10	10
1216	710	10	10
1219	710	10	10
1223	710	10	10
1226	710	10	10
1229	710	10	10
1232	710	10	10
1235	710	10	10
1239	710	10	10
1233	710	10	10
1226	710	10	10
1230	710	10	10
1233	710	10	10
1227	710	10	10
1220	710	10	10
1214	710	10	10
1208	710	10	10
1202	710	10	10
1196	710	10	10
1199	710	10	10
1193	710	10	10
1186	710	10	10
1180	710	10	10
1174	710	10	10
1168	710	10	10
1162	710	10	10
1156	710	10	10
1149	710	10	10
1143	710	10	10
1137	710	10	10
1131	710	10	10
1125	710	10	10
1118	710	10	10
1112	710	10	10
1106	710	10	10
1100	710	10	10
1094	710	10	10
1088	710	10	10
1081	710	10	10
1075	710	10	10
1070	710	10	10
1064	710	10	10
1068	710	10	10
1061	710	10	10
1055	710	10	10
1049	710	10	10
1043	710	10	10
1037	710	10	10
1031	710	10	10
1024	710	10	10
1018	710	10	10
1012	710	10	10
1015	710	10	10
1018	710	10	10
1022	710	10	10
1015	710	10	10
1009	710	10	10
1012	710	10	10
1015	710	10	10
1018	710	10	10
1022	710	10	10
1025	710	10	10
1028	710	10	10
1031	710	10	10
1034	710	10	10
1028	710	10	10
1021	710	10	10
1015	710	10	10
1009	710	10	10
1003	710	10	10
997	710	10	10
991	710	10	10
984	710	10	10
978	710	10	10
972	710	10	10
966	710	10	10
960	710	10	10
953	710	10	10
947	710	10	10
941	710	10	10
935	710	10	10
929	710	10	10
923	710	10	10
916	710	10	10
910	710	10	10
904	710	10	10
898	710	10	10
892	710	10	10
885	710	10	10
879	710	10	10
873	710	10	10
867	710	10	10
861	710	10	10
855	710	10	10
848	710	10	10
842	710	10	10
836	710	10	10
830	710	10	10
824	710	10	10
817	710	10	10
811	710	10	10
805	710	10	10
799	710	10	10
793	710	10	10
787	710	10	10
780	710	10	10
774	710	10	10
768	710	10	10
762	710	10	10
756	710	10	10
749	710	10	10
743	710	10	10
737	710	10	10
731	710	10	10
725	710	10	10
718	710	10	10
712	710	10	10
706	710	10	10
700	710	10	10
694	710	10	10
688	710	10	10
681	710	10	10
675	710	10	10
669	710	10	10
663	710	10	10
657	710	10	10
650	710	10	10
644	710	10	10
638	710	10	10
632	710	10	10
626	710	10	10
620	710	10	10
613	710	10	10
607	710	10	10
601	710	10	10
595	710	10	10
589	710	10	10
582	710	10	10
576	710	10	10
570	710	10	10
564	710	10	10
558	710	10	10
552	710	10	10
545	710	10	10
539	710	10	10
533	710	10	10
527	710	10	10
521	710	10	10
514	710	10	10
508	710	10	10
502	710	10	10
496	710	10	10
490	710	10	10
484	710	10	10
477	710	10	10
471	710	10	10
465	710	10	10
459	710	10	10
453	710	10	10
446	710	10	10
440	710	10	10
434	710	10	10
428	710	10	10
422	710	10	10
416	710	10	10
409	710	10	10
403	710	10	10
397	710	10	10
391	710	10	10
385	710	10	10
379	710	10	10
373	710	10	10
367	710	10	10
361	710	10	10
354	710	10	10
348	710	10	10
352	710	10	10
345	710	10	10
339	710	10	10
333	710	10	10
327	710	10	10
321	710	10	10
314	710	10	10
308	710	10	10
302	710	10	10
296	710	10	10
290	710	10	10
284	710	10	10
277	710	10	10
271	710	10	10
265	710	10	10
259	710	10	10
253	710	10	10
246	710	10	10
240	710	10	10
234	710	10	10
228	710	10	10
222	710	10	10
216	710	10	10
209	710	10	10
203	710	10	10
197	710	10	10
191	710	10	10
185	710	10	10
178	710	10	10
172	710	10	10
166	710	10	10
160	710	10	10
154	710	10	10
147	710	10	10
141	710	10	10
135	710	10	10
129	710	10	10
123	710	10	10
117	710	10	10
110	710	10	10
104	710	10	10
98	710	10	10
92	710	10	10
86	710	10	10
79	710	10	10
73	710	10	10
67	710	10	10
61	710	10	10
55	710	10	10
49	710	10	10
42	710	10	10
36	710	10	10
30	710	10	10
24	710	10	10
18	710	10	10
11	710	10	10
5	710	10	10
0	710	10	10
3	710	10	10
0	710	10	10
3	710	10	10
0	710	10	10
3	710	10	10
0	710	10	10
3	710	10	10
0	710	10	10
3	710	10	10
0	710	10	10
3	710	10	10
0	710	10	10
3	710	10	10
0	710	10	10
3	710	10	10
0	710	10	10
3	710	10	10
0	710	10	10
0	710	10	10
3	710	10	10
0	710	10	10
3	710	10	10
0	710	10	10
3	710	10	10
6	710	10	10
0	710	10	10
0	710	10	10
3	710	10	10
6	710	10	10
0	710	10	10
0	710	10	10
3	710	10	10
1	710	10	10
0	710	10	10
0	710	10	10
0	710	10	10
0	710	10	10
3	710	10	10
0	710	10	10
3	710	10	10
0	710	10	10
3	710	10	10
0	710	10	10
3	710	10	10
0	710	10	10
3	710	10	10
0	710	10	10
3	710	10	10
0	710	10	10
3	710	10	10
6	710	10	10
9	710	10	10
12	710	10	10
15	710	10	10
18	710	10	10
21	710	10	10
24	710	10	10
28	710	10	10
31	710	10	10
34	710	10	10
37	710	10	10
40	710	10	10
34	710	10	10
28	710	10	10
31	710	10	10
25	710	10	10
19	710	10	10
12	710	10	10
6	710	10	10
0	710	10	10
0	710	10	10
0	710	10	10
0	710	10	10
3	710	10	10
0	710	10	10
0	710	10	10
0	710	10	10
0	710	10	10
0	710	10	10
0	710	10	10
0	710	10	10
0	710	10	10
0	710	10	10
0	710	10	10
0	710	10	10
3	710	10	10
0	710	10	10
0	710	10	10
0	710	10	10
0	710	10	10
0	710	10	10
0	710	10	10
0	710	10	10
0	710	10	10
3	710	10	10
0	710	10	10
3	710	10	10
0	710	10	10
3	710	10	10
0	710	10	10
0	710	10	10
0	710	10	10
0	710	10	10
0	710	10	10
0	710	10	10
0	710	10	10
0	710	10	10
0	710	10	10
0	710	10	10
0	710	10	10
0	710	10	10
0	710	10	10
0	710	10	10
0	710	10	10
0	710	10	10
0	710	10	10
0	710	10	10
0	710	10	10
0	710	10	10
0	710	10	10
0	710	10	10
0	710	10	10
3	710	10	10
0	710	10	10
3	710	10	10
0	710	10	10
3	710	10	10
0	710	10	10
3	710	10	10
0	710	10	10
3	710	10	10
0	710	10	10
3	710	10	10
6	710	10	10
1	710	10	10
0	710	10	10
3	710	10	10
0	710	10	10
2	710	10	10
5	710	10	10
3	710	10	10
1	710	10	10
5	710	10	10
0	710	10	10
3	710	10	10
0	710	10	10
3	710	10	10
0	710	10	10
3	710	10	10
0	710	10	10
3	710	10	10
0	710	10	10
3	710	10	10
0	710	10	10
3	710	10	10
0	710	10	10
3	710	10	10
0	710	10	10
0	710	10	10
3	710	10	10
0	710	10	10
3	710	10	10
0	710	10	10
0	710	10	10
3	710	10	10
0	710	10	10
0	710	10	10
0	710	10	10
0	710	10	10
0	710	10	10
3	710	10	10
0	710	10	10
0	710	10	10
3	710	10	10
0	710	10	10
0	710	10	10
0	710	10	10
0	710	10	10
0	710	10	10
0	710	10	10
0	710	10	10
0	710	10	10
0	710	10	10
0	710	10	10
0	710	10	10
0	710	10	10
0	710	10	10
0	710	10	10
0	710	10	10
0	710	10	10
0	710	10	10
0	710	10	10
0	710	10	10
0	710	10	10
0	710	10	10
0	710	10	10
0	710	10	10
0	710	10	10
0	710	10	10
0	710	10	10
0	710	10	10
0	710	10	10
0	710	10	10
0	710	10	10
0	710	10	10
0	710	10	10
0	710	10	10
0	710	10	10
0	710	10	10
0	710	10	10
0	710	10	10
0	710	10	10
0	710	10	10
0	710	10	10
1	700	10	10
8	694	16	20
0	701	10	10
3	705	10	10
0	708	10	10
0	710	10	10
0	710	10	10
0	710	10	10
0	710	10	10
0	710	10	10
0	710	10	10
0	710	10	10
0	710	10	10
0	710	10	10
0	710	10	10
0	710	10	10
0	710	10	10
0	710	10	10
3	710	10	10
0	710	10	10
0	710	10	10
0	710	10	10
0	710	10	10
0	710	10	10
0	710	10	10
0	710	10	10
0	710	10	10
0	710	10	10
0	710	10	10
0	710	10	10
0	710	10	10
0	710	10	10
0	710	10	10
0	710	10	10
0	710	10	10
0	710	10	10
0	710	10	10
0	710	10	10
0	710	10	10
0	710	10	10
0	710	10	10
0	710	10	10
0	710	10	10
0	710	10	10
0	710	10	10
0	710	10	10
0	710	10	10
0	710	10	10
0	710	10	10
0	710	10	10
0	710	10	10
0	710	10	10
0	710	10	10
0	710	10	10
0	710	10	10
0	710	10	10
0	710	10	10
0	710	10	10
0	710	10	10
0	710	10	10
0	710	10	10
0	710	10	10
0	710	10	10
0	710	10	10
0	710	10	10
0	710	10	10
0	710	10	10
0	710	10	10
0	710	10	10
0	710	10	10
0	710	10	10
0	710	10	10
0	710	10	10
0	710	10	10
0	710	10	10
0	710	10	10
0	710	10	10
0	710	10	10
0	710	10	10
3	710	10	10
0	710	10	10
0	710	10	10
0	710	10	10
0	710	10	10
0	710	10	10
0	710	10	10
0	710	10	10
0	710	10	10
0	710	10	10
0	710	10	10
0	710	10	10
0	710	10	10
0	710	10	10
0	710	10	10
0	710	10	10
2	700	10	19
3	695	10	24
0	705	10	10
3	708	10	10
0	710	10	10
0	710	10	10
0	710	10	10
0	710	10	10
0	710	10	10
0	710	10	10
0	710	10	10
0	710	10	10
0	710	10	10
0	710	10	10
0	710	10	10
0	710	10	10
0	710	10	10
0	710	10	10
0	710	10	10
0	710	10	10
0	710	10	10
0	710	10	10
0	710	10	10
0	710	10	10
3	710	10	10
0	710	10	10
0	710	10	10
3	710	10	10
6	710	10	10
0	710	10	10
3	710	10	10
0	710	10	10
0	710	10	10
0	710	10	10
0	710	10	10
0	710	10	10
0	710	10	10
0	710	10	10
16	696	10	13
26	695	15	23
14	703	10	10
8	706	10	10
2	710	10	10
0	710	10	10
0	710	10	10
0	710	10	10
0	710	10	10
0	710	10	10
0	710	10	10
0	710	10	10
3	710	10	10
5	710	10	10
0	710	10	10
0	710	10	10
0	710	10	10
0	710	10	10
0	710	10	10
0	710	10	10
0	710	10	10
3	710	10	10
1	710	10	10
4	710	10	10
0	710	10	10
0	710	10	10
0	710	10	10
3	710	10	10
0	710	10	10
0	710	10	10
3	710	10	10
0	710	10	10
0	710	10	10
0	710	10	10
0	710	10	10
0	710	10	10
0	710	10	10
0	710	10	10
0	710	10	10
0	710	10	10
0	710	10	10
0	710	10	10
0	710	10	10
0	710	10	10
0	710	10	10
0	710	10	10
0	710	10	10
0	710	10	10
0	710	10	10
0	710	10	10
0	710	10	10
0	710	10	10
0	710	10	10
0	710	10	10
0	710	10	10
0	710	10	10
0	710	10	10
0	710	10	10
0	710	10	10
0	710	10	10
0	710	10	10
0	710	10	10
0	710	10	10
0	710	10	10
0	710	10	10
0	710	10	10
0	710	10	10
0	710	10	10
0	710	10	10
0	710	10	10
0	710	10	10
0	710	10	10
0	710	10	10
0	710	10	10
0	710	10	10
0	710	10	10
0	710	10	10
0	710	10	10
0	710	10	10
0	710	10	10
0	710	10	10
0	710	10	10
0	710	10	10
0	710	10	10
0	710	10	10
0	710	10	10
0	710	10	10
0	710	10	10
0	710	10	10
0	710	10	10
0	710	10	10
0	710	10	10
0	710	10	10
0	710	10	10
0	710	10	10
0	710	10	10
0	710	10	10
0	710	10	10
0	710	10	10
0	710	10	10
0	710	10	10
0	710	10	10
0	710	10	10
0	710	10	10
0	710	10	10
0	710	10	10
0	710	10	10
0	710	10	10
0	710	10	10
0	710	10	10
3	710	10	10
6	710	10	10
4	710	10	10
7	710	10	10
5	710	10	10
0	710	10	10
0	710	10	10
0	710	10	10
0	710	10	10
0	710	10	10
0	710	10	10
0	710	10	10
0	710	10	10
0	710	10	10
0	710	10	10
0	710	10	10
0	710	10	10
0	710	10	10
0	710	10	10
0	710	10	10
0	710	10	10
0	710	10	10
0	710	10	10
0	710	10	10
0	710	10	10
0	710	10	10
0	710	10	10
0	710	10	10
0	710	10	10
0	710	10	10
0	710	10	10
0	710	10	10
0	710	10	10
0	710	10	10
0	710	10	10
0	710	10	10
0	710	10	10
0	710	10	10
0	710	10	10
0	710	10	10
0	710	10	10
0	710	10	10
0	710	10	10
0	710	10	10
0	710	10	10
0	710	10	10
0	710	10	10
0	710	10	10
0	710	10	10
0	710	10	10
0	710	10	10
0	710	10	10
0	710	10	10
0	710	10	10
0	710	10	10
0	710	10	10
0	710	10	10
0	710	10	10
0	710	10	10
0	710	10	10
0	710	10	10
0	710	10	10
0	710	10	10
0	710	10	10
0	710	10	10
0	710	10	10
0	710	10	10
0	710	10	10
0	710	10	10
0	710	10	10
0	710	10	10
0	710	10	10
0	710	10	10
0	710	10	10
3	710	10	10
0	710	10	10
3	710	10	10
6	710	10	10
9	710	10	10
3	710	10	10
0	710	10	10
0	710	10	10
0	710	10	10
0	710	10	10
1	705	10	14
4	710	10	10
2	710	10	10
5	710	10	10
4	710	10	10
7	710	10	10
5	710	10	10
3	710	10	10
6	710	10	10
22	709	10	10
22	695	24	24
26	699	16	16
22	671	44	43
27	676	35	35
33	682	23	23
37	687	16	14
40	674	10	10
43	676	10	10
46	679	10	10
49	682	10	10
51	677	10	20
28	664	57	55
38	678	37	28
46	682	21	21
50	685	14	14
42	686	29	29
45	689	23	23
50	693	16	16
51	699	13	16
74	705	11	14
65	710	10	10
68	710	10	10
60	694	10	20
37	670	57	49
48	678	35	35
0	693	17	26
4	703	10	10
3	706	10	10
6	709	10	10
4	710	10	10
6	705	10	14
9	710	10	10
3	710	10	10
0	710	10	10
0	710	10	10
0	710	10	10
3	710	10	10
0	695	10	10
1	685	10	20
0	693	10	10
0	696	10	10
3	699	10	10
0	702	10	10
3	705	10	10
0	709	10	10
0	710	10	10
0	710	10	10
0	710	10	10
0	710	10	10
0	710	10	10
0	710	10	10
0	710	10	10
0	710	10	10
0	710	10	10
0	710	10	10
0	710	10	10
0	710	10	10
0	710	10	10
0	710	10	10
0	710	10	10
0	710	10	10
0	710	10	10
0	710	10	10
0	710	10	10
0	710	10	10
3	710	10	10
0	710	10	10
0	710	10	10
0	710	10	10
0	710	10	10
0	710	10	10
0	710	10	10
0	710	10	10
0	710	10	10
0	710	10	10
0	710	10	10
0	710	10	10
0	710	10	10
0	710	10	10
0	710	10	10
0	710	10	10
0	710	10	10
0	710	10	10
0	710	10	10
0	710	10	10
0	710	10	10
0	710	10	10
0	710	10	10
0	710	10	10
0	710	10	10
0	710	10	10
0	710	10	10
0	710	10	10
0	710	10	10
0	710	10	10
0	710	10	10
0	710	10	10
0	710	10	10
0	710	10	10
0	710	10	10
0	710	10	10
0	710	10	10
0	710	10	10
0	710	10	10
0	710	10	10
0	710	10	10
0	710	10	10
0	710	10	10
0	710	10	10
0	710	10	10
0	710	10	10
0	710	10	10
0	710	10	10
0	710	10	10
0	710	10	10
0	710	10	10
0	710	10	10
0	710	10	10
0	710	10	10
0	710	10	10
0	710	10	10
0	710	10	10
0	710	10	10
0	710	10	10
0	710	10	10
0	710	10	10
0	710	10	10
0	710	10	10
0	710	10	10
0	710	10	10
0	710	10	10
0	710	10	10
0	710	10	10
0	710	10	10
0	710	10	10
0	710	10	10
0	710	10	10
0	710	10	10
0	710	10	10
0	710	10	10
0	710	10	10
0	710	10	10
0	710	10	10
0	710	10	10
0	710	10	10
3	710	10	10
0	710	10	10
0	710	10	10
0	710	10	10
0	710	10	10
0	710	10	10
0	710	10	10
0	710	10	10
0	710	10	10
1	710	10	10
3	698	10	10
1	701	10	10
4	704	10	10
0	707	10	10
0	710	10	10
0	710	10	10
0	710	10	10
0	710	10	10
0	710	10	10
0	710	10	10
0	710	10	10
0	710	10	10
0	710	10	10
0	710	10	10
0	710	10	10
0	710	10	10
0	710	10	10
0	710	10	10
0	710	10	10
0	710	10	10
2	710	10	10
5	710	10	10
0	710	10	10
0	710	10	10
0	710	10	10
0	710	10	10
0	710	10	10
0	710	10	10
0	710	10	10
0	710	10	10
0	710	10	10
0	710	10	10
0	710	10	10
0	710	10	10
0	710	10	10
0	710	10	10
0	710	10	10
0	710	10	10
0	710	10	10
0	710	10	10
3	710	10	10
0	710	10	10
0	710	10	10
0	710	10	10
0	710	10	10
0	710	10	10
0	710	10	10
0	710	10	10
0	710	10	10
0	710	10	10
0	710	10	10
0	710	10	10
0	710	10	10
0	710	10	10
3	710	10	10
0	710	10	10
3	706	10	10
7	703	13	10
1	706	10	10
0	709	10	10
0	710	10	10
0	710	10	10
0	710	10	10
2	710	10	10
0	710	10	10
3	710	10	10
6	710	10	10
0	710	10	10
3	710	10	10
0	710	10	10
0	710	10	10
0	710	10	10
0	710	10	10
0	710	10	10
3	710	10	10
0	710	10	10
3	710	10	10
0	710	10	10
3	710	10	10
0	710	10	10
3	710	10	10
1	710	10	10
4	710	10	10
0	710	10	10
3	710	10	10
0	710	10	10
3	710	10	10
6	710	10	10
1	694	20	20
4	698	13	13
3	677	15	27
30	685	21	33
28	664	42	53
37	679	24	24
17	684	16	16
21	688	10	10
25	691	10	10
19	694	10	10
22	697	10	10
17	700	20	10
11	702	10	10
5	705	10	10
0	709	10	10
0	710	10	10
0	710	10	10
0	710	10	10
0	710	10	10
0	710	10	10
0	710	10	10
0	710	10	10
0	710	10	10
3	710	10	10
0	710	10	10
0	710	10	10
0	710	10	10
3	710	10	10
0	710	10	10
0	710	10	10
3	710	10	10
6	710	10	10
9	710	10	10
12	710	10	10
15	710	10	10
17	699	10	10
12	702	10	10
15	705	10	10
3	708	10	10
4	708	10	10
7	710	10	10
5	710	10	10
3	710	10	10
6	710	10	10
4	710	10	10
7	710	10	10
2	699	20	10
4	700	16	10
8	705	10	13
0	710	36	10
12	708	12	11
0	709	10	10
0	710	10	10
0	710	10	10
0	710	10	10
0	710	10	10
3	710	10	10
1	710	10	10
4	710	10	10
7	710	10	10
2	710	10	10
0	710	10	10
0	710	10	10
0	710	10	10
0	710	10	10
0	710	10	10
0	710	10	10
0	710	10	10
0	710	10	10
0	710	10	10
0	710	10	10
0	710	10	10
0	710	10	10
0	710	10	10
0	710	10	10
0	710	10	10
0	710	10	10
0	710	10	10
0	710	10	10
0	710	10	10
0	710	10	10
0	710	10	10
0	710	10	10
0	710	10	10
0	710	10	10
0	710	10	10
0	710	10	10
0	710	10	10
0	710	10	10
0	710	10	10
7	709	10	10
2	710	10	10
0	710	10	10
0	710	10	10
0	710	10	10
0	710	10	10
0	710	10	10
0	710	10	10
1	702	10	10
3	704	10	10
6	707	10	10
0	707	10	10
0	707	15	10
9	707	12	10
12	708	10	10
0	698	10	10
0	693	16	20
2	698	12	10
5	700	10	10
8	703	10	10
11	706	10	10
5	710	10	10
0	710	10	10
0	710	10	10
0	710	10	10
0	710	10	10
0	710	10	10
0	710	10	10
0	710	10	10
0	710	10	10
0	710	10	10
0	710	10	10
0	710	10	10
0	710	10	10
0	710	10	10
0	710	10	10
0	710	10	10
0	710	10	10
0	710	10	10
0	710	10	10
0	710	10	10
0	710	10	10
3	710	10	10
0	710	10	10
3	710	10	10
0	710	10	10
0	710	10	10
0	710	10	10
0	710	10	10
0	710	10	10
0	710	10	10
0	710	10	10
0	710	10	10
0	710	10	10
0	710	10	10
0	710	10	10
0	710	10	10
0	710	10	10
3	710	10	10
0	710	10	10
3	710	10	10
0	710	10	10
3	710	10	10
0	710	10	10
3	710	10	10
0	710	10	10
0	710	10	10
0	710	10	10
3	710	10	10
0	710	10	10
3	710	10	10
0	710	10	10
3	710	10	10
0	710	10	10
3	710	10	10
0	710	10	10
3	710	10	10
6	710	10	10
4	710	10	10
7	710	10	10
5	710	10	10
8	710	10	10
11	710	10	10
14	710	10	10
17	710	10	10
12	710	10	10
9	695	16	10
24	677	12	12
25	678	10	10
13	666	10	10
2	652	10	17
0	661	13	22
0	666	14	11
5	674	13	13
6	659	10	10
0	653	14	21
12	629	13	34
12	639	14	14
8	652	11	11
11	655	10	10
12	647	10	10
14	649	10	10
17	652	10	10
20	655	10	10
15	658	10	10
17	649	10	10
18	650	20	10
25	651	10	10
27	654	10	10
31	657	10	10
25	660	10	10
20	663	10	10
14	667	10	10
8	670	10	10
2	673	10	10
0	676	10	10
0	680	10	10
3	683	10	10
0	686	10	10
3	689	10	10
0	692	10	10
3	696	10	10
0	699	10	10
3	702	10	10
0	705	10	10
0	708	10	10
0	710	10	10
0	710	10	10
0	710	10	10
0	710	10	10
0	710	10	10
0	710	10	10
0	710	10	10
0	710	10	10
0	710	10	10
0	710	10	10
0	710	10	10
0	710	10	10
0	710	10	10
0	710	10	10
0	710	10	10
0	710	10	10
0	710	10	10
0	710	10	10
0	710	10	10
0	710	10	10
0	710	10	10
0	710	10	10
0	710	10	10
0	710	10	10
0	710	10	10
3	710	10	10
6	710	10	10
0	710	10	10
3	710	10	10
0	710	10	10
3	710	10	10
6	710	10	10
4	710	10	10
2	710	10	10
5	710	10	10
0	710	10	10
0	710	10	10
0	710	10	10
0	710	10	10
0	710	10	10
0	710	10	10
0	710	10	10
0	710	10	10
0	710	10	10
1	701	10	18
0	708	10	10
0	710	10	10
0	710	10	10
0	710	10	10
3	710	10	10
6	710	10	10
0	710	10	10
0	710	10	10
0	710	10	10
0	710	10	10
0	710	10	10
2	710	10	10
4	710	10	10
0	710	10	10
0	710	10	10
0	710	10	10
0	710	10	10
0	710	10	10
0	710	10	10
3	710	10	10
9	710	10	10
4	710	10	10
0	710	10	10
0	710	10	10
0	710	10	10
0	710	10	10
0	710	10	10
0	710	10	10
0	710	10	10
3	710	10	10
6	710	10	10
9	710	10	10
12	710	10	10
15	710	10	10
17	710	10	10
19	710	10	10
13	710	10	10
8	710	10	10
10	702	10	10
4	705	10	10
0	708	10	10
3	710	10	10
6	710	10	10
0	710	10	10
0	710	10	10
3	710	10	10
0	710	10	10
3	710	10	10
0	710	10	10
13	696	10	10
14	698	10	10
8	701	10	10
2	705	10	10
5	708	10	10
4	710	10	10
7	710	10	10
5	710	10	10
3	710	10	10
6	710	10	10
4	710	10	10
3	710	10	10
6	710	10	10
4	710	10	10
7	709	10	10
5	710	10	10
0	710	10	10
3	710	10	10
4	696	10	10
6	688	10	10
9	691	10	10
12	694	10	10
15	697	10	10
19	701	10	10
20	696	10	20
10	703	10	10
4	706	10	10
0	709	10	10
0	710	10	10
0	710	10	10
0	710	10	10
0	710	10	10
0	710	10	10
0	710	10	10
0	710	10	10
3	710	10	10
0	710	10	10
3	710	10	10
0	710	10	10
3	710	10	10
0	710	10	10
2	710	10	10
4	710	10	10
6	710	10	10
8	701	10	10
11	696	10	20
6	704	10	10
4	707	10	10
2	710	10	10
0	710	10	10
3	710	10	10
0	710	10	10
3	710	10	10
5	710	10	10
8	710	10	10
2	710	10	10
5	710	10	10
3	710	10	10
7	710	10	10
5	710	10	10
0	710	10	10
3	710	10	10
1	710	10	10
4	710	10	10
2	710	10	10
4	698	10	10
6	700	10	10
7	701	10	10
9	703	10	10
9	709	10	10
3	710	10	10
0	710	10	10
3	710	10	10
0	710	10	10
3	710	10	10
6	710	10	10
9	710	10	10
3	710	10	10
0	710	10	10
0	710	10	10
0	710	10	10
3	710	10	10
1	710	10	10
4	710	10	10
7	710	10	10
1	710	10	10
4	710	10	10
2	710	10	10
5	710	10	10
4	710	10	10
7	710	10	10
5	710	10	10
3	710	10	10
6	710	10	10
4	710	10	10
0	710	10	10
3	710	10	10
6	710	10	10
4	710	10	10
2	710	10	10
6	710	10	10
4	710	10	10
7	710	10	10
5	710	10	10
3	710	10	10
6	710	10	10
5	710	10	10
3	710	10	10
6	710	10	10
9	710	10	10
12	710	10	10
15	710	10	10
18	710	10	10
21	710	10	10
16	710	10	10
10	710	10	10
13	710	10	10
17	710	10	10
6	710	10	10
5	710	10	10
3	710	10	10
6	710	10	10
4	710	10	10
2	710	10	10
5	710	10	10
4	710	10	10
7	710	10	10
5	710	10	10
3	710	10	10
6	710	10	10
4	710	10	10
3	710	10	10
6	710	10	10
4	710	10	10
2	710	10	10
5	710	10	10
4	710	10	10
7	710	10	10
5	710	10	10
3	710	10	10
6	710	10	10
9	710	10	10
11	702	10	10
15	705	10	10
8	708	10	10
2	710	10	10
5	710	10	10
4	710	10	10
7	710	10	10
5	710	10	10
6	699	10	10
14	695	10	10
10	695	10	10
13	697	10	10
14	699	10	10
17	702	10	10
20	706	10	10
22	709	10	10
25	710	10	10
28	710	10	10
30	702	10	10
33	705	10	10
36	708	10	10
30	710	10	10
24	710	10	10
27	710	10	10
15	688	20	31
5	673	20	46
10	691	11	11
3	694	10	10
0	698	10	10
3	701	10	10
0	704	10	10
3	707	10	10
0	710	10	10
3	710	10	10
0	710	10	10
3	710	10	10
0	710	10	10
0	696	11	23
23	676	13	16
28	665	30	38
25	639	82	80
40	653	54	54
13	669	109	50
43	670	50	49
52	658	33	33
29	662	22	26
32	667	16	16
34	672	22	26
11	686	19	24
12	703	17	16
15	704	11	13
19	709	10	10
22	710	10	10
16	710	10	10
9	710	10	10
3	710	10	10
0	710	10	10
3	710	10	10
0	710	10	10
3	710	10	10
6	710	10	10
0	710	10	10
0	710	10	10
0	710	10	10
3	710	10	10
0	710	10	10
3	710	10	10
0	710	10	10
3	710	10	10
0	710	10	10
3	710	10	10
0	710	10	10
0	710	10	10
3	710	10	10
0	710	10	10
3	710	10	10
0	710	10	10
0	710	10	10
3	710	10	10
0	710	10	10
0	710	10	10
0	710	10	10
0	710	10	10
3	710	10	10
0	710	10	10
3	710	10	10
0	710	10	10
3	710	10	10
0	710	10	10
0	710	10	10
0	710	10	10
0	710	10	10
0	710	10	10
3	710	10	10
5	710	10	10
3	710	10	10
0	710	10	10
3	710	10	10
0	710	10	10
0	710	10	10
0	710	10	10
0	710	10	10
3	710	10	10
0	710	10	10
3	710	10	10
0	710	10	10
3	710	10	10
0	710	10	10
3	710	10	10
6	710	10	10
4	710	10	10
0	710	10	10
3	710	10	10
0	710	10	10
3	710	10	10
0	710	10	10
3	710	10	10
0	710	10	10
3	710	10	10
0	710	10	10
0	710	10	10
3	710	10	10
6	710	10	10
0	710	10	10
0	710	10	10
0	710	10	10
0	710	10	10
0	710	10	10
0	710	10	10
3	710	10	10
0	710	10	10
1	691	20	28
7	701	10	10
