0.001000
0.170038
0.157034
0.141550
0.146410
0.166046
0.160035
0.157664
0.130029
0.158047
0.140031
0.157849
0.158035
0.158193
0.158035
0.158117
0.158035
0.159593
0.159035
0.160035
0.158400
0.158035
0.156426
0.161036
0.159683
0.159035
0.145032
0.160487
0.158258
0.158035
0.159035
0.161107
0.161036
0.159035
0.158607
0.158035
0.163511
0.159035
0.157728
0.159035
0.159035
0.158104
0.159035
0.161036
0.133030
0.160035
0.159245
0.160035
0.158034
0.159035
0.158035
0.158031
0.157035
0.159035
0.160448
0.159035
0.158035
0.158035
0.158496
0.159035
0.160035
0.158035
0.138031
0.160036
0.158114
0.158365
0.159035
0.160035
0.158209
0.176039
0.162375
0.160035
0.160111
0.158035
0.163036
0.161036
0.137753
0.164036
0.131029
0.152034
0.164036
0.171096
0.174490
0.174509
0.175039
0.173206
0.174054
0.173076
0.171038
0.163036
0.161036
0.159098
0.158108
0.159505
0.159035
0.159578
0.155034
0.157223
0.160035
0.160433
0.158035
0.180040
0.168037
0.160035
0.159206
0.144153
0.161036
0.162036
0.158035
0.159035
0.158531
0.159035
0.157034
0.136030
0.161036
0.159035
0.158312
0.159035
0.159035
0.160137
0.160035
0.160035
0.159035
0.159035
0.159035
0.160035
0.160691
0.144105
0.160036
0.161036
0.159035
0.138031
0.160035
0.159035
0.158035
0.158475
0.162036
0.158035
0.159035
0.159035
0.159514
0.158165
0.162036
0.159035
0.159035
0.159035
0.160347
0.160359
0.158035
0.139031
0.159035
0.159035
0.160054
0.158610
0.158035
0.159035
0.158049
0.158035
0.159202
0.159884
0.159107
0.158200
0.159924
0.158036
0.158311
0.164262
0.168037
0.164037
0.177307
0.175039
0.177096
0.170589
0.165037
0.162036
0.159035
0.160036
0.159048
0.158900
0.159281
0.158036
0.160035
0.159035
0.159035
0.160161
0.164036
0.170468
0.169006
0.174039
0.174454
0.176511
0.168037
0.164037
0.159035
0.137990
0.159035
0.158555
0.138030
0.168257
0.168037
0.169037
0.171038
0.172038
0.175105
0.174240
0.174039
0.170038
0.179040
0.175616
0.170101
0.174579
0.172038
0.171038
0.174104
0.173925
0.174785
0.176098
0.172505
0.172038
0.172440
0.160244
0.159138
0.158035
0.158035
0.155034
0.159511
0.161036
0.162036
0.162036
0.160172
0.160036
0.161035
0.161036
0.162207
0.160036
0.160036
0.160036
0.161134
0.160036
0.163036
0.161036
0.161036
0.142092
0.160590
0.161035
0.162035
0.159035
0.163036
0.168863
0.162076
0.162064
0.161036
0.166037
0.170038
0.170038
0.173758
0.173043
0.173038
0.173038
0.175039
0.173060
0.179040
0.181040
0.182040
0.176039
0.166037
0.162988
0.159035
0.159035
0.164037
0.164037
0.163036
0.163489
0.159035
0.160091
0.159035
0.159035
0.160035
0.159941
0.171115
0.171038
0.166037
0.164036
0.159035
0.159423
0.159155
0.159035
0.159035
0.127028
0.169038
0.171038
0.172308
0.171038
0.172038
0.172038
0.174039
0.172038
0.172040
0.180040
0.181113
0.182041
0.184041
0.174038
0.167037
0.164037
0.161036
0.165037
0.165037
0.161844
0.159035
0.161036
0.161036
0.159035
0.160166
0.160336
0.160119
0.165037
0.164037
0.177039
0.172039
0.176306
0.174039
0.170038
0.168870
0.166037
0.161036
0.159035
0.159035
0.158035
0.159035
0.161036
0.159235
0.159671
0.160035
0.157034
0.160036
0.163036
0.178039
0.180040
0.174285
0.178040
0.178040
0.180040
0.176039
0.170468
0.167037
0.168352
0.165036
0.162036
0.160036
0.161383
0.160035
0.160035
0.162036
0.160036
0.150144
0.159472
0.157034
0.163036
0.168037
0.169261
0.171041
0.171038
0.172038
0.170322
0.173578
0.174039
0.173038
0.172796
0.160036
0.161036
0.159035
0.164111
0.165037
0.178039
0.178040
0.180040
0.178040
0.177040
0.169193
0.164036
0.136611
0.158035
0.157034
0.159035
0.160036
0.159369
0.160036
0.160386
0.167037
0.168037
0.171121
0.166626
0.174038
0.170038
0.164556
0.161079
0.159035
0.159035
0.160100
0.159035
0.159035
0.160174
0.157034
0.159504
0.161036
0.161036
0.161036
0.167037
0.168982
0.169037
0.168037
0.176281
0.181040
0.176039
0.170532
0.167197
0.164036
0.159054
0.160036
0.160145
0.160036
0.161207
0.163037
0.163220
0.162036
0.162036
0.163178
0.162454
0.169038
0.170038
0.176039
0.172258
0.162036
0.168037
0.171715
0.172142
0.174039
0.175039
0.173069
0.171581
0.173039
0.177039
0.178039
0.179208
0.177039
0.177039
0.175039
0.180040
0.173038
0.168037
0.165108
0.162036
0.159098
0.160035
0.159035
0.160035
0.160362
0.161109
0.160036
0.159035
0.159035
0.160073
0.159035
0.163036
0.167171
0.159035
0.156035
0.172062
0.173104
0.177039
0.176039
0.177245
0.175039
0.175039
0.173507
0.174038
0.173105
0.157035
0.161036
0.160035
0.159457
0.159567
0.160035
0.160035
0.158799
0.137031
0.180040
0.180260
0.174041
0.169038
0.165037
0.160037
0.158503
0.158035
0.159036
0.169038
0.163036
0.161035
0.158144
0.160036
0.158035
0.159035
0.159036
0.159034
0.153034
0.159035
0.163036
0.169038
0.170038
0.171471
0.170508
0.170452
0.175039
0.175038
0.173038
0.176039
0.176039
0.178124
0.176039
0.177039
0.178040
0.181040
0.182456
0.175039
0.169038
0.162587
0.163036
0.163502
0.165037
0.163056
0.164036
0.164036
0.164346
0.163681
0.163037
0.165037
0.165037
0.163036
0.164037
0.166037
0.167535
0.168401
0.175333
0.173108
0.175374
0.173240
0.177039
0.174546
0.173077
0.178083
0.174038
0.181040
0.178040
0.176039
0.169038
0.165036
0.162036
0.159051
0.159035
0.159919
0.132030
0.159035
0.159035
0.165926
0.170038
0.173061
0.174039
0.176599
0.174354
0.172832
0.173038
0.172899
0.174251
0.176092
0.180402
0.179039
0.178040
0.162038
0.164036
0.124027
0.160036
0.159557
0.162036
0.162036
0.164037
0.170796
0.173038
0.173038
0.173039
0.174523
0.172038
0.173038
0.175256
0.171038
0.171038
0.171038
0.172038
0.175099
0.174806
0.172038
0.166037
0.164361
0.162036
0.164036
0.164048
0.171106
0.164037
0.161036
0.160036
0.160088
0.159035
0.160036
0.161036
0.161614
0.160554
0.160036
0.154367
0.161036
0.166037
0.168917
0.169037
0.169038
0.170038
0.173038
0.172038
0.172578
0.175039
0.176039
0.172038
0.174038
0.174109
0.176039
0.181221
0.173865
0.168164
0.151033
0.165037
0.162858
0.164037
0.161036
0.159442
0.160036
0.160035
0.160035
0.163036
0.163036
0.170038
0.173038
0.174038
0.171038
0.170264
0.170166
0.174512
0.171040
0.177380
0.172038
0.164037
0.161036
0.159035
0.164036
0.165037
0.164036
0.163037
0.163036
0.136901
0.171489
0.173038
0.173114
0.175039
0.176196
0.177625
0.173038
0.170038
0.163078
0.163990
0.164278
0.143912
0.161036
0.161601
0.161036
0.161448
0.161036
0.162036
0.163036
0.163036
0.176039
0.170038
0.167037
0.165360
0.162036
0.160036
0.161036
0.152034
0.162036
0.161036
0.161115
0.159129
0.162036
0.159035
0.165037
0.168247
0.170038
0.170335
0.171547
0.172038
0.172147
0.172086
0.175039
0.173038
0.174039
0.169775
0.179140
0.171038
0.165037
0.160036
0.161036
0.161036
0.162036
0.160236
0.161036
0.161036
0.160633
0.159034
0.160114
0.160307
0.161036
0.167037
0.169541
0.171038
0.170122
0.175357
0.175039
0.177039
0.178040
0.179039
0.178170
0.181040
0.178039
0.171038
0.168558
0.166037
0.161757
0.159035
0.161036
0.161036
0.161036
0.160036
0.161102
0.136030
0.169037
0.169526
0.167391
0.178040
0.179040
0.178090
0.171038
0.167363
0.168037
0.167037
0.162157
0.124078
0.163036
0.163036
0.160077
0.169073
0.168038
0.170038
0.170887
0.180039
0.180040
0.179270
0.179148
0.172038
0.170038
0.170038
0.168062
0.164036
0.162146
0.159378
0.159035
0.156706
0.159295
0.159035
0.159848
0.159574
0.160036
0.153034
0.179040
0.181040
0.183041
0.183089
0.178040
0.172143
0.166037
0.323035
0.316069
0.283063
0.324444
0.328073
0.321073
0.321070
0.302451
0.316076
0.315170
0.291065
0.307926
0.323609
0.183449
0.166037
0.164036
0.160036
0.159035
0.162036
0.160082
0.158035
0.159035
0.160035
0.159035
0.160264
0.160078
0.158035
0.160134
0.160036
0.165037
0.164262
0.177039
0.180040
0.177039
0.167481
0.167037
0.164179
0.160299
0.160035
0.159035
0.160036
0.160036
0.160130
0.158372
0.160036
0.161036
0.160036
0.160036
0.159098
0.156163
0.172038
0.171038
0.172156
0.173038
0.173378
0.158035
0.161036
0.166037
0.168037
0.170038
0.169038
0.170342
0.170038
0.161036
0.160539
0.160042
0.161036
0.163036
0.172138
0.171038
0.173038
0.172038
0.172038
0.166174
0.117026
0.159075
0.160036
0.160036
0.160899
0.161219
0.164036
0.167037
0.167037
0.170038
0.169207
0.168061
0.169038
0.175039
0.175039
0.173038
0.174038
0.173038
0.176040
0.178040
0.181162
0.172232
0.167840
0.166036
0.164037
0.160577
0.159035
0.159036
0.159035
0.160055
0.158571
0.150033
0.159035
0.159035
0.160036
0.159510
0.164036
0.166036
0.169037
0.169038
0.170038
0.169151
0.170038
0.170038
0.172038
0.171038
0.173038
0.173534
0.173038
0.171038
0.172038
0.175545
0.176039
0.177039
0.178040
0.174038
0.176039
0.178039
0.178298
0.177998
0.180040
0.178040
0.174038
0.171037
0.166297
0.163036
0.159035
0.159164
0.141031
0.159044
0.159163
0.159530
0.161226
0.161036
0.160036
0.159745
0.160219
0.160035
0.160036
0.161036
0.160062
0.162036
0.165968
0.169087
0.171038
0.171038
0.166477
0.168536
0.166037
0.161035
0.159035
0.160036
0.159035
0.160035
0.159319
0.160036
0.161036
0.158916
0.158035
0.158553
0.162241
0.158035
0.160036
0.164831
0.165064
0.182041
0.159123
0.162037
0.159837
0.160035
0.161035
0.160035
0.159289
0.160035
0.160035
0.160036
0.161637
0.159549
0.162134
0.163185
0.169559
0.171038
0.170038
0.171038
0.171038
0.175365
0.173038
0.174039
0.178040
0.174038
0.174323
0.180040
0.184154
0.175039
0.169058
0.165036
0.162036
0.160035
0.160036
0.141000
0.168037
0.161751
0.162097
0.153034
0.174038
0.173038
0.172038
0.171038
0.174730
0.174614
0.177039
0.175039
0.177040
0.174212
0.177452
0.179040
0.180133
0.179040
0.178040
0.170038
0.167037
0.165036
0.153034
0.158035
0.158700
0.160036
0.160037
0.160036
0.166037
0.161036
0.162036
0.161036
0.161036
0.161351
0.161035
0.161036
0.165036
0.169037
0.172760
0.170717
0.170038
0.177131
0.174039
0.178413
0.176099
0.180040
0.174038
0.172038
0.169037
0.163408
0.159036
0.160036
0.157035
0.161036
0.160055
0.171000
0.167037
0.162036
0.158035
0.139031
0.158443
0.160476
0.141031
0.170038
0.171038
0.171317
0.172038
0.171113
0.173064
0.174038
0.172038
0.172038
0.174536
0.175505
0.176039
0.173039
0.175038
0.172038
0.177356
0.167415
0.165438
0.165045
0.160036
0.159681
0.157035
0.160616
0.161036
0.160036
0.160035
0.163122
0.166037
0.164036
0.165112
0.167037
0.168038
0.169038
0.169074
0.173480
0.176039
0.173038
0.178040
0.178898
0.177162
0.180040
0.175685
0.173038
0.169038
0.167038
0.165501
0.160036
0.161036
0.160036
0.162036
0.158806
0.160233
0.128028
0.170194
0.173038
0.173038
0.173038
0.175096
0.173038
0.172038
0.178154
0.176039
0.177039
0.175039
0.178040
0.176039
0.180147
0.169037
0.167037
0.163382
0.161036
0.149033
0.161036
0.162036
0.161278
0.160036
0.161087
0.160036
0.161036
0.161078
0.164036
0.168037
0.170038
0.171620
0.162036
0.161036
0.165037
0.167373
0.169038
0.167155
0.174039
0.181150
0.176039
0.170719
0.136030
0.160035
0.161036
0.161036
0.159035
0.159147
0.161035
0.160057
0.164036
0.168037
0.172038
0.174269
0.176039
0.175657
0.175039
0.178040
0.181040
0.179117
0.172038
0.169038
0.167037
0.162124
0.161060
0.158362
0.159035
0.160036
0.159035
0.160137
0.160036
0.159372
0.161036
0.159035
0.161036
0.159538
0.176096
0.176902
0.179040
0.175926
0.176039
0.176039
0.175174
0.168037
0.170038
0.165037
0.162036
0.164520
0.163268
0.163227
0.164036
0.162819
0.163036
0.163036
0.147033
0.167687
0.169140
0.169038
0.170038
0.170038
0.176039
0.171038
0.173489
0.173038
0.173098
0.174038
0.174150
0.175039
0.174038
0.175039
0.173038
0.174617
0.172632
0.169037
0.168037
0.165036
0.162036
0.161068
0.164037
0.163594
0.163044
0.162036
0.164036
0.162539
0.162043
0.162035
0.163575
0.163036
0.166037
0.178039
0.181040
0.179039
0.170038
0.166037
0.162035
0.160035
0.158456
0.159035
0.132385
0.159035
0.159035
0.159182
0.167094
0.172319
0.174242
0.173038
0.173559
0.171150
0.168442
0.174407
0.172548
0.183386
0.176531
0.170038
0.164036
0.161036
0.159034
0.163308
0.164036
0.165037
0.164416
0.163036
0.160035
0.160035
0.160035
0.159034
0.159035
0.164036
0.165394
0.175039
0.176039
0.171075
0.167635
0.165036
0.161056
0.161036
0.161036
0.162118
0.160324
0.162036
0.163036
0.161036
0.161036
0.164036
0.160459
0.166037
0.171038
0.172038
0.171038
0.161036
0.166036
0.170038
0.171038
0.172038
0.172038
0.175039
0.174464
0.172038
0.175186
0.177039
0.179040
0.182040
0.180040
0.182040
0.178039
0.177039
0.176838
0.175693
0.170005
0.164036
0.161036
0.161036
0.160035
0.159870
0.161036
0.158792
0.159035
0.159108
0.160178
0.159123
0.159353
0.161036
0.161487
0.167037
0.170038
0.167037
0.177039
0.178040
0.177512
0.174167
0.178040
0.181259
0.176290
0.132638
0.160036
0.160035
0.159061
0.160035
0.159035
0.159112
0.159035
0.162036
0.168038
0.168667
0.169038
0.178039
0.169037
0.172038
0.169037
0.169127
0.172038
0.174039
0.173038
0.173038
0.176039
0.170280
0.172038
0.175039
0.176039
0.176039
0.177039
0.178039
0.175038
0.176039
0.171038
0.165037
0.162489
0.160035
0.159035
0.158922
0.161036
0.164036
0.163349
0.165037
0.164724
0.164036
0.163493
0.164036
0.163036
0.163036
0.170038
0.169037
0.179040
0.178040
0.179543
0.173039
0.177040
0.176039
0.177039
0.172119
0.174593
0.180040
0.173038
0.177039
0.175039
0.177039
0.178040
0.180091
0.180040
0.175039
0.169230
0.167795
0.164036
0.161035
0.159035
0.161448
0.160035
0.160344
0.161036
0.160036
0.161036
0.159035
0.163036
0.168451
0.163036
0.161036
0.163037
0.168037
0.166073
0.179060
0.172038
0.164037
0.160035
0.160036
0.163036
0.161729
0.162036
0.163036
0.162036
0.162611
0.162036
0.162059
0.164037
0.163120
0.164055
0.160176
0.177514
0.177204
0.162036
0.164037
0.165101
0.164037
0.163105
0.162036
0.159035
0.160035
0.160035
0.160036
0.159036
0.160516
0.160036
0.161036
0.164036
0.170038
0.172038
0.172384
0.170038
0.176039
0.173038
0.174039
0.177039
0.181820
0.181040
0.182040
0.177039
0.176039
0.175039
0.174038
0.177039
0.182041
0.183041
0.180040
0.180721
0.169037
0.166037
0.140031
0.160036
0.160036
0.160035
0.160036
0.160036
0.160036
0.160035
0.158035
0.170038
0.170775
0.176039
0.176039
0.177038
0.173172
0.173427
0.173038
0.172096
0.170038
0.171038
0.168131
0.164320
0.160036
0.161036
0.159035
0.161036
0.161036
0.161036
0.160035
0.162036
0.160036
0.160036
0.160036
0.161084
0.163187
0.166037
0.173038
0.171038
0.182041
0.181039
0.183041
0.185041
0.178040
0.174038
0.167037
0.164203
0.164036
0.163036
0.162036
0.127470
0.162036
0.163102
0.162036
0.162036
0.163036
0.163036
0.151847
0.176143
0.172038
0.173843
0.174038
0.176039
0.179040
0.179040
0.180040
0.180040
0.179039
0.179040
0.134134
0.162036
0.162036
0.164036
0.163036
0.164048
0.162049
0.151034
0.171038
0.171038
0.173040
0.172038
0.174418
0.177039
0.173038
0.173038
0.175039
0.178039
0.178339
0.178040
0.178039
0.173038
0.173038
0.175050
0.175314
0.177040
0.180039
0.180040
0.174038
0.167037
0.163036
0.162036
0.160035
0.160036
0.161036
0.159035
0.159283
0.161036
0.161036
0.160036
0.160035
0.162036
0.161036
0.162036
0.164037
0.176039
0.174039
0.179041
0.180309
0.177039
0.183040
0.172038
0.168037
0.168383
0.166038
0.163035
0.161036
0.163036
0.163036
0.162750
0.163047
0.159249
0.162392
0.141032
0.164037
0.163036
0.165037
0.169038
0.173038
0.172094
0.172038
0.175317
0.175039
0.174869
0.174038
0.174039
0.173092
0.180040
0.178040
0.182041
0.176038
0.169037
0.155034
0.159035
0.160078
0.160035
0.160036
0.160036
0.161036
0.165363
0.165037
0.166037
0.164036
0.161036
0.163036
0.162580
0.164037
0.177039
0.180040
0.177039
0.169038
0.157838
0.160035
0.160094
0.154034
0.161036
0.160035
0.160508
0.160035
0.161467
0.160035
0.161036
0.161099
0.167184
0.170038
0.171038
0.170037
0.172070
0.171038
0.171370
0.173125
0.173038
0.176092
0.175039
0.172160
0.174265
0.174226
0.173662
0.173101
0.178039
0.177578
0.174778
0.176039
0.176040
0.174038
0.167387
0.166314
0.161036
0.146033
0.160035
0.162036
0.163036
0.162533
0.163036
0.163122
0.162464
0.162035
0.170038
0.171038
0.171037
0.174039
0.172038
0.170038
0.171445
0.173244
0.174038
0.171038
0.181834
0.179040
0.172038
0.167886
0.165037
0.160035
0.160101
0.160035
0.159055
0.161052
0.161036
0.158766
0.161551
0.160036
0.160035
0.161036
0.162036
0.165036
0.163036
0.148033
0.160036
0.162049
0.161036
0.162036
0.162036
0.162036
0.162036
0.161036
0.160036
0.162036
0.159687
0.163037
0.168037
0.171039
0.171038
0.171128
0.173330
0.167037
0.179039
0.174551
0.178039
0.178039
0.171038
0.168037
0.165139
0.162380
0.161036
0.160118
0.161036
0.159035
0.160035
0.159035
0.161036
0.159121
0.161036
0.161036
0.162036
0.173718
0.173493
0.173108
0.174038
0.175106
0.176039
0.176088
0.179040
0.180040
0.184041
0.171038
0.164057
0.175279
0.170038
0.168037
0.164036
0.162036
0.162476
0.140225
0.163073
0.163036
0.164037
0.162036
0.166037
0.170947
0.173039
0.172038
0.170038
0.169096
0.174038
0.178040
0.177161
0.180040
0.181040
0.178895
0.177214
0.180060
0.176039
0.169037
0.164292
0.160035
0.157035
0.158035
0.160120
0.161036
0.161036
0.159308
0.161257
0.162036
0.162036
0.166037
0.171038
0.171624
0.174310
0.173038
0.172145
0.178040
0.176039
0.180040
0.174293
0.169060
0.167159
0.163036
0.163036
0.162036
0.162396
0.162036
0.163037
0.163036
0.159035
0.157185
0.158722
0.165037
0.168038
0.166217
0.179040
0.177039
0.172038
0.168037
0.165036
0.163036
0.162036
0.159035
0.159460
0.158035
0.160036
0.160035
0.159035
0.160035
0.171174
0.170038
0.173038
0.170038
0.167037
0.179040
0.181527
0.172039
0.167120
0.165037
0.163036
0.161113
0.165037
0.161036
0.161054
0.161036
0.161036
0.162036
0.162363
0.162035
0.161704
0.162036
0.162036
0.169037
0.175094
0.175039
0.175038
0.174139
0.177039
0.176161
0.175089
0.177058
0.175039
0.173039
0.180517
0.178086
0.171038
0.163037
0.160036
0.159035
0.164065
0.163710
0.138032
0.159035
0.159587
0.164046
0.167037
0.169038
0.171039
0.170037
0.172038
0.173039
0.173139
0.172038
0.174039
0.173518
0.179040
0.176012
0.166037
0.162461
0.158035
0.128028
0.166037
0.162036
0.160036
0.163036
0.168038
0.172612
0.171541
0.172038
0.171156
0.173351
0.177053
0.176573
0.175038
0.173236
0.172255
0.179494
0.175318
0.170038
0.159035
0.161036
0.162067
0.161512
0.160036
0.162036
0.163037
0.161390
0.161036
0.163000
0.170333
0.172736
0.170038
0.168812
0.172126
0.177264
0.178767
0.178040
0.179039
0.175039
0.169038
0.164036
0.160035
0.161673
0.161036
0.161036
0.162445
0.161054
0.162118
0.162036
0.160036
0.159269
0.169556
0.171038
0.171037
0.173038
0.173039
0.172038
0.180090
0.182040
0.182117
0.171038
0.164036
0.160036
0.158684
0.160036
0.163112
0.165036
0.165036
0.165037
0.164115
0.164036
0.161036
0.159218
0.159106
0.165037
0.164358
0.176039
0.178040
0.178040
0.176039
0.179040
0.178559
0.171038
0.167037
0.163180
0.160036
0.159035
0.157923
0.159036
0.160035
0.159106
0.158036
0.158035
0.158035
0.152071
0.172038
0.172038
0.172038
0.175096
0.175971
0.148032
0.158035
0.155074
0.159035
0.160087
0.165036
0.164109
0.159546
0.162036
0.159035
0.158621
0.159065
0.159035
0.154034
0.159035
0.160148
0.158818
0.165356
0.169038
0.170038
0.169926
0.171038
0.172795
0.172038
0.174098
0.181040
0.173862
0.166037
0.168037
0.163036
0.162036
0.162036
0.153034
0.162473
0.162036
0.163082
0.164037
0.165036
0.170038
0.172061
0.173038
0.171760
0.171038
0.172038
0.172038
0.175039
0.176039
0.174192
0.176039
0.176039
0.180111
0.182907
0.177412
0.170038
0.168273
0.163037
0.160036
0.158035
0.157324
0.158035
0.158035
0.307585
0.327075
0.327467
0.333567
0.331449
0.341390
0.300580
0.284014
0.288871
0.215012
0.084017
0.077017
0.075883
0.074435
0.072897
0.074804
0.075629
0.079018
0.077017
0.077017
0.076017
0.076016
0.079018
0.080018
0.077017
0.076016
0.081018
0.076017
0.075159
0.101778
0.078017
0.075017
0.078017
0.076017
0.076017
0.075016
0.089020
0.078203
0.075362
0.073046
0.073685
0.072238
0.071637
0.093020
0.075331
0.075585
0.071016
0.074397
0.075017
0.071324
0.081194
0.073016
0.089019
0.071016
0.071016
0.074170
0.073768
0.074873
0.111044
0.073030
0.074504
0.076745
0.073225
0.075434
0.077983
0.072298
0.075048
0.073153
0.073460
0.071941
0.073993
0.072330
0.075610
0.075036
0.073018
0.071389
0.089369
0.070112
0.072478
0.071485
0.074260
0.080483
0.072784
0.071959
0.073208
0.076017
0.071973
0.072016
0.070290
0.077985
0.075895
0.072291
0.072016
0.070364
0.074351
0.072017
0.072165
0.071784
0.072413
0.076444
0.073810
0.072012
0.071341
0.071579
0.071968
0.071411
0.073202
0.071403
0.071429
0.070245
0.072310
0.074517
0.078252
0.072961
0.071647
0.087698
0.071439
0.072016
0.074140
0.071638
0.077017
0.070015
0.070698
0.072015
0.072650
0.072000
0.071014
0.074385
0.082018
0.071170
0.072710
0.072667
0.071039
0.072613
0.072352
0.088802
0.073046
0.072882
0.072087
0.070108
0.072015
0.075016
0.071274
0.073511
0.071526
0.070023
0.071208
0.090971
0.084017
0.088020
0.077676
0.071289
0.139711
0.163036
0.155916
0.160036
0.164807
0.148229
0.162036
0.162036
0.164037
0.162036
0.163255
0.162895
0.145320
0.156035
0.163036
0.134962
0.163036
0.141031
0.149033
0.164036
0.163994
0.163036
0.165552
0.165037
0.168657
0.168037
0.165662
0.166336
0.166906
0.166037
0.166301
0.167037
0.167037
0.165918
0.166037
0.166471
0.167180
0.166249
0.166037
0.165889
0.165037
0.166867
0.167483
0.165037
0.168037
0.167037
0.163036
0.151033
0.174308
0.140295
0.146033
0.161036
0.163036
0.164190
0.159035
0.163347
0.164036
0.163036
0.164036
0.165266
0.165797
0.163104
0.164036
0.163036
0.163320
0.165047
0.165037
0.164037
0.148033
0.166113
0.168037
0.167037
0.166326
0.161092
0.174039
0.180040
0.168037
0.168037
0.167088
0.168037
0.165036
0.166037
0.166206
0.164142
0.163557
0.163036
0.163036
0.163036
0.163036
0.164102
0.164037
0.163038
0.164037
0.164036
0.165037
0.163102
0.163857
0.163036
0.165170
0.162863
0.165037
0.163036
0.130029
0.146033
0.162225
0.166037
0.166143
0.166037
0.167037
0.165534
0.166037
0.167096
0.167037
0.168037
0.166379
0.166037
0.166037
0.165037
0.167037
0.167037
0.166250
0.166667
0.165268
0.167037
0.165036
0.165037
0.171467
0.169038
0.168037
0.167037
0.167073
0.167037
0.166917
0.159545
0.178040
0.148033
0.163036
0.162042
0.163234
0.165036
0.164036
0.163037
0.163036
0.163036
0.164037
0.165037
0.165080
0.162036
0.163036
0.164036
0.165503
0.164036
0.164263
0.164036
0.164037
0.162036
0.163193
0.164036
0.134286
0.164037
0.164037
0.164037
0.163036
0.164116
0.165037
0.163036
0.164037
0.163036
0.147253
0.172389
0.173038
0.176039
0.174038
0.173038
0.169038
0.168037
0.168037
0.169038
0.168037
0.169037
0.169038
0.168518
0.167037
0.169038
0.169038
0.171038
0.169960
0.165037
0.167037
0.166037
0.167130
0.168813
0.166799
0.168037
0.166037
0.176039
0.171038
0.173039
0.162036
0.180040
0.176039
0.177040
0.172038
0.175039
0.172604
0.175039
0.171037
0.171038
0.171038
0.168037
0.168037
0.169037
0.168037
0.168037
0.167037
0.168037
0.173038
0.172038
0.171038
0.172038
0.169037
0.169377
0.166037
0.167037
0.167046
0.168044
0.166349
0.163668
0.175045
0.174038
0.174038
0.171038
0.169037
0.171716
0.168042
0.164036
0.177039
0.177039
0.177507
0.146406
0.125028
0.152034
0.161036
0.164177
0.165037
0.164036
0.164417
0.165037
0.165179
0.165149
0.165036
0.164500
0.165156
0.163211
0.151880
0.167037
0.167353
0.167452
0.167109
0.166815
0.166037
0.168150
0.168037
0.167134
0.126245
0.159035
0.167037
0.168400
0.167037
0.160035
0.171319
0.179040
0.178040
0.150053
0.138031
0.158414
0.163036
0.168037
0.167761
0.167659
0.168037
0.158941
0.168037
0.167129
0.166632
0.169038
0.167036
0.167536
0.167067
0.167627
0.167037
0.167037
0.168107
0.168093
0.167279
0.166138
0.177296
0.177041
0.180040
0.178126
0.178251
0.176038
0.171038
0.169338
0.168401
0.167195
0.166037
0.168090
0.167037
0.167506
0.167405
0.170142
0.169038
0.172291
0.171038
0.171038
0.172081
0.171038
0.173118
0.167715
0.164037
0.163251
0.164258
0.166038
0.153086
0.166242
0.165700
0.167037
0.166512
0.159772
0.173044
0.177427
0.178039
0.174040
0.141335
0.147032
0.161036
0.165036
0.166136
0.168085
0.172093
0.168138
0.168239
0.167341
0.166037
0.166051
0.166485
0.167037
0.168087
0.167037
0.168038
0.168038
0.167037
0.168037
0.167538
0.166037
0.167037
0.168037
0.167530
0.167037
0.167047
0.168037
0.166037
0.168276
0.167830
0.167181
0.167095
0.169038
0.159123
0.177205
0.180084
0.154044
0.134984
0.125028
0.166037
0.166179
0.166366
0.167037
0.168037
0.167056
0.167037
0.166830
0.169118
0.170038
0.169038
0.169046
0.170475
0.166037
0.180040
0.179106
0.175039
0.175039
0.176039
0.174157
0.171081
0.168037
0.177040
0.177040
0.177039
0.169446
0.171038
0.167037
0.166018
0.164652
0.164045
0.165016
0.171038
0.169038
0.168037
0.168037
0.170038
0.171165
0.169151
0.142661
0.165184
0.163036
0.165037
0.164681
0.165036
0.164036
0.165037
0.164037
0.165037
0.165036
0.165037
0.164118
0.165037
0.164036
0.165046
0.166332
0.165540
0.165282
0.164478
0.165038
0.163261
0.164458
0.119285
0.174445
0.176039
0.172038
0.175908
0.178566
0.175039
0.170038
0.183041
0.157121
0.129190
0.151033
0.162036
0.165036
0.165038
0.164036
0.170038
0.168037
0.170297
0.160685
0.184040
0.180817
0.184041
0.185175
0.181040
0.180729
0.144032
0.149033
0.161036
0.163701
0.143032
0.170038
0.169038
0.169037
0.170090
0.169761
0.165036
0.165037
0.166037
0.167037
0.168037
0.167606
0.167994
0.168037
0.169120
0.168037
0.167037
0.168072
0.168037
0.164085
0.176119
0.177089
0.173484
0.170038
0.169038
0.166037
0.166037
0.164946
0.164036
0.145032
0.120436
0.168037
0.168037
0.169037
0.169107
0.169037
0.170112
0.169038
0.171038
0.169038
0.169864
0.169037
0.170038
0.169038
0.170861
0.170038
0.167104
0.167037
0.169038
0.168037
0.169438
0.170038
0.166668
0.167037
0.171038
0.167037
0.166037
0.167037
0.169311
0.168037
0.165727
0.161045
0.179261
0.148322
0.141043
0.165037
0.164037
0.166037
0.165423
0.164101
0.166138
0.167046
0.165037
0.166037
0.165161
0.165108
0.165381
0.166183
0.165036
0.165036
0.167038
0.166093
0.165489
0.165037
0.165036
0.164996
0.165037
0.166056
0.165193
0.166037
0.165109
0.165037
0.165037
0.165127
0.164429
0.151567
0.172038
0.173673
0.171038
0.172038
0.170144
0.169717
0.169091
0.169037
0.168037
0.170038
0.169384
0.171038
0.171038
0.170483
0.170038
0.170038
0.170437
0.170038
0.168037
0.170975
0.165075
0.178040
0.182839
0.179049
0.176039
0.172038
0.173189
0.172593
0.172038
0.169037
0.168056
0.131029
0.164037
0.168796
0.167103
0.168037
0.167037
0.166789
0.166305
0.168037
0.168037
0.167037
0.167163
0.167037
0.167037
0.166575
0.167037
0.167096
0.167085
0.168037
0.168037
0.166384
0.167038
0.166729
0.167037
0.170038
0.169038
0.168648
0.169038
0.170038
0.168037
0.170709
0.169259
0.169219
0.170038
0.165037
0.175039
0.178040
0.149033
0.134526
0.160035
0.165037
0.167037
0.154105
0.167961
0.168037
0.167037
0.167046
0.167157
0.170037
0.170172
0.168037
0.170038
0.172081
0.169037
0.170038
0.170091
0.168478
0.166358
0.177039
0.172038
0.173039
0.170259
0.171764
0.171038
0.167037
0.178040
0.150033
0.127028
0.148033
0.168037
0.166144
0.166037
0.166037
0.166037
0.166275
0.166037
0.165037
0.166037
0.166037
0.167086
0.166038
0.165540
0.169038
0.165036
0.166038
0.166989
0.166061
0.167037
0.165036
0.166037
0.165037
0.136031
0.151104
0.162632
0.166556
0.165187
0.165037
0.165036
0.169141
0.165037
0.166221
0.165736
0.166036
0.166037
0.166910
0.166582
0.166037
0.166037
0.166037
0.161036
0.172215
0.180139
0.152034
0.131029
0.154034
0.163036
0.166194
0.165388
0.165037
0.166037
0.166167
0.165037
0.137030
0.162036
0.166037
0.168037
0.166037
0.165036
0.165476
0.183041
0.179039
0.179040
0.179040
0.175330
0.176039
0.172038
0.176462
0.074017
0.177040
0.180183
0.179040
0.153186
0.137031
0.153034
0.161498
0.165309
0.165215
0.162202
0.165037
0.164037
0.165037
0.168037
0.169037
0.169647
0.169038
0.169038
0.170038
0.169418
0.163036
0.173038
0.185226
0.185041
0.158949
0.141333
0.160036
0.146375
0.160036
0.163036
0.165036
0.166043
0.169037
0.171038
0.170038
0.169038
0.167037
0.167037
0.166037
0.165283
0.166037
0.165037
0.164144
0.165508
0.165036
0.166037
0.165037
0.166216
0.167043
0.166042
0.166037
0.137030
0.171112
0.173038
0.172038
0.171038
0.172038
0.169038
0.169038
0.168037
0.170058
0.167244
0.169038
0.168037
0.169038
0.168037
0.169002
0.167546
0.168037
0.169253
0.166037
0.169107
0.171038
0.173039
0.172038
0.169038
0.165037
0.178039
0.176039
0.175470
0.173229
0.174039
0.176039
0.173434
0.178667
0.148033
0.131029
0.153132
0.163036
0.164037
0.166037
0.165705
0.166037
0.165037
0.165037
0.166037
0.166037
0.166132
0.166055
0.163973
0.166045
0.168037
0.168087
0.167481
0.167036
0.168037
0.168449
0.165037
0.177039
0.175078
0.141155
0.150140
0.166582
0.170038
0.169429
0.171854
0.170399
0.169199
0.156873
0.162177
0.162132
0.166103
0.164036
0.165283
0.165036
0.164036
0.167037
0.168766
0.169116
0.169037
0.170038
0.170037
0.167962
0.170038
0.161036
0.179936
0.180695
0.154034
0.126911
0.149230
0.161036
0.163036
0.167581
0.163036
0.163596
0.172038
0.170038
0.169038
0.168037
0.168037
0.168719
0.168037
0.168844
0.169037
0.170038
0.169038
0.168071
0.169038
0.169038
0.169038
0.166332
0.171037
0.169953
0.167330
0.159035
0.170038
0.171192
0.174729
0.193005
0.175039
0.173038
0.172132
0.170038
0.169037
0.168729
0.166719
0.169159
0.160035
0.193044
0.177039
0.183040
0.179041
0.181040
0.183041
0.089020
0.166600
0.166459
0.167236
0.166037
0.165037
0.166037
0.165948
0.165558
0.166544
0.167037
0.166037
0.165229
0.206979
0.175040
0.172037
0.169039
0.174662
0.173038
0.170203
0.123956
0.161035
0.168038
0.168037
0.166742
0.167426
0.167037
0.164037
0.158035
0.158154
0.177039
0.180626
0.183041
0.159035
0.140132
0.155338
0.168104
0.167577
0.168037
0.167022
0.167734
0.166036
0.167037
0.167037
0.168125
0.167037
0.166503
0.145032
0.171039
0.171075
0.171038
0.170038
0.171357
0.170038
0.169038
0.173093
0.172038
0.170489
0.166228
0.177039
0.182174
0.183041
0.182040
0.184245
0.182551
0.080018
0.172179
0.172038
0.175039
0.178040
0.175224
0.174039
0.174534
0.173070
0.172038
0.171038
0.170038
0.168729
0.171208
0.174038
0.171583
0.173043
0.170038
0.171038
0.169038
0.170038
0.167271
0.168037
0.175102
0.174481
0.175039
0.175039
0.175039
0.172038
0.171423
0.171310
0.171078
0.164037
0.180040
0.181622
0.092021
0.166037
0.167037
0.169039
0.171038
0.165037
0.165037
0.164155
0.164393
0.166037
0.177039
0.172038
0.169038
0.169082
0.168037
0.169038
0.169037
0.169038
0.168240
0.169128
0.169037
0.169161
0.169038
0.166056
0.176039
0.176399
0.175039
0.173038
0.172143
0.172038
0.172047
0.180040
0.151034
0.133030
0.158035
0.165037
0.167036
0.168235
0.168037
0.167037
0.154034
0.168037
0.167037
0.167337
0.167046
0.169038
0.169038
0.170038
0.170038
0.169067
0.168345
0.169438
0.170038
0.170649
0.169522
0.169061
0.168175
0.169037
0.169038
0.170229
0.168453
0.170037
0.171038
0.169151
0.169337
0.168037
0.166316
0.179049
0.178040
0.177476
0.174039
0.172038
0.170038
0.174039
0.171334
0.170102
0.170045
0.170559
0.170359
0.168860
0.169037
0.169038
0.169038
0.168037
0.168459
0.164036
0.177039
0.181041
0.169149
0.169038
0.171038
0.168037
0.169131
0.163036
0.179170
0.181558
0.136455
0.154409
0.163670
0.165037
0.164577
0.165442
0.165036
0.166037
0.167037
0.166078
0.166037
0.166037
0.166249
0.166036
0.156034
0.162036
0.166037
0.164390
0.166037
0.165037
0.166037
0.165992
0.159035
0.175039
0.173038
0.173038
0.172185
0.165664
0.177039
0.144074
0.152034
0.162036
0.167037
0.166038
0.165045
0.166412
0.165036
0.166092
0.165036
0.166036
0.167151
0.165795
0.166037
0.166037
0.167037
0.167141
0.166162
0.166037
0.166037
0.151885
0.151114
0.163357
0.166037
0.167314
0.166037
0.166037
0.144233
0.171038
0.169037
0.168414
0.171530
0.173038
0.173098
0.166037
0.166037
0.158479
0.178040
0.161036
0.167037
0.166037
0.165037
0.165150
0.166903
0.165036
0.164037
0.165428
0.166044
0.165868
0.165036
0.166037
0.166037
0.125336
0.166038
0.164782
0.167229
0.165037
0.167211
0.166101
0.166037
0.167374
0.166037
0.165037
0.166037
0.165037
0.166037
0.166394
0.166037
0.167037
0.166037
0.165037
0.166037
0.166037
0.166037
0.167088
0.165037
0.166037
0.167037
0.169205
0.168037
0.168037
0.170038
0.167109
0.168214
0.170227
0.169037
0.168037
0.163298
0.177040
0.182072
0.180760
0.178542
0.177039
0.182041
0.179040
0.178317
0.176039
0.175040
0.176039
0.180039
0.179140
0.180040
0.177039
0.177039
0.178040
0.182118
0.172038
0.171004
0.169967
0.170336
0.169039
0.170038
0.168370
0.171038
0.168540
0.170053
0.170120
0.169038
0.170038
0.169989
0.171038
0.170038
0.171038
0.170048
0.169038
0.169037
0.169038
0.169037
0.170038
0.169038
0.169468
0.169038
0.168801
0.169037
0.169038
0.170038
0.170038
0.170092
0.169038
0.169037
0.171038
0.169038
0.170038
0.170038
0.170038
0.170095
0.170038
0.170038
0.169309
0.170256
0.170038
0.170038
0.169090
0.170479
0.166038
0.168038
0.171088
0.169037
0.169038
0.169038
0.169038
0.169038
0.170038
0.169037
0.169038
0.169766
0.170038
0.170038
0.170038
0.170079
0.170038
0.171038
0.170038
0.170038
0.168037
0.170038
0.168251
0.169037
0.164667
0.182040
0.183447
0.181041
0.183542
0.182040
0.183041
0.179040
0.182040
0.179040
0.176151
0.181026
0.181040
0.185020
0.183041
0.184823
0.183040
0.184041
0.181959
0.180040
0.181041
0.178591
0.181039
0.180040
0.180040
0.180040
0.181998
0.186192
0.182040
0.182040
0.180041
0.177169
0.176726
0.177039
0.177440
0.178380
0.181040
0.181671
0.182040
0.182040
0.185041
0.184660
0.184282
0.183418
0.185041
0.184041
0.181041
0.180040
0.176039
0.178039
0.184041
0.184100
0.185041
0.183040
0.183542
0.179040
0.177109
0.180040
0.181040
0.180240
0.180040
0.180580
0.180039
0.180130
0.181201
0.180250
0.178040
0.175039
0.182040
0.181386
0.181251
0.183113
0.181050
0.181040
0.181040
0.181119
0.178040
0.177274
0.178099
0.180048
0.184042
0.180040
0.177134
0.176359
0.180040
0.176039
0.180297
0.183500
0.179039
0.179040
0.183206
0.180040
0.180040
0.181109
0.177039
0.181040
0.180040
0.177039
0.176500
0.177039
0.181040
0.176040
0.180104
0.177274
0.183041
0.179039
0.178108
0.182559
0.180040
0.180479
0.175040
0.179039
0.179167
0.177039
0.176038
0.178756
0.169037
0.180040
0.176654
0.179040
0.177317
0.178040
0.179040
0.178040
0.175089
0.174038
0.172038
0.170038
0.169038
0.169038
0.167037
0.168230
0.167037
0.169037
0.170038
0.170038
0.168109
0.169274
0.170038
0.171038
0.171038
0.170038
0.171127
0.169397
0.171038
0.169102
0.171038
0.170279
0.167037
0.168244
0.168037
0.171038
0.171038
0.173038
0.168038
0.165389
0.165037
0.165037
0.170038
0.166037
0.169043
0.169278
0.168037
0.169038
0.169095
0.169037
0.168037
0.169037
0.169038
0.169037
0.168037
0.168037
0.167467
0.168037
0.169659
0.169038
0.169238
0.168037
0.167456
0.165091
0.164036
0.164036
0.166037
0.169038
0.170038
0.170038
0.170038
0.169038
0.164036
0.165037
0.165386
0.166037
0.164847
0.165543
0.164036
0.309074
0.309820
0.306069
0.333131
0.330645
0.337106
0.365510
0.323234
0.341579
0.354282
0.345608
0.335029
0.188037
0.173092
0.174039
0.175039
0.175038
0.176096
0.175286
0.172038
0.173080
0.173039
0.169038
0.177039
0.176039
0.176039
0.176453
0.177039
0.175178
0.175039
0.176129
0.174039
0.174039
0.174038
0.173127
0.172932
0.170094
0.170038
0.169037
0.206047
0.164265
0.165036
0.163534
0.165036
0.165037
0.164037
0.164090
0.165036
0.166037
0.165037
0.165036
0.163036
0.165036
0.163374
0.165036
0.166037
0.165036
0.165036
0.148252
0.165037
0.165109
0.164036
0.164036
0.166037
0.166149
0.165148
0.164037
0.165036
0.165057
0.165037
0.165975
0.166318
0.166037
0.166037
0.165037
0.166183
0.168073
0.166450
0.168037
0.166037
0.166037
0.166037
0.167037
0.167037
0.167037
0.167037
0.167037
0.168429
0.167037
0.169151
0.168037
0.167037
0.167037
0.167080
0.167037
0.167037
0.166037
0.167150
0.168037
0.166037
0.167037
0.166247
0.167037
0.168037
0.167037
0.168038
0.166054
0.166707
0.168037
0.173039
0.170038
0.168022
0.166036
0.166164
0.167037
0.167037
0.167037
0.167037
0.166037
0.166036
0.167037
0.168037
0.167199
0.168038
0.168037
0.167445
0.167037
0.166037
0.169037
0.164037
0.166037
0.167037
0.166037
0.167037
0.165037
0.169217
0.167064
0.168037
0.166037
0.167037
0.167355
0.168056
0.166465
0.167037
0.167037
0.165587
0.167037
0.167191
0.167453
0.165610
0.166551
0.167059
0.167037
0.168037
0.168246
0.166037
0.169037
0.167037
0.168113
0.168255
0.169134
0.169037
0.170038
0.170038
0.170038
0.169038
0.169057
0.170038
0.169172
0.168037
0.170038
0.169038
0.170470
0.168878
0.168037
0.167037
0.166037
0.160036
0.165776
0.174039
0.177039
0.170214
0.179039
0.182040
0.182699
0.182040
0.181040
0.177039
0.180183
0.175111
0.171039
0.173038
0.170110
0.173039
0.171038
0.170496
0.167037
0.166037
0.165037
0.164613
0.169038
0.169038
0.166551
0.164040
0.164037
0.165117
0.165037
0.164262
0.165110
0.166037
0.166037
0.167037
0.165037
0.166254
0.165036
0.164036
0.166037
0.165037
0.165037
0.164248
0.165037
0.170038
0.168037
0.168037
0.165207
0.165036
0.165037
0.165037
0.164036
0.165037
0.164036
0.164399
0.164056
0.165037
0.165037
0.164036
0.164037
0.163036
0.164037
0.163036
0.164037
0.165036
0.166037
0.165720
0.164268
0.175039
0.172038
0.170038
0.169303
0.167037
0.165037
0.166037
0.166037
0.165037
0.166076
0.165037
0.165037
0.166037
0.165037
0.166037
0.165037
0.165036
0.164060
0.165037
0.167037
0.166037
0.164346
0.165036
0.165037
0.165037
0.166104
0.166037
0.166037
0.165037
0.164221
0.166037
0.165036
0.165037
0.174140
0.171038
0.167037
0.164037
0.165036
0.166037
0.165113
0.165037
0.164037
0.166037
0.164036
0.166037
0.165167
0.166037
0.166037
0.164037
0.165037
0.166037
0.165037
0.166037
0.166037
0.171038
0.171038
0.168037
0.165912
0.166539
0.167130
0.166037
0.166037
0.167037
0.166103
0.167037
0.166037
0.167097
0.167037
0.165037
0.167206
0.167037
0.167061
0.166108
0.167037
0.166057
0.166453
0.166526
0.166101
0.168144
0.167037
0.165624
0.165431
0.166101
0.166037
0.166037
0.165037
0.167138
0.167173
0.166102
0.167325
0.167037
0.167037
0.167037
0.166804
0.171038
0.167876
0.167037
0.167231
0.165036
0.166037
0.166037
0.166037
0.165036
0.166037
0.166243
0.166651
0.165880
0.166037
0.167037
0.167037
0.166472
0.167037
0.166037
0.166037
0.166092
0.167319
0.167227
0.166358
0.166135
0.167037
0.164482
0.167137
0.166564
0.167037
0.166415
0.167037
0.167037
0.167037
0.167449
0.166037
0.168080
0.168037
0.166037
0.165037
0.165037
0.167037
0.168037
0.165780
0.166637
0.165611
0.166294
0.167037
0.167037
0.166037
0.167037
0.167037
0.166256
0.167086
0.167037
0.166141
0.167037
0.167037
0.167445
0.166037
0.167037
0.166037
0.167037
0.165037
0.167037
0.167037
0.168038
0.166037
0.166037
0.166037
0.167270
0.166037
0.165555
0.167037
0.166037
0.167037
0.167037
0.166037
0.166037
0.167037
0.166037
0.167037
0.166251
0.167037
0.163036
0.165078
0.166037
0.166893
0.167325
0.166037
0.168037
0.167037
0.166125
0.166101
0.167037
0.161036
0.166037
0.166037
0.167247
0.166037
0.167037
0.168037
0.167037
0.167037
0.165037
0.167037
0.165709
0.166037
0.166037
0.166129
0.166037
0.166075
0.167037
0.167037
0.167037
0.162688
0.179040
0.177620
0.178884
0.178040
0.179040
0.179111
0.177039
0.177259
0.176117
0.174644
0.175039
0.173674
0.173038
0.173125
0.172038
0.172312
0.171038
0.171038
0.171038
0.169038
0.169038
0.171038
0.166037
0.166037
0.167335
0.166037
0.165036
0.165037
0.167187
0.166037
0.166037
0.166037
0.168037
0.167037
0.167037
0.167037
0.166473
0.167037
0.168037
0.166037
0.167354
0.166286
0.166280
0.167037
0.166037
0.167037
0.166037
0.166037
0.166425
0.166106
0.167037
0.167037
0.166037
0.166037
0.167037
0.166407
0.167037
0.167063
0.166037
0.167037
0.166698
0.166135
0.164547
0.166037
0.166037
0.167037
0.166037
0.165037
0.167037
0.166037
0.167037
0.166037
0.166455
0.168574
0.166256
0.165431
0.168038
0.167545
0.165485
0.166037
0.166037
0.168037
0.166119
0.164475
0.166037
0.166037
0.166037
0.165461
0.166037
0.166037
0.166453
0.168037
0.167037
0.169037
0.168113
0.169269
0.167791
0.168037
0.169089
0.169037
0.168037
0.169038
0.168585
0.168224
0.169038
0.169038
0.168148
0.169037
0.169397
0.169038
0.169037
0.170038
0.169037
0.170071
0.170334
0.169577
0.170575
0.170038
0.169038
0.169491
0.171038
0.171038
0.168038
0.168037
0.169120
0.168677
0.170038
0.168037
0.170038
0.169038
0.169038
0.168349
0.171088
0.169710
0.169038
0.170038
0.170038
0.170037
0.170038
0.169231
0.170038
0.170038
0.165037
0.177122
0.178040
0.181040
0.182040
0.178040
0.179276
0.182040
0.182040
0.183041
0.178040
0.178678
0.177554
0.178041
0.182041
0.179040
0.174039
0.173038
0.171038
0.170037
0.171038
0.169038
0.167416
0.167260
0.146921
0.166037
0.166037
0.165173
0.166037
0.167037
0.166038
0.166037
0.167037
0.166037
0.165085
0.166830
0.167037
0.166037
0.166037
0.167037
0.166037
0.166090
0.166195
0.166037
0.167037
0.165055
0.166037
0.166786
0.167037
0.166037
0.166037
0.165088
0.167037
0.166037
0.167037
0.165036
0.167037
0.167037
0.166075
0.166566
0.167113
0.167037
0.165036
0.167037
0.166037
0.167045
0.166042
0.167037
0.168037
0.167103
0.167037
0.167423
0.167037
0.168485
0.169038
0.170211
0.169038
0.169013
0.168037
0.170269
0.168037
0.169038
0.168037
0.169543
0.169094
0.170038
0.169038
0.169038
0.166037
0.167037
0.167037
0.167037
0.167134
0.166037
0.163036
0.175435
0.176039
0.176039
0.173038
0.173038
0.172125
0.170038
0.168037
0.170038
0.167133
0.076017
0.077017
0.077017
0.077017
0.076170
0.075846
0.079699
0.079798
0.080018
0.080682
0.079354
0.081018
0.077017
0.077017
0.077017
0.079018
0.078778
0.076017
0.074016
0.091021
0.078010
0.076017
0.075016
0.077172
0.078017
0.079444
0.074606
0.072281
0.074468
0.074708
0.088634
0.072462
0.073016
0.077491
0.079124
0.072596
0.076546
0.084150
0.072996
0.080584
0.072016
0.071603
