2.187765
5.738799
0.165079
0.156271
0.133204
0.160188
0.159035
0.161390
0.161036
0.161607
0.162581
0.163288
0.166412
0.159084
0.170586
0.170162
0.144986
0.159693
0.162637
0.153576
0.160036
0.155648
0.163958
0.165617
0.154064
0.161454
0.163690
0.149622
0.162163
0.162221
0.113805
0.159046
0.158456
0.160106
0.157870
0.096985
0.124052
0.158589
0.158531
0.159379
0.160968
0.160931
0.161334
0.112447
0.160415
0.160652
0.159852
0.129763
0.160344
0.161567
0.160480
0.160013
0.162388
0.111634
0.132196
0.159872
0.161638
0.160209
0.161325
0.162660
0.107282
0.160953
0.159524
0.159988
0.161546
0.161415
0.162313
0.162852
0.165388
0.162447
0.165424
0.117004
0.135393
0.159648
0.159961
0.161900
0.162719
0.165037
0.136030
0.132188
0.161055
0.160840
0.159946
0.161775
0.162184
0.165345
0.166177
0.156945
0.163697
0.143421
0.163166
0.167233
0.166943
0.168838
0.171729
0.170955
0.165902
0.160480
0.162489
0.161719
0.162541
0.162046
0.160597
0.162410
0.161814
0.162878
0.143114
0.163349
0.168323
0.171583
0.176085
0.173000
0.166045
0.161368
0.161289
0.162092
0.162730
0.161764
0.163314
0.162220
0.163412
0.165177
0.166710
0.156301
0.167019
0.168938
0.176180
0.170356
0.162104
0.163078
0.163013
0.163694
0.165540
0.164075
0.163312
0.167069
0.170224
0.173075
0.177206
0.166437
0.168752
0.162629
0.163460
0.165227
0.165156
0.164444
0.162630
0.165081
0.167521
0.169598
0.173255
0.176712
0.170099
0.165140
0.163408
0.162526
0.147149
0.166008
0.165921
0.164616
0.162499
0.165130
0.172240
0.166312
0.163611
0.165063
0.164680
0.164973
0.164465
0.163544
0.164953
0.166477
0.169044
0.153037
0.165054
0.165173
0.167826
0.167280
0.170420
0.174434
0.168682
0.162566
0.163499
0.163593
0.162559
0.164445
0.162922
0.162940
0.163022
0.165194
0.152261
0.163956
0.164609
0.167213
0.169086
0.171467
0.174240
0.173790
0.163405
0.169142
0.173038
0.170277
0.174523
0.163397
0.163633
0.162376
0.158548
0.164357
0.162599
0.164218
0.164426
0.166813
0.169049
0.169613
0.169019
0.172244
0.174300
0.167688
0.163480
0.163451
0.163016
0.164342
0.164441
0.135102
0.162263
0.163914
0.164270
0.164158
0.134523
0.164032
0.162618
0.163048
0.163241
0.164444
0.168199
0.168676
0.167708
0.172738
0.172690
0.170494
0.167734
0.169287
0.165848
0.162401
0.163406
0.164003
0.163654
0.162507
0.163088
0.162348
0.163450
0.164070
0.175567
0.172734
0.171512
0.164930
0.161461
0.144388
0.170530
0.165778
0.164824
0.163654
0.162309
0.161516
0.163237
0.163681
0.161573
0.162978
0.161995
0.164573
0.167738
0.171088
0.174173
0.171139
0.174039
0.173543
0.166122
0.161874
0.161898
0.162262
0.164666
0.163760
0.162452
0.163724
0.162817
0.163384
0.162570
0.106194
0.164604
0.162989
0.162594
0.162706
0.126930
0.162775
0.164074
0.163206
0.162559
0.161871
0.165242
0.165741
0.165108
0.166945
0.165564
0.168768
0.166673
0.167037
0.165486
0.161884
0.162260
0.148202
0.163267
0.164748
0.162595
0.162776
0.162715
0.161759
0.162704
0.162765
0.163650
0.161538
0.162275
0.162504
0.161453
0.164810
0.175727
0.174477
0.170806
0.174153
0.170918
0.166992
0.162225
0.163248
0.164162
0.164537
0.163178
0.163522
0.163489
0.164679
0.164264
0.162575
0.163814
0.162588
0.165843
0.166056
0.149270
0.164149
0.163885
0.164196
0.164261
0.166438
0.166014
0.165025
0.167598
0.168913
0.168873
0.170283
0.168970
0.167583
0.169691
0.170115
0.168184
0.160866
0.163157
0.162435
0.164798
0.165445
0.163999
0.161457
0.161315
0.163043
0.162542
0.145136
0.161550
0.162058
0.163097
0.162403
0.165008
0.165284
0.169458
0.164083
0.171268
0.170028
0.166319
0.163279
0.162999
0.164860
0.163797
0.163986
0.163657
0.162461
0.163809
0.164719
0.162631
0.163941
0.165200
0.164950
0.157683
0.165915
0.166811
0.165571
0.169170
0.170322
0.170536
0.170442
0.172115
0.176667
0.175333
0.173781
0.168806
0.162239
0.163127
0.164348
0.164380
0.154294
0.165148
0.162681
0.163499
0.163799
0.164305
0.164235
0.165579
0.166094
0.165515
0.168703
0.167252
0.168975
0.170023
0.170213
0.168283
0.170553
0.169084
0.151025
0.166686
0.167657
0.168015
0.169382
0.169158
0.170278
0.169430
0.173089
0.175727
0.177459
0.173727
0.171431
0.168726
0.162225
0.161944
0.164221
0.145618
0.164529
0.166237
0.164037
0.160652
0.163232
0.164102
0.164231
0.162077
0.165044
0.164290
0.165974
0.165490
0.166767
0.167879
0.167295
0.166569
0.167228
0.150033
0.162765
0.168532
0.166371
0.166609
0.168793
0.168270
0.171040
0.178464
0.177507
0.172169
0.168215
0.162488
0.163454
0.163548
0.164905
0.162152
0.155924
0.163382
0.162430
0.165575
0.162886
0.164011
0.163355
0.163908
0.165457
0.164651
0.165162
0.165211
0.166113
0.166460
0.165519
0.167714
0.168201
0.167922
0.157854
0.165124
0.165135
0.170642
0.170601
0.171693
0.171389
0.178220
0.172727
0.171718
0.169216
0.165600
0.163910
0.162163
0.163941
0.163127
0.162964
0.152205
0.163193
0.164075
0.149228
0.165504
0.164066
0.165625
0.164658
0.165317
0.164762
0.166725
0.164952
0.165062
0.166209
0.165990
0.167104
0.168146
0.165617
0.135543
0.162512
0.164620
0.163833
0.164879
0.166656
0.166317
0.167225
0.167180
0.167879
0.169106
0.167727
0.167693
0.166453
0.168598
0.167945
0.170702
0.168709
0.159173
0.164095
0.165448
0.141484
0.166658
0.165500
0.164866
0.165790
0.166916
0.167942
0.166042
0.166162
0.167573
0.168088
0.169067
0.167188
0.169693
0.168250
0.150697
0.163409
0.166273
0.165897
0.170820
0.170041
0.171090
0.168738
0.168218
0.170369
0.172437
0.169918
0.175470
0.172143
0.169022
0.165930
0.153192
0.173911
0.168604
0.172067
0.168939
0.170925
0.174868
0.173705
0.168880
0.163758
0.163572
0.165008
0.162916
0.164531
0.164216
0.163171
0.164155
0.164286
0.160121
0.137193
0.163193
0.163273
0.162833
0.163231
0.171161
0.169321
0.171483
0.169580
0.170429
0.169762
0.097878
0.163553
0.163721
0.161551
0.164170
0.163296
0.163345
0.142561
0.164106
0.163323
0.163353
0.163846
0.163669
0.164296
0.163656
0.165019
0.164677
0.165376
0.165141
0.165180
0.164523
0.165900
0.166614
0.167718
0.167787
0.151419
0.164210
0.164006
0.165084
0.164734
0.167444
0.166897
0.168739
0.168704
0.169306
0.171550
0.170664
0.170524
0.171746
0.172171
0.173379
0.171635
0.175090
0.167985
0.168450
0.172181
0.174802
0.172055
0.171123
0.165985
0.163202
0.163734
0.163750
0.163849
0.163589
0.162518
0.163146
0.164454
0.164138
0.163815
0.156605
0.163233
0.163789
0.163305
0.166280
0.165962
0.168982
0.171900
0.167557
0.170924
0.171461
0.171494
0.172116
0.173011
0.174763
0.179063
0.175768
0.167719
0.176383
0.172721
0.167998
0.163150
0.163966
0.164607
0.164644
0.164303
0.163193
0.164016
0.164671
0.165687
0.165300
0.166314
0.163883
0.165679
0.166824
0.163474
0.165446
0.165967
0.164334
0.165535
0.165776
0.166909
0.169088
0.172431
0.173107
0.171989
0.177770
0.172744
0.170981
0.173086
0.169873
0.164226
0.158607
0.168401
0.163532
0.163275
0.162785
0.164928
0.164963
0.164670
0.168539
0.164748
0.164774
0.165078
0.165300
0.165936
0.165606
0.166671
0.167741
0.168423
0.140711
0.164001
0.163275
0.166145
0.166847
0.166509
0.166798
0.165012
0.168995
0.167385
0.167480
0.167713
0.143566
0.162151
0.163973
0.165219
0.166078
0.165308
0.147042
0.163045
0.164729
0.164863
0.165682
0.166564
0.166770
0.151747
0.166914
0.168649
0.168556
0.168113
0.168355
0.167689
0.167254
0.168613
0.168336
0.168683
0.163237
0.164257
0.164997
0.165453
0.165995
0.165062
0.165752
0.166091
0.167538
0.168180
0.167732
0.168411
0.166992
0.168954
0.171997
0.169736
0.170159
0.154633
0.146670
0.163407
0.164991
0.164274
0.165449
0.165489
0.165859
0.165928
0.168349
0.171670
0.171079
0.170345
0.169854
0.170803
0.172983
0.170917
0.177335
0.177938
0.153385
0.165702
0.164649
0.165611
0.166687
0.167740
0.167702
0.167797
0.177486
0.173818
0.168142
0.164564
0.162881
0.164937
0.164359
0.164515
0.164486
0.122964
0.160061
0.163812
0.164234
0.163534
0.162431
0.164232
0.163689
0.164251
0.165503
0.166576
0.165356
0.167103
0.167953
0.168561
0.167357
0.168444
0.167793
0.159316
0.166101
0.165408
0.165636
0.165972
0.166534
0.166928
0.168170
0.166873
0.173301
0.171820
0.165163
0.163437
0.163973
0.163899
0.163926
0.164177
0.147857
0.163725
0.164814
0.163641
0.162091
0.164732
0.163901
0.162036
0.165671
0.167048
0.167621
0.173971
0.179021
0.178937
0.174992
0.170851
0.165398
0.153666
0.168520
0.165169
0.164383
0.166041
0.162674
0.164373
0.162858
0.163417
0.162963
0.162342
0.169583
0.174691
0.179982
0.175939
0.171671
0.169196
0.160553
0.164067
0.165401
0.163585
0.163196
0.163649
0.162775
0.163642
0.164076
0.164518
0.164732
0.163868
0.170785
0.165012
0.164509
0.163847
0.164481
0.145611
0.164597
0.164083
0.164598
0.164369
0.164565
0.166111
0.165794
0.165961
0.169169
0.166962
0.168505
0.170460
0.170123
0.165274
0.163278
0.163551
0.151682
0.165437
0.163130
0.163417
0.162727
0.164697
0.163787
0.164989
0.163707
0.163724
0.166089
0.175535
0.170749
0.168602
0.162004
0.165411
0.164475
0.142324
0.164786
0.163891
0.162723
0.163247
0.163664
0.164547
0.162881
0.162914
0.164551
0.163412
0.163972
0.165494
0.165855
0.165837
0.169638
0.168195
0.168364
0.157006
0.166360
0.164887
0.166783
0.166829
0.167854
0.168661
0.168258
0.169554
0.169352
0.170498
0.170737
0.171483
0.172270
0.173812
0.176814
0.171852
0.167091
0.165148
0.162779
0.165492
0.164463
0.164057
0.163483
0.163543
0.164596
0.164718
0.164885
0.164883
0.163177
0.162609
0.166534
0.166222
0.168771
0.173639
0.139032
0.164021
0.164059
0.164413
0.166851
0.166535
0.165865
0.165466
0.167072
0.166679
0.167917
0.144289
0.163616
0.164327
0.164774
0.165994
0.168399
0.167694
0.159903
0.166466
0.165313
0.166613
0.166420
0.167148
0.167341
0.169360
0.167763
0.166231
0.166597
0.167153
0.170468
0.170003
0.170837
0.171751
0.169158
0.159422
0.175140
0.169529
0.163680
0.164281
0.163432
0.166032
0.164577
0.164001
0.163229
0.163470
0.165174
0.164784
0.164712
0.164469
0.165706
0.164824
0.178902
0.167462
0.170032
0.172225
0.179376
0.177780
0.171527
0.170645
0.163147
0.164387
0.165432
0.165215
0.163504
0.164549
0.163460
0.163788
0.163650
0.164801
0.175952
0.178469
0.172707
0.169808
0.164279
0.163923
0.165439
0.166268
0.163435
0.162912
0.164433
0.165077
0.164598
0.163562
0.163902
0.162660
0.164993
0.160333
0.171489
0.170591
0.170693
0.171932
0.174485
0.171623
0.178560
0.175658
0.172402
0.168266
0.165278
0.163608
0.163800
0.164235
0.164288
0.164622
0.130825
0.165205
0.166841
0.165577
0.163843
0.163728
0.165466
0.164702
0.166253
0.165141
0.167279
0.166554
0.167191
0.168659
0.168323
0.167986
0.171438
0.171381
0.149220
0.162963
0.170376
0.168248
0.172051
0.171672
0.170295
0.168685
0.144376
0.163378
0.164223
0.166155
0.165912
0.164933
0.167001
0.169031
0.167898
0.168742
0.158569
0.166101
0.168722
0.168014
0.169046
0.166499
0.169677
0.168310
0.166767
0.171943
0.169141
0.170121
0.170811
0.171669
0.171681
0.168489
0.173940
0.172894
0.174210
0.177038
0.176651
0.172607
0.166172
0.163130
0.163087
0.164212
0.163884
0.163726
0.164277
0.163908
0.164465
0.163648
0.164582
0.163284
0.162733
0.137002
0.164740
0.163997
0.165453
0.165329
0.167341
0.166536
0.166906
0.166539
0.166970
0.169727
0.167073
0.169143
0.168443
0.169207
0.170870
0.170510
0.172025
0.146783
0.163495
0.165711
0.169137
0.167599
0.169121
0.168252
0.171234
0.170188
0.172849
0.170572
0.172530
0.176465
0.178989
0.176502
0.171347
0.167800
0.157223
0.171606
0.168814
0.164111
0.167186
0.164710
0.166009
0.165978
0.167079
0.168727
0.169118
0.168031
0.169955
0.171887
0.169177
0.172022
0.173959
0.175814
0.175887
0.178470
0.176192
0.172149
0.164684
0.163728
0.164356
0.164286
0.164980
0.166226
0.164387
0.156861
0.164003
0.164328
0.165194
0.165580
0.166240
0.157137
0.166661
0.167555
0.166749
0.169681
0.179589
0.177397
0.171867
0.168015
0.164780
0.164305
0.164984
0.164890
0.164459
0.154885
0.163676
0.164522
0.143021
0.164862
0.164352
0.164309
0.163601
0.164664
0.171296
0.170513
0.171603
0.171301
0.171725
0.172691
0.172329
0.171008
0.170623
0.171342
0.173905
0.175292
0.158401
0.165287
0.166174
0.167605
0.167873
0.170744
0.179607
0.176535
0.173937
0.167278
0.163066
0.164892
0.164189
0.164649
0.132899
0.166921
0.162528
0.154006
0.166384
0.164443
0.165142
0.163496
0.162966
0.161430
0.175496
0.177432
0.173394
0.168450
0.164507
0.165381
0.166649
0.164707
0.163850
0.164484
0.134595
0.164646
0.164895
0.164786
0.165227
0.163283
0.163915
0.164443
0.167095
0.164536
0.165663
0.165941
0.165712
0.165724
0.166713
0.166302
0.165589
0.166982
0.154889
0.164140
0.165820
0.166485
0.166390
0.165262
0.166146
0.165677
0.173361
0.170450
0.173075
0.174871
0.176191
0.176607
0.179761
0.175836
0.171872
0.166817
0.170145
0.165264
0.165017
0.165601
0.163858
0.164926
0.161508
0.164438
0.167727
0.166097
0.165546
0.167293
0.165604
0.165901
0.166250
0.165991
0.166037
0.150152
0.163919
0.164036
0.166235
0.167400
0.165978
0.165707
0.164780
0.166529
0.169438
0.168483
0.166243
0.168232
0.169487
0.168849
0.168617
0.169094
0.168076
0.146465
0.163896
0.165196
0.166566
0.167057
0.166438
0.164852
0.166661
0.167986
0.174513
0.180257
0.173884
0.177969
0.174492
0.169406
0.165036
0.163252
0.150556
0.165835
0.165371
0.165017
0.163614
0.163893
0.164647
0.164825
0.163834
0.164890
0.168744
0.167502
0.167390
0.168472
0.168670
0.168185
0.168757
0.170238
0.149298
0.164151
0.165540
0.166245
0.164198
0.165792
0.165895
0.165109
0.166215
0.167068
0.169211
0.168721
0.169038
0.168780
0.168667
0.170254
0.171220
0.168118
0.155982
0.164918
0.165230
0.165756
0.166345
0.166807
0.168937
0.168510
0.168106
0.170173
0.164256
0.163624
0.165201
0.165152
0.163857
0.165082
0.164088
0.152301
0.163889
0.164267
0.165158
0.164508
0.164615
0.166440
0.166548
0.166701
0.166084
0.166589
0.178870
0.178050
0.173074
0.170695
0.164989
0.164053
0.147980
0.168624
0.161855
0.165105
0.162252
0.161330
0.166204
0.164903
0.164056
0.163905
0.165149
0.165641
0.170146
0.168442
0.168197
0.168365
0.180346
0.174893
0.176639
0.173446
0.169278
0.163778
0.164337
0.164199
0.164086
0.164886
0.163862
0.163394
0.165197
0.165531
0.165606
0.165208
0.166171
0.165354
0.164583
0.150975
0.155173
0.165012
0.166437
0.165705
0.165965
0.166373
0.165597
0.166661
0.165568
0.165644
0.166131
0.165982
0.175143
0.175630
0.170413
0.166239
0.159527
0.163985
0.164399
0.165419
0.164579
0.164035
0.164335
0.164554
0.163681
0.164200
0.165150
0.166178
0.165454
0.166897
0.170840
0.169110
0.172534
0.173602
0.167287
0.171867
0.170726
0.171125
0.174339
0.173905
0.174573
0.180287
0.177223
0.173916
0.169428
0.163859
0.163311
0.163922
0.166534
0.164813
0.164454
0.156516
0.163644
0.164841
0.164291
0.164454
0.162405
0.165132
0.165944
0.166136
0.168518
0.167508
0.167403
0.167267
0.169027
0.169385
0.179251
0.174642
0.173094
0.170886
0.165925
0.164527
0.164452
0.163252
0.164254
0.163633
0.163246
0.163432
0.164006
0.165971
0.164049
0.163881
0.164120
0.166327
0.173168
0.174285
0.151915
0.165907
0.165925
0.166190
0.167399
0.165395
0.164425
0.166720
0.165621
0.166646
0.167866
0.169425
0.168368
0.168965
0.168254
0.166785
0.174671
0.172481
0.168736
0.169590
0.174240
0.174805
0.177483
0.179849
0.165837
0.163796
0.163294
0.163223
0.163776
0.165197
0.163947
0.163983
0.163781
0.164351
0.168102
0.155320
0.164363
0.166914
0.165522
0.166360
0.167350
0.165273
0.167077
0.166724
0.165662
0.166301
0.165664
0.166396
0.167432
0.168609
0.168284
0.168839
0.176275
0.177544
0.172686
0.169562
0.163665
0.159874
0.165749
0.165686
0.164142
0.162683
0.163973
0.165072
0.164956
0.166688
0.166703
0.165597
0.167530
0.167697
0.162237
0.167106
0.168862
0.167881
0.168444
0.170533
0.169253
0.167197
0.169413
0.169408
0.168972
0.169742
0.168617
0.169684
0.170055
0.171463
0.089079
0.163375
0.141509
0.164306
0.164228
0.164410
0.165642
0.164255
0.163687
0.163743
0.164690
0.163119
0.163901
0.164676
0.165441
0.165702
0.165698
0.166704
0.166372
0.164862
0.085577
0.165264
0.164392
0.162489
0.164394
0.163705
0.165002
0.163687
0.165910
0.163466
0.165528
0.163388
0.165639
0.163532
0.111129
0.163421
0.164363
0.164257
0.148815
0.164270
0.164146
0.162572
0.166251
0.166636
0.166565
0.166032
0.165433
0.165773
0.170977
0.171122
0.167391
0.166145
0.167225
0.166625
0.167312
0.168428
0.162454
0.169627
0.170124
0.168943
0.168353
0.169898
0.170035
0.169187
0.167696
0.168761
0.169236
0.168792
0.170197
0.170081
0.168189
0.167589
0.168535
0.180523
0.171104
0.164458
0.164036
0.164036
0.145344
0.168156
0.159035
0.164037
0.145034
0.162601
0.165067
0.164036
0.164583
0.163305
0.164037
0.163451
0.164183
0.114269
0.166475
0.147861
0.163037
0.163224
0.167814
0.167037
0.165037
0.167037
0.164638
0.165036
0.166201
0.166771
0.165680
0.165390
0.165738
0.165133
0.166273
0.136540
0.165081
0.163707
0.165004
0.164953
0.165926
0.137335
0.165160
0.163797
0.163939
0.165238
0.164766
0.165736
0.165498
0.165295
0.167925
0.168895
0.168723
0.165134
0.171439
0.170147
0.170610
0.171249
0.171537
0.172090
0.170521
0.170466
0.171226
0.171750
0.171129
0.171715
0.170601
0.170659
0.170857
0.171443
0.170733
0.157155
0.174454
0.175044
0.178712
0.179697
0.174492
0.174848
0.171653
0.166274
0.163218
0.163913
0.165495
0.163554
0.164191
0.164948
0.164701
0.164521
0.124789
0.164590
0.162697
0.163332
0.164862
0.163024
0.164708
0.163949
0.163074
0.163709
0.162749
0.163994
0.164033
0.162491
0.164116
0.165001
0.165550
0.166067
0.143820
0.163403
0.164892
0.165337
0.167246
0.165272
0.165161
0.165608
0.168565
0.167965
0.169033
0.169237
0.168365
0.177301
0.176893
0.173627
0.172342
0.165425
0.172156
0.169077
0.164006
0.162587
0.163460
0.162639
0.164124
0.163684
0.165191
0.162761
0.163733
0.164467
0.164787
0.166211
0.165994
0.166568
0.166054
0.155972
0.163752
0.164328
0.173182
0.175567
0.176354
0.174144
0.170414
0.172223
0.170552
0.170225
0.170095
0.168499
0.169607
0.170340
0.169625
0.172230
0.172556
0.150738
0.163923
0.163975
0.170794
0.171279
0.171815
0.170604
0.170263
0.169058
0.168858
0.168551
0.169049
0.167572
0.167626
0.167144
0.167505
0.168277
0.168218
0.163421
0.165353
0.166036
0.169279
0.168661
0.167638
0.168606
0.167713
0.168738
0.166737
0.168518
0.167739
0.168037
0.166891
0.168643
0.167351
0.166367
0.166510
0.151055
0.164144
0.168969
0.170516
0.172206
0.172386
0.171665
0.172747
0.171641
0.169765
0.169969
0.171437
0.171616
0.171512
0.172418
0.176476
0.177119
0.174146
0.155993
0.165738
0.165904
0.170598
0.170399
0.168956
0.167230
0.169281
0.169959
0.168656
0.167745
0.167538
0.168844
0.167059
0.166658
0.166450
0.166341
0.167073
0.159036
0.166416
0.166036
0.171831
0.171556
0.171768
0.172039
0.171423
0.172342
0.170725
0.170847
0.171378
0.168404
0.167701
0.169877
0.167560
0.168475
0.165203
0.147052
0.163929
0.165226
0.178196
0.176289
0.174728
0.172565
0.172195
0.165259
0.168749
0.157487
0.174379
0.176014
0.173846
0.173847
0.168639
0.168527
0.160161
0.162916
0.162991
0.162577
0.164296
0.165565
0.164587
0.163742
0.163868
0.163257
0.165817
0.163092
0.163208
0.164595
0.167415
0.172143
0.171791
0.171503
0.146201
0.164774
0.164325
0.164796
0.169076
0.170337
0.170450
0.171910
0.171256
0.169979
0.170841
0.170901
0.170867
0.168914
0.169289
0.171046
0.169907
0.169113
0.155105
0.166065
0.166258
0.166491
0.170161
0.168409
0.168878
0.169029
0.169690
0.170267
0.170399
0.168529
0.169556
0.169549
0.169222
0.170191
0.168987
0.168739
0.149014
0.164236
0.165206
0.166075
0.169411
0.168980
0.171458
0.170180
0.169351
0.169189
0.171265
0.170369
0.168050
0.170500
0.169259
0.169584
0.169853
0.168783
0.163899
0.166475
0.165894
0.167147
0.173167
0.170781
0.170123
0.172525
0.175776
0.173842
0.175759
0.175564
0.170021
0.171844
0.170038
0.169151
0.168081
0.173211
0.158041
0.165524
0.167022
0.168014
0.176798
0.176758
0.176882
0.176522
0.172052
0.172425
0.173460
0.172595
0.173130
0.170368
0.172284
0.171832
0.173438
0.171578
0.154895
0.166782
0.165991
0.166404
0.178619
0.176886
0.173448
0.168883
0.164732
0.160748
0.163688
0.164926
0.163866
0.165251
0.163196
0.163637
0.164361
0.147106
0.164830
0.163636
0.164167
0.164327
0.166571
0.166303
0.166502
0.166279
0.166622
0.165538
0.166912
0.167255
0.165906
0.166668
0.166509
0.167130
0.167582
0.169400
0.172966
0.173366
0.169920
0.173613
0.175123
0.178188
0.174317
0.171386
0.163672
0.165090
0.164339
0.165532
0.165203
0.165140
0.164570
0.164692
0.142520
0.163592
0.163329
0.164594
0.164593
0.164716
0.165704
0.164025
0.164237
0.165682
0.164428
0.165901
0.166557
0.166995
0.166500
0.166789
0.166469
0.165849
0.156786
0.163826
0.164778
0.164804
0.165332
0.166801
0.172150
0.170569
0.171038
0.170038
0.169193
0.170387
0.172039
0.171121
0.170451
0.171014
0.167695
0.166565
0.160076
0.165134
0.165909
0.166412
0.166906
0.167777
0.176954
0.176662
0.179533
0.177624
0.172354
0.169560
0.165267
0.166271
0.165104
0.166167
0.166126
0.154912
0.164765
0.165243
0.165681
0.166080
0.165318
0.164680
0.167392
0.165620
0.167779
0.167110
0.165915
0.167877
0.166633
0.167422
0.169003
0.166993
0.167108
0.097337
0.159322
0.165170
0.165579
0.166427
0.166535
0.164476
0.167283
0.165055
0.165642
0.165478
0.167068
0.167858
0.145629
0.165677
0.165798
0.165634
0.166398
0.146092
0.167180
0.165411
0.164906
0.165649
0.167006
0.167595
0.171923
0.172707
0.171677
0.168879
0.166660
0.168714
0.168484
0.168944
0.171166
0.171679
0.168289
0.153474
0.163141
0.165519
0.171788
0.171217
0.167758
0.166037
0.169002
0.172773
0.171439
0.171072
0.168988
0.168796
0.168547
0.169262
0.167396
0.168050
0.166013
0.159146
0.163674
0.165722
0.170673
0.170533
0.171704
0.170188
0.176991
0.179973
0.178514
0.174832
0.173156
0.171971
0.167310
0.163894
0.164014
0.164981
0.155166
0.165213
0.163419
0.163892
0.164549
0.164839
0.163730
0.165558
0.164508
0.164362
0.163339
0.166635
0.167087
0.167988
0.167326
0.168346
0.169059
0.143171
0.149456
0.167248
0.165893
0.167222
0.165395
0.167190
0.166603
0.166854
0.167201
0.166543
0.165395
0.168273
0.170817
0.170985
0.167708
0.167683
0.167113
0.167874
0.147375
0.164264
0.165238
0.162667
0.165000
0.165740
0.111011
0.165530
0.165046
0.164534
0.164980
0.122150
0.164603
0.164831
0.165320
0.164992
0.165392
0.164142
0.123851
0.164538
0.164254
0.164157
0.162954
0.164750
0.163178
0.163805
0.164849
0.164278
0.163985
0.163248
0.164409
0.165071
0.165366
0.166399
0.167212
0.167726
0.160221
0.164814
0.165944
0.165094
0.166380
0.165462
0.167902
0.167077
0.169216
0.169936
0.168047
0.170036
0.171546
0.173537
0.173013
0.173948
0.167705
0.169767
0.148936
0.164935
0.164247
0.165669
0.166123
0.168354
0.169955
0.170965
0.178467
0.178307
0.176595
0.175377
0.179410
0.177184
0.175854
0.171715
0.169015
0.164352
0.175595
0.172077
0.169329
0.163549
0.164404
0.162734
0.165385
0.163611
0.167019
0.164098
0.166187
0.166534
0.167581
0.167839
0.166340
0.166911
0.167736
0.126367
0.166268
0.164371
0.164274
0.163836
0.165239
0.164488
0.165735
0.163912
0.167871
0.167542
0.167944
0.167115
0.166439
0.166693
0.168475
0.167617
0.167255
0.160822
0.166965
0.167403
0.167160
0.167603
0.167567
0.167001
0.166696
0.167557
0.169803
0.167554
0.169418
0.167259
0.167422
0.166770
0.167747
0.167299
0.167485
0.146917
0.164824
0.165533
0.164964
0.164657
0.167182
0.167163
0.167120
0.168665
0.168014
0.169878
0.170121
0.170341
0.169447
0.168321
0.168762
0.168961
0.170130
0.153668
0.165136
0.165667
0.168542
0.167628
0.166221
0.167744
0.167685
0.168353
0.173263
0.172878
0.173313
0.172451
0.172154
0.171710
0.171520
0.171646
0.157156
0.162564
0.167360
0.167687
0.166965
0.167126
0.169095
0.167905
0.169247
0.168617
0.179287
0.181662
0.179490
0.176039
0.169639
0.168933
0.165579
0.166092
0.152565
0.172409
0.166295
0.166003
0.165367
0.165689
0.165624
0.164865
0.165846
0.165490
0.167062
0.167339
0.165993
0.165391
0.166668
0.165719
0.166114
0.166758
0.138975
0.166593
0.165128
0.160282
0.164838
0.166001
0.164839
0.166920
0.166921
0.168164
0.170322
0.171147
0.169684
0.169610
0.169148
0.171099
0.169348
0.168699
0.163504
0.166833
0.167770
0.169221
0.168284
0.167797
0.106402
0.167213
0.166222
0.166857
0.168529
0.166301
0.166309
0.166329
0.167048
0.167695
0.167551
0.167959
0.155047
0.166445
0.166275
0.167068
0.167877
0.168793
0.168523
0.168090
0.167780
0.168462
0.172819
0.174303
0.174818
0.173784
0.173173
0.172791
0.174708
0.172132
0.149760
0.165374
0.165980
0.168292
0.167807
0.168843
0.169683
0.169469
0.170088
0.168900
0.177731
0.176822
0.175673
0.173907
0.166894
0.167133
0.166883
0.151073
0.169228
0.166344
0.168494
0.166922
0.167665
0.169081
0.167571
0.165661
0.167187
0.171033
0.172723
0.174360
0.175966
0.169950
0.174422
0.173615
0.171035
0.155936
0.165430
0.166355
0.166423
0.168115
0.170596
0.169676
0.169153
0.167082
0.165909
0.167424
0.175784
0.177340
0.179541
0.182140
0.180676
0.176562
0.168713
0.173075
0.170956
0.169557
0.170182
0.170692
0.166448
0.165647
0.164708
0.165131
0.165081
0.165714
0.168646
0.168167
0.166028
0.167383
0.168047
0.167780
0.155148
0.164906
0.165427
0.167520
0.168078
0.167660
0.167962
0.168006
0.097517
0.154245
0.168149
0.165349
0.167098
0.165047
0.166252
0.166184
0.166053
0.165190
0.166305
0.166234
0.174248
0.172847
0.174301
0.171765
0.172803
0.173030
0.171086
0.173976
0.171854
0.174607
0.175318
0.174847
0.168632
0.157649
0.078097
0.077438
0.078605
0.076241
0.075145
0.073016
0.076017
0.077159
0.076532
0.077016
0.077341
0.075921
0.076691
0.076676
0.077374
0.076066
0.080180
0.076195
0.074080
0.100165
0.077181
0.083162
0.082088
0.077946
0.077901
0.076036
0.072783
0.072016
0.071902
0.072348
0.071921
0.072094
0.071222
0.089328
0.071095
0.072814
0.072538
0.073368
0.071607
0.072384
0.072017
0.072813
0.069427
0.072877
0.073041
0.073014
0.071613
0.073135
0.071896
0.072055
0.072262
0.071557
0.072723
0.071514
0.072877
0.072430
0.073447
0.072435
0.070980
0.072016
0.076663
0.071466
0.073898
0.071468
0.074631
0.086658
0.071016
0.073315
0.072058
0.073497
0.088541
0.073016
0.074180
0.071822
0.072915
0.072628
0.072476
0.072801
0.077024
0.071858
0.073689
0.072069
0.073015
0.072016
0.073457
0.071514
0.071886
0.070504
0.074544
0.071477
0.072381
0.072884
0.071210
0.071016
0.073486
0.072017
0.071789
0.073592
0.071747
0.081177
0.078183
0.080661
0.073024
0.072768
0.071314
0.074181
0.071080
0.073063
0.069831
0.076886
0.070932
0.072016
0.071015
0.072459
0.072569
0.070720
0.073787
0.071773
0.070130
0.072593
0.073324
0.072355
0.070016
0.071640
0.070081
0.073009
0.074356
0.088825
0.072048
0.070710
0.070827
0.070601
0.075529
0.071769
0.070750
0.070594
0.070207
0.070614
0.070962
0.071521
0.071015
0.071206
0.095303
0.082228
0.089020
0.090020
0.111472
0.126028
0.169491
0.169037
0.130029
0.109338
0.156223
0.167037
0.163037
0.143064
0.155508
0.155034
0.137030
0.156304
0.157034
0.154366
0.127028
0.148034
0.174039
0.137625
0.101022
0.162037
0.175040
0.144032
0.113025
0.156035
0.156035
0.156034
0.156034
0.158366
0.158159
0.156033
0.155228
0.153361
0.157045
0.156101
0.160034
0.163447
0.162036
0.161036
0.168122
0.167253
0.165037
0.165547
0.165298
0.165037
0.165037
0.163010
0.162036
0.155508
0.156035
0.157100
0.156034
0.156035
0.156335
0.157035
0.156487
0.139031
0.156468
0.155502
0.157035
0.155141
0.160036
0.154783
0.179040
0.172038
0.179545
0.179040
0.173039
0.169038
0.167124
0.160048
0.158035
0.157035
0.158035
0.157035
0.127026
0.155034
0.141032
0.160130
0.163396
0.164036
0.164037
0.163310
0.157119
0.156385
0.156035
0.156035
0.158035
0.157498
0.156034
0.160074
0.162639
0.162036
0.161036
0.169038
0.167262
0.166037
0.164036
0.164037
0.164037
0.162036
0.158034
0.157034
0.157404
0.157035
0.158035
0.157094
0.157095
0.157083
0.156035
0.157035
0.143032
0.169145
0.168038
0.165481
0.158507
0.155497
0.157106
0.156034
0.159035
0.158036
0.157035
0.156034
0.156055
0.158035
0.156340
0.157418
0.155715
0.157613
0.132029
0.160427
0.161160
0.161036
0.161341
0.160035
0.161036
0.161227
0.158449
0.155353
0.156035
0.157035
0.156035
0.156035
0.157043
0.155034
0.158036
0.156034
0.124027
0.155056
0.155034
0.158332
0.160035
0.161315
0.161413
0.161036
0.157034
0.160035
0.161036
0.161658
0.162036
0.162284
0.162035
0.162286
0.163037
0.160294
0.168447
0.174038
0.171018
0.175249
0.176039
0.177245
0.180040
0.176039
0.173038
0.171038
0.169037
0.170038
0.169235
0.167037
0.167037
0.164037
0.165331
0.166375
0.162036
0.169050
0.169037
0.169175
0.167037
0.154462
0.154034
0.155106
0.172205
0.172108
0.167038
0.162144
0.158035
0.158035
0.157086
0.158060
0.158035
0.157036
0.139031
0.157325
0.157090
0.157034
0.157034
0.157148
0.159300
0.157035
0.159319
0.158431
0.158035
0.159372
0.156034
0.159035
0.158035
0.159035
0.157496
0.159036
0.144032
0.158059
0.159247
0.158035
0.159035
0.158035
0.159035
0.159036
0.162036
0.159034
0.159332
0.159035
0.158426
0.158035
0.159479
0.159035
0.159035
0.159079
0.145307
0.159035
0.159035
0.160035
0.160296
0.161067
0.159036
0.159474
0.161036
0.160035
0.159272
0.159036
0.158377
0.158325
0.159428
0.158762
0.159036
0.159035
0.140542
0.158384
0.160036
0.159035
0.160404
0.159368
0.160262
0.160035
0.161220
0.159291
0.150033
0.160036
0.157953
0.159431
0.159036
0.160126
0.159209
0.159549
0.155034
0.159704
0.161063
0.158823
0.159035
0.160529
0.160036
0.159168
0.162036
0.160036
0.161035
0.159454
0.159035
0.159461
0.160035
0.160043
0.160444
0.160269
0.157716
0.160036
0.162036
0.160293
0.160536
0.161035
0.159336
0.161036
0.163036
0.161708
0.160382
0.160036
0.161270
0.161036
0.161036
0.160036
0.161082
0.161036
0.126028
0.159035
0.161036
0.160196
0.159036
0.160643
0.161036
0.161036
0.160036
0.163036
0.167245
0.165511
0.163036
0.163115
0.162036
0.162011
0.162497
0.162524
0.139031
0.162166
0.161036
0.161155
0.161074
0.163036
0.162036
0.163037
0.164036
0.161258
0.161078
0.161068
0.162036
0.161080
0.164036
0.163036
0.161456
0.162036
0.139030
0.162036
0.161036
0.161431
0.162105
0.162599
0.163116
0.161035
0.168235
0.165036
0.163115
0.163036
0.162252
0.167037
0.167037
0.165769
0.163036
0.163509
0.151757
0.162483
0.162366
0.162142
0.164037
0.162424
0.157035
0.162036
0.182042
0.181051
0.180040
0.180040
0.180040
0.180040
0.178039
0.184685
0.181040
0.183041
0.181039
0.179040
0.180043
0.180040
0.180134
0.179039
0.180176
0.181041
0.176039
0.177039
0.177549
0.176272
0.179040
0.176039
0.179040
0.176039
0.182606
0.184040
0.179040
0.180040
0.180039
0.179040
0.178104
0.179040
0.177039
0.176852
0.174232
0.174049
0.169099
0.174039
0.172039
0.166037
0.164037
0.162036
0.165483
0.166638
0.166144
0.165036
0.161410
0.163036
0.162036
0.160211
0.161567
0.160693
0.162036
0.160404
0.161669
0.161035
0.160036
0.160732
0.162074
0.159566
0.161817
0.126028
0.160200
0.160036
0.160035
0.161036
0.165362
0.162036
0.162035
0.161035
0.168337
0.164409
0.164289
0.162036
0.162111
0.161317
0.161035
0.161245
0.161035
0.140291
0.161509
0.160518
0.161036
0.160035
0.161036
0.160036
0.162036
0.160036
0.163036
0.162057
0.163036
0.162036
0.161036
0.160036
0.161036
0.161426
0.161171
0.154035
0.160035
0.161037
0.161035
0.160035
0.161036
0.160036
0.160094
0.162036
0.166038
0.164036
0.162740
0.162054
0.162036
0.162035
0.162450
0.163036
0.162269
0.139996
0.161138
0.161036
0.161036
0.161986
0.161537
0.162275
0.160340
0.162036
0.168454
0.167397
0.165716
0.157743
0.162397
0.163055
0.162036
0.162427
0.163178
0.147033
0.163164
0.162036
0.162036
0.161494
0.161036
0.161386
0.161035
0.162111
0.170499
0.169038
0.166045
0.165424
0.165432
0.142490
0.161147
0.161532
0.162265
0.152034
0.161451
0.162036
0.163036
0.162386
0.162159
0.162315
0.162037
0.162322
0.169193
0.168037
0.165036
0.164036
0.160375
0.163036
0.162036
0.163611
0.164799
0.151034
0.165552
0.164448
0.164037
0.165037
0.161145
0.160036
0.161531
0.160067
0.162223
0.160341
0.159035
0.160177
0.160035
0.160278
0.163036
0.164036
0.164612
0.142369
0.165037
0.165037
0.164335
0.162941
0.163036
0.160035
0.160131
0.160036
0.162036
0.159220
0.160037
0.159035
0.161036
0.160035
0.160158
0.159055
0.161036
0.155035
0.161036
0.161036
0.161036
0.166035
0.167074
0.165036
0.163036
0.162036
0.162123
0.162036
0.161035
0.161036
0.161036
0.162036
0.161036
0.154609
0.162236
0.139167
0.162036
0.162196
0.161125
0.161092
0.161517
0.162222
0.161333
0.162036
0.163036
0.161167
0.161055
0.162036
0.161275
0.161252
0.161036
0.162036
0.162036
0.146032
0.161494
0.163037
0.161477
0.163169
0.162036
0.162037
0.162036
0.162036
0.165036
0.162230
0.161036
0.161491
0.162409
0.162036
0.162036
0.161759
0.170038
0.128028
0.161171
0.162036
0.161036
0.161036
0.160036
0.162036
0.161170
0.162245
0.164225
0.162237
0.163036
0.162035
0.162036
0.163036
0.163037
0.162036
0.161036
0.140332
0.161311
0.161531
0.162036
0.161258
0.167404
0.165036
0.163259
0.164260
0.169181
0.167037
0.166037
0.164036
0.162859
0.163035
0.162460
0.162208
0.161036
0.150918
0.162036
0.162036
0.161036
0.161035
0.161649
0.162036
0.162475
0.160536
0.163036
0.162361
0.162036
0.161710
0.163036
0.162036
0.163037
0.161194
0.163036
0.149032
0.162036
0.161036
0.162036
0.163130
0.162036
0.161035
0.161440
0.163036
0.163036
0.163036
0.163509
0.161315
0.163036
0.162036
0.163037
0.163036
0.162664
0.148032
0.162036
0.161491
0.162529
0.168485
0.168038
0.167038
0.169037
0.166378
0.168037
0.165182
0.180040
0.180040
0.179040
0.181040
0.179040
0.180042
0.179092
0.173038
0.173038
0.172155
0.166147
0.163037
0.162036
0.167037
0.165352
0.162210
0.135029
0.161393
0.160036
0.161181
0.160035
0.161091
0.161036
0.162036
0.155161
0.170422
0.168035
0.165036
0.161088
0.161896
0.161024
0.161472
0.161036
0.160553
0.162036
0.160035
0.162036
0.162955
0.161036
0.161036
0.162036
0.162037
0.140031
0.170204
0.166037
0.165494
0.163036
0.162487
0.161036
0.163036
0.162718
0.162036
0.163172
0.162036
0.162036
0.162036
0.162498
0.162035
0.163037
0.161492
0.137092
0.164037
0.163073
0.162036
0.162037
0.162036
0.162036
0.161515
0.162036
0.163036
0.164291
0.162036
0.162036
0.162036
0.162108
0.162036
0.162126
0.163037
0.137030
0.162159
0.162036
0.162036
0.161036
0.163036
0.163090
0.162036
0.162036
0.162064
0.164036
0.161277
0.160255
0.162305
0.162210
0.167458
0.165167
0.172039
0.129029
0.163392
0.161477
0.161591
0.161325
0.162090
0.162082
0.163036
0.162035
0.161271
0.168037
0.166495
0.165036
0.162780
0.162036
0.164036
0.162036
0.162471
0.152034
0.160036
0.162036
0.162036
0.161036
0.160080
0.162036
0.163036
0.162205
0.179040
0.173637
0.172040
0.168037
0.165037
0.164317
0.164037
0.162036
0.161471
0.167037
0.164080
0.163719
0.161036
0.162036
0.162036
0.163037
0.161390
0.162036
0.163311
0.162036
0.161506
0.161036
0.163037
0.162036
0.162513
0.163037
0.154034
0.162036
0.161036
0.161114
0.162036
0.162036
0.162036
0.160427
0.162035
0.164036
0.161283
0.163093
0.162036
0.161035
0.162036
0.162217
0.162419
0.162057
0.151033
0.161036
0.162036
0.162036
0.161370
0.161036
0.161035
0.162279
0.161336
0.161903
0.162489
0.161054
0.162077
0.162035
0.160564
0.162337
0.161342
0.163036
0.148033
0.157551
0.164036
0.164058
0.163102
0.162336
0.162036
0.162055
0.162036
0.162169
0.163234
0.163037
0.161057
0.162111
0.161361
0.162036
0.161103
0.161036
0.140032
0.174576
0.173088
0.170038
0.168159
0.165036
0.164036
0.162987
0.162036
0.163410
0.164037
0.162956
0.160275
0.162036
0.164612
0.160953
0.163356
0.163036
0.142031
0.161126
0.161036
0.163036
0.162935
0.162460
0.161323
0.161084
0.162520
0.161036
0.160388
0.162036
0.162035
0.161036
0.163036
0.161559
0.160310
0.161035
0.143032
0.162036
0.160036
0.161129
0.161213
0.162306
0.162036
0.162456
0.161181
0.162871
0.162151
0.163583
0.162036
0.161905
0.162036
0.162037
0.162036
0.161999
0.139575
0.162037
0.163036
0.162036
0.162035
0.162138
0.161036
0.161253
0.162864
0.161520
0.162036
0.162036
0.162037
0.162763
0.162045
0.162036
0.162036
0.162245
0.142143
0.162311
0.161285
0.163037
0.161036
0.162037
0.162036
0.161851
0.161036
0.162036
0.161222
0.164330
0.164037
0.163036
0.163035
0.169038
0.166676
0.165374
0.158035
0.161578
0.161203
0.160311
0.162036
0.161036
0.161036
0.163037
0.161404
0.160425
0.160036
0.166037
0.166037
0.164037
0.163036
0.162139
0.161207
0.162142
0.158036
0.164036
0.164037
0.162035
0.144408
0.164036
0.164036
0.166037
0.164036
0.164291
0.164078
0.166037
0.164056
0.163485
0.164037
0.164036
0.164036
0.162036
0.141031
0.161036
0.159513
0.160037
0.161036
0.161036
0.161036
0.160035
0.161036
0.160048
0.159043
0.161036
0.162036
0.162369
0.162037
0.164173
0.163036
0.163037
0.149033
0.161489
0.162036
0.162036
0.162322
0.163036
0.163035
0.161391
0.162036
0.162132
0.158035
0.173039
0.166601
0.164037
0.163036
0.164319
0.164096
0.163199
0.145032
0.162036
0.162295
0.162037
0.163037
0.164545
0.137710
0.163037
0.162079
0.163036
0.163436
0.165037
0.163036
0.162218
0.164221
0.165037
0.164037
0.163319
0.141032
0.163037
0.163036
0.163036
0.163394
0.163036
0.163273
0.162036
0.163583
0.164047
0.161035
0.183040
0.178039
0.181041
0.181517
0.181040
0.182041
0.178789
0.158035
0.162415
0.161035
0.171039
0.168038
0.165260
0.170419
0.167304
0.163036
0.160036
0.158035
0.164156
0.161036
0.159035
0.160035
0.160156
0.164036
0.165037
0.151034
0.164490
0.164533
0.164036
0.163428
0.164442
0.164037
0.165426
0.164037
0.163497
0.165061
0.164036
0.162036
0.164037
0.164036
0.163201
0.160056
0.160044
0.151888
0.160036
0.159351
0.158587
0.161036
0.161036
0.159035
0.165192
0.164131
0.165037
0.162035
0.160035
0.160474
0.160035
0.159512
0.159201
0.160093
0.158035
0.147032
0.161036
0.161036
0.161035
0.163036
0.164188
0.165193
0.163036
0.158136
0.161036
0.160458
0.165037
0.165360
0.164036
0.162036
0.162479
0.160577
0.161036
0.153034
0.161036
0.166037
0.165037
0.166037
0.164037
0.160035
0.161035
0.162035
0.170038
0.168038
0.168037
0.162357
0.164037
0.166037
0.166036
0.164445
0.158020
0.168037
0.166363
0.162036
0.161036
0.160035
0.162036
0.162036
0.161282
0.161036
0.160035
0.160485
0.167192
0.167037
0.167037
0.163036
0.163405
0.163036
0.123027
0.171039
0.166119
0.163173
0.165265
0.163037
0.163284
0.163036
0.164037
0.164417
0.162089
0.161431
0.163693
0.161036
0.164037
0.161305
0.164533
0.162036
0.151080
0.162516
0.166037
0.163144
0.163036
0.162534
0.165037
0.165665
0.163362
0.163036
0.165036
0.164305
0.169038
0.168037
0.168038
0.167037
0.164037
0.162035
0.149032
0.163406
0.164037
0.161036
0.160036
0.161036
0.160100
0.160036
0.162035
0.161147
0.160035
0.162036
0.166037
0.165090
0.172090
0.166528
0.167361
0.166037
0.152181
0.164037
0.160036
0.160035
0.159120
0.160446
0.166430
0.167037
0.157426
0.161054
0.161223
0.161379
0.166090
0.166200
0.163676
0.162486
0.162177
0.159212
0.149033
0.162115
0.161065
0.162557
0.161037
0.160668
0.161036
0.162468
0.162036
0.161250
0.161036
0.162035
0.163036
0.162074
0.162036
0.162035
0.162036
0.163036
0.151523
0.161711
0.161516
0.162036
0.161445
0.162397
0.163037
0.161317
0.138030
0.162596
0.161415
0.161036
0.166279
0.164037
0.163528
0.164220
0.106049
0.162195
0.143088
0.171038
0.167037
0.164485
0.162036
0.163036
0.162036
0.163036
0.161036
0.162142
0.161751
0.162036
0.168037
0.166267
0.166074
0.165037
0.164070
0.162036
0.143769
0.163036
0.163037
0.161035
0.161651
0.162036
0.162110
0.162036
0.162511
0.161302
0.163036
0.163036
0.165141
0.165248
0.165037
0.163119
0.163437
0.164037
0.152034
0.161036
0.162056
0.163175
0.161493
0.162323
0.161036
0.162184
0.162036
0.161035
0.155035
0.161036
0.177040
0.179040
0.178040
0.180040
0.180040
0.178040
0.150033
0.161233
0.166227
0.165037
0.139031
0.161036
0.161036
0.161244
0.129133
0.161036
0.162036
0.162055
0.134166
0.162375
0.160457
0.161503
0.161036
0.162416
0.130030
0.171038
0.170038
0.162036
0.164296
0.113713
0.162036
0.161092
0.162036
0.162036
0.161260
0.161036
0.144032
0.140326
0.162036
0.160035
0.162036
0.161035
0.161036
0.107024
0.165037
0.176039
0.179040
0.182121
0.121027
0.160178
0.161035
0.162036
0.161359
0.161277
0.132029
0.162652
0.161453
0.162036
0.162036
0.163036
0.162036
0.140734
0.134048
0.173739
0.144032
0.162202
0.161036
0.135030
0.159035
0.161036
0.161036
0.162234
0.140032
0.161036
0.160035
0.162036
0.161421
0.161385
0.162036
0.162693
0.161545
0.106264
0.159186
0.176464
0.175214
0.153034
0.124062
0.160294
0.161640
0.161058
0.141031
0.160035
0.161036
0.162467
0.162036
0.145829
0.161036
0.161131
0.160034
0.161264
0.112025
0.167037
0.177106
0.174040
0.157035
0.164036
0.163119
0.162036
0.154035
0.163036
0.161494
0.162036
0.162214
0.134557
0.161036
0.161374
0.162036
0.161036
0.162036
0.144032
0.162298
0.162036
0.161036
0.161036
0.161557
0.162036
0.162035
0.161036
0.162250
0.162036
0.161907
0.160539
0.160390
0.162371
0.161036
0.161036
0.160211
0.128029
0.162036
0.161450
0.162036
0.161525
0.162059
0.148174
0.173039
0.174503
0.172038
0.169036
0.166037
0.163281
0.163339
0.163287
0.167078
0.168037
0.162036
0.155625
0.178040
0.177039
0.183041
0.180040
0.179039
0.179040
0.172038
0.167037
0.164294
0.163036
0.164290
0.159914
0.171333
0.170038
0.165036
0.164037
0.163582
0.150034
0.164527
0.162385
0.162036
0.161036
0.161035
0.162110
0.163525
0.163036
0.162488
0.162036
0.162119
0.162036
0.161046
0.161034
0.163257
0.162036
0.161422
0.138880
0.164036
0.162036
0.163036
0.163090
0.162036
0.162422
0.162483
0.162036
0.162036
0.161036
0.162036
0.160735
0.163036
0.163471
0.162197
0.162036
0.163037
0.150287
0.162041
0.161161
0.162406
0.162036
0.162356
0.162147
0.163036
0.163227
0.162406
0.162036
0.162180
0.162037
0.162035
0.162036
0.161306
0.163036
0.162036
0.143474
0.162476
0.161035
0.162907
0.163036
0.161116
0.145691
0.171377
0.171038
0.173038
0.171095
0.169037
0.169038
0.163036
0.162036
0.164037
0.162036
0.162443
0.162036
0.167037
0.165036
0.164036
0.164037
0.162449
0.162036
0.162036
0.162036
0.161036
0.161475
0.161036
0.160362
0.162036
0.161036
0.161131
0.161073
0.161035
0.134243
0.157804
0.163413
0.162036
0.159432
0.161172
0.161036
0.161461
0.160035
0.159439
0.160036
0.161122
0.162160
0.161422
0.161118
0.161036
0.161302
0.161036
0.158493
0.162035
0.160035
0.161036
0.160111
0.162036
0.161036
0.161036
0.160898
0.160543
0.161219
0.160036
0.160035
0.159379
0.160035
0.161054
0.161036
0.161036
0.151034
0.164512
0.165094
0.163036
0.161475
0.162036
0.161036
0.161036
0.161035
0.161035
0.162439
0.161035
0.159902
0.160035
0.160035
0.160035
0.161036
0.160564
0.153034
0.167351
0.166037
0.164450
0.164036
0.166037
0.164504
0.151194
0.170037
0.171126
0.167251
0.165036
0.164351
0.163406
0.166686
0.163418
0.165142
0.165037
0.163448
0.174038
0.163039
0.162461
0.163036
0.165037
0.165036
0.163655
0.163036
0.162035
0.164037
0.163036
0.162036
0.163036
0.164037
0.162036
0.163037
0.163111
0.133998
0.160250
0.180040
0.180041
0.181428
0.180059
0.181040
0.180040
0.183041
0.183041
0.175039
0.180040
0.179040
0.178497
0.180041
0.183041
0.182040
0.181040
0.182040
0.181596
0.182057
0.181040
0.180040
0.178743
0.176039
0.176040
0.181040
0.180145
0.179235
0.177039
0.180040
0.179039
0.177834
0.180039
0.180060
0.178040
0.180296
0.167038
0.168037
0.167037
0.167037
0.163179
0.163036
0.164037
0.166284
0.165036
0.164395
0.165037
0.164063
0.165037
0.164443
0.163036
0.162125
0.163342
0.164103
0.146033
0.160157
0.160771
0.160006
0.160422
0.161456
0.164280
0.162036
0.163036
0.161036
0.162389
0.163037
0.161072
0.162055
0.162036
0.162036
0.144032
0.162036
0.155034
0.163207
0.162099
0.161211
0.163037
0.163036
0.166590
0.164047
0.165036
0.164037
0.164255
0.164253
0.164434
0.164036
0.165036
0.164732
0.163945
0.164068
0.141135
0.161036
0.163966
0.163799
0.164349
0.161036
0.168037
0.167407
0.164345
0.163036
0.163036
0.162036
0.162035
0.164037
0.163036
0.169263
0.168094
0.164351
0.131029
0.159035
0.159058
0.283073
0.297068
0.333075
0.291065
0.323069
0.303786
0.318123
0.322072
0.340353
0.177039
0.177040
0.178040
0.177039
0.177039
0.179039
0.178040
0.174039
0.170038
0.170070
0.171144
0.165079
0.169038
0.166357
0.164037
0.163157
0.161371
0.161437
0.162498
0.160593
0.161549
0.161036
0.160738
0.159035
0.162035
0.147093
0.161036
0.160451
0.161312
0.160036
0.161036
0.160035
0.161036
0.160720
0.161035
0.160035
0.162037
0.161035
0.162036
0.147032
0.161036
0.157860
0.160036
0.140031
0.159127
0.160391
0.161036
0.159035
0.161036
0.159035
0.160097
0.161036
0.162051
0.159495
0.102188
0.175064
0.173038
0.169038
0.166037
0.164037
0.162228
0.161258
0.165036
0.163364
0.160290
0.159367
0.161359
0.159035
0.159048
0.160582
0.160035
0.159035
0.161036
0.161036
0.161036
0.162036
0.160094
0.160214
0.161035
0.142032
0.162035
0.161036
0.160416
0.160162
0.165196
0.160512
0.162246
0.161036
0.162036
0.161035
0.162411
0.161367
0.162036
0.161036
0.162355
0.160262
0.161222
0.146070
0.160036
0.159035
0.161036
0.161497
0.168038
0.164037
0.164036
0.162437
0.162035
0.161453
0.161142
0.162036
0.162036
0.162035
0.161036
0.161176
0.162421
0.075016
0.179040
0.178040
0.180040
0.177039
0.166332
0.164036
0.162036
0.161036
0.162036
0.162246
0.161036
0.159200
0.163677
0.163037
0.163037
0.162036
0.162139
0.158036
0.173683
0.169504
0.167330
0.166037
0.164037
0.163431
0.162094
0.163448
0.162228
0.162478
0.162036
0.161566
0.162036
0.161309
0.164036
0.161309
0.161034
0.153033
0.163310
0.163036
0.161035
0.163037
0.169352
0.165036
0.164036
0.164036
0.164124
0.164037
0.164225
0.164374
0.163036
0.183041
0.181040
0.178118
0.182040
0.161036
0.167351
0.163036
0.160280
0.159035
0.174535
0.169038
0.168038
0.136886
0.159035
0.160036
0.160036
0.161036
0.160035
0.160135
0.160390
0.163036
0.163442
0.132030
0.164427
0.164252
0.163531
0.164192
0.163415
0.162035
0.163036
0.164037
0.163868
0.164036
0.163036
0.162609
0.164036
0.163219
0.164161
0.163122
0.161186
0.142752
0.159035
0.155034
0.159035
0.161036
0.162345
0.161035
0.167037
0.166037
0.165037
0.164037
0.162036
0.163037
0.161036
0.160230
0.160036
0.162036
0.160035
0.136071
0.162036
0.161036
0.161389
0.160260
0.159738
0.161075
0.161036
0.160035
0.160035
0.161453
0.161036
0.162036
0.161036
0.161036
0.161566
0.161035
0.161036
0.129029
0.161036
0.161137
0.161429
0.160035
0.162523
0.160273
0.161036
0.161101
0.161469
0.160036
0.162036
0.161036
0.162036
0.161036
0.162036
0.162091
0.162279
0.156035
0.161063
0.162036
0.161431
0.160468
0.167037
0.167037
0.165233
0.163036
0.163037
0.162036
0.161036
0.161055
0.162036
0.162472
0.162036
0.163037
0.162454
0.154826
0.160454
0.134833
0.160121
0.160125
0.162035
0.160036
0.161036
0.165526
0.167289
0.162482
0.162036
0.162036
0.161587
0.161035
0.161036
0.161036
0.160035
0.123028
0.162036
0.162036
0.162080
0.161036
0.162036
0.162401
0.162176
0.162036
0.162036
0.162382
0.161036
0.162035
0.161036
0.161036
0.162036
0.162036
0.162036
0.135030
0.157418
0.162036
0.162036
0.161303
0.163036
0.162036
0.162036
0.162377
0.162579
0.160743
0.162036
0.162035
0.162035
0.162035
0.162206
0.162098
0.161036
0.149033
0.162705
0.160048
0.162276
0.162051
0.166454
0.164089
0.163395
0.163036
0.163036
0.162036
0.162036
0.162036
0.161036
0.162596
0.161054
0.169038
0.164726
0.148927
0.162036
0.160035
0.162036
0.162056
0.161026
0.160294
0.160432
0.161036
0.160176
0.161494
0.161036
0.162129
0.162036
0.162035
0.162036
0.162036
0.162315
0.145032
0.161056
0.164229
0.162121
0.162036
0.164036
0.164037
0.162260
0.161530
0.163036
0.162035
0.162084
0.162036
0.162235
0.161533
0.163036
0.161333
0.162035
0.150805
0.163581
0.162036
0.162036
0.163438
0.164037
0.162035
0.163036
0.163234
0.163037
0.162036
0.163036
0.162301
0.163036
0.163036
0.162357
0.161173
0.162172
0.147032
0.163424
0.163119
0.162036
0.163195
0.163461
0.163422
0.163474
0.161361
0.163334
0.164201
0.162479
0.162036
0.163036
0.162536
0.162036
0.161601
0.164247
0.137031
0.163511
0.163175
0.162036
0.162035
0.165036
0.161726
0.163496
0.164037
0.162036
0.163037
0.164036
0.163447
0.163036
0.162036
0.163037
0.163037
0.163346
0.136030
0.162036
0.162093
0.166037
0.160604
0.163045
0.164235
0.164279
0.164321
0.162036
0.163036
0.162208
0.161036
0.161036
0.161336
0.162036
0.161035
0.162110
0.155035
0.163132
0.162036
0.163037
0.162036
0.165054
0.145494
0.163036
0.162035
0.163036
0.163496
0.163203
0.163036
0.163162
0.164037
0.162517
0.162518
0.162036
0.145420
0.163037
0.164036
0.163071
0.163036
0.165037
0.163036
0.163037
0.162487
0.161036
0.162036
0.163506
0.162485
0.162363
0.163472
0.164037
0.161036
0.161515
0.149547
0.163036
0.163037
0.163037
0.161519
0.167347
0.167222
0.165036
0.164275
0.164219
0.180040
0.183041
0.181040
0.183040
0.181041
0.178187
0.183041
0.178039
0.167037
0.166255
0.165037
0.163036
0.166428
0.168662
0.167037
0.163520
0.160035
0.160036
0.165036
0.165037
0.162414
0.159485
0.161036
0.160036
0.160534
0.160035
0.146281
0.162036
0.161036
0.160088
0.161177
0.161054
0.161036
0.161036
0.161035
0.161036
0.161036
0.161469
0.161317
0.161036
0.085243
0.171139
0.167037
0.165037
0.162036
0.170038
0.168616
0.167037
0.163036
0.162036
0.161036
0.162037
0.160499
0.160491
0.161036
0.161036
0.161035
0.161035
0.161036
0.162208
0.161036
0.162036
0.135132
0.171038
0.168037
0.165036
0.164036
0.161035
0.161036
0.161036
0.160035
0.160442
0.160035
0.160785
0.158544
0.162037
0.161172
0.163421
0.165037
0.163577
0.161455
0.174039
0.173038
0.169037
0.167037
0.160035
0.166037
0.161035
0.161795
0.164037
0.166036
0.166227
0.166366
0.163036
0.162036
0.161036
0.161481
0.153892
0.179040
0.156034
0.162036
0.162036
0.161036
0.168037
0.166037
0.164548
0.162414
0.163035
0.160035
0.160345
0.160455
0.140903
0.161036
0.161036
0.161343
0.160450
0.161312
0.128417
0.159035
0.159035
0.160526
0.165037
0.165043
0.161339
0.165037
0.164036
0.164036
0.164036
0.149031
0.163036
0.160036
0.160035
0.161035
0.159035
0.160035
0.153034
0.162036
0.166190
0.170037
0.179162
0.175038
0.173038
0.170711
0.163036
0.160230
0.161310
0.160703
0.161036
0.160036
0.161036
0.160035
0.159036
0.127858
0.163036
0.161034
0.164123
0.167037
0.169038
0.163037
0.163037
0.163037
0.162702
0.163370
0.161457
0.162036
0.162036
0.163061
0.149750
0.169533
0.166037
0.163036
0.173039
0.169555
0.166597
0.165534
0.164036
0.162036
0.162036
0.163152
0.161434
0.162036
0.163241
0.163036
0.162035
0.162424
0.162494
0.163037
0.162575
0.145032
0.167037
0.164036
0.164036
0.165851
0.163036
0.162421
0.162114
0.162036
0.152236
0.171133
0.168076
0.167037
0.167057
0.166484
0.165500
0.166251
0.165036
0.162036
0.176039
0.173039
0.170580
0.165036
0.161036
0.160523
0.160035
0.160180
0.159309
0.155277
0.163036
0.165198
0.165037
0.165092
0.162036
0.160035
0.161036
0.157035
0.170059
0.170038
0.164383
0.170038
0.162097
0.161036
0.160036
0.160036
0.161458
0.160035
0.160035
0.161099
0.160036
0.161035
0.160342
0.161036
0.162035
0.133757
0.160036
0.162517
0.162382
0.163036
0.164037
0.164143
0.163767
0.164381
0.164329
0.166038
0.159035
0.159035
0.159035
0.160035
0.164259
0.166037
0.164036
0.154034
0.164412
0.165037
0.163181
0.163160
0.165036
0.162046
0.161036
0.161036
0.161125
0.160036
0.160035
0.163057
0.169038
0.167079
0.163036
0.163036
0.162477
0.149033
0.161036
0.163036
0.162036
0.162036
0.167037
0.166037
0.164037
0.164036
0.163837
0.165036
0.164036
0.162036
0.164036
0.163037
0.163417
0.163104
0.163036
0.101023
0.164036
0.162035
0.163037
0.163036
0.144787
0.162035
0.163050
0.161036
0.165057
0.163036
0.163037
0.162035
0.162352
0.162432
0.163317
0.163036
0.163037
0.155890
0.162032
0.162114
0.163036
0.119129
0.175040
0.173039
0.171532
0.170038
0.167037
0.165037
0.163403
0.164037
0.164036
0.163055
0.163036
0.162036
0.162229
0.156035
0.161487
0.162036
0.163326
0.163082
0.163035
0.163036
0.163036
0.164037
0.162036
0.162455
0.165569
0.161619
0.163036
0.162401
0.161036
0.161603
0.162508
0.148952
0.161450
0.164091
0.163036
0.162423
0.164037
0.163036
0.165037
0.163194
0.163209
0.162096
0.161502
0.162036
0.163036
0.163036
0.163036
0.163388
0.162328
0.149096
0.163036
0.162036
0.160962
0.162036
0.162950
0.163036
0.163036
0.161497
0.163136
0.163249
0.160456
0.162360
0.164056
0.161036
0.163037
0.163036
0.163594
0.132029
0.163036
0.162035
0.161485
0.162353
0.162314
0.164455
0.162036
0.164037
0.161436
0.163036
0.163036
0.163119
0.162503
0.162423
0.162035
0.162134
0.161332
0.141516
0.163407
0.163036
0.162231
0.162212
0.163334
0.162348
0.162404
0.162324
0.164132
0.161194
0.163176
0.167037
0.163114
0.164053
0.162417
0.163037
0.163201
0.158035
0.161375
0.162036
0.163036
0.162036
0.166037
0.166037
0.164036
0.164036
0.164036
0.163035
0.162082
0.163036
0.169038
0.166124
0.164036
0.162273
0.178040
0.164037
0.164037
0.165037
0.163374
0.162036
0.174039
0.173039
0.170198
0.167524
0.163477
0.161036
0.162037
0.161036
0.160035
0.164037
0.166037
0.166038
0.161178
0.170038
0.166037
0.163036
0.162036
0.162049
0.162036
0.162812
0.162226
0.162036
0.161036
0.162206
0.162036
0.161036
0.140031
0.164037
0.163036
0.162122
0.160036
0.173265
0.170038
0.168037
0.166037
0.161513
0.164478
0.162036
0.162035
0.161036
0.162203
0.161036
0.161036
0.161675
0.162036
0.160642
0.161450
0.161035
0.148640
0.162036
0.163037
0.162036
0.160035
0.161600
0.162482
0.161403
0.162036
0.162036
0.162036
0.162285
0.162036
0.161100
0.161036
0.160035
0.165036
0.162036
0.138030
0.162036
0.161036
0.163036
0.162036
0.161035
0.163380
0.160417
0.161036
0.160460
0.162036
0.161036
0.162360
0.160469
0.162036
0.160418
0.161046
0.162036
0.148032
0.162023
0.161619
0.161036
0.161036
0.162036
0.165036
0.163099
0.161677
0.160290
0.161036
0.161122
0.162036
0.162036
0.160035
0.161036
0.161874
0.162556
0.138031
0.163549
0.162036
0.161061
0.161270
0.161036
0.165037
0.163268
0.162036
0.162641
0.162532
0.162036
0.163271
0.163135
0.163036
0.163333
0.160035
0.161118
0.145032
0.162036
0.161975
0.163036
0.162699
0.162036
0.164037
0.162065
0.161036
0.161569
0.161036
0.162036
0.161327
0.163452
0.163633
0.163103
0.161035
0.163036
0.152034
0.162328
0.161035
0.163036
0.162522
0.161583
0.168540
0.165397
0.163206
0.162211
0.170038
0.167265
0.168037
0.165085
0.162108
0.163331
0.163036
0.125028
0.131030
0.171316
0.170038
0.166037
0.165037
0.163439
0.163084
0.163036
0.163036
0.162036
0.160150
0.163036
0.162035
0.162504
0.163036
0.162035
0.162404
0.163036
0.163036
0.151034
0.076887
0.077017
0.077017
0.076646
0.076453
0.074049
0.077306
0.078017
0.077017
0.290065
0.291065
0.282794
0.290295
0.334072
0.455095
0.090020
0.087019
0.081018
0.086019
0.087019
0.091020
0.077017
0.080019
0.078017
0.077017
0.076017
0.071153
0.076106
0.073801
0.073581
0.072016
0.071761
0.072467
0.073016
0.072780
0.074440
0.074430
0.072413
0.072016
0.072942
0.073016
0.072825
0.072372
0.073016
0.071784
0.071259
0.071562
0.071862
0.070574
0.072177
0.089204
0.072184
0.071569
0.071458
0.071456
0.071532
0.072373
0.073576
0.071015
0.072069
0.073015
0.076087
0.072299
0.072166
0.072016
0.072479
0.074017
0.070413
0.077017
0.071694
0.071431
0.071739
0.071649
0.072989
0.072199
0.073507
0.090024
0.072435
0.073704
0.070728
0.073564
0.071338
0.074764
0.072249
0.071018
0.074017
0.075231
0.073606
0.075784
0.084133
0.072016
0.076253
0.072595
0.071432
0.070013
0.070950
0.078017
0.072301
0.072015
0.072157
0.082245
0.088019
0.095021
0.088243
0.158035
0.138030
0.164037
0.141409
0.155043
0.129029
0.163665
0.114025
0.143031
0.164048
0.151033
0.164850
0.164194
0.166037
0.165036
0.165118
0.165594
0.164036
0.137030
0.164881
0.165548
0.164428
0.166037
0.135030
0.164557
0.165036
0.135481
0.165259
0.165036
0.165036
0.165108
0.139031
0.165037
0.164609
0.165036
0.123502
0.166037
0.165730
0.165036
0.165036
0.165105
0.165037
0.135030
0.165036
0.149033
0.164246
0.124027
0.165037
0.166037
0.166036
0.165033
0.165036
0.164035
0.132029
0.164449
0.165037
0.165037
0.165053
0.164481
0.127028
0.165036
0.166037
0.140074
0.165116
0.165366
0.166037
0.127748
0.165036
0.111198
0.171038
0.154373
0.143032
0.165113
0.164036
0.166037
0.133029
0.165036
0.167037
0.130028
0.084018
0.160035
0.165036
0.172037
0.175490
0.175508
0.176039
0.175206
0.176054
0.176076
0.172038
0.154035
0.124027
0.165099
0.165109
0.165137
0.164406
0.167580
0.165036
0.141220
0.132029
0.165434
0.165037
0.111025
0.180040
0.158364
0.134029
0.165208
0.165037
0.154032
0.127028
0.166037
0.165036
0.164532
0.165037
0.166037
0.127028
0.135030
0.165036
0.165036
0.164314
0.165036
0.166139
0.166037
0.139031
0.166037
0.165037
0.166037
0.165037
0.140686
0.166110
0.145032
0.137491
0.166037
0.166037
0.142032
0.167037
0.165037
0.164476
0.126028
0.165036
0.166037
0.166037
0.165516
0.165167
0.166037
0.142031
0.165036
0.166037
0.166349
0.128775
0.166037
0.166037
0.147032
0.166037
0.126028
0.165630
0.163036
0.165036
0.165540
0.166045
0.166153
0.127312
0.164721
0.166037
0.164597
0.165527
0.165312
0.165700
0.167037
0.167037
0.176306
0.176039
0.180097
0.175590
0.172038
0.168037
0.166037
0.167037
0.167056
0.167141
0.169038
0.168037
0.167037
0.167037
0.167467
0.166733
0.168467
0.169006
0.172038
0.174214
0.178510
0.174038
0.170038
0.166037
0.167037
0.165556
0.166037
0.168037
0.167037
0.167037
0.168037
0.170037
0.173104
0.172239
0.173038
0.171038
0.178040
0.175616
0.173101
0.175586
0.172038
0.173038
0.175105
0.176422
0.175875
0.177098
0.174505
0.174038
0.170481
0.151182
0.138615
0.165685
0.166037
0.167037
0.145508
0.165036
0.133029
0.168037
0.168037
0.167555
0.168037
0.167037
0.128696
0.167037
0.168037
0.168037
0.168135
0.167037
0.125027
0.168037
0.167037
0.167097
0.135585
0.167036
0.167037
0.167037
0.167037
0.169037
0.144898
0.169065
0.168037
0.167037
0.169037
0.169038
0.169391
0.170910
0.171038
0.171038
0.172038
0.173060
0.178039
0.181040
0.181040
0.180040
0.173038
0.166989
0.165037
0.166037
0.171038
0.171038
0.171038
0.167490
0.165036
0.166093
0.166037
0.166037
0.164259
0.172500
0.175038
0.172038
0.168037
0.167037
0.166544
0.168037
0.166037
0.167036
0.170038
0.169037
0.169306
0.171038
0.170038
0.169037
0.172038
0.171038
0.171554
0.178039
0.180113
0.183041
0.185041
0.179040
0.172038
0.168037
0.168037
0.172038
0.172038
0.166846
0.167037
0.168037
0.168037
0.167037
0.166467
0.167120
0.167037
0.169038
0.174039
0.173038
0.178306
0.176039
0.175039
0.175872
0.170038
0.167037
0.167037
0.166037
0.167037
0.165036
0.166037
0.166237
0.166672
0.166036
0.167037
0.167037
0.176039
0.177039
0.172285
0.176039
0.176039
0.181040
0.177040
0.176469
0.170038
0.172352
0.169037
0.166037
0.166037
0.166384
0.167036
0.168037
0.167037
0.166037
0.167583
0.167037
0.166037
0.167037
0.167260
0.169041
0.168037
0.170037
0.169579
0.170320
0.172037
0.172038
0.171275
0.136541
0.165036
0.168037
0.167112
0.168037
0.176039
0.177039
0.180040
0.177039
0.179039
0.175194
0.170037
0.168038
0.166037
0.166036
0.167037
0.167371
0.166037
0.166388
0.166038
0.168036
0.168120
0.169626
0.177039
0.176559
0.171038
0.167081
0.168037
0.167102
0.165036
0.167037
0.166037
0.167175
0.166505
0.167038
0.166037
0.166036
0.168037
0.167981
0.168037
0.168037
0.177280
0.181040
0.176039
0.177533
0.173198
0.166036
0.167056
0.166037
0.167147
0.167209
0.170038
0.169221
0.170038
0.170038
0.170180
0.169456
0.169038
0.171038
0.174038
0.170239
0.155543
0.167037
0.170715
0.171142
0.172038
0.173039
0.170068
0.169581
0.171038
0.175039
0.177039
0.176207
0.175039
0.176039
0.175039
0.181040
0.175039
0.172038
0.172110
0.166037
0.166100
0.166036
0.166037
0.167037
0.165363
0.166110
0.167037
0.167037
0.166037
0.166074
0.166037
0.167172
0.149033
0.166037
0.168036
0.171037
0.174104
0.174037
0.173244
0.171038
0.172038
0.170506
0.173038
0.174106
0.169037
0.166037
0.167037
0.166990
0.167037
0.169037
0.166800
0.167037
0.178039
0.182261
0.177039
0.175039
0.169092
0.167037
0.167505
0.168037
0.136030
0.176039
0.169038
0.167037
0.166144
0.168038
0.167037
0.167037
0.168037
0.168037
0.167037
0.167037
0.169037
0.169038
0.168471
0.169508
0.170452
0.172038
0.170038
0.171037
0.174038
0.175038
0.175123
0.173038
0.175039
0.178039
0.181040
0.181456
0.178040
0.174038
0.169588
0.168037
0.168502
0.170038
0.171059
0.170038
0.171038
0.170900
0.171121
0.171037
0.172038
0.170037
0.170037
0.168038
0.167037
0.167401
0.172333
0.170107
0.173373
0.171240
0.174038
0.171043
0.172580
0.176082
0.173038
0.180040
0.178040
0.178039
0.175039
0.169037
0.167048
0.166034
0.166037
0.166920
0.168037
0.166037
0.166925
0.169038
0.172061
0.174039
0.174597
0.171353
0.169413
0.170455
0.170899
0.173250
0.172091
0.177040
0.176400
0.178039
0.171038
0.169037
0.167037
0.167495
0.166100
0.170038
0.170038
0.170795
0.171037
0.170037
0.171038
0.170521
0.170037
0.172038
0.173256
0.169037
0.168037
0.169037
0.171038
0.176098
0.177807
0.177039
0.170038
0.168865
0.168036
0.170037
0.153044
0.176107
0.168037
0.167037
0.167037
0.167089
0.167037
0.166037
0.168037
0.166134
0.167037
0.166369
0.167037
0.166037
0.166916
0.168037
0.167037
0.169037
0.170038
0.171037
0.170578
0.173038
0.173038
0.171038
0.172038
0.174109
0.175039
0.182221
0.175866
0.173164
0.170038
0.170038
0.170861
0.172038
0.166443
0.167037
0.166036
0.167037
0.167037
0.170037
0.171038
0.171038
0.172038
0.169037
0.167264
0.169165
0.172511
0.171430
0.179118
0.178040
0.169036
0.165036
0.167037
0.171038
0.171038
0.172038
0.169037
0.170908
0.172490
0.171038
0.171113
0.172038
0.174195
0.174623
0.172038
0.173038
0.172080
0.169991
0.172280
0.172038
0.168037
0.168106
0.167449
0.166037
0.167037
0.168037
0.169037
0.175039
0.176039
0.173362
0.169037
0.167037
0.168037
0.167037
0.168037
0.168037
0.167115
0.168037
0.168131
0.166037
0.167036
0.168247
0.167037
0.168037
0.168346
0.170038
0.170146
0.170086
0.172038
0.171037
0.170038
0.171775
0.180139
0.176040
0.171038
0.167037
0.168037
0.166036
0.168237
0.167037
0.167036
0.167723
0.167947
0.168116
0.167309
0.166037
0.168038
0.167540
0.169037
0.170122
0.174357
0.172038
0.175039
0.175039
0.177039
0.177169
0.180040
0.179040
0.178039
0.172559
0.169296
0.167499
0.167037
0.167037
0.168037
0.167037
0.168037
0.169104
0.169037
0.168525
0.168037
0.176039
0.179039
0.178090
0.174038
0.173364
0.174039
0.168036
0.170209
0.171038
0.168037
0.168078
0.168037
0.167071
0.170038
0.170886
0.176038
0.178039
0.178270
0.179149
0.174039
0.175039
0.176039
0.171063
0.171037
0.168148
0.166378
0.166707
0.166296
0.166037
0.164849
0.166037
0.166575
0.166037
0.177039
0.180040
0.182040
0.182088
0.179040
0.178144
0.171038
0.325035
0.315069
0.283061
0.331444
0.321070
0.315070
0.308068
0.330455
0.315568
0.294662
0.332924
0.320605
0.173455
0.171037
0.168037
0.165036
0.165036
0.167083
0.166037
0.166037
0.166037
0.165037
0.167037
0.165309
0.166037
0.166135
0.165036
0.166037
0.166261
0.176039
0.180040
0.178039
0.172482
0.171038
0.167180
0.164300
0.165036
0.166037
0.167037
0.166037
0.165131
0.165036
0.166036
0.166036
0.165036
0.166037
0.166165
0.170038
0.169037
0.170155
0.169037
0.169377
0.148033
0.165036
0.166037
0.167037
0.167037
0.167037
0.166342
0.167037
0.141031
0.166036
0.166048
0.165036
0.166036
0.169137
0.169037
0.172038
0.170038
0.172038
0.173175
0.166076
0.167037
0.167037
0.167378
0.164230
0.165037
0.166036
0.167037
0.166037
0.166702
0.166562
0.169037
0.172038
0.173038
0.171038
0.172038
0.172038
0.175039
0.177039
0.180161
0.174037
0.171841
0.170038
0.169038
0.164577
0.166036
0.165036
0.164056
0.166573
0.166037
0.167037
0.166037
0.164036
0.164512
0.165036
0.166037
0.167037
0.167037
0.166037
0.166150
0.169037
0.168037
0.170038
0.167037
0.170038
0.168360
0.169037
0.169037
0.170038
0.173545
0.172038
0.175039
0.174038
0.173038
0.173038
0.175038
0.176298
0.175997
0.179039
0.179040
0.177039
0.175039
0.171298
0.166036
0.165036
0.166165
0.168039
0.166134
0.165561
0.124218
0.167037
0.167037
0.166747
0.166220
0.165037
0.166037
0.166037
0.168064
0.165036
0.165968
0.168087
0.168037
0.167037
0.167037
0.175038
0.172039
0.166036
0.166036
0.166037
0.165036
0.166037
0.166321
0.165037
0.165918
0.157035
0.166556
0.165241
0.165037
0.166037
0.165832
0.167189
0.182041
0.170037
0.166037
0.164838
0.166037
0.167037
0.167037
0.166290
0.167037
0.166037
0.167037
0.166153
0.166135
0.168186
0.168037
0.167052
0.168037
0.169038
0.169038
0.173364
0.171038
0.172038
0.175039
0.172039
0.173323
0.180040
0.184153
0.178039
0.174059
0.171038
0.165036
0.166037
0.168037
0.182010
0.171753
0.168037
0.169037
0.172038
0.172038
0.170037
0.168037
0.170729
0.173614
0.176039
0.173039
0.173038
0.172211
0.176453
0.176039
0.179132
0.179039
0.181040
0.177039
0.173038
0.170038
0.168037
0.166037
0.164702
0.164516
0.166036
0.172038
0.169037
0.145031
0.167037
0.168037
0.167352
0.168037
0.168037
0.168037
0.168037
0.169760
0.169717
0.169037
0.174130
0.173038
0.176412
0.176099
0.179039
0.178039
0.178039
0.173358
0.166089
0.166037
0.162036
0.166037
0.167056
0.131028
0.175001
0.173038
0.166037
0.166037
0.165780
0.166702
0.166478
0.168037
0.169038
0.169317
0.169038
0.169112
0.170063
0.170038
0.171038
0.170038
0.171535
0.172504
0.174039
0.171038
0.172038
0.172038
0.179356
0.173416
0.168948
0.166036
0.166036
0.167683
0.165616
0.167037
0.166036
0.168037
0.167037
0.171124
0.172038
0.172038
0.170113
0.168037
0.169038
0.168073
0.172470
0.173039
0.172038
0.177039
0.176897
0.177163
0.181040
0.175685
0.174038
0.173038
0.172038
0.168502
0.166035
0.167037
0.167037
0.167037
0.166808
0.167234
0.170038
0.171196
0.171038
0.172038
0.172095
0.171038
0.172037
0.174152
0.173038
0.173038
0.173038
0.177039
0.177039
0.181147
0.175039
0.174039
0.166382
0.167037
0.168037
0.167037
0.167037
0.167279
0.167037
0.167088
0.168037
0.167079
0.166037
0.169037
0.169038
0.170619
0.149033
0.166037
0.167037
0.166372
0.168037
0.168155
0.174038
0.181149
0.179039
0.174719
0.167037
0.167037
0.168037
0.168037
0.167148
0.168037
0.166058
0.166037
0.168038
0.169037
0.172269
0.173038
0.174656
0.176039
0.177039
0.180039
0.177116
0.175039
0.173038
0.170038
0.166125
0.166365
0.166037
0.167037
0.166037
0.166139
0.167037
0.166478
0.166932
0.166036
0.166037
0.167037
0.174099
0.174901
0.175038
0.173926
0.177039
0.176039
0.178175
0.173039
0.175040
0.170038
0.170038
0.169522
0.170461
0.169037
0.170038
0.170821
0.169037
0.169037
0.168185
0.167139
0.166037
0.167037
0.168037
0.174038
0.170038
0.169488
0.170038
0.171097
0.169038
0.172150
0.171038
0.172038
0.171038
0.170037
0.173088
0.172645
0.174038
0.172038
0.170038
0.166036
0.168069
0.169038
0.169608
0.171038
0.169037
0.169037
0.171547
0.170037
0.169037
0.170577
0.169038
0.177039
0.178039
0.178039
0.177039
0.173038
0.165037
0.165555
0.166430
0.166037
0.168037
0.166037
0.166037
0.168094
0.171318
0.170240
0.171038
0.170558
0.169150
0.169443
0.171407
0.173452
0.183386
0.179531
0.177039
0.169037
0.165037
0.169110
0.170237
0.171038
0.171038
0.170417
0.167037
0.166037
0.166037
0.167037
0.166036
0.167037
0.169092
0.175039
0.178039
0.174075
0.173637
0.168037
0.169055
0.170038
0.169119
0.170326
0.170038
0.169038
0.169038
0.167037
0.169037
0.167460
0.168037
0.169037
0.169038
0.170038
0.155400
0.168037
0.171038
0.170038
0.170037
0.171037
0.173039
0.173464
0.171037
0.173184
0.174038
0.177039
0.179039
0.177039
0.180040
0.176039
0.175039
0.174838
0.177581
0.174886
0.172038
0.166037
0.164036
0.167037
0.165870
0.166794
0.167037
0.165109
0.165179
0.164124
0.167037
0.167355
0.167489
0.167037
0.167037
0.168037
0.174038
0.175039
0.176512
0.174168
0.178039
0.181259
0.178040
0.166042
0.166037
0.167063
0.167037
0.165036
0.166113
0.166037
0.166037
0.167037
0.167691
0.169181
0.176039
0.160035
0.171038
0.168037
0.166126
0.169037
0.172038
0.171038
0.171038
0.173038
0.169280
0.169038
0.172038
0.174039
0.174038
0.175039
0.175039
0.177039
0.179039
0.175039
0.171038
0.166490
0.166037
0.167037
0.164923
0.168037
0.170038
0.169350
0.170114
0.169649
0.169038
0.169037
0.170038
0.171038
0.170038
0.171038
0.173038
0.176039
0.176542
0.171038
0.172038
0.173038
0.171038
0.170119
0.173592
0.176039
0.170037
0.171037
0.172038
0.174038
0.175040
0.178091
0.178040
0.175039
0.175231
0.170287
0.169038
0.166037
0.166146
0.165036
0.165344
0.164037
0.166037
0.166037
0.166037
0.166037
0.175451
0.170038
0.168037
0.165036
0.167036
0.170073
0.182060
0.179040
0.169038
0.165036
0.167037
0.169038
0.167730
0.168037
0.168037
0.170038
0.168116
0.169060
0.170038
0.170121
0.169056
0.169037
0.176513
0.176203
0.172038
0.170037
0.172102
0.170037
0.171107
0.167037
0.167037
0.165036
0.167037
0.167037
0.167037
0.166518
0.166037
0.166036
0.169037
0.170037
0.170038
0.170383
0.170038
0.171038
0.172038
0.174038
0.178819
0.178039
0.179040
0.175039
0.174038
0.172038
0.171037
0.174038
0.180039
0.182040
0.180040
0.183720
0.173038
0.172038
0.167037
0.166037
0.166037
0.167037
0.166036
0.167037
0.167037
0.166037
0.168037
0.167774
0.174038
0.174039
0.175039
0.171171
0.169426
0.169038
0.169096
0.171038
0.177039
0.172132
0.169321
0.167037
0.168037
0.167037
0.167037
0.166037
0.167037
0.167037
0.167037
0.166037
0.167037
0.167037
0.165236
0.166037
0.169037
0.173038
0.181040
0.179040
0.180040
0.185041
0.177039
0.177039
0.172038
0.171204
0.168037
0.168038
0.167834
0.171038
0.169169
0.134964
0.169037
0.169037
0.170038
0.169483
0.175143
0.171038
0.170350
0.171020
0.174038
0.177039
0.177039
0.179039
0.177039
0.180040
0.179040
0.169141
0.171038
0.168037
0.169037
0.168048
0.169050
0.168037
0.171038
0.170038
0.170139
0.170038
0.173038
0.172418
0.170037
0.169037
0.171037
0.176039
0.175338
0.175038
0.175039
0.171038
0.171038
0.171546
0.173313
0.177039
0.180039
0.182040
0.179039
0.172038
0.165037
0.166037
0.167037
0.165036
0.166036
0.167029
0.166292
0.166037
0.167037
0.168037
0.167037
0.166037
0.165036
0.167037
0.174038
0.173038
0.177169
0.179308
0.177039
0.183040
0.174039
0.172038
0.173385
0.169037
0.169037
0.171038
0.169038
0.147032
0.168877
0.167644
0.168886
0.169038
0.172038
0.169037
0.170038
0.169037
0.170038
0.170093
0.175039
0.173316
0.172038
0.172869
0.172038
0.173038
0.171092
0.179039
0.177039
0.182040
0.176039
0.174038
0.165037
0.166037
0.165078
0.166037
0.166037
0.166036
0.169364
0.171038
0.170038
0.172039
0.167037
0.167037
0.165581
0.167037
0.176039
0.181041
0.179039
0.174038
0.166258
0.166037
0.166096
0.167037
0.168037
0.165508
0.168037
0.166468
0.165036
0.166036
0.165036
0.167248
0.168036
0.169037
0.168036
0.168068
0.168036
0.167368
0.170123
0.172038
0.174092
0.173038
0.171160
0.170264
0.171038
0.169852
0.172100
0.174038
0.175577
0.173778
0.177039
0.176040
0.178039
0.173389
0.169315
0.166036
0.164036
0.168037
0.171038
0.169037
0.168534
0.169038
0.169552
0.171038
0.168036
0.169036
0.170037
0.171038
0.170038
0.168037
0.168175
0.168512
0.171038
0.171038
0.181834
0.179039
0.177039
0.170887
0.169038
0.167037
0.166102
0.166037
0.166057
0.167053
0.166215
0.168109
0.167037
0.166036
0.167037
0.168037
0.167036
0.168037
0.166037
0.167037
0.167050
0.167037
0.165036
0.166037
0.166037
0.168037
0.167037
0.167037
0.166037
0.166687
0.168037
0.169037
0.169037
0.167126
0.169328
0.168037
0.177040
0.173551
0.177039
0.181040
0.175039
0.172037
0.168139
0.166381
0.167037
0.166119
0.167035
0.167037
0.167037
0.166037
0.169124
0.168037
0.169038
0.168037
0.170807
0.169494
0.171107
0.171038
0.172105
0.174038
0.175087
0.178039
0.181040
0.186041
0.175039
0.165057
0.177279
0.175039
0.173038
0.169037
0.169270
0.170481
0.170037
0.169553
0.169037
0.169037
0.169037
0.170948
0.171038
0.171038
0.168037
0.168096
0.172038
0.176039
0.175160
0.177039
0.178039
0.176894
0.176214
0.180059
0.178040
0.174038
0.169293
0.165036
0.165036
0.166101
0.167546
0.169037
0.169037
0.170532
0.170038
0.168037
0.170038
0.170038
0.169623
0.169309
0.171038
0.173145
0.176038
0.176038
0.180040
0.176293
0.177184
0.172037
0.170037
0.171038
0.170398
0.172039
0.171038
0.170038
0.169037
0.165186
0.164723
0.165036
0.167037
0.168217
0.180040
0.180040
0.177039
0.173038
0.169038
0.171038
0.168037
0.166461
0.166037
0.166036
0.166036
0.166037
0.166037
0.173174
0.176039
0.172038
0.169037
0.169037
0.178039
0.181527
0.174039
0.171038
0.173038
0.170038
0.156112
0.170037
0.169038
0.169056
0.169037
0.169037
0.169364
0.170037
0.170706
0.170038
0.169037
0.170038
0.173093
0.172038
0.173038
0.172140
0.175039
0.173161
0.173088
0.174057
0.172038
0.173038
0.181517
0.179086
0.178039
0.169037
0.165036
0.168066
0.172038
0.170711
0.168037
0.165588
0.167046
0.166036
0.168037
0.168037
0.168037
0.170038
0.171038
0.170138
0.172038
0.172038
0.174518
0.180040
0.178012
0.174038
0.167462
0.167037
0.173038
0.171037
0.169037
0.167037
0.169037
0.170038
0.169114
0.171038
0.170155
0.171350
0.174052
0.175572
0.172038
0.171235
0.173254
0.180494
0.179319
0.176039
0.171038
0.169037
0.170069
0.168514
0.170038
0.169037
0.170038
0.169391
0.170002
0.169333
0.171736
0.167037
0.166812
0.171126
0.176263
0.175765
0.178039
0.179039
0.174038
0.175039
0.170037
0.167037
0.168675
0.169037
0.170038
0.168446
0.169055
0.169119
0.170038
0.169261
0.169126
0.170468
0.169037
0.171038
0.172038
0.173038
0.179089
0.182040
0.184117
0.179039
0.171038
0.164036
0.164686
0.168037
0.172113
0.172038
0.170037
0.171038
0.171116
0.170038
0.167220
0.166107
0.165037
0.167356
0.174038
0.176039
0.176039
0.174038
0.181040
0.180559
0.176039
0.171038
0.167037
0.166037
0.166413
0.164038
0.167037
0.165107
0.166037
0.167037
0.165036
0.168075
0.172038
0.169037
0.171038
0.172096
0.175971
0.168037
0.167037
0.165037
0.167037
0.173090
0.172111
0.169037
0.102533
0.168037
0.167037
0.167624
0.167067
0.167037
0.168037
0.168037
0.167150
0.165819
0.168038
0.169037
0.168926
0.171038
0.171794
0.172038
0.174098
0.181040
0.175863
0.174039
0.172038
0.171038
0.171038
0.170038
0.170475
0.171038
0.171083
0.170038
0.171038
0.171037
0.170540
0.172547
0.169759
0.169037
0.171037
0.170038
0.174039
0.172038
0.170191
0.174039
0.173038
0.179110
0.183907
0.180412
0.176039
0.173274
0.171037
0.168037
0.165036
0.164326
0.167037
0.316587
0.317070
0.330469
0.328563
0.316836
0.312386
