0.002000
0.161036
0.161036
0.162232
0.162376
0.162601
0.163539
0.161156
0.162036
0.097021
0.161035
0.161036
0.160035
0.162035
0.161036
0.163037
0.163053
0.162036
0.163323
0.163681
0.162036
0.163928
0.162882
0.163242
0.162036
0.180110
0.177694
0.167048
0.163036
0.163036
0.163036
0.163036
0.162036
0.163036
0.161124
0.162037
0.163036
0.171106
0.184041
0.162036
0.165780
0.175672
0.159034
0.160035
0.159281
0.161237
0.159606
0.161165
0.161297
0.161750
0.100684
0.159310
0.160860
0.160543
0.161160
0.159591
0.159967
0.164342
0.186955
0.182528
0.164471
0.164192
0.160239
0.160116
0.158886
0.161533
0.160921
0.161973
0.322710
0.386611
0.374569
0.368651
0.348604
0.366341
0.345075
0.329937
0.157035
0.159036
0.161036
0.164822
0.163819
0.167385
0.169724
0.165674
0.164350
0.163695
0.164651
0.161285
0.173916
0.168824
0.163584
0.159309
0.158326
0.159419
0.161164
0.159450
0.159926
0.159386
0.128728
0.159103
0.160290
0.159249
0.158062
0.160486
0.159554
0.159736
0.160194
0.163036
0.160476
0.158689
0.160336
0.160988
0.161142
0.160311
0.160633
0.159175
0.167869
0.179489
0.176684
0.179141
0.166543
0.159530
0.159880
0.158803
0.158613
0.160035
0.159035
0.158110
0.156459
0.159035
0.159035
0.159543
0.158208
0.159643
0.159035
0.175039
0.179476
0.176107
0.159683
0.158821
0.158470
0.181350
0.174618
0.176632
0.176040
0.174752
0.176121
0.176763
0.160163
0.160633
0.159216
0.158813
0.160035
0.160036
0.175208
0.176479
0.178872
0.166113
0.158549
0.159035
0.159035
0.160035
0.163814
0.160930
0.161392
0.158597
0.160675
0.160169
0.159324
0.165598
0.163306
0.160958
0.159785
0.176010
0.175499
0.180548
0.176090
0.162685
0.159909
0.159838
0.159289
0.160718
0.160678
0.158134
0.158777
0.166037
0.165390
0.160136
0.160276
0.159302
0.167979
0.165298
0.167358
0.165684
0.162494
0.161341
0.159315
0.162772
0.162531
0.162141
0.162420
0.162652
0.167845
0.166314
0.164673
0.163800
0.159506
0.158812
0.158907
0.160252
0.131860
0.162982
0.162182
0.162760
0.163679
0.162736
0.164411
0.177256
0.173504
0.168451
0.167469
0.163881
0.164036
0.178039
0.181040
0.157255
0.159127
0.163890
0.165036
0.161036
0.164036
0.161036
0.162036
0.162036
0.163036
0.161035
0.162527
0.163036
0.163036
0.162036
0.162411
0.163265
0.164036
0.180095
0.182226
0.182073
0.161829
0.158982
0.159614
0.159235
0.176648
0.176047
0.164850
0.160621
0.159720
0.158212
0.164131
0.160825
0.165952
0.161252
0.162847
0.162415
0.162766
0.162141
0.162558
0.164732
0.163736
0.166812
0.182819
0.180415
0.167430
0.159162
0.158651
0.160657
0.160472
0.160060
0.158912
0.167337
0.164812
0.163067
0.162910
0.162890
0.162036
0.162890
0.161684
0.159822
0.161008
0.166576
0.163323
0.162682
0.160422
0.159393
0.161888
0.160254
0.164529
0.164250
0.162826
0.161607
0.161689
0.160179
0.160985
0.163314
0.162292
0.172093
0.169171
0.165526
0.161790
0.162199
0.162129
0.160553
0.160409
0.161083
0.160535
0.160035
0.161547
0.163241
0.160550
0.161693
0.161713
0.161839
0.161662
0.161355
0.168161
0.182013
0.178490
0.168223
0.161124
0.162463
0.160501
0.160580
0.161035
0.160646
0.165285
0.164755
0.182435
0.175038
0.179039
0.166846
0.159035
0.165086
0.170038
0.162528
0.160035
0.160023
0.159035
0.161036
0.161036
0.160036
0.159035
0.161035
0.161036
0.171646
0.176715
0.177176
0.179770
0.164884
0.161969
0.161076
0.159007
0.160197
0.164305
0.163551
0.162037
0.160494
0.171038
0.177038
0.180039
0.168845
0.160035
0.159695
0.158056
0.160036
0.160648
0.159290
0.159109
0.159062
0.160035
0.160451
0.160101
0.160510
0.160035
0.160036
0.160035
0.159516
0.159235
0.163335
0.164134
0.164036
0.162468
0.129261
0.159035
0.158814
0.163112
0.160434
0.161174
0.160172
0.158564
0.159271
0.158870
0.158964
0.158773
0.158879
0.159523
0.171788
0.169469
0.168008
0.166850
0.163045
0.160147
0.160783
0.175677
0.177145
0.164966
0.159927
0.160313
0.159780
0.159845
0.097975
0.075699
0.073812
0.073383
0.072520
0.078445
0.074482
0.072520
0.072937
0.072820
0.072473
0.073388
0.071581
0.073016
0.074115
0.073595
0.081001
0.074016
0.074050
0.072218
0.080285
0.075063
0.078017
0.075850
0.079860
0.075798
0.075383
0.072941
0.075465
0.072056
0.073016
0.072568
0.074565
0.071716
0.072990
0.077539
0.074269
0.074095
0.072016
0.092463
0.072283
0.073282
0.075236
0.076524
0.074016
0.073963
0.075473
0.077214
0.073088
0.073491
0.074016
0.074721
0.077083
0.073519
0.074886
0.072016
0.073908
0.073084
0.074558
0.075351
0.075692
0.073466
0.080836
0.080733
0.082094
0.078846
0.072129
0.071429
0.079415
0.075824
0.075016
0.079144
0.073345
0.072299
0.073884
0.098821
0.089081
0.073705
0.072927
0.071818
0.080901
0.073016
0.082418
0.075891
0.072459
0.091395
0.073125
0.071352
0.090019
0.071112
0.072016
0.073978
0.088281
0.071826
0.074374
0.073130
0.071302
0.072017
0.071466
0.073016
0.074267
0.072016
0.071698
0.071775
0.072232
0.078261
0.073777
0.072016
0.088380
0.071728
0.076062
0.071536
0.073040
0.078019
0.073174
0.073016
0.074513
0.074089
0.072047
0.073016
0.072880
0.090520
0.089309
0.074860
0.073309
0.090487
0.071016
0.078355
0.073116
0.071208
0.073238
0.072881
0.072235
0.073152
0.072329
0.072535
0.070929
0.078162
0.072282
0.072207
0.071142
0.070770
0.073348
0.074187
0.073234
0.074016
0.073638
0.074350
0.072414
0.077724
0.071813
0.072326
0.078816
0.071477
0.074307
0.073015
0.072837
0.074630
0.073176
0.072440
0.073366
0.071970
0.072016
0.073201
0.071919
0.072462
0.072631
0.074065
0.073015
0.073833
0.072047
0.073617
0.073016
0.072484
0.073180
0.074206
0.073742
0.072016
0.073657
0.072345
0.073598
0.088333
0.072113
0.074017
0.078185
0.071815
0.072162
0.073016
0.070668
0.073016
0.072015
0.074299
0.073016
0.073050
0.071397
0.075018
0.074672
0.075200
0.073094
0.075334
0.072917
0.072190
0.072016
0.072256
0.071539
0.071016
0.072468
0.071469
0.070533
0.074018
0.072585
0.071792
0.072004
0.072032
0.073143
0.072016
0.073015
0.071585
0.080938
0.072109
0.074016
0.073837
0.073278
0.072696
0.072901
0.072134
0.074803
0.071441
0.072016
0.072663
0.073016
0.071949
0.071605
0.071018
0.072319
0.073391
0.077144
0.072977
0.076472
0.087173
0.071095
0.071508
0.088382
0.072111
0.071114
0.071175
0.073016
0.071419
0.073028
0.072190
0.073824
0.073123
0.071451
0.071969
0.070573
0.072015
0.073361
0.073016
0.072447
0.071402
0.072800
0.071763
0.072834
0.070243
0.071364
0.072169
0.072016
0.071290
0.071413
0.071138
0.071016
0.073503
0.073018
0.072336
0.072166
0.072615
0.074016
0.071522
0.078071
0.072118
0.072780
0.071510
0.072399
0.071878
0.073357
0.072109
0.071709
0.072716
0.072027
0.071476
0.072652
0.071926
0.072042
0.073080
0.072188
0.071016
0.074365
0.072016
0.070707
0.071914
0.071350
0.073377
0.072016
0.074593
0.071960
0.072220
0.073016
0.072016
0.072531
0.071716
0.071168
0.071398
0.070462
0.072133
0.072018
0.076516
0.069723
0.071156
0.077242
0.077214
0.089019
0.071701
0.072016
0.072431
0.085600
0.071828
0.072730
0.070104
0.072122
0.071183
0.073016
0.071929
0.073804
0.074094
0.071038
0.072468
0.077882
0.072634
0.072232
0.071805
0.072016
0.093020
0.071669
0.072016
0.072133
0.073039
0.073647
0.071015
0.072418
0.072729
0.071591
0.071446
0.071540
0.073369
0.073016
0.073016
0.090719
0.071899
0.072915
0.072151
0.072767
0.073501
0.089274
0.071241
0.071279
0.072015
0.071319
0.072016
0.071671
0.074681
0.075382
0.091547
0.071855
0.073048
0.074061
0.072467
0.072273
0.072617
0.071274
0.071191
0.072153
0.074394
0.073750
0.072016
0.073108
0.073439
0.072189
0.072944
0.072519
0.077628
0.078078
0.072015
0.072039
0.071193
0.074015
0.072390
0.075800
0.072535
0.076848
0.072236
0.071194
0.072349
0.072206
0.071444
0.074223
0.086556
0.072132
0.075372
0.072016
0.073017
0.071447
0.072207
0.073536
0.073016
0.081660
0.071682
0.072016
0.073016
0.073019
0.073322
0.073029
0.078017
0.072469
0.078192
0.072043
0.072129
0.072273
0.073531
0.073129
0.071392
0.073445
0.073040
0.072410
0.072318
0.071995
0.070819
0.072259
0.073801
0.072016
0.074551
0.073435
0.073576
0.072579
0.072016
0.072701
0.073127
0.072016
0.072205
0.074158
0.072165
0.073192
0.073265
0.072082
0.072217
0.073108
0.073231
0.077100
0.073132
0.073409
0.076342
0.090263
0.078633
0.073118
0.071506
0.071698
0.072166
0.071773
0.073114
0.072016
0.073711
0.074143
0.073302
0.071282
0.078017
0.074366
0.072112
0.072015
0.072016
0.072251
0.073258
0.074017
0.072132
0.073543
0.072403
0.075412
0.071319
0.073899
0.072024
0.072161
0.072495
0.072173
0.072571
0.072016
0.072015
0.083228
0.074687
0.073831
0.090019
0.071490
0.074071
0.072016
0.072750
0.072262
0.073631
0.074632
0.072667
0.073016
0.073167
0.074017
0.074289
0.075293
0.075329
0.073016
0.073754
0.073533
0.073281
0.074224
0.072227
0.072568
0.073200
0.073989
0.073016
0.074627
0.073947
0.072046
0.073016
0.073015
0.072912
0.072755
0.072127
0.075173
0.073294
0.073586
0.074047
0.074220
0.073191
0.073102
0.073206
0.073267
0.085408
0.072703
0.073592
0.073934
0.072205
0.073017
0.073569
0.075678
0.074047
0.071804
0.074924
0.074142
0.073432
0.072937
0.078435
0.072016
0.074016
0.075772
0.072016
0.092020
0.072776
0.073478
0.072204
0.073114
0.072109
0.072016
0.073374
0.074081
0.072171
0.078503
0.072367
0.074016
0.072676
0.072697
0.073016
0.071553
0.072016
0.072016
0.072016
0.073151
0.091793
0.073539
0.072982
0.073016
0.073514
0.074078
0.073017
0.075635
0.073888
0.081145
0.074896
0.074286
0.073722
0.075023
0.072417
0.073803
0.077017
0.091452
0.072016
0.074894
0.072016
0.074247
0.072909
0.073224
0.073134
0.073067
0.072856
0.074169
0.074271
0.086677
0.074109
0.072318
0.072436
0.072779
0.072875
0.074017
0.072220
0.079017
0.072598
0.076623
0.074981
0.072212
0.074109
0.083933
0.072361
0.078666
0.072688
0.073016
0.071715
0.073193
0.074127
0.073016
0.073661
0.072742
0.071794
0.072016
0.072425
0.074482
0.072325
0.073277
0.073328
0.074656
0.072016
0.072016
0.072288
0.073485
0.073396
0.072193
0.073541
0.073241
0.078300
0.072016
0.071692
0.073101
0.072232
0.072162
0.073503
0.071903
0.072115
0.077835
0.073293
0.073140
0.073670
0.071899
0.072534
0.072177
0.073460
0.072708
0.072016
0.074953
0.074079
0.075803
0.073174
0.072197
0.073539
0.072140
0.072727
0.073183
0.073916
0.074171
0.078318
0.072074
0.075019
0.074016
0.073016
0.087939
0.071639
0.072220
0.072016
0.073016
0.073009
0.073117
0.072464
0.072015
0.087043
0.072017
0.072057
0.073615
0.077183
0.072932
0.072056
0.073016
0.074342
0.072522
0.074071
0.072015
0.073016
0.072402
0.072215
0.072152
0.073235
0.072286
0.073124
0.073211
0.073428
0.072920
0.072016
0.072741
0.072016
0.072600
0.072905
0.072476
0.074804
0.074112
0.073015
0.071526
0.074272
0.072758
0.072943
0.074082
0.073170
0.072010
0.091142
0.071427
0.072273
0.071748
0.072806
0.072016
0.073867
0.073087
0.072582
0.075192
0.072208
0.076937
0.073252
0.074247
0.071015
0.072563
0.072016
0.072698
0.073069
0.073336
0.074222
0.073529
0.071136
0.073651
0.073079
0.072049
0.071438
0.078692
0.073440
0.072203
0.072160
0.073143
0.073652
0.072614
0.074017
0.072948
0.071462
0.072016
0.072016
0.072321
0.072016
0.071700
0.071889
0.071960
0.072015
0.072153
0.071602
0.071311
0.072016
0.073649
0.073462
0.071751
0.073479
0.072082
0.072119
0.071553
0.072294
0.071706
0.072255
0.072016
0.079106
0.073624
0.072989
0.071955
0.074016
0.073774
0.073175
0.072592
0.073019
0.073016
0.072703
0.072015
0.073016
0.072677
0.078033
0.073348
0.072310
0.073016
0.072891
0.072015
0.072501
0.073068
0.073325
0.072456
0.072755
0.071140
0.071183
0.074080
0.071196
0.072811
0.073205
0.072412
0.072668
0.073639
0.090495
0.070689
0.072016
0.073016
0.072703
0.072338
0.074214
0.072654
0.072388
0.072016
0.072288
0.073015
0.071645
0.072918
0.073220
0.072356
0.071357
0.074016
0.072762
0.084018
0.072015
0.071015
0.075333
0.073363
0.072510
0.072685
0.074792
0.076979
0.089257
0.072855
0.073187
0.075479
0.074012
0.071805
0.073328
0.072015
0.071516
0.074199
0.074427
0.076785
0.072677
0.073781
0.071367
0.071095
0.073156
0.072525
0.072459
0.075915
0.073669
0.072286
0.070669
0.072639
0.074147
0.072283
0.073240
0.073453
0.073244
0.077250
0.074077
0.072172
0.071821
0.073016
0.073632
0.073515
0.091019
0.071762
0.074637
0.075246
0.073258
0.073016
0.073016
0.073016
0.071798
0.072016
0.072707
0.072373
0.075455
0.073016
0.077017
0.075582
0.075109
0.073447
0.072149
0.072519
0.072016
0.071805
0.074133
0.072118
0.073081
0.073672
0.072520
0.073017
0.072536
0.072708
0.072305
0.074274
0.073866
0.073016
0.073284
0.073703
0.071627
0.074248
0.072347
0.073773
0.073105
0.073526
0.073434
0.072497
0.072015
0.071432
0.082207
0.072995
0.076015
