0.001003
0.160035
0.171037
0.159035
0.157415
0.158035
0.156498
0.166037
0.174439
0.157311
0.158035
0.156272
0.159218
0.159035
0.156566
0.160081
0.175039
0.178039
0.177115
0.177039
0.176039
0.171521
0.168477
0.168037
0.163037
0.159035
0.157111
0.157035
0.158036
0.156472
0.157035
0.158036
0.156034
0.157035
0.156034
0.157035
0.157035
0.157035
0.157035
0.157035
0.158036
0.158035
0.157113
0.158208
0.156046
0.133326
0.151422
0.149033
0.150081
0.157035
0.151856
0.167273
0.173038
0.176208
0.153033
0.158035
0.160036
0.158035
0.158238
0.158256
0.120226
0.133390
0.150476
0.150033
0.178039
0.174304
0.149320
0.118252
0.151127
0.149033
0.153034
0.151033
0.150033
0.150641
0.176055
0.174039
0.178107
0.174039
0.175039
0.174040
0.174039
0.148033
0.117188
0.130511
0.157298
0.159165
0.156409
0.147033
0.163376
0.177039
0.174857
0.174587
0.149033
0.116026
0.152034
0.150034
0.152034
0.153034
0.149033
0.149034
0.158103
0.135030
0.133030
0.134029
0.151411
0.174038
0.177368
0.154034
0.128028
0.151034
0.128355
0.155035
0.156035
0.155171
0.156571
0.154862
0.166037
0.162036
0.159036
0.160036
0.152161
0.171480
0.169025
0.163085
0.162036
0.157035
0.161558
0.161166
0.160035
0.159036
0.156035
0.168037
0.171038
0.168147
0.164364
0.158035
0.162036
0.169037
0.163037
0.167038
0.167281
0.163037
0.160513
0.162036
0.155209
0.175039
0.172038
0.175039
0.162036
0.159145
0.161036
0.158575
0.159035
0.159035
0.158199
0.130028
0.154034
0.150033
0.132326
0.149700
0.164037
0.172035
0.167037
0.162565
0.158035
0.158072
0.158371
0.159035
0.150871
0.162036
0.161036
0.158559
0.158035
0.158035
0.158036
0.158103
0.151033
0.156034
0.175039
0.152034
0.123046
0.131525
0.150255
0.147033
0.178622
0.178457
0.158035
0.136030
0.130029
0.155034
0.133030
0.170038
0.166037
0.152034
0.169039
0.177039
0.178040
0.177039
0.179549
0.178689
0.157115
0.133029
0.151033
0.128855
0.143032
0.163221
0.160035
0.158319
0.156245
0.157160
0.157402
0.158350
0.157035
0.155034
0.156035
0.156035
0.156035
0.158035
0.150033
0.162036
0.152171
0.173038
0.179040
0.177040
0.147716
0.157035
0.156221
0.155619
0.158141
0.158413
0.156054
0.156333
0.155035
0.157547
0.115026
0.137567
0.157035
0.155034
0.154034
0.140032
0.169261
0.164089
0.177039
0.174978
0.180040
0.175039
0.180041
0.174216
0.178040
0.157034
0.134030
0.151259
0.147998
0.133030
0.154034
0.157035
0.156982
0.147339
0.178039
0.177039
0.176039
0.180240
0.180040
0.177039
0.175183
0.179040
0.177040
0.175323
0.134030
0.153034
0.148033
0.153033
0.158063
0.148191
0.154369
0.149033
0.135030
0.153038
0.180040
0.154100
0.159467
0.157035
0.156058
0.157448
0.132030
0.139031
0.156273
0.154035
0.155517
0.156034
0.157035
0.142032
0.161036
0.158396
0.159035
0.157527
0.152993
0.179106
0.175174
0.151034
0.156035
0.156035
0.154034
0.118026
0.137030
0.151070
0.179040
0.136120
0.129006
0.133030
0.153309
0.157045
0.158053
0.158339
0.157034
0.158035
0.159035
0.153034
0.178040
0.175098
0.150034
0.120026
0.135030
0.150034
0.156034
0.160036
0.160036
0.159224
0.158532
0.152330
0.178244
0.120272
0.130029
0.150033
0.154204
0.153034
0.157394
0.161075
0.160036
0.160035
0.156035
0.169038
0.176999
0.153034
0.126367
0.135616
0.151086
0.156035
0.156034
0.154035
0.148564
0.174038
0.179043
0.137030
0.134030
0.150034
0.153449
0.155034
0.136796
0.160387
0.158035
0.155042
0.160035
0.161036
0.161036
0.156035
0.168038
0.179040
0.174038
0.147033
0.115026
0.132029
0.169037
0.166862
0.165037
0.163202
0.162036
0.158035
0.177732
0.183040
0.144109
0.123028
0.144032
0.154032
0.150033
0.169037
0.165253
0.164013
0.158846
0.173038
0.176040
0.148035
0.118025
0.137031
0.151033
0.156091
0.152164
0.165038
0.128029
0.129028
0.154035
0.154034
0.135280
0.168038
0.168038
0.168441
0.170456
0.169152
0.167246
0.163483
0.159036
0.170501
0.168038
0.165722
0.165046
0.164163
0.157035
0.180040
0.138030
0.134342
0.160036
0.160036
0.157035
0.138031
0.154749
0.159035
0.161733
0.158035
0.156507
0.156814
0.156034
0.135030
0.163988
0.161036
0.155977
0.170038
0.079017
0.169038
0.167186
0.162143
0.165036
0.164109
0.155035
0.174039
0.146034
0.113025
0.138096
0.157035
0.154227
0.177040
0.178077
0.133029
0.138530
0.150033
0.155034
0.154035
0.154034
0.155510
0.143031
0.165037
0.162036
0.157964
0.171089
0.161036
0.159035
0.156046
0.141032
0.156156
0.154570
0.155034
0.155035
0.155674
0.122027
0.157035
0.159483
0.161036
0.161036
0.156458
0.170038
0.176115
0.152034
0.157035
0.156531
0.125389
0.135030
0.151673
0.155034
0.157035
0.158035
0.160035
0.161349
0.161221
0.159907
0.138031
0.177177
0.171038
0.170136
0.167185
0.162036
0.159499
0.180040
0.175388
0.176039
0.178040
0.177107
0.136210
0.154034
0.159035
0.159035
0.158055
0.127029
0.157184
0.160396
0.157036
0.171083
0.166037
0.165037
0.162511
0.162406
0.160036
0.160887
0.159035
0.159770
0.159036
0.158035
0.179040
0.181452
0.166037
0.163133
0.159035
0.157445
0.157035
0.155034
0.156035
0.156034
0.156035
0.155034
0.156576
0.122027
0.136585
0.169371
0.158035
0.157035
0.151121
0.181040
0.177094
0.153046
0.128028
0.137030
0.153034
0.156282
0.158124
0.154498
0.158677
0.162036
0.161036
0.162524
0.162139
0.158158
0.171037
0.177040
0.152587
0.127534
0.143031
0.152732
0.155390
0.156035
0.147032
0.182040
0.162656
0.163286
0.158034
0.158096
0.123130
0.141453
0.155035
0.159035
0.158148
0.152034
0.172741
0.176040
0.153034
0.124027
0.137030
0.172308
0.170038
0.164232
0.159035
0.156034
0.157783
0.158035
0.158035
0.159035
0.156022
0.173038
0.176115
0.177041
0.153034
0.153529
0.157399
0.151033
0.137030
0.140040
0.154034
0.157555
0.157458
0.157035
0.157161
0.160300
0.163037
0.159035
0.170423
0.171765
0.170037
0.171037
0.169038
0.164037
0.171038
0.171379
0.172126
0.170258
0.169047
0.167741
0.167037
0.159035
0.179039
0.177762
0.180040
0.161038
0.156177
0.159151
0.157100
0.156034
0.158035
0.155257
0.159126
0.153926
0.127682
0.149005
0.153238
0.153518
0.181040
0.178040
0.134830
0.133528
0.149682
0.153342
0.152034
0.145125
0.169038
0.167037
0.164037
0.160396
0.173209
0.176303
0.153034
0.128029
0.134029
0.150033
0.154034
0.158090
0.161036
0.166448
0.167777
0.159099
0.172039
0.177047
0.152034
0.128028
0.142095
0.150033
0.156034
0.156235
0.150034
0.177437
0.174038
0.145032
0.112493
0.157068
0.148220
0.180040
0.141031
0.119027
0.141032
0.160035
0.163036
0.163036
0.156035
0.180040
0.176040
0.149033
0.120522
0.137930
0.151431
0.158157
0.160114
0.156035
0.177038
0.170038
0.163678
0.160035
0.159035
0.156367
0.157662
0.159035
0.157035
0.151033
0.147032
0.154583
0.144082
0.163278
0.171338
0.170113
0.166356
0.164036
0.167038
0.163036
0.161016
0.170037
0.169038
0.169038
0.168037
0.169037
0.169037
0.170130
0.168037
0.167037
0.180040
0.179040
0.177040
0.170038
0.163037
0.162036
0.137030
0.118026
0.160035
0.151034
0.180364
0.141031
0.111061
0.146200
0.145032
0.159496
0.155034
0.156092
0.156034
0.156035
0.154034
0.117026
0.161495
0.163037
0.164037
0.158439
0.169191
0.176039
0.146033
0.111815
0.138031
0.159035
0.162074
0.160302
0.163036
0.162747
0.165429
0.156879
0.181040
0.177040
0.133031
0.139727
0.151033
0.155035
0.155043
0.157035
0.155362
0.116026
0.151034
0.157168
0.159760
0.161853
0.162036
0.160779
0.155034
0.179040
0.176934
0.180041
0.138149
0.141049
0.153033
0.156034
0.156035
0.155057
0.155204
0.142031
0.163036
0.163102
0.162512
0.163870
0.155730
0.171511
0.181157
0.177039
0.153203
0.109024
0.157035
0.157035
0.158035
0.157034
0.158036
0.156035
0.158475
0.157583
0.158036
0.147214
0.180041
0.181041
0.140030
0.139031
0.154107
0.157264
0.157034
0.156035
0.158035
0.157034
0.158216
0.144032
0.153034
0.158036
0.157848
0.153035
0.175038
0.170038
0.167571
0.162848
0.169462
0.168037
0.165435
0.158437
0.168566
0.179040
0.156034
0.135086
0.140225
0.157339
0.157174
0.139031
0.158084
0.158035
0.158320
0.153513
0.177039
0.179039
0.160037
0.121027
0.140479
0.154455
0.157287
0.159035
0.158522
0.159035
0.159248
0.158035
0.157850
0.155034
0.170286
0.179040
0.177039
0.156227
0.132029
0.118026
0.161335
0.163417
0.161213
0.161036
0.163084
0.162036
0.162126
0.154700
0.179040
0.175039
0.150033
0.121027
0.156035
0.143093
0.167037
0.167268
0.166036
0.163619
0.164036
0.163036
0.163036
0.163257
0.163193
0.163036
0.162382
0.156034
0.176039
0.169039
0.161299
0.161035
0.128296
0.157035
0.145780
0.157035
0.155051
0.155035
0.156034
0.150285
0.153034
0.080018
0.167038
0.165100
0.158035
0.172039
0.156121
0.155034
0.171039
0.170038
0.167038
0.169016
0.167037
0.166037
0.163356
0.168319
0.168037
0.164131
0.167348
0.167126
0.164037
0.168536
0.168092
0.163346
0.170546
0.176039
0.095021
0.145622
0.162036
0.160035
0.160484
0.160036
0.161035
0.161036
0.158126
0.169038
0.182039
0.178040
0.155035
0.132030
0.139031
0.137748
0.159036
0.161036
0.161036
0.161194
0.162187
0.162477
0.160035
0.156171
0.176039
0.180852
0.176039
0.152034
0.127028
0.124372
0.158035
0.171388
0.178040
0.175996
0.151033
0.126028
0.139031
0.156103
0.157035
0.158035
0.156034
0.155034
0.156137
0.139031
0.166416
0.159036
0.180040
0.135030
0.151033
0.155035
0.153807
0.155035
0.159036
0.155034
0.154534
0.150033
0.134030
0.143676
0.162112
0.155035
0.129029
0.162035
0.164437
0.163191
0.164423
0.163435
0.163036
0.161125
0.165462
0.170038
0.169096
0.166037
0.166036
0.168038
0.169037
0.168527
0.171038
0.168239
0.168038
0.164174
0.167196
0.169682
0.165037
0.161167
0.157035
0.154790
0.156035
0.155034
0.130294
0.113025
0.164037
0.165558
0.166037
0.165575
0.164036
0.165037
0.163053
0.165037
0.163036
0.158320
0.170203
0.177040
0.151087
0.122919
0.140032
0.153034
0.155293
0.161036
0.162114
0.161071
0.168037
0.178316
0.155454
0.114025
0.137031
0.158538
0.161036
0.161270
0.163036
0.162334
0.161036
0.179329
0.178040
0.180040
0.177101
0.170040
0.133029
0.134111
0.148345
0.153034
0.157381
0.158035
0.157679
0.160155
0.160758
0.164398
0.161423
0.179765
0.183042
0.146033
0.123406
0.136416
0.155035
0.158800
0.160036
0.163036
0.164036
0.164037
0.163451
0.157161
0.180040
0.175039
0.176040
0.174039
0.146032
0.113678
0.137418
0.160035
0.165037
0.159436
0.162036
0.160035
0.160036
0.162671
0.161036
0.156070
0.178040
0.175214
0.167037
0.150033
0.150532
0.158473
0.160035
0.159099
0.160268
0.155163
0.133029
0.152034
0.155390
0.160036
0.162256
0.164557
0.165146
0.160801
0.173038
0.172037
0.172171
0.171038
0.168037
0.166062
0.164037
0.160255
0.161036
0.171038
0.168059
0.163037
0.172493
0.171038
0.164809
0.177039
0.156035
0.091139
0.164037
0.159035
0.161036
0.160241
0.161036
0.160259
0.161064
0.160169
0.154495
0.174323
0.176687
0.177039
0.175102
0.180040
0.180537
0.179040
0.176039
0.153034
0.128285
0.140489
0.156139
0.159035
0.159035
0.159477
0.158035
0.160037
0.159035
0.145318
0.166037
0.158341
0.172038
0.177040
0.179040
0.179039
0.181041
0.177141
0.154294
0.131990
0.135374
0.140064
0.157034
0.161036
0.161036
0.159575
0.155053
0.174021
0.176040
0.150033
0.123027
0.139031
0.155035
0.157108
0.158535
0.155034
0.159035
0.160450
0.157035
0.184041
0.183040
0.181041
0.142031
0.123671
0.149034
0.159852
0.161035
0.157517
0.160142
0.172341
0.168038
0.167037
0.165036
0.134030
0.160035
0.134029
0.157408
0.161036
0.158454
0.157457
0.157161
0.157035
0.157034
0.157034
0.152034
0.166037
0.176039
0.173038
0.164037
0.174139
0.163910
0.160036
0.159276
0.153033
0.117025
0.136030
0.301598
0.323014
0.336626
0.341518
0.345075
0.266043
0.174527
0.176039
0.176039
0.173566
0.148166
0.116026
0.136220
0.158034
0.160036
0.157035
0.157035
0.157112
0.158075
0.160035
0.157185
0.158035
0.135508
0.155035
0.180040
0.180040
0.176059
0.175565
0.154034
0.158660
0.157035
0.128028
0.136029
0.155035
0.157564
0.156541
0.157549
0.158035
0.158035
0.150033
0.162036
0.160036
0.159035
0.160522
0.153693
0.180040
0.177133
0.176039
0.177197
0.155034
0.129028
0.135418
0.142052
0.162036
0.161036
0.160441
0.154495
0.179039
0.150394
0.159036
0.158583
0.157035
0.161036
0.160519
0.160087
0.163375
0.161123
0.164036
0.159035
0.136030
0.155097
0.156518
0.157035
0.159036
0.148098
0.153367
0.157035
0.140030
0.160035
0.163036
0.160035
0.160035
0.160035
0.160303
0.163036
0.160035
0.160035
0.160225
0.161196
0.155391
0.168037
0.165037
0.156338
0.112785
0.160098
0.160091
0.159239
0.160515
0.160035
0.160035
0.145101
0.165223
0.163036
0.162036
0.162036
0.161218
0.162036
0.160035
0.160341
0.154000
0.177719
0.183041
0.179040
0.181355
0.179040
0.183041
0.178040
0.181128
0.181041
0.177039
0.178039
0.180040
0.179129
0.179326
0.159036
0.123027
0.145375
0.156035
0.161036
0.159035
0.159225
0.159319
0.158035
0.148034
0.182030
0.181041
0.143142
0.119027
0.148101
0.156295
0.159035
0.159400
0.155152
0.181041
0.183041
0.182041
0.179219
0.180040
0.159036
0.136030
0.134030
0.135554
0.159035
0.161036
0.177039
0.177254
0.180040
0.179040
0.179078
0.179040
0.175040
0.150066
0.118026
0.136030
0.154034
0.159292
0.163127
0.163480
0.163037
0.160914
0.159035
0.154034
0.177039
0.181041
0.142061
0.128028
0.154034
0.156402
0.158034
0.161035
0.161035
0.161036
0.144065
0.157035
0.161036
0.160036
0.148123
0.184041
0.180040
0.140031
0.135745
0.151364
0.160653
0.159035
0.160035
0.159335
0.151720
0.154721
0.158035
0.149033
0.170038
0.182036
0.176709
0.150722
0.125027
0.139030
0.147576
0.162036
0.161036
0.161367
0.158179
0.168646
0.181039
0.140032
0.140031
0.155035
0.156034
0.120533
0.178040
0.180040
0.180040
0.181041
0.174395
0.148032
0.119142
0.134030
0.155034
0.159698
0.160035
0.159309
0.160326
0.160036
0.162036
0.161068
0.161083
0.162036
0.160985
0.175039
0.181040
0.178040
0.139031
0.145032
0.153197
0.155035
0.156214
0.136030
0.153898
0.158268
0.159308
0.159488
0.160035
0.160036
0.164037
0.162166
0.161153
0.162378
0.156762
0.175530
0.174039
0.174038
0.173038
0.167181
0.163143
0.160036
0.170039
0.170038
0.170427
0.170038
0.166817
0.167288
0.164778
0.165757
0.170536
0.167262
0.170038
0.158035
0.157035
0.158678
0.165036
0.142838
0.163037
0.179039
0.181136
0.123027
0.148123
0.159035
0.155034
0.146032
0.165097
0.160035
0.158035
0.160437
0.158916
0.171074
0.180040
0.142031
0.145033
0.157036
0.159034
0.158441
0.148033
0.156942
0.159035
0.160036
0.153034
0.168116
0.179039
0.137030
0.095981
0.178040
0.179040
0.156034
0.130834
0.149033
0.155661
0.158257
0.146033
0.162036
0.161036
0.161458
0.161242
0.156035
0.180043
0.184061
0.147033
0.121508
0.144234
0.156035
0.154095
0.171038
0.169038
0.161036
0.179039
0.181040
0.140031
0.116026
0.145032
0.161035
0.162036
0.161330
0.163036
0.162082
0.158035
0.173729
0.182041
0.143031
0.152033
0.157035
0.158035
0.146033
0.156034
0.159035
0.156413
0.159036
0.150033
0.153555
0.156315
0.161281
0.170038
0.167148
0.167037
0.164037
0.169087
0.180512
0.182040
0.178426
0.183041
0.180040
0.177399
0.174039
0.169038
0.131029
0.153034
0.156034
0.156034
0.147085
0.141466
0.157035
0.157472
0.160296
0.162598
0.156336
0.160036
0.159035
0.130029
0.140343
0.152334
0.157034
0.149356
0.155035
0.176040
0.176039
0.181113
0.138031
0.134524
0.145032
0.156034
0.158035
0.160036
0.160318
0.129595
0.159035
0.155035
0.171039
0.182040
0.144032
0.120025
0.146055
0.156034
0.160036
0.161357
0.155549
0.179040
0.182041
0.178040
0.180072
0.184068
0.177039
0.175039
0.151035
0.126028
0.141809
0.157035
0.161103
0.160255
0.159035
0.159035
0.161340
0.159535
0.147813
0.147034
0.156035
0.157034
0.156705
0.129028
0.149106
0.158035
0.162035
0.160384
0.146033
0.166037
0.164615
0.162115
0.164528
0.157665
0.158035
0.158034
0.157901
0.159036
0.154296
0.172038
0.169038
0.167038
0.174039
0.174271
0.170100
0.168037
0.165344
0.164253
0.161103
0.160036
0.161036
0.161036
0.154033
0.169997
0.178040
0.155035
0.157034
0.159035
0.158285
0.158035
0.158035
0.158035
0.158035
0.158191
0.149656
0.156034
0.158035
0.159035
0.143032
0.153930
0.158035
0.159144
0.140030
0.159035
0.158153
0.160226
0.152034
0.180040
0.178040
0.155217
0.130029
0.122028
0.158347
0.160035
0.160036
0.160427
0.160036
0.160264
0.154368
0.176039
0.181041
0.176039
0.176039
0.179039
0.177654
0.176039
0.179040
0.157035
0.160334
0.159035
0.157990
0.158035
0.158035
0.159069
0.158035
0.160036
0.119658
0.144032
0.157034
0.156852
0.159035
0.159260
0.159332
0.160035
0.154034
0.180040
0.177039
0.154034
0.130288
0.135030
0.160036
0.157035
0.158467
0.141032
0.153262
0.144031
0.160036
0.161036
0.164137
0.164037
0.163534
0.165226
0.163036
0.164036
0.160068
0.174189
0.168213
0.173038
0.171534
0.165224
0.181040
0.184041
0.183041
0.182040
0.180041
0.180040
0.160036
0.161360
0.161035
0.162036
0.160035
0.160036
0.160035
0.158035
0.160036
0.160036
0.160036
0.138031
0.156456
0.160035
0.160035
0.159276
0.161035
0.160035
0.161164
0.159035
0.142449
0.156157
0.159743
0.160811
0.160035
0.159035
0.160446
0.159559
0.159133
0.149175
0.172039
0.172094
0.168037
0.167474
0.166037
0.164037
0.157035
0.181581
0.176600
0.177040
0.177040
0.139757
0.156034
0.157034
0.160036
0.157512
0.160036
0.150688
0.159350
0.146032
0.156035
0.142031
0.160324
0.161036
0.161035
0.161389
0.162036
0.160189
0.162036
0.161036
0.160035
0.156035
0.178159
0.177736
0.155035
0.133217
0.139203
0.154034
0.159126
0.158357
0.159035
0.157035
0.158550
0.160007
0.161490
0.155310
0.152615
0.179040
0.178040
0.156035
0.133029
0.142031
0.155034
0.158035
0.154066
0.143031
0.156035
0.158035
0.157241
0.159036
0.160468
0.161036
0.162036
0.155035
0.177039
0.178040
0.155110
0.132029
0.141031
0.156782
0.158501
0.160035
0.160036
0.159035
0.158035
0.155161
0.149613
0.182040
0.142031
0.118026
0.143545
0.160036
0.161036
0.161036
0.162399
0.164037
0.161400
0.161814
0.170450
0.168881
0.107074
0.181041
0.141095
0.141032
0.156465
0.159035
0.159035
0.160246
0.150401
0.155034
0.149033
0.157724
0.162035
0.162036
0.156035
0.181041
0.140031
0.141032
0.159035
0.159091
0.158034
0.159035
0.158035
0.159035
0.143300
0.157035
0.150033
0.175039
0.147036
0.119026
0.130849
0.147032
0.158035
0.156079
0.158036
0.157516
0.157035
0.158035
0.159353
0.157336
0.121829
0.151033
0.180040
0.178040
0.153122
0.128172
0.143660
0.155035
0.156574
0.158035
0.158035
0.152034
0.178246
0.181579
0.181041
0.136368
0.137030
0.155035
0.133122
0.155339
0.159030
0.165036
0.174039
0.171038
0.166037
0.165036
0.165036
0.165036
0.164261
0.164305
0.164733
0.163036
0.160256
0.172195
0.168037
0.168038
0.166037
0.166083
0.168038
0.170049
0.171046
0.165036
0.164122
0.163036
0.163037
0.164036
0.163433
0.163284
0.165037
0.163472
0.166037
0.163255
0.165036
0.165471
0.163036
0.161055
0.164542
0.163036
0.164036
0.163036
0.162036
0.163036
0.163036
0.164037
0.162403
0.164037
0.161035
0.160070
0.173038
0.171038
0.159036
0.157034
0.158035
0.160035
0.162035
0.162036
0.163095
0.164036
0.162036
0.163036
0.164037
0.164274
0.162036
0.163036
0.163036
0.163604
0.162036
0.162532
0.163676
0.163631
0.164037
0.164088
0.165457
0.163036
0.162340
0.164037
0.164037
0.164530
0.162156
0.164036
0.165036
0.164595
0.164036
0.164177
0.164429
0.165261
0.164036
0.164383
0.165037
0.164609
0.163249
0.157035
0.158035
0.157748
0.157353
0.159036
0.161306
0.163036
0.163119
0.163037
0.164037
0.164036
0.163036
0.165285
0.163037
0.163406
0.163520
0.163037
0.164212
0.163321
0.163036
0.163473
0.163036
0.164037
0.163036
0.164494
0.163608
0.165036
0.164484
0.162036
0.163172
0.155034
0.158036
0.158035
0.157034
0.162036
0.164303
0.157035
0.174285
0.178171
0.175240
0.171037
0.170116
0.169084
0.166530
0.170068
0.168167
0.168993
0.169038
0.166037
0.168037
0.166037
0.165853
0.166096
0.163471
0.162036
0.161581
0.162505
0.162035
0.164037
0.162713
0.159035
0.161036
0.162036
0.162036
0.162036
0.165071
0.167037
0.167489
0.167037
0.166037
0.166037
0.165119
0.167243
0.166571
0.164036
0.165607
0.165036
0.166037
0.165487
0.166037
0.165280
0.168037
0.165403
0.164036
0.163036
0.163703
0.162064
0.172038
0.170038
0.165671
0.165121
0.164036
0.164445
0.164036
0.164387
0.164037
0.162926
0.172770
0.171038
0.168475
0.166036
0.167037
0.164036
0.166037
0.165037
0.166038
0.165036
0.165037
0.165037
0.166045
0.161036
0.162313
0.162035
0.164183
0.162866
0.163507
0.163036
0.164036
0.157153
0.179039
0.178040
0.179040
0.175038
0.170038
0.167038
0.161035
0.157598
0.156543
0.160036
0.158454
0.160036
0.159035
0.159362
0.161131
0.159287
0.160007
0.161036
0.160036
0.159523
0.156034
0.155035
0.138031
0.154034
0.157636
0.160036
0.161036
0.160036
0.161425
0.160865
0.155035
0.157189
0.159139
0.160035
0.162753
0.162035
0.164431
0.163036
0.162952
0.164476
0.164009
0.162232
0.163036
0.163036
0.162036
0.161167
0.161036
0.164037
0.163055
0.163036
0.164036
0.163036
0.163213
0.161036
0.164037
0.162827
0.163036
0.163151
0.163276
0.164148
0.161036
0.163036
0.161035
0.163212
0.160035
0.162110
0.163462
0.163037
0.163036
0.163036
0.163633
0.164288
0.164036
0.164654
0.162036
0.163037
0.164367
0.164037
0.165037
0.163178
0.163058
0.165194
0.163176
0.167037
0.166241
0.167037
0.167037
0.165035
0.164036
0.164036
0.164357
0.164036
0.164494
0.164400
0.161036
0.171154
0.156035
0.158036
0.161484
0.161115
0.161036
0.162251
0.163260
0.164037
0.165036
0.166129
0.164037
0.165102
0.165037
0.164036
0.159036
0.181290
0.179039
0.180040
0.173038
0.166037
0.164036
0.158189
0.155600
0.155035
0.155204
0.155285
0.154770
0.173039
0.165037
0.162036
0.156002
0.154368
0.156035
0.156129
0.154034
0.154034
0.156034
0.155279
0.156472
0.154185
0.155483
0.156034
0.154361
0.156035
0.156412
0.155034
0.154387
0.154034
0.158035
0.160035
0.162081
0.164037
0.164398
0.163040
0.163036
0.163036
0.163037
0.163328
0.163036
0.163350
0.162294
0.162728
0.162036
0.171010
0.171037
0.167235
0.167327
0.166453
0.165037
0.163329
0.164492
0.164438
0.164036
0.163078
0.164320
0.164036
0.163036
0.164037
0.163036
0.160036
0.172343
0.172203
0.169561
0.167036
0.167231
0.166494
0.157035
0.157035
0.158236
0.158441
0.157618
0.156035
0.156134
0.156035
0.157035
0.159035
0.161337
0.162299
0.162759
0.163036
0.162036
0.161382
0.161286
0.164037
0.163263
0.162443
0.163299
0.160556
0.161258
0.163152
0.161273
0.161105
0.162036
0.161036
0.162036
0.162036
0.161930
0.163314
0.162697
0.164541
0.163036
0.162532
0.163036
0.164095
0.162036
0.163036
0.163037
0.162063
0.164362
0.162036
0.163036
0.162576
0.163036
0.164144
0.163036
0.165090
0.163036
0.163516
0.164037
0.162437
0.162036
0.162036
0.163037
0.162062
0.162036
0.163036
0.163335
0.159036
0.156035
0.157035
0.136209
0.158035
0.156421
0.158035
0.162036
0.161926
0.163036
0.161036
0.161110
0.162036
0.161036
0.159035
0.160036
0.160036
0.160598
0.162372
0.162036
0.162036
0.162036
0.162036
0.163037
0.162036
0.162036
0.163037
0.162287
0.162036
0.158035
0.157035
0.157523
0.156125
0.158035
0.155035
0.160036
0.160061
0.161036
0.159326
0.160236
0.163036
0.162138
0.163281
0.164036
0.164455
0.164491
0.163036
0.162530
0.164036
0.162450
0.161119
0.162036
0.163036
0.160035
0.162285
0.163037
0.162245
0.161368
0.162037
0.162036
0.161128
0.165316
0.162558
0.163215
0.163037
0.163494
0.162036
0.162292
0.162549
0.163036
0.162035
0.161035
0.155450
0.159353
0.162617
0.166062
0.164411
0.161365
0.162036
0.162036
0.161036
0.162098
0.161082
0.162036
0.162036
0.163037
0.163037
0.165037
0.165526
0.166036
0.165491
0.166036
0.161191
0.162036
0.159226
0.171038
0.170038
0.169124
0.166429
0.165286
0.164037
0.163036
0.162035
0.161036
0.161035
0.160036
0.160035
0.162036
0.165037
0.160091
0.150034
0.075019
0.078017
0.077018
0.076468
0.076017
0.073657
0.074765
0.076017
0.077017
0.077016
0.077188
0.077017
0.078017
0.077017
0.078017
0.078262
0.079021
0.077298
0.075199
0.080010
0.076017
0.080018
0.082019
0.076691
0.077018
0.074015
0.074556
0.072412
0.075370
0.074211
0.082018
0.088022
0.092020
0.126559
0.157035
0.158034
0.158231
0.158035
0.136068
0.155196
0.158317
0.162036
0.163035
0.157034
0.157035
0.158034
0.158035
0.159034
0.160318
0.159159
0.159302
0.134029
0.154502
0.158035
0.159130
0.160035
0.158240
0.155035
0.179110
0.176693
0.153033
0.130039
0.146032
0.156034
0.160216
0.159035
0.160036
0.158035
0.152571
0.159035
0.158035
0.174107
0.182040
0.144035
0.122771
0.134029
0.173808
0.141239
0.136030
0.151279
0.133582
0.156298
0.154672
0.159687
0.160086
0.161127
0.157953
0.155970
0.155034
0.127749
0.152380
0.154745
0.151676
0.159387
0.183954
0.179867
0.139827
0.149132
0.155527
0.155268
0.146904
0.151414
0.155050
0.147147
0.161643
0.330035
0.351605
0.343574
0.361646
0.351596
0.364326
0.347075
0.318937
0.177033
0.126306
0.133029
0.149682
0.167208
0.162136
0.169945
0.173263
0.168890
0.167551
0.165357
0.167430
0.157875
0.174380
0.157975
0.158669
0.156493
0.155430
0.156314
0.156680
0.156040
0.155316
0.131028
0.151948
0.154732
0.157668
0.156937
0.154991
0.155700
0.156036
0.156189
0.155928
0.126917
0.162302
0.160571
0.158710
0.159953
0.160414
0.161715
0.160056
0.160660
0.155119
0.170536
0.179489
0.175683
0.178140
0.153891
0.128914
0.134856
0.151464
0.154071
0.155241
0.157035
0.156035
0.157550
0.156460
0.159035
0.159034
0.159543
0.158207
0.159146
0.154665
0.176688
0.179476
0.175106
0.148529
0.116452
0.134199
0.151048
0.179349
0.174618
0.176632
0.176040
0.176100
0.176121
0.175575
0.148160
0.117992
0.136345
0.154578
0.158631
0.160036
0.153435
0.174208
0.176479
0.178872
0.153520
0.128342
0.134543
0.152033
0.157035
0.150067
0.166715
0.162855
0.161243
0.160943
0.159812
0.161635
0.158630
0.169997
0.167733
0.163145
0.157576
0.176010
0.175499
0.179548
0.175090
0.149808
0.121775
0.137538
0.151989
0.157736
0.161949
0.160687
0.160647
0.159254
0.165024
0.164564
0.160388
0.160702
0.156113
0.172682
0.167763
0.174130
0.170302
0.164773
0.162937
0.162499
0.164290
0.161753
0.162284
0.163342
0.161407
0.171516
0.169813
0.165902
0.164415
0.159999
0.158524
0.158656
0.157893
0.137710
0.165685
0.164716
0.165702
0.165989
0.163144
0.160070
0.178856
0.176974
0.173701
0.169961
0.168051
0.161889
0.178039
0.181040
0.138251
0.151033
0.134591
0.162497
0.160036
0.140191
0.160035
0.159035
0.161036
0.162036
0.162036
0.162036
0.161527
0.163036
0.162036
0.162036
0.161640
0.163036
0.157368
0.181489
0.182226
0.181073
0.144821
0.119973
0.135030
0.157414
0.152080
0.176830
0.177048
0.152027
0.124947
0.137029
0.152588
0.151248
0.167878
0.162844
0.166008
0.164390
0.163539
0.162186
0.163065
0.162141
0.162073
0.168026
0.162663
0.167290
0.182819
0.179414
0.156267
0.133228
0.134715
0.135663
0.161388
0.159103
0.161701
0.159894
0.167970
0.162636
0.163242
0.161909
0.161890
0.161145
0.162270
0.160093
0.159383
0.156041
0.172395
0.167812
0.165012
0.163101
0.162077
0.161872
0.157732
0.165847
0.166338
0.164901
0.161978
0.162163
0.158862
0.163255
0.164821
0.156150
0.161842
0.163501
0.160654
0.159319
0.159758
0.160051
0.157703
0.159271
0.159674
0.157378
0.158018
0.159225
0.115757
0.144033
0.159497
0.159707
0.160914
0.162638
0.159980
0.157888
0.169123
0.180012
0.177449
0.155352
0.134276
0.141185
0.155720
0.158633
0.158034
0.159035
0.142800
0.168207
0.160794
0.180434
0.175038
0.179039
0.155424
0.128373
0.134030
0.162085
0.163036
0.158528
0.156034
0.157023
0.158035
0.159035
0.161036
0.160035
0.160035
0.160035
0.155900
0.172282
0.177716
0.179251
0.176992
0.152351
0.125058
0.141159
0.154825
0.157247
0.149572
0.167979
0.164555
0.163993
0.154852
0.173336
0.176038
0.179039
0.157393
0.138393
0.141603
0.154200
0.157372
0.155466
0.156828
0.156035
0.158108
0.158062
0.140031
0.160550
0.162576
0.162036
0.159035
0.160035
0.160035
0.159716
0.158379
0.163255
0.169873
0.167943
0.165173
0.159308
0.159035
0.130548
0.163783
0.164190
0.162249
0.161242
0.160115
0.160053
0.158516
0.159225
0.159818
0.157931
0.156672
0.177814
0.174691
0.172166
0.168806
0.164048
0.162033
0.155126
0.176325
0.177145
0.153139
0.128378
0.138978
0.153918
0.160035
0.158845
