214	192	86	74
188	171	107	107
185	159	103	122
181	178	102	106
198	177	98	98
189	166	108	112
188	150	100	133
180	172	105	109
189	171	107	101
190	157	98	119
185	173	98	108
194	171	100	104
188	164	102	107
185	158	99	110
181	174	97	95
192	172	91	91
186	161	95	104
182	162	94	94
187	173	99	99
180	166	104	104
178	167	98	94
191	154	87	110
184	166	92	103
180	181	92	92
187	179	92	87
182	168	94	102
177	182	95	92
185	180	94	88
193	172	96	96
189	163	97	106
182	173	102	102
180	173	95	92
193	161	88	107
184	174	98	111
180	177	97	95
188	175	96	90
182	167	98	98
179	180	95	93
185	172	99	99
198	165	93	104
188	161	104	104
188	176	94	94
198	185	89	95
194	178	89	101
191	179	86	89
202	186	83	93
195	182	88	92
207	190	82	95
185	183	93	101
195	178	91	102
191	180	91	91
187	188	91	91
199	184	86	92
191	179	93	93
201	188	88	94
198	183	86	96
194	179	85	95
187	179	91	88
197	172	90	94
189	179	96	96
188	180	91	88
195	177	94	84
191	177	94	102
182	178	103	92
178	175	102	88
192	181	90	96
184	181	98	87
196	185	87	97
189	181	93	97
200	182	89	86
195	171	93	101
205	182	91	97
199	173	94	107
193	169	98	106
186	184	102	96
186	183	93	90
197	181	86	86
191	170	91	99
199	180	89	95
193	172	93	101
184	182	102	102
199	180	93	96
193	174	95	99
188	182	98	102
187	182	91	94
198	176	87	97
191	185	93	97
188	180	89	100
184	181	89	89
201	177	81	89
195	169	85	97
186	161	96	104
198	176	91	91
192	165	95	104
185	160	100	105
183	175	96	96
176	168	101	101
196	182	92	92
194	172	89	105
185	169	97	102
179	169	100	94
191	167	91	88
186	164	94	109
175	168	107	92
191	184	93	80
189	170	91	99
180	165	100	100
176	166	100	91
174	168	96	105
182	169	94	94
175	162	99	99
188	181	90	90
181	175	95	95
174	169	100	98
193	184	93	85
192	171	89	102
184	167	96	100
176	162	103	103
187	174	97	94
183	164	96	105
174	157	106	111
186	179	98	98
182	175	99	99
180	168	93	104
173	164	99	104
192	179	92	92
176	169	89	105
183	162	91	111
174	165	101	95
188	162	92	92
181	154	97	124
170	176	110	100
187	174	95	95
181	167	100	100
176	160	101	105
184	174	100	97
181	169	99	99
173	162	104	104
183	177	101	95
182	168	95	103
175	169	99	93
189	166	91	91
183	170	95	110
176	172	100	97
189	169	92	92
178	159	106	106
173	164	106	111
172	171	99	87
187	176	88	96
178	168	96	105
169	162	106	106
182	161	96	100
175	164	103	112
172	172	98	86
169	180	96	86
188	176	86	86
178	175	99	105
171	176	102	92
167	172	102	92
180	164	91	100
169	174	105	96
186	170	91	95
178	170	98	113
171	174	102	96
186	172	93	90
180	170	96	111
173	173	100	97
185	172	95	89
178	157	102	112
172	175	104	97
184	171	101	95
181	159	98	112
176	173	98	99
171	174	99	89
184	178	88	99
174	174	99	99
186	172	96	93
179	161	99	108
170	178	109	94
187	172	96	96
180	163	101	105
171	163	108	97
188	173	96	93
182	161	99	108
172	173	109	104
176	172	91	97
185	172	88	88
177	164	97	97
189	176	92	92
185	165	92	105
175	167	103	92
190	163	92	92
184	161	97	112
173	160	109	104
187	175	97	91
182	166	99	99
175	165	104	93
176	169	93	104
183	161	99	112
172	163	111	99
189	173	98	95
183	161	101	110
176	178	106	96
178	174	92	95
194	169	88	96
186	161	97	105
176	177	106	92
179	172	93	93
186	162	94	106
178	179	100	91
194	172	87	96
185	164	96	104
179	165	100	94
179	170	92	102
193	172	91	91
187	174	96	104
183	176	94	91
196	169	87	97
187	174	97	105
183	176	95	92
191	169	94	97
184	175	100	105
196	176	97	93
190	164	100	108
180	159	110	110
194	186	100	88
193	176	94	99
185	173	101	97
198	170	93	93
192	168	98	113
180	170	111	100
197	183	96	90
191	171	98	106
204	190	92	87
199	175	94	109
188	172	107	107
207	193	91	86
202	173	93	118
188	172	110	110
201	194	107	89
201	178	98	111
193	181	105	95
207	179	97	91
202	175	99	114
193	179	106	96
207	189	98	95
201	187	102	91
199	185	97	87
218	172	87	105
207	165	100	109
197	183	110	95
199	177	96	96
212	170	91	101
202	178	101	101
201	191	95	95
214	184	86	100
204	183	98	94
204	176	90	101
214	158	90	128
203	166	101	101
218	184	92	95
210	174	98	107
221	194	96	87
206	178	92	112
216	183	92	92
212	190	93	97
222	189	86	90
211	171	101	118
207	197	99	88
210	183	85	106
217	188	86	89
210	191	93	101
222	186	88	101
214	188	95	89
214	194	87	95
223	190	82	95
214	183	93	101
224	178	92	103
217	183	97	111
214	187	94	94
226	197	89	89
219	187	94	102
213	184	98	98
227	196	89	92
222	183	91	110
216	188	95	91
215	199	88	88
228	189	80	100
221	184	84	102
229	201	88	88
225	190	88	100
217	187	94	99
230	200	88	91
225	187	90	109
216	185	99	104
213	185	96	96
225	187	90	109
202	185	100	105
215	180	93	105
212	182	90	93
223	190	86	104
217	188	89	100
215	203	86	89
213	197	82	92
226	190	82	100
215	175	95	121
209	182	98	98
223	199	89	92
216	190	95	103
207	180	104	113
205	182	99	99
205	200	90	93
214	195	86	94
223	196	85	85
217	190	89	114
212	196	92	92
205	195	96	86
219	179	86	111
207	188	103	112
210	196	86	86
221	198	81	99
211	192	94	102
207	194	92	89
204	200	91	96
214	200	85	88
207	190	91	99
217	204	89	89
213	194	90	102
203	193	101	96
217	190	93	93
210	192	98	106
205	193	99	96
201	192	98	89
216	179	88	106
204	185	102	110
202	205	96	91
217	202	85	88
208	190	95	105
201	207	100	91
202	198	90	100
211	199	86	89
219	198	88	83
214	191	90	115
204	197	102	92
199	195	102	88
215	186	90	98
206	191	99	107
202	193	97	94
215	186	90	98
207	191	99	108
204	199	94	83
223	194	83	83
217	187	88	112
207	188	100	100
200	188	105	91
217	197	89	89
213	184	89	108
199	177	108	112
197	200	104	88
212	194	87	90
205	187	93	97
200	179	96	105
212	194	91	94
205	184	98	106
217	185	92	96
210	184	99	114
206	194	97	85
220	203	86	86
214	185	90	115
209	191	93	93
220	201	87	87
214	182	92	117
208	189	94	94
220	193	89	104
210	191	101	101
208	191	95	92
221	200	88	88
212	190	97	101
212	203	90	93
211	195	83	101
218	199	83	86
209	189	93	97
221	201	89	89
214	190	94	102
211	191	92	92
222	202	87	84
217	183	90	115
210	190	96	92
206	201	95	89
221	193	83	96
211	182	94	109
222	201	92	92
203	187	97	112
214	191	95	95
207	184	100	100
221	182	91	94
214	181	97	112
203	175	110	115
217	198	105	90
205	188	92	102
215	189	91	91
208	191	96	104
206	192	91	94
216	204	87	87
209	198	92	92
221	192	86	96
212	183	96	104
203	178	106	106
218	197	96	90
213	184	98	106
203	179	108	108
217	200	101	86
206	190	88	99
214	204	88	88
207	198	93	93
219	197	87	87
213	183	92	106
202	180	104	104
199	195	101	95
215	193	89	89
209	180	94	108
220	198	91	91
213	187	96	104
204	182	106	106
217	197	100	96
200	190	98	103
211	189	95	95
207	201	95	89
222	198	84	87
215	189	90	98
206	198	99	99
206	196	90	93
222	190	86	96
213	195	96	104
208	198	97	91
223	199	85	80
218	192	87	111
208	195	99	95
219	194	91	88
214	193	94	109
207	196	98	92
221	195	90	86
215	181	93	107
205	183	105	94
208	198	90	93
217	197	86	86
211	200	91	99
209	200	86	89
224	191	83	101
213	185	96	104
210	187	94	91
222	193	87	106
213	191	96	101
207	191	99	93
218	184	93	99
210	186	101	110
223	188	96	96
202	174	101	116
212	191	98	98
205	189	104	93
222	190	89	84
213	182	99	116
202	182	112	107
217	202	100	88
213	188	99	107
206	189	103	97
222	200	91	91
215	189	96	104
206	179	105	114
218	195	99	99
211	184	105	114
209	186	99	99
223	197	90	93
211	178	105	123
207	199	103	103
207	199	94	94
225	211	85	88
208	202	87	99
215	203	88	88
211	210	88	92
209	209	85	85
218	199	80	97
222	202	89	83
218	188	90	104
207	182	102	107
221	209	95	84
205	200	94	94
212	194	99	99
205	187	104	104
205	185	95	98
216	203	88	91
209	198	94	94
221	191	88	99
207	179	107	114
206	203	100	89
221	191	89	104
213	184	96	110
208	200	96	97
208	200	88	88
219	203	83	101
208	201	96	96
209	199	87	90
219	204	84	98
209	197	95	103
206	192	93	104
201	188	93	104
211	194	92	112
205	194	96	102
204	189	90	104
199	195	91	111
206	198	91	95
204	202	88	106
210	205	91	91
221	199	83	96
212	204	94	102
210	206	89	89
223	196	81	102
211	191	95	104
210	207	90	90
222	201	82	95
215	194	89	101
212	200	86	108
221	204	88	91
201	191	94	108
211	202	95	106
208	201	91	101
218	196	90	101
211	188	96	109
206	202	96	96
220	196	87	101
199	188	95	108
194	199	95	101
203	194	92	103
213	204	92	103
207	202	94	98
205	198	90	96
215	206	88	98
208	202	94	98
206	202	90	90
217	208	85	95
208	205	95	95
207	203	89	89
220	214	81	84
198	206	95	95
209	204	89	89
221	203	84	84
203	202	88	102
212	204	89	89
195	202	90	84
207	203	82	99
203	207	82	85
203	199	76	92
197	208	79	88
194	205	78	86
208	199	66	90
201	200	72	103
193	201	81	95
212	198	70	93
205	202	76	98
199	197	82	99
184	208	103	95
181	205	99	93
190	202	101	90
195	192	109	100
175	205	110	95
167	200	117	96
175	216	122	85
178	206	107	96
169	202	116	95
177	212	120	95
176	212	113	86
176	205	103	92
186	200	103	92
182	200	102	111
178	201	100	100
198	212	91	95
190	198	98	113
187	216	96	99
198	215	89	92
191	209	95	121
191	214	86	101
197	217	88	88
187	221	100	106
185	221	94	97
183	216	90	99
192	207	99	108
183	202	109	109
183	217	99	99
181	217	93	90
174	197	101	123
183	201	105	105
181	215	99	108
197	217	97	94
187	205	109	109
185	204	103	103
180	217	104	97
194	189	106	115
200	195	126	121
202	193	112	112
194	210	118	102
190	201	116	110
186	205	113	119
185	213	106	122
195	220	76	130
214	228	66	131
196	227	94	125
210	234	87	125
202	222	95	137
228	237	76	122
218	229	88	130
235	237	86	122
239	240	93	119
232	231	99	128
245	244	106	115
262	234	104	125
266	252	120	107
272	263	130	96
271	248	150	111
285	258	147	101
302	265	148	94
307	239	158	120
321	247	157	112
318	243	151	116
319	251	137	108
343	237	125	122
342	233	116	119
334	255	121	104
344	249	123	106
342	238	118	118
331	253	129	106
330	240	121	119
345	222	113	137
325	245	142	114
331	230	120	129
327	243	117	116
324	234	155	125
316	225	159	131
306	234	165	125
280	214	164	145
270	199	170	160
238	171	173	188
235	201	164	158
236	231	146	128
239	244	129	115
218	222	125	137
237	251	123	105
240	261	107	98
220	257	97	97
244	236	105	91
227	245	92	92
258	262	95	87
261	252	83	100
284	237	61	122
265	179	57	89
247	161	57	78
251	152	63	63
264	170	49	65
247	162	45	76
232	167	47	61
236	178	51	55
221	166	55	55
198	173	36	56
260	198	39	70
263	191	49	80
255	198	59	84
245	200	71	95
250	188	78	111
239	186	93	106
248	202	94	94
228	182	88	126
234	200	96	111
224	182	106	109
237	196	101	101
216	181	106	123
212	183	104	108
224	203	96	100
222	189	92	119
214	184	99	120
207	198	102	112
203	193	101	113
199	186	100	117
208	189	99	102
207	183	91	104
203	189	92	107
197	182	93	113
211	177	97	113
207	175	95	108
240	167	96	116
197	164	111	111
197	163	101	104
209	175	93	97
207	161	89	115
201	156	92	116
232	155	98	109
191	146	97	118
213	171	86	101
226	168	88	98
209	156	88	113
201	168	94	109
244	170	81	95
205	168	70	118
208	180	83	86
182	167	77	103
204	182	59	91
197	186	67	76
220	180	65	82
216	173	66	89
196	175	70	79
177	183	70	85
185	180	70	84
180	172	72	93
174	168	78	94
174	165	69	94
178	164	54	89
188	174	55	79
178	166	70	89
177	170	63	74
188	162	62	83
183	157	65	87
196	158	61	78
199	163	65	79
189	163	68	72
187	158	66	77
180	170	73	73
179	165	69	77
176	176	69	69
181	172	71	71
175	167	67	75
168	165	73	73
164	160	75	75
163	170	71	71
172	166	67	73
159	159	66	80
151	162	75	68
152	159	68	68
162	155	61	70
165	156	68	80
150	154	69	78
163	155	67	69
158	151	72	91
153	154	74	76
162	154	71	71
157	167	74	67
151	158	81	78
150	158	75	72
151	156	66	69
164	157	61	61
195	152	58	65
199	141	70	63
209	139	70	63
222	123	62	62
233	122	59	59
232	124	56	72
237	140	60	60
227	127	56	80
215	147	74	61
211	158	77	61
207	153	78	64
209	159	67	67
204	157	71	63
193	155	69	63
190	163	68	60
201	162	66	55
200	165	62	62
199	164	58	58
198	163	55	55
198	159	67	57
191	153	58	64
185	162	82	58
185	155	76	65
179	160	80	66
176	161	80	58
187	169	79	62
183	175	80	64
193	186	74	57
190	182	75	59
186	188	76	60
190	198	64	54
185	187	67	54
190	183	69	57
186	179	71	59
182	181	74	67
179	184	74	74
175	188	75	60
174	184	70	63
162	176	63	73
158	187	64	64
154	183	66	66
148	185	73	75
127	186	78	67
139	192	68	68
124	186	72	75
120	185	74	69
107	178	74	78
104	192	72	72
101	201	72	68
101	196	66	72
104	193	72	71
103	185	68	82
99	190	70	85
93	191	75	78
102	186	72	80
99	196	72	72
87	188	68	82
80	190	75	70
91	194	68	75
88	190	67	75
95	202	67	67
75	194	74	77
73	205	71	69
83	200	66	74
76	197	73	73
75	206	69	69
80	185	71	84
77	188	70	73
65	195	68	79
72	208	69	69
67	200	72	79
60	196	79	79
59	188	75	87
56	200	73	76
54	190	70	91
49	186	73	91
44	190	77	99
37	194	82	82
31	187	86	110
31	186	78	103
38	182	81	103
33	198	83	86
31	189	80	97
26	200	83	101
15	198	96	96
10	197	96	90
10	209	88	94
2	206	96	91
0	210	96	98
0	217	95	102
0	233	89	89
0	227	88	94
0	229	92	83
0	229	79	100
0	229	90	92
0	228	79	85
0	240	73	78
0	247	79	78
0	246	66	74
0	257	63	72
0	245	60	91
0	249	61	77
4	229	64	92
0	235	57	103
0	245	51	46
7	219	50	65
10	220	59	59
19	219	61	56
4	208	61	71
7	207	68	68
0	203	61	70
0	204	77	62
0	200	65	65
0	198	73	87
0	202	70	72
0	208	69	74
0	201	68	81
1	209	77	60
18	209	64	52
32	203	54	59
18	192	53	93
8	222	47	47
26	193	44	100
0	204	51	90
24	218	45	54
1	191	42	105
12	190	63	81
1	210	57	55
1	214	53	58
0	204	54	74
6	192	60	65
13	205	65	59
1	198	58	83
11	223	60	47
14	201	50	71
12	185	48	80
19	206	53	58
19	200	47	74
8	253	48	92
13	285	51	68
25	289	45	70
37	275	38	84
64	279	38	80
75	280	33	79
102	282	31	77
116	288	32	71
142	298	25	61
167	288	26	71
187	263	29	96
224	292	28	67
245	286	29	73
266	289	27	70
294	288	29	71
316	284	30	75
339	270	32	89
353	276	43	83
370	265	46	94
403	255	44	88
411	255	48	83
390	260	60	85
382	256	73	88
299	254	132	105
312	216	143	122
315	236	164	123
304	224	173	134
327	245	152	114
362	236	117	120
354	235	122	112
373	245	106	110
371	230	108	129
376	233	103	111
383	228	96	131
389	230	90	116
391	205	88	154
375	215	104	144
391	234	88	125
391	190	88	169
372	188	107	163
357	201	122	124
396	194	82	127
385	176	94	155
370	203	109	124
389	206	90	142
378	223	101	129
363	206	116	153
352	203	126	147
341	199	136	143
337	184	132	160
334	178	124	159
326	198	128	148
329	201	110	129
319	192	120	136
313	187	120	135
303	176	128	146
299	174	124	137
296	175	118	123
289	174	121	114
283	184	124	118
276	177	127	121
271	166	125	131
266	168	124	116
259	180	126	116
253	163	127	138
244	164	133	124
241	161	129	120
234	175	131	116
232	165	124	124
244	163	125	117
240	179	121	110
235	171	121	116
235	169	112	108
239	184	125	110
237	172	118	124
232	173	117	113
225	184	121	111
222	177	117	117
219	177	113	106
231	170	110	110
223	178	116	116
221	192	109	109
213	185	115	115
208	179	115	115
205	177	112	109
202	171	107	111
196	180	109	115
193	176	105	112
202	170	109	115
201	184	102	105
196	177	101	109
193	167	99	120
186	179	102	114
183	174	98	114
178	186	100	111
190	181	96	111
186	173	94	118
179	169	99	116
173	177	101	122
163	180	112	105
157	194	114	98
161	189	96	100
167	204	103	89
164	189	101	109
157	187	105	105
154	182	102	106
152	170	98	119
145	174	102	102
140	179	102	107
134	179	105	99
134	187	95	103
128	187	99	93
128	184	91	91
126	189	85	95
133	181	91	103
115	177	90	102
126	185	87	101
122	182	86	99
132	192	84	97
116	189	82	95
140	186	52	93
131	183	63	93
144	197	61	81
157	194	56	81
150	200	64	82
145	196	68	83
139	189	73	91
145	192	77	77
136	187	88	81
144	190	89	67
138	196	94	70
146	190	93	74
153	186	95	75
149	181	97	77
156	194	99	69
158	187	87	75
167	184	81	74
166	179	78	78
181	184	71	82
193	178	69	87
188	175	73	86
200	182	72	87
195	185	75	75
205	176	77	85
209	189	85	76
207	181	81	85
213	178	95	84
214	174	84	84
223	172	92	79
220	159	90	98
214	167	94	97
224	182	90	87
218	172	93	97
234	185	76	90
225	181	87	91
224	176	81	94
238	178	79	82
231	166	85	98
224	178	91	91
237	177	83	86
232	168	85	97
225	179	91	91
237	178	86	86
233	172	86	90
231	169	83	89
240	178	81	86
235	170	84	95
231	167	84	94
225	181	86	84
237	174	80	90
233	166	80	97
228	179	83	89
233	175	90	90
228	170	91	91
227	169	85	85
223	180	86	80
230	172	88	88
226	171	88	83
221	176	90	90
233	176	85	82
224	171	95	84
220	180	94	84
216	171	94	94
214	169	91	88
210	169	90	81
217	179	90	78
210	170	96	88
211	167	87	87
217	175	91	87
211	172	94	84
210	181	90	84
203	174	95	91
202	168	88	94
194	179	96	91
202	176	98	88
198	167	98	98
197	160	92	103
207	175	92	92
196	161	105	112
192	184	102	87
190	174	99	99
202	188	90	90
192	177	103	103
190	183	97	83
192	173	84	94
194	185	94	84
193	172	90	102
202	182	90	101
188	178	109	100
187	169	101	110
182	171	102	96
195	184	93	90
189	173	96	104
186	175	94	91
195	173	93	87
190	169	95	109
184	173	99	92
196	183	93	90
193	176	92	96
189	191	91	85
199	188	88	83
194	180	90	90
193	179	85	85
203	190	80	80
198	181	84	91
190	172	92	100
188	173	87	90
203	187	84	89
195	178	91	99
192	173	89	100
190	188	86	89
206	187	79	82
201	179	81	92
209	188	79	87
201	184	87	87
200	179	82	90
209	186	81	90
203	184	86	86
201	195	81	81
197	189	82	85
195	184	79	88
203	177	78	95
208	183	87	99
205	187	84	84
202	181	82	89
196	186	86	94
206	186	84	87
201	182	86	86
200	188	81	91
208	185	81	90
202	186	86	81
197	176	88	92
195	182	85	95
205	183	81	84
199	195	87	78
197	186	83	87
195	183	80	85
188	183	85	78
199	184	77	90
195	182	78	86
203	177	77	90
195	174	86	111
188	174	92	103
204	165	88	111
197	164	93	104
209	170	90	109
199	168	99	104
191	162	107	107
206	189	97	86
203	182	96	92
216	175	88	99
207	176	98	88
203	172	98	88
210	186	98	88
208	182	93	87
203	174	95	95
197	172	100	89
211	177	89	97
203	171	98	103
197	170	101	95
191	181	103	92
212	173	92	100
203	182	101	101
198	182	101	92
193	173	101	101
189	171	102	96
203	178	93	102
196	173	98	102
193	165	94	110
204	167	92	96
197	175	99	108
191	174	100	100
202	173	95	95
209	175	100	108
205	177	98	94
202	170	97	101
196	159	99	113
206	176	100	96
202	168	98	103
213	179	98	101
207	169	100	114
202	167	100	107
197	182	100	97
196	180	93	93
203	173	98	98
213	166	99	103
210	173	95	106
206	171	95	101
199	163	98	108
210	173	97	108
191	176	96	93
206	169	86	98
201	182	86	86
200	172	81	99
207	171	84	92
201	180	89	93
196	174	91	96
193	166	88	103
213	159	76	109
200	177	96	100
178	178	103	89
200	164	87	110
188	163	103	103
201	174	97	97
199	172	91	91
193	179	96	96
186	177	101	91
182	164	101	109
193	164	95	99
187	176	98	92
182	167	99	99
195	180	90	94
189	179	92	87
185	184	94	94
178	183	99	89
199	175	85	97
190	172	96	94
197	184	100	89
198	181	89	86
205	179	92	82
202	168	90	96
192	186	102	87
208	181	89	89
201	171	94	102
206	172	103	92
205	167	98	92
193	180	86	86
177	173	86	90
193	179	80	97
187	179	83	89
180	170	90	98
192	184	86	89
187	179	88	92
184	186	84	94
180	187	84	84
179	178	79	96
188	181	79	82
183	181	81	98
178	184	84	84
188	179	79	87
185	185	78	91
181	182	80	89
172	179	89	87
190	177	80	83
201	180	84	93
192	177	93	91
200	175	95	87
201	176	85	104
195	179	89	89
190	174	91	91
201	181	86	94
198	182	85	85
197	189	80	88
190	189	86	79
200	186	83	78
200	176	76	92
191	182	86	95
195	183	91	85
187	176	101	91
185	170	96	96
190	158	101	110
180	180	111	99
181	177	99	95
178	172	97	97
171	165	103	103
182	178	97	97
177	177	97	91
191	168	89	99
181	175	99	103
193	175	95	95
186	166	100	105
180	164	103	100
176	174	102	96
189	171	93	93
182	164	98	98
175	177	103	92
188	172	92	92
200	184	86	86
182	183	91	81
195	162	91	116
187	183	96	93
200	182	89	86
195	176	92	90
194	183	86	94
203	184	85	85
197	174	89	97
190	170	96	96
202	183	91	91
195	172	95	104
186	187	105	94
189	183	90	93
187	182	86	86
195	176	87	91
200	167	93	101
177	181	103	92
191	177	91	91
199	171	92	94
174	161	106	106
173	176	100	97
184	175	93	89
183	173	86	86
179	174	86	98
188	189	87	87
187	187	82	82
183	181	82	86
178	172	85	96
174	178	85	103
168	181	88	88
181	192	80	83
167	185	77	90
180	183	76	88
176	178	77	90
168	172	86	95
178	181	82	95
174	180	83	89
171	173	81	94
167	168	82	96
179	183	84	94
172	181	89	89
166	180	94	84
167	176	84	84
178	185	76	79
171	174	81	94
181	172	80	90
172	177	89	93
165	176	96	86
179	185	83	86
172	182	89	85
163	180	99	82
178	170	82	93
174	185	82	90
185	185	78	81
183	178	75	88
191	186	74	89
188	186	74	82
185	193	73	82
185	187	66	89
198	184	51	87
189	193	63	81
196	190	43	82
207	188	40	80
198	188	51	89
198	184	45	91
206	192	43	86
200	186	49	92
191	184	61	90
204	185	50	82
197	184	58	96
198	178	50	100
205	178	47	95
204	177	61	90
194	174	74	90
189	169	77	93
202	177	77	93
194	175	85	89
189	175	88	82
203	169	85	85
197	182	90	78
206	177	88	79
198	171	95	84
204	181	102	81
199	175	104	86
213	170	95	86
208	167	95	85
200	176	103	85
198	172	99	85
209	168	96	83
206	177	94	84
198	173	102	84
214	182	84	84
204	176	97	89
215	173	93	87
206	170	103	84
221	177	88	88
215	169	92	97
211	168	92	89
228	178	85	87
226	170	81	95
229	170	88	88
223	169	93	83
236	172	83	93
228	169	92	92
226	169	87	84
226	170	80	98
233	172	83	86
226	177	89	93
219	174	96	91
217	173	91	85
227	181	85	85
221	175	90	90
217	174	90	84
231	181	88	88
221	174	100	92
216	172	101	87
231	183	99	86
224	178	105	86
224	174	96	86
238	170	96	86
245	179	95	85
250	174	103	88
247	169	100	90
239	178	108	89
233	174	112	89
250	188	94	80
252	183	106	82
250	176	103	88
247	185	100	89
255	185	99	81
262	181	102	81
261	174	96	86
266	185	100	83
273	179	104	86
267	170	108	95
263	167	106	92
255	178	113	90
250	173	115	92
259	173	118	83
261	179	104	90
254	171	110	97
250	168	109	94
246	164	106	92
243	173	104	93
235	169	112	92
235	165	102	92
226	174	111	88
225	169	104	90
218	166	111	88
217	160	104	90
214	171	102	88
206	165	108	92
199	159	114	94
197	169	109	94
203	166	116	92
202	160	109	94
194	171	115	92
206	171	108	83
215	165	108	86
210	172	110	91
203	166	114	94
201	161	109	94
208	172	116	92
207	167	109	94
199	178	116	92
193	172	118	94
187	172	120	85
185	162	115	95
178	171	120	95
192	171	112	86
193	178	103	89
185	171	109	96
181	180	108	93
174	177	114	91
182	189	117	87
179	179	115	98
176	175	112	97
167	171	119	95
166	186	112	85
176	180	112	89
175	187	105	94
166	185	113	90
175	179	116	92
176	188	104	94
167	184	113	93
161	180	117	93
159	174	110	95
171	176	108	82
180	169	107	88
174	175	111	92
176	184	98	92
166	179	110	95
158	175	117	93
171	172	110	89
165	179	113	92
159	188	116	93
153	186	119	89
164	184	117	82
162	175	112	92
170	176	116	82
168	182	111	89
177	176	114	90
171	171	116	92
170	165	109	94
181	176	106	92
173	171	113	93
163	167	125	93
159	159	123	98
173	176	116	82
168	167	118	92
163	161	119	95
179	158	107	91
172	168	112	89
166	163	115	91
161	157	117	93
170	178	119	84
168	170	114	91
158	164	124	93
159	157	113	97
174	181	99	70
175	169	112	88
169	163	113	90
178	172	115	92
177	166	108	94
169	180	115	86
165	176	114	85
174	175	112	79
186	170	107	80
182	177	106	84
177	171	108	88
185	171	112	79
179	176	114	88
175	175	114	80
185	172	110	77
185	177	123	87
188	174	109	83
195	170	109	81
203	176	107	88
197	172	111	89
204	172	114	80
215	178	109	86
210	172	111	88
218	167	114	90
213	181	116	81
211	173	111	88
205	173	113	80
219	171	104	76
232	175	92	81
225	184	99	81
239	178	84	84
229	177	97	80
245	185	83	80
252	180	82	84
243	172	91	91
242	171	86	86
257	166	81	89
266	178	80	80
265	177	75	75
264	187	71	71
262	171	67	95
256	178	72	75
270	163	67	99
263	166	74	86
259	180	75	72
255	176	78	74
236	170	87	80
238	168	76	76
251	167	72	72
260	165	68	68
265	160	71	71
260	166	75	73
255	154	78	70
252	160	78	70
249	153	78	78
243	163	82	73
240	159	81	73
252	167	73	73
247	166	77	68
243	163	76	68
251	158	76	72
246	171	78	67
258	167	68	68
253	180	72	64
252	173	68	72
250	173	66	66
255	181	70	62
252	172	69	75
249	172	68	68
254	178	72	70
249	160	75	78
260	171	70	72
235	165	71	78
243	182	70	68
235	177	79	71
232	174	79	71
233	170	71	71
232	169	67	67
217	178	70	63
214	175	70	63
212	172	70	62
209	169	69	62
203	167	75	60
190	171	77	63
188	164	73	72
184	182	75	58
185	177	68	62
179	182	74	65
185	189	72	63
180	187	77	61
179	184	72	62
187	180	69	63
185	187	68	62
192	185	67	61
189	192	66	60
190	190	60	58
195	189	67	55
188	180	74	67
189	177	66	66
181	176	76	63
184	182	65	65
180	181	67	61
171	179	60	78
163	182	71	65
163	180	64	64
156	182	73	70
156	180	67	67
151	179	70	64
149	183	69	69
144	181	72	65
148	180	78	62
149	183	70	66
142	191	78	64
127	187	81	66
135	187	77	59
139	191	82	63
135	187	82	65
126	182	74	69
131	190	79	67
118	186	77	68
122	183	83	68
110	178	79	71
111	184	71	71
106	183	74	67
111	190	74	66
108	185	74	70
97	183	70	68
92	191	73	65
89	185	72	72
96	195	73	66
86	188	67	73
80	189	74	66
87	193	73	70
72	184	75	82
81	201	74	63
79	191	72	78
74	187	75	79
69	187	78	73
67	184	76	71
63	192	77	69
56	185	84	77
52	193	85	73
54	191	74	71
46	185	83	77
38	183	92	73
54	190	77	74
35	183	87	83
51	180	80	80
45	190	84	84
41	189	85	79
36	182	86	86
30	193	91	81
49	190	78	78
46	187	79	79
50	197	83	74
46	189	83	83
62	189	75	75
72	188	71	71
85	191	67	75
82	185	67	81
91	188	69	69
99	190	65	79
80	185	76	82
28	185	74	74
65	176	68	85
74	172	72	87
69	159	74	106
62	162	81	91
77	169	78	104
38	167	85	99
57	178	74	92
63	165	87	111
63	184	79	92
58	169	80	114
76	169	64	105
87	175	66	110
46	169	80	114
68	185	64	101
60	154	73	123
47	154	63	115
52	167	78	115
49	166	76	108
47	166	73	122
47	166	63	114
53	179	77	114
50	169	75	126
64	174	65	131
49	173	62	124
93	183	58	117
85	180	66	139
49	181	77	129
62	189	80	134
88	181	94	139
54	180	104	131
77	194	94	123
86	189	108	123
103	199	108	121
97	189	139	131
89	185	142	127
113	181	135	122
119	172	147	129
108	161	158	138
117	178	169	134
109	170	172	137
141	192	154	123
145	178	167	138
135	169	173	143
151	162	166	143
158	156	176	140
169	148	179	143
167	162	168	145
199	165	152	125
196	172	185	138
190	150	183	168
213	147	170	159
211	144	160	150
241	174	146	115
229	151	157	148
214	147	174	143
242	171	143	126
250	165	154	127
247	148	147	147
243	169	142	133
268	166	134	129
260	155	138	138
277	151	130	134
267	143	139	139
284	167	126	112
279	150	125	136
275	143	123	137
288	141	121	130
280	155	126	126
278	149	119	127
291	165	112	119
288	137	109	132
282	153	109	120
280	147	104	120
276	139	102	128
270	154	104	120
272	145	90	128
276	132	97	143
280	131	79	135
268	140	94	109
290	122	81	136
293	130	95	110
304	122	93	117
298	121	95	110
295	137	93	96
312	132	86	100
309	124	84	106
304	124	86	97
313	117	86	104
283	115	110	100
280	127	108	95
281	124	96	92
268	118	114	97
266	122	108	108
264	122	102	98
272	134	77	95
267	129	80	98
250	120	81	108
274	118	62	103
236	137	84	88
252	132	78	91
227	123	97	103
226	119	90	100
223	129	86	100
217	126	90	98
209	121	99	99
202	133	104	93
193	124	112	104
190	135	108	102
185	134	110	95
181	129	108	97
177	141	108	93
169	134	114	97
169	130	106	96
164	125	106	97
159	120	107	98
149	130	117	93
151	128	105	89
143	136	110	91
137	130	115	95
130	128	119	89
126	141	118	94
125	134	110	98
121	131	109	94
118	128	107	92
114	142	105	94
113	139	99	90
108	136	99	89
110	145	88	88
103	144	93	83
104	136	83	91
101	145	82	99
97	145	82	91
95	150	78	99
101	145	80	101
96	144	81	94
96	153	75	92
92	165	76	86
89	155	73	98
98	152	72	97
79	146	79	102
78	154	72	103
94	152	58	99
84	147	71	101
76	148	80	114
68	146	87	109
75	145	88	102
84	148	90	116
76	143	96	116
86	136	96	121
80	132	98	118
74	143	101	118
68	145	103	103
86	158	97	97
85	147	92	111
98	152	95	92
100	151	107	114
109	144	111	116
106	138	107	119
123	155	106	106
112	143	117	122
123	138	120	120
114	130	126	126
112	152	119	119
122	153	136	108
138	146	127	110
128	151	135	119
118	147	145	115
140	166	122	104
136	156	151	113
144	147	123	118
161	168	110	97
142	153	138	118
172	155	116	102
168	157	115	115
154	155	131	108
181	150	112	108
177	150	110	126
165	143	124	129
186	151	102	102
194	150	107	123
184	141	115	131
181	143	112	116
202	159	103	107
208	147	111	120
204	136	109	132
202	174	102	80
215	155	104	110
209	152	107	107
196	144	123	113
197	158	111	107
211	147	115	120
219	149	121	107
221	138	107	117
211	128	118	128
208	151	112	105
229	148	102	102
222	136	108	117
218	153	106	106
232	151	100	100
230	139	94	114
223	132	97	118
217	128	101	118
224	135	103	125
219	127	103	130
213	123	105	128
223	144	109	109
223	131	99	125
215	130	105	117
207	132	111	104
222	149	98	101
219	138	94	114
229	159	94	94
223	148	99	107
216	142	104	109
215	157	96	96
232	146	91	110
226	144	94	105
236	154	94	105
226	145	104	113
222	142	103	109
219	136	100	111
231	144	96	116
225	142	99	111
235	150	99	115
229	147	101	113
225	142	100	112
237	153	96	111
230	145	101	118
226	148	99	103
238	154	95	111
230	151	103	108
242	147	100	106
224	158	97	103
236	158	103	94
236	164	93	101
227	155	102	111
239	156	100	100
233	154	103	94
234	151	93	93
245	150	88	113
232	149	105	105
251	158	99	108
241	148	109	118
239	149	103	107
259	140	95	115
249	138	105	110
266	145	92	113
256	143	103	108
253	152	99	111
266	168	95	99
262	158	94	111
253	150	103	117
268	152	93	103
259	143	103	112
255	138	101	113
268	152	97	101
260	142	104	113
256	136	103	115
268	148	98	112
245	162	105	105
271	160	85	99
261	153	96	105
274	154	91	95
266	152	98	113
263	154	96	99
274	160	92	107
264	157	104	104
262	155	98	98
274	158	89	108
268	170	92	103
266	166	89	103
273	160	90	105
269	165	89	111
278	184	90	94
284	178	97	97
282	171	91	102
275	167	97	101
286	176	93	102
261	169	107	107
282	183	97	101
260	182	104	93
256	173	104	104
254	186	98	98
266	184	92	92
271	180	97	93
248	172	108	100
265	170	95	95
275	169	89	89
270	168	92	108
264	185	94	103
262	190	89	112
255	199	95	115
250	203	95	98
257	175	99	117
252	157	102	114
275	152	86	113
248	162	93	113
258	172	93	124
249	173	101	111
230	180	100	129
221	197	107	130
253	203	79	107
242	204	92	123
240	179	86	100
255	172	84	106
241	150	104	115
254	153	99	99
254	163	90	100
250	154	89	108
246	152	89	103
248	153	101	116
239	156	109	102
254	168	99	109
244	169	109	98
246	185	97	97
253	192	103	111
238	189	122	107
234	186	121	104
225	182	128	102
230	192	108	104
229	201	100	106
216	201	118	97
208	195	122	101
236	206	101	101
224	198	115	106
237	194	111	104
231	204	113	101
222	202	122	97
236	194	115	103
232	197	114	114
246	213	108	104
237	210	117	100
229	205	123	102
242	200	118	102
239	209	115	99
235	225	113	86
228	217	119	92
238	211	120	95
236	220	113	97
228	215	120	99
221	210	124	99
220	218	116	101
208	214	131	98
225	207	120	103
216	203	127	101
226	203	130	91
224	194	124	99
225	210	111	89
232	217	114	94
225	211	118	97
217	206	124	97
212	206	125	88
206	216	127	99
222	209	118	102
213	227	125	100
207	243	128	101
201	236	130	103
194	247	133	106
188	241	135	108
204	258	121	97
194	245	132	112
197	239	114	114
205	239	120	104
202	251	118	102
209	245	125	103
201	240	130	103
223	264	109	77
212	264	123	95
222	252	124	107
213	248	132	105
212	270	124	78
203	259	132	93
228	256	104	89
229	245	117	101
221	257	124	99
215	250	126	104
219	275	108	77
231	257	111	102
221	253	122	100
241	277	104	74
230	264	118	92
224	251	119	108
238	270	114	89
233	260	115	99
230	239	113	101
225	251	112	97
232	246	119	98
230	257	114	98
221	251	121	100
222	246	110	100
223	249	99	84
213	235	111	104
213	239	101	86
224	250	94	94
219	239	94	107
209	239	106	98
204	237	107	92
201	234	105	90
200	244	98	88
195	240	98	88
203	231	98	98
198	245	98	89
212	236	98	98
201	235	112	93
204	233	96	87
223	228	86	89
216	232	92	106
205	236	104	90
202	246	102	88
199	239	100	95
214	236	89	92
225	244	85	91
217	235	93	101
215	235	88	91
231	230	84	94
224	222	89	102
251	218	64	100
237	219	84	92
234	211	83	101
230	224	83	100
254	218	61	104
249	219	64	97
242	218	71	90
238	214	73	92
238	201	65	110
222	196	89	114
248	192	67	111
232	204	91	105
224	198	98	108
240	201	82	93
232	197	92	92
248	186	87	106
242	177	90	116
261	204	82	93
252	198	92	97
245	190	99	104
276	207	68	87
273	200	88	93
266	196	94	94
273	190	99	97
269	185	98	98
264	178	99	103
283	194	92	92
276	189	96	92
273	182	95	99
279	181	102	91
275	170	101	106
292	191	98	94
288	197	97	101
286	198	93	90
293	189	96	101
285	187	104	95
280	183	105	94
314	203	66	84
310	196	85	91
303	193	93	89
308	186	95	95
302	183	100	93
313	180	97	91
323	171	94	99
315	178	102	102
314	178	96	92
320	182	99	99
315	182	100	90
326	178	95	89
317	183	105	97
312	176	106	102
309	174	104	98
305	185	102	95
300	182	104	93
310	193	103	89
304	185	105	96
300	183	106	91
292	178	112	93
290	188	108	93
305	185	97	91
296	176	107	99
290	174	109	94
287	171	106	92
284	167	104	90
294	163	101	91
290	155	101	96
284	150	104	99
278	163	107	92
290	160	100	90
286	153	100	95
280	147	103	98
274	144	105	94
284	142	105	91
281	137	103	92
277	142	102	97
271	136	105	100
279	148	108	96
275	143	107	96
273	141	102	92
269	132	102	102
274	144	107	93
273	139	100	94
264	155	111	91
257	150	115	91
256	158	108	93
248	152	115	95
241	148	119	95
231	157	100	96
230	157	92	89
231	156	83	83
225	150	87	87
211	161	82	82
220	167	77	86
205	164	77	84
202	157	76	92
225	167	56	88
213	161	72	94
213	157	66	95
206	159	72	106
