540	366	151	53
542	366	144	65
524	343	161	78
504	344	180	72
503	360	180	80
503	362	177	73
500	361	181	73
498	361	183	70
499	361	180	69
499	370	177	68
498	346	177	71
496	353	177	75
492	354	183	70
494	351	177	73
498	331	168	73
484	342	175	67
482	316	175	73
479	327	179	69
480	324	176	71
487	290	160	64
473	336	150	62
478	328	155	77
481	286	147	73
477	326	153	63
473	322	160	69
467	300	170	68
464	308	174	75
465	309	169	70
466	307	175	73
473	296	179	72
478	295	168	73
478	301	176	78
479	303	173	71
494	312	164	71
491	321	169	69
487	320	174	70
462	301	221	71
499	308	168	77
494	321	180	69
493	317	180	75
490	316	184	74
490	315	182	75
489	326	186	71
491	321	180	77
493	310	174	79
502	320	173	75
497	332	181	70
496	328	181	75
493	327	185	75
491	328	187	72
494	337	184	71
483	325	184	73
494	336	184	71
493	334	184	72
494	334	180	70
492	331	181	72
492	329	178	73
488	328	185	74
486	326	185	75
491	325	174	76
495	325	169	74
499	322	177	79
499	334	174	72
497	332	176	75
497	338	179	79
491	339	189	77
489	338	191	77
493	351	180	74
493	360	183	74
495	363	185	78
508	375	177	77
502	371	186	83
505	382	183	80
517	381	178	81
517	392	177	77
528	388	173	82
521	400	186	77
519	394	186	87
510	395	202	82
508	390	204	90
513	392	215	83
513	389	211	86
523	389	213	82
523	387	210	85
523	376	208	82
525	380	207	80
536	377	204	82
535	387	210	83
545	385	210	85
543	384	212	86
543	398	214	82
558	412	210	81
561	423	207	84
562	433	209	85
557	436	215	85
570	436	211	83
538	445	227	85
534	441	231	89
525	456	224	83
522	437	227	94
514	456	216	84
523	454	219	87
505	452	229	88
500	448	237	91
502	448	229	90
487	446	233	92
489	456	232	94
483	451	240	102
475	450	254	101
474	439	254	92
475	434	248	98
489	432	243	100
479	430	260	100
483	429	256	99
498	426	258	102
513	423	253	104
506	421	263	104
524	418	258	107
518	417	269	107
520	414	269	109
538	400	267	104
539	414	260	102
546	417	271	94
548	403	265	92
539	397	279	100
533	391	287	107
539	390	273	107
531	386	285	110
529	389	286	102
528	371	284	104
514	387	279	99
524	382	285	107
505	369	290	100
510	373	276	104
492	375	282	98
498	365	267	87
493	358	273	98
495	373	265	94
498	353	256	78
498	350	252	113
460	249	268	352
730	304	177	412
597	237	216	362
562	323	281	375
563	289	217	326
540	295	213	356
552	298	184	346
536	299	169	338
538	306	160	320
525	293	181	303
499	306	188	314
473	308	195	305
446	284	245	306
405	309	274	299
455	288	230	288
438	306	172	258
488	274	211	282
408	300	163	393
504	234	193	407
888	278	161	413
745	266	173	346
690	284	196	393
698	279	186	304
714	297	191	398
650	308	221	369
638	294	191	344
583	288	206	412
122	309	167	365
44	323	142	331
66	319	95	238
12	323	75	202
0	292	307	99
0	305	10	328
0	364	17	28
0	377	10	10
0	381	10	10
0	385	10	10
0	388	10	10
0	392	10	10
0	396	10	10
3	400	10	10
2	404	10	10
0	402	10	10
0	388	20	40
0	405	10	10
0	409	10	10
0	413	10	10
3	417	10	10
6	420	10	10
0	416	21	21
7	424	10	10
5	428	10	10
5	432	10	10
4	436	10	10
2	440	10	10
0	444	10	10
0	448	10	10
0	452	10	10
0	456	10	10
0	460	10	10
0	464	10	10
0	468	10	10
0	471	10	10
0	475	10	10
0	479	10	10
0	483	10	10
0	487	10	10
0	490	10	10
0	494	10	10
0	498	10	10
0	501	10	10
0	505	10	10
0	509	10	10
0	512	10	10
3	516	10	10
2	520	10	10
0	524	10	10
4	528	10	10
2	532	10	10
0	536	10	10
3	540	10	10
2	544	10	10
0	548	10	10
0	552	10	10
0	555	10	10
0	559	10	10
0	562	10	10
0	566	10	10
0	570	10	10
0	574	10	10
0	577	10	10
0	581	10	10
0	584	10	10
0	587	10	10
0	591	10	10
0	594	10	10
0	597	10	10
0	600	10	10
3	604	10	10
1	608	10	10
4	612	10	10
2	616	10	10
1	620	10	10
0	624	10	10
0	628	10	10
0	631	10	10
0	634	10	10
0	637	10	10
0	641	10	10
0	644	10	10
0	647	10	10
0	650	10	10
0	654	10	10
0	657	10	10
0	660	10	10
0	663	10	10
0	667	10	10
0	671	10	10
0	674	10	10
3	678	10	10
6	682	10	10
4	686	10	10
7	690	10	10
10	694	10	10
14	698	10	10
12	701	10	10
15	704	10	10
18	707	10	10
17	710	10	10
15	710	10	10
13	710	10	10
11	710	10	10
15	710	10	10
13	710	10	10
11	710	10	10
9	710	10	10
0	710	10	10
3	710	10	10
1	710	10	10
4	710	10	10
7	710	10	10
11	710	10	10
14	710	10	10
12	710	10	10
16	710	10	10
14	710	10	10
12	710	10	10
0	695	27	10
0	699	54	20
0	701	65	16
26	704	14	12
30	707	10	10
33	710	10	10
36	709	10	10
34	710	10	10
37	710	10	10
40	710	10	10
43	710	10	10
45	710	10	10
48	710	10	10
51	710	10	10
54	710	10	10
57	710	10	10
60	710	10	10
63	710	10	10
66	710	10	10
69	710	10	10
72	710	10	10
75	710	10	10
78	710	10	10
81	710	10	10
85	710	10	10
88	710	10	10
91	710	10	10
94	710	10	10
97	710	10	10
100	710	10	10
103	710	10	10
106	710	10	10
109	710	10	10
112	710	10	10
115	710	10	10
118	710	10	10
121	710	10	10
123	710	10	10
126	710	10	10
129	710	10	10
132	710	10	10
135	710	10	10
138	710	10	10
141	710	10	10
144	710	10	10
147	710	10	10
150	710	10	10
153	710	10	10
156	710	10	10
159	710	10	10
162	710	10	10
165	710	10	10
168	710	10	10
171	710	10	10
173	710	10	10
176	710	10	10
179	710	10	10
182	710	10	10
185	710	10	10
188	710	10	10
191	710	10	10
194	710	10	10
197	710	10	10
200	710	10	10
203	710	10	10
206	710	10	10
209	710	10	10
212	710	10	10
215	710	10	10
218	710	10	10
220	710	10	10
223	710	10	10
226	710	10	10
229	710	10	10
232	710	10	10
235	710	10	10
238	710	10	10
241	710	10	10
244	710	10	10
247	710	10	10
250	710	10	10
253	710	10	10
256	710	10	10
259	710	10	10
262	710	10	10
265	710	10	10
268	710	10	10
270	710	10	10
273	710	10	10
276	710	10	10
279	710	10	10
282	710	10	10
285	710	10	10
288	710	10	10
291	710	10	10
294	710	10	10
297	710	10	10
300	710	10	10
303	710	10	10
306	710	10	10
309	710	10	10
312	710	10	10
310	710	10	10
309	710	10	10
312	710	10	10
314	710	10	10
317	710	10	10
320	710	10	10
323	710	10	10
326	710	10	10
329	710	10	10
332	710	10	10
335	710	10	10
338	710	10	10
341	710	10	10
344	710	10	10
347	710	10	10
350	710	10	10
353	710	10	10
356	710	10	10
359	710	10	10
362	710	10	10
364	710	10	10
367	710	10	10
370	710	10	10
373	710	10	10
376	710	10	10
379	710	10	10
382	710	10	10
385	710	10	10
388	710	10	10
391	710	10	10
394	710	10	10
397	710	10	10
400	710	10	10
403	710	10	10
406	710	10	10
409	710	10	10
411	710	10	10
414	710	10	10
417	710	10	10
420	710	10	10
423	710	10	10
426	710	10	10
429	710	10	10
432	710	10	10
435	710	10	10
438	710	10	10
441	710	10	10
444	710	10	10
447	710	10	10
450	710	10	10
453	710	10	10
456	710	10	10
459	710	10	10
461	710	10	10
464	710	10	10
467	710	10	10
470	710	10	10
473	710	10	10
476	710	10	10
479	710	10	10
482	710	10	10
485	710	10	10
488	710	10	10
491	710	10	10
494	710	10	10
497	710	10	10
500	710	10	10
503	710	10	10
506	710	10	10
508	710	10	10
511	710	10	10
514	710	10	10
517	710	10	10
520	710	10	10
523	710	10	10
526	710	10	10
529	710	10	10
532	710	10	10
535	710	10	10
538	710	10	10
541	710	10	10
539	710	10	10
542	710	10	10
545	710	10	10
543	710	10	10
546	710	10	10
549	710	10	10
552	710	10	10
555	710	10	10
558	710	10	10
560	710	10	10
563	710	10	10
566	710	10	10
569	710	10	10
572	710	10	10
575	710	10	10
578	710	10	10
581	710	10	10
584	710	10	10
587	710	10	10
590	710	10	10
593	710	10	10
596	710	10	10
599	710	10	10
602	710	10	10
605	710	10	10
608	710	10	10
610	710	10	10
613	710	10	10
616	710	10	10
619	710	10	10
622	710	10	10
625	710	10	10
628	710	10	10
631	710	10	10
634	710	10	10
637	710	10	10
640	710	10	10
643	710	10	10
646	710	10	10
649	710	10	10
652	710	10	10
655	710	10	10
657	710	10	10
660	710	10	10
663	710	10	10
666	710	10	10
669	710	10	10
672	710	10	10
675	710	10	10
678	710	10	10
681	710	10	10
684	710	10	10
687	710	10	10
690	710	10	10
693	710	10	10
696	710	10	10
699	710	10	10
702	710	10	10
705	710	10	10
707	710	10	10
710	710	10	10
713	710	10	10
716	710	10	10
719	710	10	10
722	710	10	10
725	710	10	10
728	710	10	10
731	710	10	10
734	710	10	10
737	710	10	10
740	710	10	10
743	710	10	10
746	710	10	10
749	710	10	10
752	710	10	10
754	710	10	10
757	710	10	10
760	710	10	10
763	710	10	10
766	710	10	10
769	710	10	10
772	710	10	10
775	710	10	10
773	710	10	10
776	710	10	10
774	710	10	10
777	710	10	10
775	710	10	10
778	710	10	10
781	710	10	10
778	710	10	10
776	710	10	10
774	710	10	10
777	710	10	10
780	710	10	10
778	710	10	10
776	710	10	10
774	710	10	10
772	710	10	10
775	710	10	10
778	710	10	10
781	710	10	10
779	710	10	10
777	710	10	10
774	710	10	10
777	710	10	10
780	710	10	10
783	710	10	10
786	710	10	10
789	710	10	10
792	710	10	10
795	710	10	10
798	710	10	10
801	710	10	10
804	710	10	10
807	710	10	10
810	710	10	10
813	710	10	10
816	710	10	10
819	710	10	10
821	710	10	10
824	710	10	10
822	710	10	10
820	710	10	10
818	710	10	10
816	710	10	10
814	710	10	10
812	710	10	10
810	710	10	10
808	710	10	10
806	710	10	10
804	709	10	10
802	710	10	10
799	710	10	10
799	710	10	10
798	710	10	10
797	710	10	10
795	710	10	10
793	710	10	10
790	710	10	10
788	710	10	10
786	710	10	10
784	710	10	10
782	710	10	10
780	710	10	10
778	710	10	10
776	709	10	10
774	710	10	10
772	709	10	10
770	710	10	10
768	710	10	10
765	710	10	10
763	710	10	10
761	710	10	10
759	710	10	10
757	710	10	10
756	710	10	10
755	710	10	10
754	710	10	10
752	710	10	10
750	710	10	10
748	710	10	10
746	710	10	10
745	710	10	10
744	710	10	10
742	710	10	10
740	710	10	10
738	710	10	10
736	710	10	10
734	710	10	10
732	710	10	10
730	710	10	10
728	710	10	10
725	710	10	10
723	710	10	10
721	710	10	10
719	710	10	10
717	710	10	10
715	710	10	10
713	710	10	10
711	710	10	10
709	710	10	10
707	710	10	10
705	710	10	10
703	710	10	10
700	710	10	10
698	710	10	10
696	710	10	10
694	710	10	10
692	710	10	10
690	710	10	10
688	710	10	10
686	710	10	10
684	710	10	10
682	710	10	10
680	710	10	10
678	710	10	10
675	710	10	10
673	710	10	10
671	710	10	10
669	710	10	10
667	710	10	10
666	710	10	10
664	710	10	10
662	710	10	10
660	710	10	10
658	710	10	10
656	710	10	10
654	710	10	10
652	710	10	10
650	710	10	10
648	710	10	10
645	710	10	10
643	710	10	10
641	710	10	10
639	710	10	10
637	710	10	10
635	709	10	10
633	710	10	10
631	709	10	10
629	710	10	10
627	709	10	10
625	710	10	10
623	709	10	10
620	710	10	10
618	709	10	10
616	710	10	10
614	709	10	10
612	710	10	10
610	709	10	10
608	710	10	10
606	709	10	10
604	710	10	10
602	709	10	10
600	710	10	10
598	709	10	10
595	710	10	10
593	709	10	10
591	710	10	10
589	709	10	10
587	710	10	10
585	709	10	10
583	710	10	10
581	710	10	10
579	710	10	10
577	710	10	10
575	710	10	10
573	710	10	10
570	710	10	10
568	710	10	10
566	710	10	10
564	709	10	10
562	710	10	10
560	709	10	10
558	710	10	10
556	709	10	10
554	710	10	10
552	709	10	10
550	710	10	10
548	709	10	10
546	710	10	10
543	709	10	10
541	710	10	10
539	709	10	10
537	710	10	10
535	709	10	10
533	710	10	10
531	709	10	10
529	710	10	10
527	709	10	10
525	710	10	10
523	709	10	10
521	710	10	10
518	709	10	10
516	710	10	10
514	709	10	10
512	710	10	10
510	709	10	10
508	710	10	10
506	709	10	10
504	710	10	10
502	709	10	10
500	710	10	10
498	709	10	10
496	710	10	10
493	709	10	10
491	710	10	10
489	709	10	10
487	710	10	10
485	709	10	10
483	710	10	10
481	709	10	10
479	710	10	10
477	709	10	10
475	710	10	10
473	709	10	10
471	710	10	10
468	709	10	10
466	710	10	10
464	709	10	10
462	710	10	10
460	709	10	10
458	710	10	10
456	709	10	10
454	710	10	10
452	709	10	10
450	710	10	10
448	709	10	10
446	710	10	10
443	709	10	10
441	710	10	10
439	709	10	10
437	710	10	10
435	709	10	10
433	710	10	10
431	709	10	10
429	710	10	10
427	709	10	10
425	710	10	10
423	709	10	10
421	710	10	10
419	709	10	10
416	710	10	10
414	709	10	10
412	710	10	10
410	709	10	10
408	710	10	10
406	709	10	10
404	710	10	10
402	709	10	10
400	710	10	10
398	709	10	10
396	710	10	10
394	709	10	10
391	710	10	10
389	709	10	10
387	710	10	10
385	709	10	10
383	710	10	10
381	709	10	10
379	710	10	10
377	709	10	10
375	710	10	10
373	709	10	10
371	710	10	10
369	709	10	10
366	710	10	10
364	709	10	10
362	710	10	10
360	709	10	10
358	710	10	10
356	709	10	10
354	710	10	10
352	709	10	10
350	710	10	10
348	709	10	10
346	710	10	10
344	709	10	10
341	710	10	10
339	709	10	10
337	710	10	10
335	709	10	10
333	710	10	10
331	709	10	10
329	710	10	10
327	709	10	10
325	710	10	10
323	709	10	10
321	710	10	10
319	709	10	10
317	710	10	10
314	709	10	10
312	710	10	10
311	710	10	10
311	710	10	10
308	709	10	10
306	710	10	10
304	710	10	10
302	710	10	10
300	710	10	10
299	710	10	10
298	710	10	10
297	710	10	10
296	710	10	10
295	710	10	10
295	710	10	10
294	710	10	10
293	710	10	10
296	710	10	10
299	710	10	10
302	710	10	10
301	710	10	10
299	710	10	10
296	710	10	10
294	710	10	10
292	710	10	10
290	710	10	10
288	710	10	10
286	710	10	10
284	710	10	10
282	710	10	10
280	710	10	10
279	710	10	10
278	710	10	10
277	710	10	10
276	710	10	10
275	710	10	10
274	710	10	10
273	710	10	10
272	710	10	10
270	710	10	10
268	710	10	10
266	710	10	10
264	710	10	10
262	710	10	10
261	710	10	10
259	710	10	10
257	710	10	10
255	710	10	10
253	710	10	10
251	710	10	10
250	709	10	10
249	710	10	10
248	710	10	10
247	710	10	10
246	710	10	10
245	710	10	10
248	710	10	10
247	710	10	10
246	710	10	10
244	710	10	10
242	710	10	10
240	710	10	10
238	710	10	10
237	710	10	10
236	710	10	10
235	710	10	10
234	710	10	10
233	710	10	10
236	710	10	10
235	710	10	10
233	710	10	10
231	710	10	10
230	710	10	10
229	710	10	10
228	710	10	10
227	709	10	10
225	710	10	10
224	709	10	10
222	710	10	10
221	709	10	10
219	710	10	10
218	710	10	10
218	710	10	10
217	710	10	10
216	709	10	10
214	710	10	10
213	710	10	10
212	710	10	10
211	710	10	10
209	710	10	10
207	710	10	10
205	710	10	10
208	710	10	10
211	710	10	10
213	710	10	10
216	710	10	10
219	710	10	10
222	710	10	10
225	710	10	10
228	709	10	10
226	710	10	10
229	710	10	10
232	710	10	10
235	710	10	10
234	710	10	10
237	710	10	10
240	710	10	10
243	710	10	10
246	710	10	10
249	710	10	10
247	710	10	10
250	710	10	10
252	710	10	10
255	710	10	10
258	710	10	10
261	710	10	10
259	709	10	10
257	710	10	10
255	709	10	10
253	710	10	10
256	709	10	10
254	710	10	10
257	709	10	10
255	710	10	10
258	710	10	10
261	710	10	10
263	710	10	10
266	710	10	10
269	710	10	10
272	710	10	10
271	710	10	10
270	710	10	10
270	710	10	10
272	710	10	10
275	710	10	10
278	710	10	10
281	710	10	10
284	710	10	10
287	710	10	10
290	710	10	10
289	710	10	10
292	710	10	10
295	710	10	10
298	710	10	10
301	710	10	10
304	710	10	10
307	710	10	10
310	710	10	10
313	710	10	10
316	710	10	10
319	710	10	10
322	710	10	10
324	710	10	10
327	710	10	10
330	710	10	10
333	710	10	10
336	710	10	10
334	710	10	10
332	710	10	10
335	710	10	10
334	710	10	10
333	710	10	10
336	710	10	10
335	710	10	10
334	710	10	10
333	710	10	10
332	710	10	10
331	710	10	10
334	710	10	10
333	710	10	10
333	710	10	10
332	710	10	10
335	710	10	10
334	710	10	10
333	710	10	10
332	710	10	10
335	710	10	10
333	710	10	10
336	710	10	10
339	710	10	10
338	710	10	10
341	710	10	10
340	710	10	10
343	710	10	10
342	710	10	10
341	710	10	10
340	710	10	10
343	710	10	10
346	710	10	10
345	710	10	10
348	710	10	10
351	710	10	10
350	710	10	10
353	710	10	10
352	710	10	10
355	710	10	10
358	710	10	10
361	710	10	10
360	710	10	10
359	710	10	10
358	710	10	10
361	710	10	10
360	710	10	10
359	710	10	10
358	710	10	10
357	710	10	10
360	710	10	10
359	710	10	10
358	710	10	10
357	710	10	10
360	710	10	10
359	710	10	10
358	710	10	10
357	710	10	10
360	710	10	10
359	710	10	10
359	710	10	10
361	710	10	10
361	710	10	10
360	710	10	10
363	710	10	10
366	710	10	10
368	710	10	10
371	710	10	10
374	710	10	10
377	710	10	10
380	710	10	10
383	710	10	10
386	710	10	10
389	710	10	10
392	710	10	10
395	710	10	10
398	710	10	10
401	710	10	10
404	710	10	10
407	710	10	10
410	710	10	10
413	710	10	10
415	710	10	10
418	710	10	10
421	710	10	10
424	710	10	10
427	710	10	10
430	710	10	10
433	710	10	10
436	710	10	10
439	710	10	10
442	710	10	10
445	710	10	10
448	710	10	10
451	710	10	10
454	710	10	10
457	710	10	10
460	710	10	10
463	710	10	10
465	710	10	10
468	710	10	10
471	710	10	10
474	710	10	10
477	710	10	10
480	710	10	10
483	710	10	10
486	710	10	10
489	710	10	10
492	710	10	10
495	710	10	10
498	710	10	10
501	710	10	10
504	710	10	10
507	710	10	10
510	710	10	10
512	710	10	10
515	710	10	10
518	710	10	10
521	710	10	10
524	710	10	10
527	710	10	10
530	710	10	10
533	710	10	10
536	710	10	10
539	710	10	10
542	710	10	10
545	710	10	10
548	710	10	10
551	710	10	10
554	710	10	10
557	710	10	10
556	710	10	10
555	710	10	10
558	710	10	10
561	710	10	10
564	710	10	10
566	710	10	10
569	710	10	10
569	710	10	10
568	710	10	10
567	710	10	10
570	710	10	10
573	710	10	10
572	710	10	10
571	710	10	10
570	710	10	10
569	710	10	10
568	710	10	10
567	710	10	10
566	710	10	10
565	710	10	10
564	710	10	10
563	710	10	10
566	710	10	10
569	710	10	10
572	710	10	10
575	710	10	10
578	710	10	10
581	710	10	10
584	710	10	10
587	710	10	10
590	710	10	10
593	710	10	10
596	710	10	10
599	710	10	10
602	709	10	10
599	710	10	10
602	710	10	10
605	710	10	10
604	710	10	10
602	710	10	10
600	710	10	10
598	710	10	10
596	710	10	10
594	710	10	10
592	710	10	10
590	710	10	10
588	710	10	10
586	710	10	10
584	710	10	10
582	710	10	10
579	710	10	10
577	710	10	10
575	710	10	10
573	710	10	10
576	710	10	10
574	710	10	10
572	710	10	10
575	710	10	10
573	710	10	10
576	710	10	10
579	710	10	10
582	710	10	10
585	710	10	10
588	710	10	10
590	710	10	10
593	710	10	10
596	710	10	10
599	710	10	10
602	710	10	10
605	710	10	10
608	710	10	10
611	710	10	10
614	710	10	10
617	710	10	10
620	710	10	10
623	710	10	10
626	710	10	10
629	710	10	10
632	710	10	10
635	710	10	10
637	710	10	10
640	710	10	10
643	710	10	10
646	710	10	10
649	710	10	10
652	710	10	10
655	710	10	10
658	710	10	10
661	710	10	10
664	710	10	10
667	710	10	10
670	710	10	10
673	710	10	10
676	710	10	10
679	710	10	10
682	710	10	10
685	710	10	10
687	710	10	10
690	710	10	10
693	710	10	10
696	710	10	10
699	710	10	10
702	710	10	10
705	710	10	10
708	710	10	10
711	710	10	10
714	710	10	10
717	710	10	10
720	710	10	10
723	710	10	10
726	710	10	10
729	710	10	10
732	710	10	10
734	710	10	10
737	710	10	10
740	710	10	10
743	710	10	10
746	710	10	10
749	710	10	10
752	710	10	10
755	710	10	10
758	710	10	10
761	710	10	10
764	710	10	10
767	710	10	10
770	710	10	10
773	710	10	10
776	710	10	10
779	710	10	10
782	710	10	10
784	710	10	10
787	710	10	10
790	710	10	10
793	710	10	10
796	710	10	10
799	710	10	10
802	710	10	10
805	710	10	10
808	710	10	10
811	710	10	10
814	710	10	10
817	710	10	10
820	710	10	10
823	710	10	10
826	710	10	10
829	710	10	10
831	710	10	10
834	710	10	10
837	710	10	10
840	710	10	10
843	710	10	10
846	710	10	10
849	710	10	10
852	710	10	10
855	710	10	10
858	710	10	10
861	710	10	10
864	710	10	10
867	710	10	10
870	710	10	10
873	710	10	10
876	710	10	10
879	710	10	10
881	710	10	10
884	710	10	10
887	710	10	10
890	710	10	10
893	710	10	10
896	710	10	10
899	710	10	10
902	710	10	10
905	710	10	10
908	710	10	10
911	710	10	10
914	710	10	10
917	710	10	10
920	710	10	10
923	710	10	10
926	710	10	10
928	710	10	10
931	710	10	10
934	710	10	10
937	710	10	10
940	710	10	10
943	710	10	10
946	710	10	10
949	710	10	10
952	710	10	10
955	710	10	10
958	710	10	10
961	710	10	10
964	710	10	10
967	710	10	10
970	710	10	10
973	710	10	10
976	710	10	10
978	710	10	10
981	710	10	10
984	710	10	10
987	710	10	10
990	710	10	10
993	710	10	10
996	710	10	10
999	710	10	10
1002	710	10	10
1005	710	10	10
1008	710	10	10
1011	710	10	10
1014	710	10	10
1017	710	10	10
1020	710	10	10
1023	710	10	10
1026	710	10	10
1028	710	10	10
1031	710	10	10
1034	710	10	10
1037	710	10	10
1040	710	10	10
1043	710	10	10
1046	710	10	10
1049	710	10	10
1052	710	10	10
1055	710	10	10
1058	710	10	10
1061	710	10	10
1064	710	10	10
1067	710	10	10
1070	710	10	10
1073	710	10	10
1075	710	10	10
1078	710	10	10
1081	710	10	10
1084	710	10	10
1087	710	10	10
1090	710	10	10
1093	710	10	10
1096	710	10	10
1099	710	10	10
1102	710	10	10
1105	710	10	10
1108	710	10	10
1111	710	10	10
1114	710	10	10
1117	710	10	10
1120	710	10	10
1123	710	10	10
1125	710	10	10
1128	710	10	10
1131	710	10	10
1134	710	10	10
1137	710	10	10
1140	710	10	10
1143	710	10	10
1146	710	10	10
1149	710	10	10
1152	710	10	10
1155	710	10	10
1158	710	10	10
1161	710	10	10
1164	710	10	10
1167	710	10	10
1170	710	10	10
1172	710	10	10
1175	710	10	10
1178	710	10	10
1181	710	10	10
1184	710	10	10
1187	710	10	10
1190	710	10	10
1193	710	10	10
1196	710	10	10
1199	710	10	10
1202	710	10	10
1205	710	10	10
1208	710	10	10
1211	710	10	10
1214	710	10	10
1217	710	10	10
1220	710	10	10
1222	710	10	10
1225	710	10	10
1228	710	10	10
1231	710	10	10
1234	710	10	10
1237	710	10	10
1240	710	10	10
1243	710	10	10
1247	710	10	10
1250	710	10	10
1253	710	10	10
1256	710	10	10
1259	710	10	10
1262	710	10	10
1265	710	10	10
1267	710	10	10
1270	710	10	10
1270	710	10	10
1270	710	10	10
1270	710	10	10
1270	710	10	10
1270	710	10	10
1270	710	10	10
1270	710	10	10
1270	710	10	10
1270	710	10	10
1270	710	10	10
1270	710	10	10
1270	710	10	10
1270	710	10	10
1270	710	10	10
1270	710	10	10
1270	710	10	10
1270	710	10	10
1270	710	10	10
1270	710	10	10
1270	710	10	10
1270	710	10	10
1270	710	10	10
1270	710	10	10
1270	710	10	10
1270	710	10	10
1270	710	10	10
1270	710	10	10
1270	710	10	10
1270	710	10	10
1270	710	10	10
1270	710	10	10
1270	710	10	10
1270	710	10	10
1270	710	10	10
1270	710	10	10
1270	710	10	10
1270	710	10	10
1270	710	10	10
1270	710	10	10
1270	710	10	10
1270	710	10	10
1270	710	10	10
1270	710	10	10
1270	710	10	10
1270	710	10	10
1270	710	10	10
1270	710	10	10
1270	710	10	10
1270	710	10	10
1270	710	10	10
1270	710	10	10
1270	710	10	10
1270	710	10	10
1270	710	10	10
1270	710	10	10
1270	710	10	10
1270	710	10	10
1270	710	10	10
1270	710	10	10
1270	710	10	10
1270	710	10	10
1270	710	10	10
1270	710	10	10
1270	710	10	10
1270	710	10	10
1270	710	10	10
1270	710	10	10
1270	710	10	10
1270	710	10	10
1270	710	10	10
1270	710	10	10
1270	710	10	10
1270	710	10	10
1270	710	10	10
1270	710	10	10
1270	710	10	10
1270	710	10	10
1270	710	10	10
1270	710	10	10
1270	710	10	10
1270	710	10	10
1270	710	10	10
1270	710	10	10
1270	710	10	10
1270	710	10	10
1270	710	10	10
1270	710	10	10
1270	710	10	10
1270	710	10	10
1270	710	10	10
1270	710	10	10
1270	710	10	10
1270	710	10	10
1270	710	10	10
1270	710	10	10
1270	710	10	10
1270	710	10	10
1270	710	10	10
1270	710	10	10
1270	710	10	10
1270	710	10	10
1270	710	10	10
1270	710	10	10
1270	710	10	10
1270	710	10	10
1270	710	10	10
1270	710	10	10
1270	710	10	10
1270	710	10	10
1270	710	10	10
1270	710	10	10
1270	710	10	10
1270	710	10	10
1270	710	10	10
1270	710	10	10
1270	710	10	10
1270	710	10	10
1270	710	10	10
1270	710	10	10
1270	710	10	10
1270	710	10	10
1270	710	10	10
1270	710	10	10
1270	710	10	10
1270	710	10	10
1270	710	10	10
1270	710	10	10
1270	710	10	10
1270	710	10	10
1270	710	10	10
1270	710	10	10
1270	710	10	10
1270	710	10	10
1270	710	10	10
1270	710	10	10
1270	710	10	10
1270	710	10	10
1270	710	10	10
1270	710	10	10
1270	710	10	10
1270	710	10	10
1270	710	10	10
1270	710	10	10
1270	710	10	10
1270	710	10	10
1253	704	23	15
1246	700	13	19
1236	695	12	24
1263	692	14	24
1267	698	10	15
1259	684	17	25
1249	686	21	21
1237	680	21	28
1228	682	19	24
1220	685	17	24
1222	685	16	22
1213	688	19	24
1209	692	17	24
1200	695	21	22
1192	697	22	22
1184	703	18	16
1185	702	18	17
1181	708	14	11
1176	710	14	10
1176	710	10	10
1168	710	16	10
1165	707	12	12
1166	707	13	12
1160	705	15	14
1157	701	16	16
1150	700	18	18
1143	694	20	23
1135	690	17	27
1137	694	17	24
1124	685	20	27
1116	680	16	24
1103	668	20	26
1092	664	23	23
1084	659	18	23
1081	656	17	23
1069	654	20	26
1060	665	18	23
1053	674	16	21
1043	680	19	25
1033	688	22	24
1033	688	15	23
1023	696	21	21
1016	702	17	17
1008	705	16	13
996	707	16	12
985	709	14	10
987	709	12	10
972	708	16	11
961	705	15	14
950	701	17	16
936	696	20	23
926	694	22	24
928	694	18	23
918	690	21	26
910	688	19	25
901	691	18	24
892	691	17	23
881	689	16	26
883	690	16	22
869	690	21	26
860	693	19	25
846	698	22	21
829	702	17	17
814	698	19	19
815	698	19	21
796	695	20	24
777	691	18	28
765	688	18	25
752	681	21	26
740	677	19	26
740	675	18	22
729	667	20	27
720	663	18	25
709	659	22	24
701	659	18	23
690	643	23	28
695	644	14	20
678	635	23	28
660	635	26	26
642	630	26	26
633	622	17	21
616	612	26	26
594	618	17	17
605	603	17	28
584	599	15	18
579	594	11	13
564	583	12	16
550	579	14	19
551	578	13	18
541	576	12	17
528	572	12	20
517	568	15	18
505	564	14	19
494	561	13	18
495	561	10	15
483	554	12	19
471	552	15	19
460	549	14	17
450	545	16	20
440	548	12	14
444	542	13	17
434	544	12	19
424	547	12	19
413	555	12	17
397	561	15	20
370	564	11	17
374	569	15	19
350	584	17	19
327	601	12	15
305	610	13	22
278	626	14	19
278	629	13	16
296	635	15	15
280	638	10	10
266	639	10	10
258	640	13	13
276	637	13	13
280	638	10	13
262	637	23	11
242	639	16	13
221	640	15	15
204	642	12	10
189	637	11	11
171	633	25	15
153	634	13	13
141	630	11	11
127	623	15	10
129	611	14	10
117	606	10	10
104	605	16	10
99	598	12	10
85	588	24	10
75	588	12	10
61	581	10	11
48	579	11	11
43	579	11	11
35	576	10	10
30	573	10	10
19	569	10	10
16	565	10	10
6	561	10	10
6	561	13	10
19	562	16	12
6	562	14	11
20	567	12	10
6	565	18	11
11	567	10	10
7	568	20	10
13	570	10	10
9	568	20	10
16	570	10	10
6	568	11	10
17	567	16	10
5	568	14	10
6	570	14	10
6	560	13	10
1	541	23	47
0	610	75	16
0	547	109	143
33	597	44	45
0	610	148	19
65	610	19	19
35	605	79	13
17	604	130	16
0	603	175	19
0	602	206	21
0	601	237	24
105	600	27	27
87	607	110	18
199	643	30	60
242	609	42	42
303	615	43	69
267	620	73	87
229	619	80	88
183	628	84	84
158	621	68	68
118	623	74	91
110	634	90	83
74	623	69	87
0	628	234	62
0	632	309	81
0	640	472	67
473	433	115	56
479	446	118	46
478	453	123	42
479	453	132	41
480	458	127	43
473	458	140	42
472	464	141	42
471	467	141	34
456	464	147	40
447	463	162	44
459	467	154	48
442	469	173	43
441	468	183	43
442	467	178	45
435	466	190	45
423	465	197	46
420	458	201	41
420	455	199	45
418	453	201	47
414	452	206	48
423	451	210	49
426	443	202	44
431	432	225	48
437	421	237	51
467	408	221	56
465	407	203	61
478	399	222	56
518	398	204	55
531	394	202	61
555	390	198	48
581	392	179	60
577	395	186	52
595	396	169	57
609	404	156	43
626	407	150	53
630	415	144	51
641	415	139	49
639	418	142	48
649	423	134	50
650	424	130	47
652	431	124	45
655	431	117	43
658	432	110	41
651	432	112	38
661	437	103	40
661	436	100	39
656	432	98	36
658	431	94	36
658	427	93	33
660	428	87	34
660	428	85	31
660	428	84	32
662	427	82	31
670	427	75	31
669	428	77	29
685	432	71	31
687	437	69	30
697	438	65	27
695	439	67	27
701	442	61	27
702	442	59	26
699	440	58	24
704	439	55	24
704	439	54	23
703	438	56	24
705	438	53	24
701	437	48	25
704	438	46	22
698	436	46	21
697	435	49	22
697	435	49	21
697	433	48	21
695	432	47	22
697	432	47	20
697	432	46	20
702	430	41	18
699	432	43	18
703	429	41	19
700	428	45	20
703	428	44	20
706	428	44	19
709	431	43	18
713	431	40	18
714	431	43	19
721	433	41	20
721	435	46	20
729	438	41	20
731	440	43	21
730	438	43	20
738	442	44	21
742	442	46	22
751	447	47	22
759	453	43	23
764	458	47	25
762	461	49	24
766	467	49	24
772	474	51	24
778	481	52	26
778	484	58	26
778	488	58	24
779	488	55	24
776	491	53	23
772	490	54	23
763	491	60	22
762	487	49	23
753	487	54	22
755	487	51	22
749	486	50	22
741	486	47	23
734	490	49	21
729	489	48	22
728	492	44	21
726	492	47	21
718	492	50	20
720	494	46	20
715	497	46	20
717	498	46	22
716	499	47	21
716	498	47	21
715	497	47	22
723	496	44	19
721	493	46	20
721	492	46	22
720	491	47	22
720	489	48	21
730	485	41	22
729	481	43	20
732	475	42	21
733	469	40	22
733	468	40	24
734	464	39	25
735	464	42	25
735	464	41	24
739	466	41	25
744	466	38	24
743	466	40	25
748	468	34	25
744	466	42	23
750	463	35	24
749	458	36	23
746	455	37	23
747	457	35	24
747	452	38	23
743	449	36	24
744	446	34	24
738	446	36	23
738	444	34	23
737	444	36	23
734	441	36	23
734	438	32	23
735	436	33	22
733	431	32	21
732	431	33	21
732	433	34	21
734	429	35	20
733	426	31	21
738	421	33	22
738	416	36	22
742	411	32	21
743	413	31	21
745	411	31	21
748	407	30	24
750	408	30	22
753	407	28	22
755	406	27	24
755	407	28	22
759	406	27	24
761	405	28	24
765	405	29	25
768	403	27	27
774	404	27	26
772	406	25	25
779	406	28	25
789	401	27	25
797	399	29	25
805	391	30	26
811	386	30	30
808	386	31	29
817	383	33	30
822	377	34	30
824	377	35	31
831	375	33	28
831	374	33	31
832	373	35	32
825	373	37	32
826	375	35	35
823	376	35	33
824	379	38	38
823	379	38	38
824	379	38	38
830	385	39	40
829	389	34	37
829	388	39	39
830	388	37	39
832	383	39	42
830	383	35	41
832	376	38	41
834	371	40	44
836	366	36	46
838	363	39	45
837	356	40	42
839	355	35	45
837	344	38	44
834	338	35	41
831	336	42	44
833	327	37	41
832	319	37	43
831	322	32	44
829	320	41	41
830	323	33	41
829	320	41	41
831	319	35	41
829	318	38	42
828	313	40	44
833	318	36	42
831	320	39	43
830	315	41	45
832	323	43	47
839	330	36	43
841	336	40	44
842	340	36	42
845	339	37	43
847	335	40	44
848	336	37	42
846	329	40	40
849	324	40	44
848	321	42	42
844	316	42	42
846	320	38	43
839	314	44	38
841	307	39	39
832	301	43	43
831	296	43	37
827	288	44	38
826	288	45	39
825	282	46	36
822	273	45	39
821	265	46	40
820	260	47	41
825	256	44	42
823	257	47	41
830	254	44	38
834	257	45	39
839	256	48	40
848	257	48	38
855	261	49	37
856	261	47	37
863	264	48	36
867	269	47	36
873	272	52	35
878	272	49	34
880	272	52	33
880	272	52	33
881	270	50	36
880	267	51	34
869	263	53	33
861	263	53	34
851	259	53	34
854	261	54	37
842	257	53	36
830	261	55	35
819	256	53	35
808	261	58	35
802	260	54	36
799	260	59	35
793	263	50	37
785	267	58	34
779	266	53	36
772	266	59	35
774	265	55	37
774	265	54	36
774	261	53	35
772	258	56	33
770	253	58	34
770	249	58	34
773	245	59	34
772	244	60	36
774	241	56	34
776	234	59	33
768	233	59	33
763	233	60	32
755	232	59	33
753	231	64	36
747	235	57	35
738	236	60	31
731	235	59	33
722	239	59	32
719	232	59	31
718	233	61	34
715	230	59	32
711	223	59	31
709	222	61	34
708	222	61	32
713	222	60	32
711	221	62	33
715	225	62	33
720	225	61	32
728	228	59	35
730	232	62	35
735	237	62	35
734	237	63	33
738	241	61	35
741	242	62	32
744	246	64	34
745	251	63	33
749	255	61	32
747	255	65	31
746	255	67	30
745	254	66	32
746	253	66	32
745	253	66	32
744	252	66	33
745	252	63	33
746	251	61	33
743	252	66	30
742	247	66	31
738	247	65	32
737	246	68	32
739	245	63	33
737	249	65	35
727	254	68	32
729	257	63	33
726	258	67	31
723	257	66	32
726	260	66	35
725	265	69	34
732	269	65	35
739	274	64	35
743	278	64	36
747	283	65	34
749	283	67	33
759	287	64	33
766	283	66	32
770	284	66	30
780	280	65	29
777	278	70	31
783	275	66	30
791	275	66	28
796	274	64	30
800	273	65	31
803	276	66	32
802	273	68	29
802	275	66	32
797	273	68	28
796	272	69	29
793	267	67	29
783	264	70	28
786	265	71	31
769	259	70	27
762	255	69	27
754	251	69	28
741	250	69	28
735	248	65	31
738	248	67	30
730	251	66	32
721	248	68	29
719	244	71	27
719	243	70	28
718	243	71	29
720	238	67	29
719	231	69	27
723	228	68	26
724	229	66	30
721	226	71	27
725	225	69	28
720	225	70	27
717	225	69	28
712	226	70	31
712	227	69	30
702	230	73	32
698	234	71	34
689	238	73	34
683	244	67	30
675	246	66	26
675	245	66	27
667	245	67	27
659	245	68	26
651	244	67	25
640	238	66	24
637	239	65	28
635	239	68	27
627	235	68	26
627	235	68	26
623	228	67	24
626	226	63	28
629	223	62	26
627	221	65	28
626	218	69	26
630	217	68	27
635	214	64	26
640	213	61	26
638	216	65	28
637	215	69	28
640	218	65	30
643	221	65	30
639	226	71	29
641	233	67	30
645	241	66	30
646	242	64	27
648	250	65	29
648	259	65	28
646	275	68	26
648	286	62	26
641	303	63	27
639	302	66	26
635	315	66	24
629	328	62	26
621	338	65	27
613	347	66	27
605	355	66	27
606	359	63	27
600	366	61	27
591	373	64	26
584	377	64	26
576	380	65	26
570	380	61	25
568	382	64	28
565	382	62	26
556	381	67	28
554	382	69	26
551	381	68	26
546	377	69	26
547	375	68	29
542	372	70	27
540	367	73	28
537	366	78	29
528	366	78	29
526	365	82	31
526	363	82	32
524	365	83	36
522	369	87	39
519	379	91	39
517	384	94	41
514	395	99	42
515	396	95	37
526	404	96	42
537	409	101	45
557	419	107	47
570	425	106	50
583	433	104	44
581	434	106	42
596	428	104	41
602	430	106	46
610	433	103	40
615	432	104	39
615	433	103	37
615	427	103	38
614	428	104	40
607	428	105	39
598	435	110	37
592	440	110	37
588	445	106	37
590	444	101	38
587	449	107	38
588	449	103	37
586	449	106	35
591	449	106	35
594	448	110	35
595	446	107	38
602	441	114	37
608	434	111	37
617	434	107	37
625	433	116	36
642	432	119	37
643	431	115	38
653	425	122	38
671	423	114	39
674	422	120	41
680	416	120	40
681	421	116	40
680	421	117	39
674	420	116	39
668	426	116	39
661	425	115	39
661	424	115	41
655	424	114	39
654	422	115	41
653	423	115	40
650	421	121	41
649	415	121	41
648	407	121	31
642	399	112	35
644	399	120	36
643	392	121	38
630	391	121	39
619	390	120	39
613	389	118	40
597	395	126	39
605	393	121	40
585	393	127	40
571	399	129	41
566	405	125	42
566	412	124	41
568	417	119	41
566	416	121	43
572	421	120	44
577	421	125	42
584	421	124	41
595	414	131	41
603	419	127	42
605	419	122	42
616	416	128	46
631	423	125	44
642	422	133	45
664	430	122	45
660	430	127	42
660	429	126	45
651	429	129	43
635	424	135	38
622	418	136	36
603	411	133	38
597	409	131	41
596	408	132	42
581	407	135	43
573	406	136	44
563	407	129	39
550	402	130	36
546	400	125	39
550	398	128	40
541	397	132	41
545	393	135	36
545	390	133	40
544	388	134	42
547	387	130	43
551	395	134	43
558	407	131	44
555	407	136	43
558	412	128	44
564	419	130	43
562	425	134	43
567	426	136	38
566	419	138	40
566	417	136	43
565	418	136	38
557	408	138	32
545	396	139	32
543	386	140	39
533	380	135	37
535	379	142	43
524	378	135	43
521	377	139	44
512	375	142	45
516	381	137	46
526	389	132	46
520	391	142	39
529	397	137	43
544	411	137	42
543	409	139	44
554	415	142	45
568	413	143	46
559	412	145	47
575	418	142	47
586	420	141	41
587	418	140	44
585	417	143	45
587	417	138	44
584	416	142	45
581	415	146	46
569	417	141	41
576	418	140	38
560	410	145	40
562	408	139	41
561	406	139	44
552	408	142	39
548	400	137	41
541	398	137	43
532	393	141	38
528	391	134	42
527	390	137	43
525	395	141	44
522	396	145	40
518	394	139	44
523	395	140	45
521	401	142	46
522	403	139	40
529	404	136	37
526	395	141	41
540	395	139	38
536	385	146	32
551	382	140	37
551	382	138	36
553	370	144	35
554	366	141	41
554	364	139	44
552	364	142	42
552	369	141	45
550	371	142	39
546	369	136	43
544	367	140	44
534	369	143	40
537	366	138	43
542	368	139	39
543	365	135	42
541	367	138	38
543	364	146	42
543	365	143	38
553	365	136	37
555	365	143	36
560	364	132	35
562	368	137	39
569	366	134	42
574	371	138	43
573	377	139	44
580	379	135	39
581	378	132	39
581	384	132	41
580	389	136	43
580	391	136	37
583	388	131	41
587	390	134	37
582	388	129	41
580	395	132	37
582	395	127	35
566	394	134	37
554	392	133	38
549	399	131	36
554	394	137	34
542	391	136	39
538	397	132	37
533	398	128	35
523	396	135	37
526	397	129	36
522	400	135	39
526	395	125	36
527	394	134	36
529	394	128	34
528	392	132	38
528	398	130	36
536	396	125	39
534	402	128	40
532	410	131	36
535	408	126	40
542	414	123	41
538	420	130	41
539	421	125	36
543	419	127	38
549	418	126	40
554	419	128	36
564	414	122	33
567	409	128	32
566	407	129	35
575	401	123	34
584	391	119	32
586	383	123	35
587	378	121	34
586	371	122	35
586	370	119	35
580	368	119	37
578	369	122	38
577	374	123	39
572	375	120	35
572	375	119	35
572	373	119	37
574	374	115	34
572	367	118	36
577	363	117	32
574	363	112	31
587	353	118	30
576	355	119	34
589	347	115	28
589	346	114	29
588	340	115	29
577	340	116	29
576	334	107	29
574	337	111	32
565	332	109	30
561	337	105	29
549	333	110	27
539	331	110	30
526	331	115	29
530	331	116	29
524	335	107	32
524	340	105	33
525	348	103	30
525	352	102	32
529	363	105	29
530	359	101	27
533	363	105	30
542	366	103	32
553	370	104	33
562	368	106	26
567	368	107	26
567	365	106	30
577	362	98	25
587	360	95	28
584	364	99	30
587	364	104	27
588	364	102	27
590	364	96	26
590	363	104	27
581	362	102	27
586	361	105	28
588	366	99	28
589	363	96	23
587	361	100	27
585	361	104	26
584	356	96	25
591	354	99	28
587	354	97	27
593	350	102	25
593	352	93	29
597	346	96	23
598	348	94	27
598	344	92	24
600	347	95	26
600	339	95	24
598	342	96	28
599	342	93	26
605	341	91	28
603	345	93	29
606	346	94	26
612	345	91	29
606	350	92	26
614	347	93	24
621	349	87	27
625	341	89	24
631	340	93	27
631	340	91	25
637	338	87	27
632	335	89	24
634	334	93	26
623	330	91	24
620	333	86	27
623	332	89	28
606	337	95	28
603	341	89	30
594	348	89	26
591	352	86	28
585	351	90	28
584	351	90	29
574	355	91	29
576	359	86	30
573	359	91	29
571	363	86	29
570	363	87	29
570	367	86	29
567	366	90	29
569	371	85	29
570	376	83	28
578	376	84	28
577	381	83	28
580	385	86	28
591	384	84	28
601	388	84	28
608	383	89	28
620	383	85	28
630	380	85	25
626	379	85	28
635	378	84	28
639	378	84	28
638	377	87	28
638	376	85	28
634	380	84	28
639	376	84	28
631	380	83	28
624	379	86	28
621	379	84	28
617	379	84	28
612	383	83	28
617	383	80	28
613	383	81	27
612	387	81	27
612	386	80	27
613	379	77	23
612	378	78	26
609	376	83	27
605	372	83	27
601	372	82	27
595	365	77	24
586	363	79	26
574	367	76	26
576	367	80	25
567	371	81	26
560	374	79	26
556	374	79	26
549	375	76	22
545	374	76	24
544	374	78	24
554	377	75	25
557	371	75	21
565	363	73	23
571	360	78	21
590	355	77	23
586	356	76	21
603	355	77	23
617	358	77	24
635	361	80	25
655	364	80	26
676	367	78	26
674	367	82	26
684	370	80	28
693	379	82	27
701	383	85	29
712	391	82	28
711	399	83	29
714	399	85	28
707	400	89	27
709	404	85	28
709	403	85	28
709	403	85	28
711	398	88	28
711	398	85	27
710	394	86	26
714	389	87	27
720	384	84	28
720	377	84	24
723	372	86	26
723	375	85	27
725	360	88	21
726	350	87	25
722	342	85	23
720	341	89	25
716	341	87	24
716	339	87	26
712	343	86	27
706	349	88	24
695	350	94	25
693	352	88	28
686	350	83	25
686	349	91	26
679	341	87	25
667	332	88	27
659	324	87	25
653	319	83	25
646	318	88	26
646	317	88	28
636	316	91	28
630	321	92	28
624	317	87	26
614	316	90	27
608	308	91	24
613	311	89	27
598	305	90	28
593	301	91	28
584	300	91	29
580	292	88	26
570	290	92	28
574	289	91	29
559	291	92	26
556	291	90	27
551	291	90	27
542	290	90	28
543	294	88	29
535	293	92	29
537	298	89	30
532	302	88	31
530	307	91	32
530	312	90	33
526	317	88	33
523	319	93	31
518	328	92	31
519	331	89	34
518	341	90	34
519	348	86	34
518	354	88	33
515	355	92	31
522	362	87	34
524	368	91	31
530	368	90	31
537	369	95	30
547	373	92	31
542	372	92	31
549	366	97	32
562	366	91	32
570	361	94	31
574	356	93	31
576	355	90	31
577	355	91	30
579	350	96	30
581	345	93	31
582	344	93	31
586	339	92	31
580	333	96	33
584	338	96	32
585	328	93	32
584	328	94	31
590	327	94	31
590	326	93	33
590	326	95	32
591	327	95	32
592	334	94	36
596	340	95	34
594	345	97	34
602	349	93	35
599	355	99	33
601	353	93	35
605	354	95	33
604	353	96	32
601	357	100	34
605	358	94	33
603	364	97	40
601	366	98	36
603	370	95	38
604	380	94	40
602	385	96	40
601	396	97	40
600	409	97	40
599	410	100	36
599	421	97	40
598	429	99	44
589	441	103	42
586	449	98	40
579	456	98	38
580	456	96	37
577	459	100	41
574	461	95	37
576	454	99	39
570	454	101	38
576	454	100	40
576	457	99	36
572	456	109	39
586	462	103	40
586	456	102	39
593	457	100	38
594	463	100	38
595	461	96	39
600	462	96	35
595	461	94	37
586	465	102	38
576	461	99	36
577	463	96	36
560	461	102	38
551	462	97	36
542	461	95	36
528	461	100	36
518	460	100	36
518	464	98	37
501	459	94	37
492	463	101	41
479	469	103	39
475	468	99	39
464	473	100	40
466	472	93	38
464	472	97	38
463	477	97	37
459	476	94	39
463	477	98	37
468	480	97	39
462	480	97	37
469	480	96	37
474	479	95	38
474	479	94	37
473	479	95	36
471	474	97	35
472	478	95	36
465	467	97	37
460	467	95	36
465	456	96	36
455	455	95	38
460	453	95	39
462	454	90	37
460	448	92	37
459	438	93	36
455	433	92	35
455	427	90	36
455	432	92	35
455	431	90	36
454	432	92	33
447	435	94	39
446	441	96	39
435	442	96	35
431	441	92	35
432	441	90	35
421	440	91	36
413	445	95	37
409	450	92	38
409	456	93	38
407	462	95	38
409	462	89	37
413	466	90	37
406	464	93	41
409	470	98	37
412	470	89	37
424	466	85	35
421	465	91	35
433	459	90	36
447	456	85	33
455	440	88	34
464	430	91	33
476	417	90	34
476	414	89	38
485	406	86	33
489	400	85	35
491	400	82	35
493	399	86	35
495	399	80	35
493	399	83	34
497	398	84	34
499	397	79	34
502	389	83	32
502	388	82	33
510	383	77	33
506	387	83	33
520	378	77	32
528	381	78	35
540	381	83	33
552	380	78	34
559	379	80	34
557	384	84	34
565	383	79	34
570	386	81	37
575	390	80	38
574	396	82	36
581	401	80	36
578	406	85	34
583	409	86	37
585	414	81	39
588	425	84	39
588	432	82	40
594	444	82	37
593	449	82	35
600	452	80	37
603	457	81	35
609	456	79	38
614	461	81	35
619	466	79	34
621	462	75	32
629	466	77	31
634	466	78	31
642	464	79	33
639	464	76	33
631	460	74	30
633	459	77	33
620	456	72	29
612	455	72	29
596	451	75	30
581	446	70	30
569	442	72	29
568	441	75	32
553	438	72	28
545	429	73	30
544	420	74	30
546	416	70	30
544	404	75	28
543	406	74	29
546	395	78	27
553	388	73	32
562	384	71	31
565	380	74	30
573	379	75	30
575	375	71	29
577	374	74	30
587	370	70	30
587	368	68	32
591	369	70	30
592	367	68	32
592	367	69	33
595	362	71	33
600	362	69	32
608	354	70	30
608	352	68	35
614	348	66	34
614	352	68	34
618	348	68	34
624	343	65	34
628	339	63	34
624	336	62	37
623	334	65	34
623	331	63	38
612	328	62	34
604	331	62	37
590	337	61	35
583	343	60	37
575	353	59	38
573	353	61	38
567	362	55	39
564	371	62	40
567	376	54	40
566	381	56	37
572	379	50	39
571	378	53	42
575	379	52	39
578	378	52	39
587	378	49	39
592	380	48	42
599	381	49	39
599	379	50	41
598	377	50	36
596	376	47	41
587	373	48	38
580	371	47	41
572	370	48	41
573	369	45	42
563	370	48	42
557	374	45	42
549	375	44	41
545	382	44	43
542	382	41	41
544	385	45	42
540	386	44	41
542	391	47	41
546	392	38	38
551	389	41	41
551	386	40	39
549	384	43	43
558	388	42	42
558	384	40	42
562	389	41	41
561	386	41	45
563	391	43	43
566	392	37	41
566	387	43	43
571	394	41	37
575	397	39	39
575	401	40	40
578	405	40	40
579	408	40	40
578	414	40	40
572	415	38	38
566	419	42	39
561	418	38	38
554	422	39	36
557	422	38	36
545	424	41	32
539	421	39	36
534	423	36	33
527	422	38	34
517	428	36	34
516	427	39	35
521	431	41	35
524	436	41	33
528	436	40	37
533	442	39	31
535	444	35	28
541	441	34	31
549	447	33	26
559	447	33	26
572	448	23	23
565	441	37	25
566	440	34	27
565	438	31	20
566	437	31	27
561	433	36	24
553	430	39	19
549	424	37	22
548	426	39	23
537	420	34	20
525	412	35	18
517	407	35	17
516	405	33	20
513	406	34	17
510	405	39	19
512	405	30	19
505	408	40	20
509	412	35	20
509	416	36	17
512	417	37	17
511	416	40	17
517	418	36	17
521	421	37	15
527	418	35	13
531	418	38	13
536	413	43	11
536	414	40	13
534	406	49	11
541	397	43	12
538	388	49	11
537	378	50	13
534	378	47	13
535	377	50	14
526	367	52	14
527	366	49	15
529	363	50	16
528	359	51	18
530	358	53	18
529	357	54	20
527	357	52	20
530	352	52	18
533	351	52	21
535	348	53	19
545	347	55	20
541	347	56	20
555	349	48	20
564	351	51	23
577	362	56	21
600	369	56	21
620	374	57	22
617	373	56	23
633	378	57	21
645	381	56	21
650	381	58	20
645	371	62	18
637	362	62	17
638	363	59	20
623	350	63	17
616	338	66	16
598	326	66	16
589	320	60	16
575	314	62	18
575	313	60	19
561	311	62	17
553	307	62	19
544	306	68	19
548	308	66	22
554	314	69	23
556	314	65	23
561	317	63	23
564	321	64	23
570	321	65	22
572	324	69	24
577	327	67	25
577	327	66	25
583	330	68	25
584	330	67	25
589	334	71	25
590	337	68	25
594	341	67	25
593	341	69	27
596	341	72	25
588	336	73	24
584	331	72	24
579	322	75	21
575	305	76	23
576	303	72	25
569	292	78	21
563	283	75	23
555	278	77	25
542	278	77	25
534	277	76	27
537	277	73	29
