0.001503
0.161037
0.158123
0.159331
0.161891
0.159379
0.161036
0.162057
0.161789
0.161294
0.153034
0.163414
0.158489
0.162036
0.161241
0.161503
0.161543
0.161088
0.160148
0.161036
0.161614
0.162036
0.160473
0.161624
0.177040
0.170618
0.173040
0.174041
0.166120
0.163365
0.166393
0.166141
0.159088
0.161123
0.163489
0.161525
0.160351
0.161036
0.161362
0.162332
0.161252
0.161035
0.161036
0.163245
0.162037
0.130312
0.162174
0.161266
0.148913
0.161273
0.158144
0.158476
0.157426
0.164374
0.163166
0.163321
0.162483
0.162036
0.161454
0.163472
0.160036
0.158035
0.164083
0.163037
0.177209
0.179823
0.172038
0.167540
0.166036
0.164124
0.162036
0.162474
0.162454
0.162105
0.162317
0.164473
0.163111
0.163086
0.161116
0.163480
0.159218
0.161036
0.151305
0.176040
0.163037
0.162775
0.162413
0.161551
0.160434
0.169037
0.172382
0.174597
0.175039
0.178041
0.175039
0.174830
0.178040
0.174039
0.173038
0.178040
0.144032
0.157884
0.157358
0.158558
0.164087
0.165378
0.142938
0.167579
0.168186
0.170327
0.171454
0.172038
0.170442
0.162510
0.168268
0.169249
0.169114
0.171037
0.169144
0.173652
0.177043
0.167553
0.166037
0.161332
0.159151
0.157830
0.159432
0.159072
0.158414
0.158481
0.158386
0.159035
0.160437
0.160102
0.168210
0.169549
0.171139
0.143242
0.161515
0.158218
0.160241
0.159034
0.161224
0.158499
0.160442
0.158494
0.158548
0.158512
0.157093
0.161502
0.160035
0.159036
0.159427
0.159528
0.160424
0.149034
0.158681
0.159036
0.160035
0.160531
0.159646
0.160036
0.159486
0.158035
0.159035
0.160035
0.160164
0.160442
0.161035
0.159441
0.161074
0.161036
0.176041
0.154034
0.159214
0.160035
0.160151
0.159379
0.160230
0.159519
0.157505
0.158369
0.159035
0.159035
0.160159
0.167060
0.169037
0.171086
0.170256
0.173118
0.173496
0.173038
0.177514
0.181041
0.174038
0.170083
0.168142
0.164264
0.162120
0.167515
0.172098
0.175040
0.169152
0.160380
0.155201
0.159527
0.169366
0.168191
0.164379
0.135384
0.160476
0.160358
0.159307
0.162093
0.168144
0.169395
0.170037
0.170038
0.172140
0.171039
0.172209
0.162037
0.169286
0.161036
0.160537
0.162746
0.168421
0.164036
0.161036
0.166502
0.172038
0.176326
0.166115
0.160461
0.162109
0.165330
0.170038
0.161197
0.160575
0.165036
0.159531
0.162529
0.160038
0.161321
0.161556
0.118026
0.162638
0.160499
0.160074
0.160372
0.166448
0.169553
0.172462
0.170216
0.172039
0.173524
0.174038
0.175417
0.175039
0.176041
0.178240
0.179040
0.175040
0.182270
0.174116
0.167037
0.166036
0.163286
0.161037
0.161128
0.160192
0.160115
0.160379
0.161091
0.160272
0.161198
0.159442
0.161036
0.166530
0.169267
0.171038
0.171585
0.171038
0.171680
0.177039
0.176200
0.174222
0.176314
0.176039
0.172129
0.169806
0.170384
0.165332
0.163073
0.161474
0.162394
0.162904
0.162090
0.160365
0.161339
0.161506
0.147033
0.159035
0.158036
0.157358
0.161530
0.162146
0.160203
0.161397
0.160073
0.156095
0.158397
0.158400
0.162126
0.171206
0.174366
0.174309
0.172235
0.172040
0.173039
0.170038
0.170039
0.172344
0.173539
0.175819
0.172609
0.177207
0.176410
0.179040
0.178286
0.179074
0.168039
0.165108
0.162140
0.160120
0.159341
0.160347
0.157502
0.159265
0.141481
0.160182
0.166536
0.169257
0.173081
0.172154
0.160205
0.165147
0.170038
0.171038
0.172537
0.172783
0.161221
0.161842
0.159054
0.159044
0.160125
0.160037
0.163479
0.173282
0.174461
0.176039
0.175039
0.178469
0.181042
0.181295
0.171038
0.165245
0.159495
0.156037
0.157326
0.160210
0.160442
0.161383
0.162139
0.162522
0.161532
0.161035
0.176039
0.175057
0.178299
0.179450
0.178498
0.181040
0.179255
0.174040
0.166097
0.167450
0.162536
0.162036
0.159196
0.158081
0.157284
0.158332
0.159298
0.158420
0.148232
0.174039
0.172288
0.171183
0.170279
0.174121
0.179040
0.179199
0.177119
0.179380
0.180344
0.178039
0.179039
0.171038
0.164696
0.164506
0.162060
0.161036
0.158885
0.127491
0.155035
0.168037
0.171038
0.170038
0.177040
0.174226
0.176445
0.176039
0.175039
0.176039
0.175038
0.176039
0.176039
0.176040
0.176512
0.175038
0.174438
0.174473
0.171038
0.168040
0.162036
0.163036
0.161035
0.164036
0.162036
0.163035
0.162036
0.164037
0.169038
0.162035
0.158035
0.157035
0.158035
0.159035
0.159385
0.158793
0.155691
0.167291
0.162295
0.163238
0.169038
0.171050
0.172038
0.172039
0.175039
0.174171
0.175115
0.175188
0.176039
0.176431
0.172038
0.173039
0.175076
0.175478
0.172040
0.180040
0.169413
0.167039
0.163345
0.160352
0.159705
0.168371
0.164572
0.161378
0.160036
0.159770
0.160221
0.160626
0.162450
0.159408
0.160050
0.160427
0.160036
0.155654
0.168012
0.170038
0.172346
0.172277
0.172039
0.173221
0.175041
0.176166
0.174148
0.174095
0.172533
0.172255
0.171038
0.176086
0.179497
0.179259
0.177969
0.179260
0.168038
0.164496
0.159448
0.160176
0.162267
0.161175
0.159522
0.162123
0.161453
0.162275
0.162055
0.162036
0.160036
0.167037
0.169128
0.172130
0.172038
0.173618
0.170443
0.179272
0.183041
0.183041
0.177041
0.172073
0.166431
0.163536
0.161036
0.142843
0.124267
0.177040
0.169040
0.166279
0.164073
0.162036
0.161439
0.161372
0.161036
0.161554
0.153489
0.162036
0.161528
0.160035
0.162036
0.170038
0.171439
0.172405
0.173038
0.174039
0.176101
0.173041
0.174039
0.173038
0.175262
0.178376
0.178379
0.177383
0.178480
0.173038
0.168392
0.166037
0.165291
0.162414
0.162518
0.162333
0.163037
0.162358
0.163202
0.158444
0.159304
0.159037
0.158154
0.162036
0.168112
0.171037
0.175601
0.172061
0.176138
0.178182
0.177526
0.178039
0.178212
0.168040
0.164036
0.160297
0.160036
0.159054
0.160271
0.159035
0.159328
0.158506
0.161427
0.159037
0.162069
0.162035
0.156438
0.160037
0.162132
0.166495
0.170039
0.172040
0.173194
0.176040
0.174445
0.176039
0.173107
0.178038
0.178038
0.178455
0.176333
0.177442
0.178242
0.176039
0.171647
0.124578
0.164377
0.163038
0.165396
0.160440
0.159004
0.165867
0.158035
0.160037
0.160035
0.166039
0.169253
0.171152
0.169038
0.173039
0.172722
0.176123
0.175039
0.178484
0.172039
0.168255
0.165510
0.159528
0.158785
0.160551
0.159479
0.159037
0.162036
0.159209
0.160119
0.160239
0.160463
0.160081
0.168329
0.169848
0.169037
0.171527
0.173038
0.174039
0.178353
0.181041
0.172454
0.171543
0.169218
0.165315
0.163143
0.160038
0.160036
0.159372
0.160037
0.160035
0.159476
0.159082
0.159364
0.159035
0.161036
0.165580
0.176348
0.177040
0.183981
0.179413
0.180040
0.173531
0.166157
0.164037
0.164609
0.162037
0.162417
0.164036
0.163268
0.162244
0.163036
0.163129
0.163419
0.163060
0.156571
0.174161
0.172038
0.173038
0.176108
0.173039
0.172198
0.173460
0.170038
0.169155
0.173038
0.172535
0.174039
0.175039
0.173038
0.173039
0.172040
0.175288
0.175038
0.175340
0.171037
0.148810
0.162203
0.162651
0.163088
0.163654
0.163511
0.162389
0.165036
0.162036
0.167037
0.166161
0.169038
0.169039
0.171149
0.169039
0.177042
0.174038
0.176406
0.173038
0.178040
0.178040
0.170076
0.171038
0.165375
0.161041
0.159037
0.160092
0.159388
0.160250
0.165036
0.161300
0.159035
0.159172
0.159085
0.162036
0.156097
0.159482
0.160261
0.159035
0.159128
0.160035
0.162577
0.167154
0.169538
0.169145
0.171157
0.175321
0.174451
0.174312
0.172506
0.170443
0.177040
0.174209
0.177977
0.177039
0.172198
0.167390
0.164320
0.162397
0.161037
0.163141
0.163059
0.163548
0.162276
0.161061
0.163037
0.162395
0.162047
0.163461
0.166538
0.172039
0.172472
0.164529
0.179042
0.175039
0.171040
0.166145
0.163227
0.159590
0.160536
0.160037
0.161478
0.162036
0.161035
0.161245
0.161037
0.161278
0.162511
0.160284
0.161035
0.169207
0.168267
0.174700
0.174041
0.170040
0.162036
0.161257
0.163036
0.163536
0.163083
0.163221
0.164303
0.162265
0.163623
0.161035
0.158034
0.159310
0.162092
0.167210
0.169461
0.169534
0.172583
0.174267
0.173674
0.174539
0.173039
0.176039
0.173506
0.178107
0.181041
0.177042
0.170532
0.166264
0.164036
0.160285
0.159035
0.159483
0.164367
0.166207
0.150177
0.165265
0.164351
0.165306
0.165453
0.168037
0.172577
0.173132
0.174145
0.171038
0.172460
0.172040
0.160036
0.163169
0.174437
0.176626
0.178522
0.175159
0.177209
0.176039
0.171307
0.165384
0.162088
0.159467
0.160036
0.159539
0.160035
0.159877
0.160276
0.160036
0.160035
0.161304
0.163188
0.161466
0.162358
0.162037
0.161117
0.157415
0.177831
0.170551
0.167037
0.164038
0.161180
0.160492
0.165081
0.160035
0.161036
0.161036
0.160063
0.162357
0.163152
0.162422
0.161200
0.161841
0.160708
0.159972
0.160256
0.180463
0.182041
0.176041
0.169301
0.167038
0.166038
0.163414
0.163038
0.164146
0.163503
0.160399
0.158277
0.159054
0.159574
0.159035
0.163342
0.162236
0.162036
0.164036
0.175832
0.180383
0.179040
0.179041
0.179253
0.178168
0.180040
0.174092
0.168050
0.168142
0.163180
0.131590
0.164053
0.162462
0.163484
0.164038
0.163037
0.167037
0.168037
0.184042
0.179042
0.171038
0.167036
0.162417
0.159035
0.160036
0.162538
0.163036
0.163043
0.163094
0.162035
0.162195
0.163433
0.164464
0.164490
0.165921
0.170037
0.167799
0.174172
0.178204
0.181040
0.175163
0.170038
0.163552
0.161191
0.156643
0.158418
0.160406
0.160035
0.161355
0.159555
0.159170
0.159359
0.161131
0.161450
0.163264
0.162036
0.172413
0.175419
0.176106
0.177253
0.174040
0.173469
0.167228
0.164058
0.161350
0.161036
0.163009
0.161044
0.161249
0.162483
0.161682
0.162231
0.163036
0.162263
0.150219
0.173492
0.174039
0.175144
0.162307
0.168388
0.169038
0.170444
0.171149
0.172505
0.171322
0.175039
0.171039
0.171513
0.172039
0.172069
0.172082
0.168875
0.181041
0.165274
0.161036
0.162040
0.161268
0.161310
0.164265
0.161037
0.106441
0.164036
0.169524
0.170078
0.171585
0.172038
0.171519
0.172040
0.173040
0.173819
0.174704
0.171311
0.181040
0.177042
0.171283
0.167111
0.164036
0.162268
0.162036
0.161518
0.162152
0.161287
0.161413
0.161382
0.161814
0.162268
0.161035
0.161036
0.162037
0.167039
0.164358
0.173233
0.179039
0.175039
0.168303
0.167143
0.165435
0.162297
0.163462
0.164331
0.163037
0.165038
0.164351
0.163409
0.164036
0.163035
0.160137
0.159266
0.159292
0.163310
0.180047
0.177153
0.178041
0.181573
0.181159
0.180040
0.169408
0.167280
0.165038
0.168267
0.150062
0.160197
0.159433
0.159379
0.160037
0.160254
0.160216
0.137373
0.170037
0.181041
0.172040
0.167039
0.165037
0.165457
0.162530
0.163037
0.143755
0.162277
0.163431
0.163077
0.162038
0.164201
0.164036
0.169037
0.172122
0.170038
0.168398
0.167108
0.173410
0.173314
0.179301
0.180094
0.175348
0.166521
0.161037
0.159291
0.159035
0.160200
0.159035
0.159035
0.160468
0.160352
0.159035
0.160089
0.158035
0.163171
0.165380
0.170312
0.172751
0.175039
0.174948
0.183041
0.176367
0.169038
0.169193
0.163036
0.159399
0.159035
0.160075
0.160056
0.162405
0.159035
0.161036
0.160351
0.160342
0.152263
0.174041
0.168388
0.166570
0.162387
0.161481
0.160611
0.162036
0.160036
0.161036
0.160273
0.161228
0.160037
0.162037
0.161036
0.161035
0.161509
0.161035
0.162323
0.166037
0.175094
0.174040
0.176039
0.177039
0.181040
0.176011
0.180040
0.174100
0.167183
0.166429
0.163409
0.161037
0.162036
0.161036
0.161092
0.161337
0.160197
0.161404
0.155036
0.161412
0.165335
0.170490
0.171525
0.173411
0.172321
0.173039
0.172147
0.169038
0.171412
0.174038
0.174401
0.179039
0.181281
0.182163
0.179057
0.181224
0.167507
0.148810
0.160069
0.162455
0.163038
0.164038
0.164111
0.164058
0.162462
0.163036
0.162036
0.163420
0.168037
0.173610
0.173405
0.170038
0.169309
0.166585
0.177039
0.177040
0.157124
0.159036
0.158040
0.158227
0.164226
0.163431
0.163288
0.163354
0.163974
0.162988
0.165275
0.163343
0.161370
0.159500
0.159529
0.159150
0.159751
0.158442
0.153357
0.178041
0.178040
0.180039
0.178039
0.178182
0.181041
0.173041
0.168038
0.166452
0.162092
0.158034
0.158939
0.160075
0.159365
0.161035
0.159490
0.160036
0.160140
0.140032
0.179039
0.167240
0.166620
0.165394
0.161297
0.162117
0.163052
0.162505
0.162173
0.163256
0.162434
0.162123
0.162534
0.164036
0.162149
0.167301
0.170430
0.172136
0.168246
0.179169
0.181520
0.182040
0.176041
0.168536
0.162310
0.161210
0.163341
0.164720
0.164535
0.163036
0.164341
0.164244
0.159251
0.159105
0.159480
0.159035
0.160036
0.162037
0.173345
0.175117
0.176081
0.182086
0.180040
0.176063
0.170038
0.173038
0.168505
0.164155
0.148032
0.158417
0.169415
0.167037
0.162205
0.160286
0.160036
0.159232
0.150898
0.176045
0.170450
0.171474
0.171745
0.174038
0.172064
0.175207
0.177204
0.176247
0.178518
0.179116
0.180040
0.174039
0.167037
0.165037
0.145610
0.163036
0.162583
0.142467
0.163125
0.163519
0.169167
0.172169
0.173206
0.173039
0.174166
0.174669
0.177068
0.173038
0.172174
0.171270
0.173038
0.173038
0.180040
0.177492
0.174424
0.175039
0.172214
0.169428
0.148496
0.162138
0.163478
0.163690
0.163325
0.162169
0.161490
0.163333
0.161036
0.162361
0.163328
0.162366
0.163308
0.163036
0.162335
0.162106
0.165857
0.174040
0.171038
0.172482
0.173039
0.173039
0.174039
0.174039
0.175295
0.176153
0.173115
0.178095
0.179057
0.178378
0.181917
0.180041
0.173010
0.166445
0.165315
0.147032
0.159293
0.161036
0.160037
0.161245
0.160263
0.159215
0.161236
0.160536
0.166135
0.166399
0.171038
0.172038
0.170038
0.170509
0.170038
0.172302
0.172131
0.170768
0.176039
0.172039
0.166193
0.166149
0.164036
0.162211
0.161210
0.162479
0.162035
0.162437
0.162036
0.163175
0.162036
0.151052
0.173038
0.170037
0.169037
0.170039
0.170182
0.178040
0.176458
0.177209
0.178040
0.174188
0.177039
0.172039
0.167048
0.168038
0.164178
0.162752
0.162046
0.164106
0.161330
0.163228
0.159396
0.158429
0.158036
0.142718
0.166151
0.168495
0.170039
0.171333
0.174504
0.174039
0.176466
0.172410
0.170091
0.174039
0.175039
0.179121
0.180099
0.179195
0.177039
0.178259
0.178749
0.174041
0.152094
0.161438
0.163047
0.162096
0.161188
0.161124
0.162369
0.162085
0.160568
0.162246
0.161369
0.167037
0.172419
0.171538
0.173568
0.173414
0.174328
0.174323
0.170503
0.181041
0.175041
0.169215
0.162725
0.159352
0.162530
0.164345
0.165108
0.163427
0.164157
0.163216
0.160706
0.159268
0.158086
0.159035
0.160320
0.163998
0.167042
0.167232
0.175516
0.173583
0.177184
0.175584
0.180040
0.171141
0.167471
0.143247
0.160035
0.159466
0.172122
0.159051
0.160046
0.159132
0.162036
0.160149
0.160035
0.160885
0.151799
0.173040
0.173038
0.173070
0.176059
0.173146
0.172538
0.175196
0.174133
0.176039
0.176534
0.175285
0.178365
0.177459
0.175040
0.182085
0.180040
0.169038
0.166212
0.145244
0.161400
0.160225
0.161355
0.161035
0.161090
0.160035
0.160508
0.161432
0.161527
0.166108
0.170038
0.171489
0.170075
0.172432
0.172296
0.173039
0.173311
0.172561
0.181247
0.179674
0.171039
0.167181
0.167443
0.162551
0.159762
0.160542
0.160035
0.160239
0.161464
0.161250
0.141068
0.161443
0.166058
0.168630
0.171210
0.170613
0.166346
0.164037
0.166517
0.162418
0.159532
0.160480
0.161036
0.160119
0.160687
0.161043
0.162037
0.161036
0.160324
0.161169
0.161273
0.162250
0.168083
0.170139
0.171038
0.170679
0.174307
0.176068
0.175601
0.174299
0.177459
0.179535
0.183041
0.179338
0.175112
0.171530
0.167437
0.164135
0.164131
0.163151
0.164359
0.163290
0.164135
0.163372
0.142029
0.164036
0.165336
0.167037
0.171199
0.173527
0.172404
0.174103
0.165037
0.166111
0.168230
0.170221
0.177421
0.174039
0.171143
0.172038
0.171448
0.170395
0.180040
0.161530
0.164388
0.161477
0.161353
0.161036
0.161393
0.160321
0.160573
0.161383
0.160197
0.161037
0.160035
0.161065
0.162141
0.162195
0.168276
0.170346
0.171039
0.167038
0.181040
0.177041
0.170480
0.167312
0.165497
0.161352
0.161173
0.161463
0.160149
0.161035
0.127136
0.162036
0.163341
0.169039
0.170579
0.171539
0.171037
0.171037
0.170038
0.177538
0.177770
0.178117
0.180041
0.181531
0.173437
0.170450
0.166226
0.162157
0.158852
0.160839
0.161242
0.160035
0.156704
0.161036
0.160035
0.160367
0.160608
0.154035
0.173039
0.172328
0.173281
0.175398
0.172213
0.173038
0.175504
0.175426
0.176443
0.175039
0.178040
0.180040
0.178040
0.180426
0.174041
0.169146
0.166039
0.163038
0.151461
0.161412
0.162036
0.161107
0.161682
0.161346
0.161309
0.161054
0.159035
0.159461
0.164889
0.167100
0.171038
0.170619
0.170497
0.172039
0.172386
0.174011
0.173039
0.174039
0.176407
0.178079
0.179042
0.178168
0.174040
0.176197
0.179040
0.181274
0.178041
0.170506
0.166459
0.163372
0.162036
0.159083
0.159428
0.159349
0.161197
0.146097
0.160037
0.160140
0.160366
0.162252
0.168038
0.167981
0.175082
0.174309
0.174458
0.179289
0.182190
0.182295
0.183040
0.179039
0.176039
0.179101
0.178040
0.171038
0.158061
0.164708
0.164393
0.163201
0.164654
0.163239
0.165295
0.164036
0.164363
0.164451
0.163169
0.164046
0.160294
0.161468
0.165038
0.168038
0.169301
0.170180
0.167037
0.173038
0.168038
0.165598
0.165366
0.161183
0.162268
0.162036
0.162465
0.162524
0.162943
0.163156
0.162807
0.162138
0.162491
0.163038
0.164036
0.169216
0.171395
0.171039
0.176240
0.177114
0.176412
0.173114
0.171186
0.175294
0.180432
0.179302
0.180532
0.165454
0.164284
0.165500
0.163037
0.164359
0.165315
0.159312
0.160175
0.163037
0.174569
0.174284
0.174039
0.177039
0.173122
0.175039
0.176039
0.177039
0.176041
0.169152
0.166139
0.162316
0.160457
0.160455
0.160504
0.159329
0.160036
0.159125
0.148338
0.159325
0.159035
0.162423
0.169319
0.171038
0.171038
0.173039
0.173038
0.174833
0.174439
0.175374
0.175220
0.177233
0.178040
0.163380
0.165160
0.169705
0.170752
0.175961
0.176136
0.179289
0.177504
0.173254
0.178040
0.181040
0.172040
0.170413
0.167039
0.164236
0.161319
0.160302
0.162798
0.162037
0.161934
0.161529
0.162286
0.137177
0.172532
0.172039
0.163242
0.161472
0.164857
0.170038
0.172259
0.172331
0.174047
0.172564
0.174272
0.172038
0.172039
0.173038
0.174059
0.179039
0.178340
0.181041
0.159035
0.162514
0.162036
0.161458
0.161036
0.161701
0.168385
0.166449
0.164211
0.161344
0.161533
0.161036
0.161090
0.162143
0.162036
0.161196
0.161490
0.162390
0.146406
0.176316
0.183313
0.177728
0.168322
0.166451
0.162035
0.162036
0.160489
0.162036
0.162258
0.160035
0.162204
0.162060
0.162103
0.161036
0.162036
0.164146
0.169603
0.172052
0.170329
0.167201
0.172039
0.168269
0.168036
0.165037
0.164114
0.164036
0.164116
0.163036
0.163036
0.165345
0.163335
0.162533
0.164037
0.159443
0.158035
0.164464
0.172472
0.171038
0.167074
0.163424
0.160130
0.158037
0.159060
0.158321
0.165038
0.164037
0.164036
0.166245
0.159558
0.160114
0.159397
0.159837
0.159171
0.160748
0.161485
0.143496
0.160158
0.160126
0.160277
0.165390
0.169037
0.169169
0.171040
0.171038
0.172355
0.173386
0.173818
0.172459
0.173038
0.178040
0.176039
0.178499
0.179150
0.181040
0.172038
0.166374
0.165315
0.164333
0.161916
0.162428
0.162458
0.163158
0.163038
0.163038
0.164161
0.163039
0.163682
0.163295
0.163304
0.163300
0.173590
0.166311
0.170173
0.177039
0.176129
0.179058
0.177388
0.177540
0.178542
0.176039
0.173398
0.170262
0.167212
0.161280
0.159394
0.158596
0.163037
0.161449
0.142615
0.162036
0.162320
0.161422
0.175210
0.177039
0.176075
0.177040
0.177016
0.178568
0.177533
0.182512
0.176993
0.164883
0.166037
0.165694
0.162139
0.161354
0.164037
0.164515
0.162984
0.163144
0.148406
0.157959
0.165037
0.168310
0.169405
0.168366
0.173038
0.172038
0.174153
0.176715
0.174087
0.176112
0.174040
0.177039
0.174042
0.176042
0.174052
0.181328
0.181041
0.171274
0.163501
0.142061
0.157472
0.163206
0.163102
0.162036
0.163036
0.163358
0.163133
0.163036
0.170038
0.172038
0.172329
0.173038
0.174963
0.173038
0.169524
0.168037
0.176039
0.175039
0.168441
0.165036
0.160985
0.160415
0.163035
0.161475
0.161036
0.162412
0.161407
0.160237
0.160367
0.160035
0.161211
0.160438
0.161035
0.160532
0.139031
0.162865
0.169038
0.171038
0.171312
0.173443
0.172336
0.176039
0.177501
0.177040
0.176248
0.176039
0.177040
0.169037
0.164037
0.159475
0.159036
0.163459
0.164038
0.147032
0.159125
0.158213
0.159035
0.161491
0.168037
0.169037
0.171038
0.171722
0.173038
0.173367
0.174475
0.174038
0.175410
0.174234
0.160036
0.165206
0.169078
0.165747
0.175039
0.180040
0.177042
0.168855
0.165079
0.162036
0.160036
0.160036
0.160036
0.159222
0.159266
0.160146
0.160035
0.160381
0.159369
0.160035
0.160293
0.159200
0.149989
0.179040
0.180040
0.175041
0.168047
0.164036
0.160248
0.160117
0.160035
0.163558
0.162464
0.163178
0.163036
0.163477
0.163037
0.158034
0.159193
0.163035
0.168239
0.165806
0.175039
0.179103
0.179504
0.182041
0.170299
0.167387
0.164526
0.161039
0.159222
0.158487
0.160217
0.160191
0.162349
0.163275
0.164337
0.163351
0.164371
0.165111
0.162036
0.170363
0.173207
0.173039
0.174154
0.175304
0.176039
0.178040
0.178332
0.177247
0.180416
0.181257
0.170535
0.164038
0.161035
0.159035
0.159216
0.164536
0.164783
0.135154
0.159205
0.159503
0.165473
0.169252
0.171376
0.173038
0.172459
0.171040
0.175059
0.175537
0.174126
0.177049
0.178153
0.178039
0.176561
0.076530
0.078017
0.076016
0.077018
0.079052
0.084024
0.094021
0.075426
0.077017
0.077013
0.077017
0.077017
0.077017
0.077017
0.077017
0.078018
0.076143
0.088022
0.091131
0.083019
0.080018
0.081018
0.077197
0.084018
0.073016
0.072412
0.073755
0.073934
0.090022
0.087013
0.094021
0.150033
0.164057
0.136030
0.123285
0.179040
0.177978
0.178040
0.181506
0.182042
0.181042
0.178268
0.178074
0.181360
0.183043
0.182043
0.178675
0.181041
0.153036
0.129095
0.154665
0.162287
0.165799
0.166471
0.166455
0.166651
0.165892
0.165443
0.166038
0.166426
0.166198
0.165037
0.167037
0.166341
0.157472
0.175453
0.174361
0.173040
0.172272
0.169112
0.180041
0.175038
0.139311
0.144821
0.164525
0.167336
0.168260
0.168039
0.168039
0.169381
0.168279
0.169038
0.167488
0.168617
0.168039
0.163036
0.193043
0.171038
0.172038
0.168036
0.167037
0.166529
0.166167
0.169373
0.175099
0.180039
0.176191
0.180039
0.177039
0.176199
0.181405
0.179191
0.180040
0.171477
0.178574
0.151189
0.136413
0.160035
0.164036
0.149076
0.169038
0.168230
0.169056
0.170038
0.171038
0.171037
0.172194
0.161298
0.175076
0.141032
0.153411
0.165036
0.169215
0.168150
0.165154
0.163036
0.164332
0.165503
0.165497
0.167037
0.168037
0.166037
0.166055
0.166801
0.166036
0.166036
0.168356
0.168037
0.167037
0.167037
0.145552
0.157035
0.167681
0.165037
0.166037
0.166036
0.167037
0.167053
0.160035
0.177710
0.177111
0.176039
0.144418
0.132229
0.165036
0.168018
0.166037
0.144836
0.170051
0.170038
0.168599
0.167038
0.167068
0.167037
0.166036
0.162270
0.179039
0.178039
0.130519
0.155034
0.163581
0.167895
0.167490
0.167037
0.167037
0.167099
0.166946
0.166659
0.167569
0.164038
0.153034
0.166251
0.167037
0.167255
0.169038
0.169038
0.170517
0.168429
0.169165
0.168037
0.170039
0.168093
0.169308
0.170192
0.170038
0.171038
0.170070
0.171038
0.170038
0.170038
0.171038
0.169088
0.178363
0.180040
0.179427
0.178039
0.173039
0.175541
0.175508
0.173039
0.173038
0.172039
0.174038
0.172038
0.175039
0.178107
0.176267
0.176039
0.175039
0.171038
0.170509
0.167415
0.181313
0.152356
0.129414
0.147332
0.161286
0.165037
0.165036
0.167038
0.168037
0.143031
0.159037
0.179040
0.177039
0.143044
0.148043
0.160035
0.167369
0.167495
0.168140
0.166036
0.167316
0.167037
0.166934
0.166826
0.183040
0.180039
0.180284
0.179059
0.179039
0.177040
0.180039
0.184529
0.181542
0.180040
0.179039
0.172037
0.172038
0.170226
0.173038
0.170038
0.168212
0.168037
0.144032
0.151181
0.168039
0.167056
0.166037
0.167037
0.166036
0.166294
0.166037
0.166107
0.166637
0.168037
0.166037
0.166037
0.166091
0.167039
0.166322
0.166583
0.165244
0.165521
0.167037
0.167037
0.167059
0.167043
0.166036
0.166374
0.166069
0.167037
0.167103
0.167037
0.166135
0.168037
0.129863
0.169038
0.171037
0.168517
0.169052
0.169422
0.170038
0.171082
0.169897
0.163044
0.178360
0.176075
0.177532
0.175039
0.176010
0.174982
0.175492
0.166414
0.166038
0.167037
0.166200
0.166078
0.167600
0.166316
0.166451
0.168308
0.165962
0.167443
0.166416
0.166624
0.167235
0.167037
0.168037
0.168037
0.169037
0.169038
0.168037
0.168036
0.169037
0.163037
0.179040
0.174105
0.151033
0.164036
0.166037
0.166036
0.166036
0.165036
0.165313
0.165036
0.168037
0.168037
0.167037
0.167210
0.166840
0.167984
0.165537
0.129349
0.154034
0.164037
0.166270
0.167037
0.166205
0.166056
0.166037
0.153119
0.169748
0.169483
0.170134
0.170038
0.169415
0.169405
0.170056
0.169037
0.169036
0.168494
0.166038
0.166146
0.166543
0.165353
0.165109
0.165036
0.165036
0.165036
0.165036
0.167037
0.166037
0.165036
0.167037
0.167037
0.167744
0.167038
0.169038
0.169038
0.168131
0.169489
0.165039
0.177038
0.177475
0.172059
0.170224
0.169536
0.171379
0.171038
0.168462
0.168038
0.166037
0.165036
0.166037
0.165037
0.165035
0.165194
0.166037
0.165036
0.165056
0.167037
0.165037
0.166510
0.164051
0.166037
0.167037
0.167037
0.157880
0.164441
0.166037
0.166037
0.166037
0.166037
0.166113
0.165252
0.136030
0.156034
0.162036
0.166036
0.166240
0.159343
0.177039
0.183041
0.179040
0.157035
0.134029
0.156035
0.162036
0.166037
0.166036
0.166036
0.166037
0.165037
0.166036
0.165036
0.166037
0.166037
0.165756
0.166036
0.166365
0.157035
0.178096
0.150033
0.124887
0.145032
0.168037
0.184041
0.162036
0.143032
0.155124
0.163081
0.165037
0.167037
0.167037
0.167037
0.165226
0.166054
0.166037
0.167056
0.167037
0.150033
0.173185
0.173038
0.170491
0.171037
0.170038
0.170090
0.170038
0.168038
0.166072
0.167037
0.167037
0.167037
0.167037
0.167053
0.167037
0.168037
0.166354
0.167288
0.166208
0.167095
0.167037
0.163036
0.174039
0.176262
0.174038
0.177600
0.179039
0.184060
0.178040
0.178040
0.175240
0.173040
0.172251
0.170112
0.175039
0.162036
0.163036
0.166423
0.167037
0.167037
0.167305
0.166200
0.167054
0.167196
0.167037
0.167037
0.167037
0.167073
0.167037
0.167037
0.168168
0.168037
0.167037
0.168037
0.168037
0.168037
0.168057
0.168038
0.168037
0.167253
0.166034
0.166388
0.167037
0.166782
0.167037
0.166600
0.167268
0.168072
0.167037
0.143518
0.164353
0.179200
0.179292
0.151033
0.146444
0.157385
0.165037
0.166536
0.167614
0.167103
0.168037
0.162035
0.155035
0.164111
0.166573
0.167037
0.167494
0.144032
0.175039
0.174038
0.174785
0.174275
0.169082
0.170536
0.170038
0.174056
0.167037
0.179040
0.178039
0.146468
0.134029
0.162333
0.166037
0.165185
0.168406
0.166497
0.168418
0.165151
0.167037
0.167037
0.166299
0.166501
0.165946
0.166037
0.167038
0.166036
0.166036
0.167036
0.167037
0.167058
0.165037
0.167037
0.166096
0.152295
0.176105
0.176559
0.170038
0.170038
0.172970
0.175038
0.172424
0.173038
0.168990
0.168037
0.169122
0.167037
0.167036
0.167037
0.167036
0.168037
0.167228
0.167037
0.168534
0.167344
0.167037
0.167037
0.163259
0.174038
0.195098
0.181041
0.157035
0.167037
0.166037
0.130029
0.152034
0.161035
0.165037
0.165036
0.165037
0.166093
0.165036
0.165036
0.164036
0.167408
0.171870
0.171369
0.167100
0.168882
0.169037
0.168037
0.170038
0.169208
0.170239
0.166492
0.178040
0.177276
0.149033
0.134269
0.156620
0.164036
0.165036
0.166037
0.168037
0.168037
0.167037
0.167423
0.168127
0.146210
0.173121
0.170038
0.170766
0.169175
0.170224
0.170038
0.170038
0.164210
0.181041
0.158384
0.164037
0.167037
0.166037
0.174039
0.171037
0.169038
0.173038
0.172038
0.171518
0.167037
0.139630
0.112622
0.176039
0.143788
0.122026
0.165036
0.165036
0.164320
0.164078
0.164036
0.164036
0.154204
0.171039
0.174219
0.174039
0.172332
0.172038
0.170309
0.170038
0.171055
0.168964
0.174316
0.176038
0.176039
0.176039
0.167037
0.171038
0.169037
0.176039
0.183041
0.180022
0.183439
0.159493
0.141845
0.153666
0.169225
0.167430
0.166126
0.170445
0.170038
0.168412
0.167037
0.164327
0.164436
0.141031
0.150033
0.160036
0.165036
0.165095
0.164060
0.165038
0.165036
0.165086
0.165036
0.165037
0.165270
0.164074
0.166036
0.169827
0.170238
0.169737
0.166655
0.165210
0.165060
0.166088
0.166270
0.162103
0.180039
0.178040
0.176039
0.144032
0.123027
0.152033
0.164036
0.164516
0.165058
0.165036
0.164217
0.163171
0.176039
0.176039
0.177513
0.176847
0.172057
0.170038
0.170012
0.169292
0.165037
0.175189
0.181193
0.175567
0.174038
0.139726
0.160036
0.170011
0.169716
0.170386
0.168628
0.168379
0.169474
0.161037
0.167474
0.166037
0.165037
0.164877
0.166036
0.166036
0.166037
0.165037
0.168083
0.172038
0.167129
0.147099
0.164184
0.167035
0.167036
0.169037
0.168037
0.170038
0.170073
0.171038
0.170184
0.171038
0.166358
0.168619
0.168039
0.170038
0.169602
0.169037
0.170037
0.168406
0.170038
0.170229
0.165037
0.174039
0.177474
0.148033
0.134030
0.155034
0.163035
0.168037
0.166037
0.167037
0.166310
0.166036
0.167037
0.168056
0.169038
0.166037
0.167361
0.168226
0.163108
0.172091
0.180040
0.175398
0.169439
0.137030
0.152057
0.168084
0.169073
0.166036
0.166037
0.166037
0.166037
0.167037
0.167037
0.168037
0.167606
0.167037
0.168037
0.167125
0.167037
0.168037
0.148032
0.164037
0.166252
0.167037
0.166037
0.166760
0.167841
0.167037
0.167048
0.167037
0.165036
0.167425
0.166037
0.167037
0.166773
0.168037
0.168037
0.168037
0.168037
0.168084
0.168037
0.165779
0.167036
0.168036
0.166452
0.167037
0.166037
0.168037
0.147033
0.175039
0.175039
0.169309
0.172038
0.173098
0.172827
0.173365
0.173662
0.173039
0.171484
0.171038
0.170055
0.171513
0.171038
0.170130
0.170038
0.171038
0.170330
0.169038
0.172038
0.169037
0.168773
0.168544
0.172222
0.172038
0.171038
0.169038
0.167037
0.169037
0.172328
0.173038
0.167036
0.163036
0.172223
0.177041
0.177277
0.124671
0.152545
0.161036
0.165036
0.166052
0.164490
0.164036
0.166037
0.165037
0.165036
0.165036
0.166038
0.165037
0.165408
0.165036
0.166037
0.166037
0.166036
0.166063
0.141031
0.172038
0.175039
0.173379
0.176038
0.173038
0.175039
0.175038
0.173038
0.167217
0.165037
0.127331
0.147087
0.160035
0.164055
0.165375
0.166036
0.163036
0.164036
0.165037
0.165036
0.164528
0.166036
0.158472
0.177039
0.181148
0.180040
0.179056
0.176039
0.179132
0.179040
0.175117
0.176039
0.174304
0.173038
0.172038
0.172038
0.172078
0.172038
0.172038
0.172038
0.170037
0.168037
0.169481
0.168037
0.166036
0.164647
0.162036
0.182041
0.176038
0.176039
0.177039
0.171869
0.171048
0.172053
0.173038
0.171038
0.171038
0.170038
0.170038
0.169766
0.170038
0.169338
0.169037
0.170037
0.169038
0.167037
0.167037
0.167252
0.168037
0.168037
0.168036
0.167036
0.163036
0.178393
0.194676
0.175081
0.173266
0.172038
0.169056
0.166036
0.167037
0.165387
0.165036
0.165037
0.165037
0.165036
0.165037
0.166037
0.165037
0.164036
0.164662
0.164036
0.166037
0.164036
0.165096
0.167054
0.168038
0.141031
0.153034
0.162430
0.166036
0.165036
0.166036
0.164036
0.143272
0.171719
0.166795
0.174038
0.176416
0.172039
0.172038
0.172039
0.172038
0.176038
0.144031
0.154034
0.162036
0.166237
0.166071
0.165037
0.165036
0.167037
0.167182
0.165036
0.165037
0.166278
0.166037
0.166218
0.131857
0.167878
0.168037
0.167037
0.169166
0.168397
0.165056
0.181039
0.178039
0.181270
0.180252
0.175039
0.177284
0.102053
0.163036
0.164164
0.175038
0.172038
0.168223
0.153034
0.168127
0.168037
0.168037
0.169038
0.168037
0.167037
0.169037
0.167037
0.169755
0.169037
0.168274
0.169037
0.169037
0.169037
0.169037
0.169037
0.169264
0.170038
0.168195
0.169037
0.169038
0.169472
0.169037
0.169037
0.168497
0.168037
0.168037
0.170038
0.169037
0.169038
0.167037
0.168037
0.169037
0.163508
0.175038
0.179042
0.150033
0.129028
0.163115
0.165244
0.165555
0.166037
0.165036
0.164037
0.166037
0.166037
0.164702
0.166037
0.165036
0.165118
0.166037
0.166038
0.165036
0.165036
0.167037
0.166036
0.143032
0.154143
0.177041
0.176039
0.176038
0.145032
0.144032
0.149033
0.155034
0.177039
0.149056
0.162052
0.168038
0.167037
0.166036
0.168037
0.142312
0.167092
0.166036
0.166037
0.166296
0.165036
0.166036
0.168095
0.166036
0.165036
0.166036
0.166036
0.166037
0.167037
0.166745
0.166036
0.167037
0.166037
0.167037
0.167037
0.166419
0.167037
0.167036
0.168037
0.168037
0.167089
0.165378
0.167339
0.167037
0.137029
0.163036
0.148034
0.176039
0.174039
0.172151
0.169037
0.166211
0.167056
0.167037
0.167037
0.131029
0.168037
0.166562
0.167037
0.167037
0.167037
0.167148
0.167099
0.169037
0.166036
0.159685
0.180063
0.144106
0.159035
0.163036
0.167136
0.169530
0.168508
0.168080
0.168036
0.168037
0.148032
0.166476
0.168037
0.167931
0.169038
0.153034
0.170669
0.169555
0.170038
0.168037
0.168037
0.169037
0.167037
0.168037
0.170055
0.170038
0.169057
0.169038
0.170037
0.169038
0.170232
0.169037
0.169038
0.167036
0.163674
0.166037
0.165201
0.165036
0.166561
0.165037
0.165109
0.166037
0.166037
0.166037
0.166037
0.166054
0.166350
0.164233
0.167037
0.165037
0.168037
0.167218
0.165037
0.166037
0.165189
0.166036
0.165532
0.165037
0.166037
0.167036
0.168037
0.167037
0.168037
0.170038
0.167688
0.168242
0.169038
0.167633
0.169037
0.170192
0.169088
0.168073
0.171152
0.170038
0.171251
0.173038
0.169183
0.166037
0.177039
0.181040
0.179040
0.176039
0.176040
0.182040
0.177228
0.182040
0.181041
0.180040
0.177040
0.176039
0.179209
0.173038
0.173055
0.172056
0.169038
0.170038
0.168037
0.168037
0.167947
0.168037
0.167646
0.168037
0.168110
0.168037
0.167037
0.167268
0.167037
0.168038
0.168037
0.169037
0.167037
0.168102
0.168038
0.168037
0.169037
0.167037
0.167492
0.167037
0.166884
0.167037
0.169037
0.169037
0.167037
0.167037
0.167037
0.166037
0.168037
0.168038
0.167110
0.168037
0.167036
0.168037
0.168037
0.169038
0.168037
0.169193
0.170038
0.166037
0.167771
0.169037
0.167037
0.167037
0.169037
0.168037
0.168501
0.168037
0.167037
0.168037
0.168037
0.169192
0.169037
0.167037
0.167408
0.168037
0.169038
0.167178
0.168037
0.168037
0.167036
0.167036
0.167037
0.168037
0.169037
0.168037
0.168037
0.168250
0.167120
0.147317
0.167037
0.168036
0.167037
0.167037
0.169038
0.167037
0.168037
0.168037
0.167037
0.168037
0.168037
0.168037
0.168037
0.167056
0.168037
0.167037
0.167833
0.167036
0.168092
0.168036
0.168037
0.170038
0.169037
0.171038
0.167198
0.166036
0.168058
0.171056
0.169037
0.170038
0.166645
0.177039
0.175039
0.174039
0.174038
0.174428
0.174039
0.172038
0.172058
0.170038
0.171038
0.169037
0.170038
0.171013
0.169419
0.171252
0.171037
0.170038
0.170197
0.167255
0.167112
0.167037
0.167037
0.171096
0.170497
0.170038
0.170375
0.170554
0.172107
0.172038
0.172037
0.168037
0.168105
0.166058
0.165037
0.163035
0.164611
0.165037
0.164036
0.167038
0.169037
0.149061
0.170038
0.169037
0.169037
0.168037
0.157035
0.165036
0.166037
0.166037
0.169038
0.171037
0.171037
0.172095
0.168487
0.167037
0.168037
0.166038
0.144032
0.176039
0.173167
0.180060
0.178040
0.178040
0.177040
0.176039
0.176038
0.172038
0.172038
0.174038
0.165106
0.166037
0.164036
0.165074
0.165055
0.165036
0.164225
0.165246
0.166036
0.165037
0.166036
0.166036
0.167112
0.167037
0.167037
0.169037
0.169037
0.169038
0.169038
0.168560
0.167037
0.169038
0.168097
0.169037
0.171039
0.169038
0.168036
0.169038
0.170038
0.169201
0.169037
0.169037
0.169037
0.169037
0.170038
0.168036
0.169038
0.170037
0.169683
0.168037
0.169037
0.169038
0.170037
0.169037
0.170313
0.169038
0.170115
0.170038
0.168037
0.168290
0.170038
0.171038
0.169037
0.170038
0.171038
0.170226
0.169038
0.170038
0.170038
0.169037
0.168512
0.169465
0.169038
0.169037
0.168037
0.170038
0.169202
0.171038
0.169038
0.168037
0.170038
0.169037
0.162130
0.183098
0.180040
0.175039
0.174039
0.179132
0.175553
0.173371
0.174039
0.172038
0.168039
0.168037
0.167037
0.166092
0.166036
0.166036
0.166037
0.165292
0.165036
0.165037
0.166052
0.164036
0.164111
0.164624
0.165036
0.169037
0.170037
0.169037
0.169037
0.168037
0.170055
0.171038
0.166036
0.165036
0.166037
0.165036
0.165138
0.166036
0.166092
0.165036
0.165036
0.165036
0.165036
0.165036
0.165536
0.166037
0.167037
0.166649
0.166703
0.166825
0.166469
0.167038
0.166844
0.166280
0.169247
0.167318
0.166209
0.167542
0.165036
0.166272
0.167037
0.167037
0.165099
0.167037
0.167037
0.166037
0.166652
0.167037
0.168037
0.167337
0.166037
0.166036
0.167037
0.166037
0.166036
0.167037
0.166036
0.168037
0.167143
0.167037
0.166774
0.165036
0.166037
0.167037
0.167037
0.166036
0.167580
0.166728
0.166037
0.165537
0.167037
0.166037
0.166037
0.167037
0.168083
0.167635
0.166307
0.167037
0.168037
0.159539
0.166276
0.166037
0.167037
0.167037
0.167037
0.167076
0.167037
0.166516
0.167040
0.167177
0.167189
0.167038
0.168395
0.168689
0.167045
0.169146
0.168268
0.169710
0.168039
0.167139
0.168037
0.168110
0.169366
0.167038
0.167037
0.167037
0.165038
0.167580
0.166098
0.138183
0.177040
0.175040
0.176039
0.175039
0.174038
0.172107
0.173038
0.172039
0.170038
0.170038
0.168037
0.170038
0.168247
0.169038
0.170038
0.169038
0.169037
0.169037
0.166036
0.167037
0.167037
0.167422
0.167037
0.166037
0.166036
0.167037
0.167037
0.167037
0.167352
0.165394
0.168037
0.167037
0.169038
0.169038
0.169038
0.169037
0.169037
0.170081
0.168037
0.168036
0.169037
0.169037
0.168395
0.168424
0.166095
0.164276
0.177039
0.175479
0.176368
0.174038
0.174516
0.172038
0.174038
0.176123
0.173038
0.173038
0.171439
0.170038
0.169251
0.170037
0.169038
0.170037
0.168037
0.169230
0.169038
0.168139
0.169037
0.169320
0.168037
0.168073
0.169037
0.169037
0.168071
0.169491
0.168037
0.169038
0.168037
0.168037
0.169038
0.168037
0.168037
0.169062
0.169037
0.168037
0.168037
0.170107
0.170038
0.169037
0.170183
0.166036
0.167037
0.166037
0.166037
0.165036
0.166442
0.166492
0.166036
0.167155
0.165480
0.165036
0.167037
0.165608
0.166037
0.165036
0.166036
0.164398
0.165471
0.166708
0.165313
0.165129
0.166069
0.167039
0.165036
0.166135
0.166037
0.167037
0.168037
0.168108
0.168037
0.170038
0.170038
0.168039
0.170038
0.168036
0.169037
0.168676
0.170038
0.169821
0.168426
0.169448
0.169037
0.169038
0.169037
0.169097
0.169038
0.169037
0.169038
0.168179
0.171038
0.170367
0.169112
0.168844
0.169037
0.168432
0.168202
0.168037
0.169966
0.168036
0.170038
0.170038
0.168767
0.170037
0.169037
0.170037
0.170056
0.169037
0.170038
0.168044
0.168037
0.169038
0.166471
0.173038
0.173039
0.175038
0.177350
0.176097
0.174038
0.173349
0.168037
0.169038
0.169037
0.171038
0.170438
0.170627
0.171038
0.170037
0.171271
0.170048
0.172326
0.169038
0.166036
0.166337
0.167408
0.169039
0.171624
0.169039
0.166037
0.167708
0.167951
0.167314
0.168338
0.166038
0.168037
0.167037
0.168037
0.171037
0.170097
0.170037
0.170998
0.170038
0.171038
0.170037
0.169037
0.170362
0.169780
0.170556
0.170038
0.170037
0.171037
0.171182
0.168037
0.169037
0.168796
0.168037
0.169037
0.167037
0.167037
0.167037
0.168128
0.168037
0.167402
0.168037
0.168052
0.167037
0.167037
0.168085
0.169265
0.168451
0.167141
0.167115
0.167037
0.168305
0.168037
0.164036
0.164036
0.163366
0.163036
0.168037
0.169038
0.169037
0.169052
0.169146
0.168897
0.166663
0.166375
0.165541
0.166325
0.166038
0.167037
0.168037
0.166232
0.167037
0.168066
0.170828
0.170038
0.170141
0.167263
0.166037
0.168037
0.168037
0.166036
0.168242
0.167037
0.169037
0.166036
0.167037
0.172332
0.173445
0.167644
0.167945
0.169786
0.167690
0.166434
0.167263
0.163305
0.166261
0.163435
0.165036
0.165378
0.165247
0.167036
0.166233
0.167037
0.167621
0.169037
0.169472
0.169209
0.170162
0.169821
0.169037
0.169037
0.169037
0.168037
0.169037
0.168037
0.167407
0.167037
0.167037
0.168068
0.167037
0.169038
0.155403
0.167094
0.168038
0.167037
0.168243
0.173061
0.171038
0.169038
0.168037
0.167418
0.169037
0.168378
0.167039
0.167106
0.167037
0.166036
0.167037
0.167037
0.166037
0.166037
0.167037
0.166463
0.166208
0.167037
0.169037
0.166515
0.167037
0.167037
0.168037
0.167036
0.168037
0.167037
0.167037
0.168068
0.168037
0.168049
0.168037
0.168038
0.162982
0.167533
0.166342
0.167104
0.167285
0.168472
0.167458
0.167039
0.168118
0.168038
0.169038
0.166160
0.166037
0.168533
0.167376
0.167037
0.168037
0.168037
0.168037
0.168037
0.166036
0.166315
0.168037
0.166068
0.167037
0.167201
0.166676
0.167037
0.168535
0.168684
0.165164
0.167037
0.167131
0.166036
0.167096
0.167825
0.168036
0.167037
0.167280
0.164923
0.167038
0.167103
0.167037
0.167037
0.167073
0.166036
0.166036
0.167037
0.167037
0.167037
0.165542
0.166325
0.166348
0.167037
0.167115
0.167037
0.167479
0.167211
0.168037
0.166089
0.168037
0.168253
0.166245
0.168056
0.167037
0.167037
0.167114
0.168312
0.165036
0.167107
0.166037
0.168037
0.166037
0.169038
0.167036
0.167037
0.167037
0.167037
0.167037
0.166229
0.169334
0.168368
0.170765
0.169064
0.170301
0.171112
0.169256
0.168412
0.169037
0.169214
0.169038
0.172039
0.170038
0.170303
0.171202
0.170466
0.170056
0.170038
0.169037
0.170038
0.172038
0.171146
0.168037
0.166037
0.167307
0.168037
0.171343
0.171458
0.171141
0.169737
0.170038
0.169037
0.171120
0.171151
0.167037
0.167037
0.168037
0.166779
0.168037
0.169038
0.167118
0.169408
0.167229
0.179418
0.181658
0.177546
0.177369
0.178040
0.174038
0.174038
0.172039
0.172489
0.175038
0.173492
0.170038
0.172038
0.173039
0.173054
0.174329
0.173403
0.170361
0.168523
0.169277
0.173434
0.172038
0.172038
0.168037
0.168449
0.168058
0.169413
0.172038
0.166193
0.187420
0.172038
0.172182
0.174494
0.174203
0.174491
0.173134
0.174479
0.171184
0.169038
0.171038
0.173111
0.172085
0.173150
0.169037
0.169037
0.167037
0.168037
0.169037
0.168689
0.168263
0.168037
0.166273
0.167345
0.168314
0.168587
0.167037
0.169735
0.172295
0.171037
0.168303
0.175040
0.173557
0.174821
0.175078
0.171043
0.169099
0.171165
0.170050
0.165036
0.166231
0.167358
0.168141
0.167078
0.169038
0.170038
0.168036
0.169037
0.168037
0.169038
0.167491
0.168037
0.170037
0.171038
0.177727
0.168037
0.168037
0.165837
0.167036
0.167120
0.168038
0.169002
0.165762
0.167475
0.171038
0.169248
0.168121
0.176193
0.175039
0.169037
0.168140
0.167581
0.164296
0.162900
0.169039
0.169104
0.149377
0.076756
0.077592
0.076850
0.074616
0.076017
0.079781
0.078971
0.078017
0.078019
0.077019
0.078532
0.077017
0.077018
0.076016
0.077018
0.077675
0.077895
0.081019
0.076057
0.076165
0.075309
