0.006001
0.175039
0.156032
0.125114
0.159506
0.157035
0.176039
0.145032
0.156035
0.157034
0.158034
0.159035
0.137883
0.156034
0.160035
0.158035
0.174135
0.173038
0.158203
0.129028
0.157034
0.157035
0.160036
0.157035
0.138072
0.158035
0.158273
0.157511
0.138542
0.158034
0.157281
0.157035
0.158034
0.158202
0.157035
0.159065
0.147032
0.157067
0.159312
0.158035
0.159146
0.135030
0.157035
0.158034
0.158023
0.158035
0.155034
0.159035
0.164050
0.160035
0.160035
0.161719
0.160036
0.141412
0.146088
0.159035
0.157034
0.157034
0.157034
0.160044
0.160294
0.159036
0.160237
0.160036
0.140171
0.156035
0.158463
0.158034
0.151436
0.157035
0.156035
0.158342
0.172039
0.154381
0.161310
0.142715
0.157035
0.158035
0.156511
0.157034
0.160035
0.160036
0.159035
0.165037
0.166037
0.164037
0.163036
0.143122
0.155034
0.159145
0.145284
0.158035
0.137431
0.155035
0.158035
0.157035
0.156034
0.159554
0.157046
0.159035
0.139049
0.159035
0.161036
0.159035
0.160035
0.160035
0.161036
0.160035
0.151032
0.160079
0.157034
0.160035
0.161036
0.142672
0.158035
0.101240
0.159035
0.160036
0.148054
0.162036
0.156275
0.164036
0.161530
0.162035
0.162035
0.162035
0.158035
0.143438
0.159780
0.158035
0.159532
0.160034
0.160034
0.141005
0.157363
0.158035
0.158283
0.139051
0.158036
0.158036
0.136705
0.158224
0.117488
0.159292
0.142032
0.146706
0.159221
0.153822
0.166037
0.157390
0.159166
0.159046
0.157252
0.160035
0.158035
0.157034
0.158035
0.159454
0.157035
0.141521
0.157035
0.158072
0.146227
0.158372
0.156417
0.158035
0.158151
0.159035
0.142515
0.156034
0.157035
0.155034
0.156035
0.157055
0.156035
0.156034
0.155035
0.155035
0.156313
0.155034
0.145358
0.157034
0.157172
0.154034
0.137198
0.120027
0.154034
0.156034
0.154001
0.168038
0.164142
0.162035
0.157953
0.170038
0.160944
0.172039
0.167037
0.160251
0.155034
0.171038
0.168535
0.167037
0.156035
0.157035
0.156034
0.157036
0.141064
0.160036
0.157035
0.160035
0.161500
0.173038
0.166037
0.162242
0.160257
0.158381
0.151102
0.165037
0.160079
0.159446
0.157024
0.154282
0.167356
0.164037
0.155035
0.175140
0.180041
0.179041
0.175039
0.181041
0.180040
0.181038
0.170038
0.168126
0.147969
0.177039
0.176157
0.176039
0.172039
0.171039
0.164037
0.160233
0.180040
0.180040
0.178138
0.175414
0.180044
0.177102
0.179041
0.179040
0.180040
0.179039
0.167037
0.166038
0.163226
0.141111
0.157035
0.161035
0.140871
0.161035
0.160522
0.159035
0.159035
0.156034
0.157035
0.137925
0.157034
0.157035
0.158035
0.158249
0.144894
0.159035
0.137909
0.136030
0.158186
0.159035
0.157035
0.138205
0.158034
0.159326
0.165597
0.159035
0.159035
0.148672
0.166037
0.160357
0.171252
0.169037
0.150033
0.161743
0.173038
0.168037
0.165036
0.165037
0.164036
0.158035
0.160036
0.159035
0.158035
0.160035
0.141460
0.162036
0.162035
0.163037
0.159035
0.160035
0.143031
0.160035
0.160035
0.163035
0.159035
0.159035
0.160035
0.160164
0.156033
0.154034
0.158035
0.141025
0.161036
0.160036
0.161036
0.160035
0.138290
0.160036
0.149033
0.161035
0.160506
0.161051
0.162036
0.159080
0.158035
0.140248
0.160035
0.153340
0.158036
0.135031
0.173764
0.178040
0.178156
0.178040
0.171331
0.177039
0.161002
0.165554
0.177040
0.171038
0.168282
0.179040
0.184041
0.180500
0.180040
0.180572
0.180040
0.179040
0.180041
0.175039
0.180041
0.184041
0.182041
0.184042
0.179040
0.176039
0.176039
0.179222
0.179040
0.180040
0.177039
0.175038
0.179040
0.181040
0.182040
0.181041
0.183042
0.182042
0.178040
0.159567
0.161036
0.160036
0.163035
0.158035
0.162429
0.162036
0.162047
0.162036
0.168037
0.166037
0.141090
0.157266
0.157720
0.157034
0.158035
0.139169
0.158035
0.157034
0.156483
0.158318
0.138736
0.136030
0.158035
0.158125
0.159035
0.157079
0.159036
0.156034
0.158035
0.158519
0.159691
0.159035
0.159027
0.159035
0.158214
0.158770
0.161036
0.161035
0.159341
0.145032
0.140331
0.159057
0.160035
0.159256
0.160035
0.162036
0.161036
0.159379
0.160733
0.168037
0.166094
0.163551
0.162036
0.160035
0.157476
0.170038
0.159061
0.158510
0.174038
0.170520
0.168038
0.165036
0.161370
0.161054
0.157183
0.171496
0.168092
0.159781
0.172038
0.169038
0.167037
0.165519
0.160035
0.160035
0.159036
0.139506
0.177040
0.173039
0.168323
0.167038
0.165278
0.164036
0.162423
0.159562
0.160244
0.161242
0.159799
0.159035
0.160035
0.160035
0.160181
0.160036
0.167037
0.165099
0.152033
0.160036
0.160036
0.159507
0.158087
0.160053
0.157035
0.160035
0.138948
0.157154
0.158036
0.160035
0.160035
0.158515
0.159400
0.159035
0.161036
0.143050
0.140030
0.159035
0.159228
0.156034
0.159035
0.160036
0.156347
0.172039
0.167275
0.163036
0.159448
0.170038
0.168111
0.161073
0.172038
0.164833
0.161035
0.160036
0.161036
0.165168
0.161036
0.163152
0.159036
0.161035
0.160522
0.157016
0.171038
0.166037
0.164035
0.162355
0.147736
0.162840
0.159035
0.160035
0.161036
0.161036
0.140921
0.159035
0.159036
0.160035
0.160044
0.159036
0.159035
0.138956
0.160035
0.159035
0.153101
0.167273
0.164533
0.161035
0.156901
0.172038
0.145797
0.164036
0.157291
0.174039
0.172038
0.168036
0.163502
0.171349
0.169334
0.163386
0.161035
0.159035
0.160036
0.160035
0.140107
0.159036
0.158036
0.160035
0.141763
0.159035
0.141031
0.160378
0.159035
0.139515
0.162036
0.160036
0.156059
0.172039
0.167075
0.167037
0.162126
0.172038
0.171038
0.166037
0.164208
0.160242
0.160096
0.160035
0.143031
0.165037
0.160861
0.161036
0.161042
0.160163
0.160429
0.161036
0.160035
0.160036
0.160036
0.157955
0.168037
0.166062
0.162117
0.161036
0.162286
0.159035
0.127827
0.160036
0.149055
0.166037
0.164037
0.163581
0.161036
0.161036
0.159163
0.161035
0.158293
0.171037
0.165448
0.164533
0.160035
0.160036
0.161035
0.159266
0.132029
0.162035
0.160035
0.160085
0.161036
0.160387
0.158035
0.161036
0.160035
0.160036
0.159527
0.160325
0.159036
0.159035
0.159276
0.159035
0.165172
0.145839
0.136030
0.159776
0.161147
0.143965
0.160637
0.160036
0.159036
0.160035
0.159036
0.161036
0.159035
0.160167
0.150311
0.160036
0.160036
0.160101
0.159035
0.159035
0.150610
0.156270
0.158035
0.160121
0.159275
0.159035
0.142946
0.161035
0.161500
0.158393
0.171038
0.168037
0.166178
0.163037
0.162036
0.159034
0.160093
0.158273
0.134749
0.161036
0.161035
0.161036
0.160034
0.161036
0.158341
0.171038
0.166037
0.161035
0.161036
0.160210
0.157036
0.159035
0.160260
0.158035
0.160592
0.160035
0.127029
0.160036
0.158036
0.163036
0.160035
0.162253
0.159035
0.162036
0.158786
0.170037
0.166037
0.165433
0.163576
0.162036
0.159797
0.159035
0.162036
0.140428
0.147032
0.157214
0.159035
0.160036
0.158035
0.158035
0.159467
0.160035
0.160200
0.160035
0.160101
0.159034
0.160521
0.160035
0.150486
0.167037
0.161036
0.139220
0.151034
0.171038
0.169093
0.166024
0.163036
0.161327
0.162437
0.161036
0.160036
0.159207
0.159471
0.159105
0.158035
0.159035
0.157034
0.146053
0.165306
0.141744
0.143032
0.160553
0.139378
0.159049
0.160041
0.147965
0.166165
0.163037
0.163037
0.160544
0.161036
0.159035
0.158284
0.171037
0.167036
0.162300
0.159036
0.159034
0.154080
0.164055
0.161366
0.162036
0.162036
0.161036
0.159224
0.171038
0.168038
0.164052
0.162036
0.161587
0.161036
0.159008
0.171037
0.164710
0.160977
0.157034
0.144032
0.142052
0.161036
0.161036
0.159712
0.164867
0.162423
0.162244
0.162036
0.160131
0.161036
0.160036
0.160035
0.160036
0.157099
0.160036
0.141052
0.159034
0.139031
0.160035
0.155930
0.159036
0.159155
0.158134
0.159035
0.159035
0.139263
0.163036
0.161036
0.156976
0.170038
0.166036
0.164243
0.163036
0.145701
0.161036
0.161036
0.166037
0.171035
0.170038
0.166037
0.160061
0.168039
0.178040
0.172038
0.171036
0.170126
0.165037
0.162136
0.162036
0.156526
0.161035
0.157553
0.157034
0.151034
0.159035
0.159036
0.158036
0.158526
0.159035
0.151298
0.171039
0.166037
0.167037
0.166038
0.161036
0.156853
0.172039
0.165037
0.165037
0.157035
0.158035
0.147033
0.161036
0.157366
0.171038
0.167533
0.165037
0.157035
0.143160
0.163037
0.162036
0.162036
0.161035
0.161838
0.161036
0.159358
0.170038
0.161036
0.161035
0.155219
0.149435
0.165036
0.162329
0.163037
0.159035
0.160035
0.160391
0.160035
0.161036
0.161036
0.162036
0.160460
0.161638
0.162035
0.161036
0.162036
0.159258
0.153535
0.139990
0.160479
0.160035
0.159101
0.160036
0.139272
0.160036
0.159035
0.159035
0.159035
0.159035
0.160294
0.161036
0.159068
0.172037
0.160036
0.160035
0.153195
0.160035
0.160128
0.159035
0.154482
0.169038
0.165036
0.164037
0.162036
0.161333
0.161108
0.160035
0.163085
0.161235
0.160293
0.166474
0.178040
0.182041
0.176098
0.175345
0.180044
0.181040
0.183042
0.184041
0.184041
0.180109
0.180040
0.181040
0.180041
0.176272
0.180041
0.180040
0.171220
0.170038
0.166037
0.152034
0.167197
0.168645
0.160035
0.161035
0.159598
0.158035
0.157035
0.172039
0.167305
0.164037
0.160070
0.173039
0.169054
0.164404
0.164037
0.160223
0.164037
0.160036
0.168037
0.162317
0.173037
0.168247
0.175038
0.172039
0.167128
0.173039
0.171169
0.172038
0.170250
0.167037
0.165036
0.161036
0.160036
0.160036
0.153724
0.167369
0.169038
0.166037
0.165037
0.162036
0.161036
0.161450
0.159442
0.171039
0.170038
0.159035
0.160036
0.159036
0.159271
0.148496
0.165037
0.161150
0.143540
0.157034
0.179040
0.182712
0.178039
0.181041
0.182041
0.178040
0.179039
0.164511
0.166036
0.142446
0.160035
0.141805
0.158310
0.159035
0.161036
0.159462
0.160035
0.160035
0.128028
0.161036
0.161036
0.159035
0.139490
0.161036
0.159292
0.159035
0.160035
0.160036
0.160035
0.160035
0.159035
0.161112
0.158034
0.160036
0.160055
0.161036
0.150033
0.153345
0.159531
0.162078
0.163036
0.162036
0.163036
0.148541
0.167037
0.166038
0.162289
0.173039
0.172038
0.167037
0.162380
0.162036
0.158281
0.158035
0.139330
0.163036
0.161036
0.161035
0.162036
0.161036
0.141348
0.162036
0.162360
0.162036
0.163037
0.159256
0.160035
0.142790
0.162036
0.161722
0.161036
0.144536
0.160631
0.172039
0.171039
0.169150
0.165036
0.164035
0.159986
0.171037
0.170038
0.165035
0.163037
0.160035
0.161036
0.142008
0.163037
0.162036
0.162036
0.160035
0.137329
0.175039
0.172038
0.168037
0.161436
0.171038
0.170353
0.168304
0.167037
0.166036
0.156787
0.170037
0.167037
0.166037
0.163089
0.163036
0.162088
0.160053
0.129297
0.178039
0.177138
0.175229
0.172089
0.182041
0.183041
0.181040
0.182040
0.182041
0.178039
0.162063
0.164704
0.164036
0.161036
0.160882
0.162036
0.159319
0.160035
0.143575
0.159610
0.159146
0.160036
0.160035
0.159191
0.160036
0.159855
0.160034
0.160036
0.158035
0.164111
0.162036
0.163036
0.161036
0.166036
0.163036
0.163761
0.155034
0.160035
0.160036
0.141153
0.160036
0.161443
0.161439
0.161190
0.160298
0.161036
0.161036
0.160034
0.159036
0.161036
0.161035
0.161294
0.160035
0.160036
0.118988
0.161036
0.159035
0.160036
0.161035
0.138210
0.161035
0.162184
0.159552
0.160221
0.159035
0.161036
0.159035
0.160036
0.160035
0.162036
0.141167
0.161035
0.119334
0.162036
0.161089
0.164037
0.162149
0.161036
0.159888
0.170038
0.166037
0.163036
0.159925
0.172038
0.169038
0.164037
0.161036
0.161036
0.161036
0.157035
0.132030
0.156034
0.158035
0.162035
0.163036
0.164037
0.163037
0.163036
0.162549
0.162036
0.161036
0.156591
0.159035
0.159035
0.157399
0.140029
0.159523
0.140174
0.162036
0.166600
0.161084
0.162035
0.160036
0.156502
0.171038
0.166037
0.163037
0.162085
0.159035
0.160036
0.158035
0.157419
0.157035
0.160035
0.140025
0.157035
0.152034
0.137057
0.158523
0.158035
0.160012
0.158035
0.158035
0.158579
0.160087
0.160353
0.160430
0.158926
0.159035
0.162037
0.159199
0.150088
0.167037
0.167036
0.164369
0.172202
0.165588
0.175039
0.169038
0.168037
0.166037
0.166061
0.164180
0.161000
0.170038
0.169038
0.169038
0.171038
0.167264
0.158035
0.158569
0.159165
0.149033
0.165680
0.162315
0.162547
0.164037
0.163036
0.161535
0.159036
0.143437
0.165037
0.162036
0.159035
0.143752
0.163036
0.161862
0.160035
0.161036
0.160075
0.144659
0.158035
0.150090
0.168538
0.168038
0.161035
0.160091
0.159035
0.160102
0.160035
0.158035
0.159036
0.161123
0.160036
0.149335
0.160216
0.159035
0.159035
0.151905
0.165303
0.176039
0.174039
0.172038
0.169241
0.166037
0.163693
0.165037
0.166037
0.166733
0.167037
0.154034
0.156035
0.157381
0.163035
0.161036
0.161529
0.142261
0.165286
0.159036
0.161036
0.160077
0.158491
0.171037
0.166506
0.174039
0.174038
0.170037
0.168175
0.165036
0.164534
0.164036
0.157035
0.149682
0.164037
0.162037
0.166037
0.165037
0.163037
0.159072
0.171038
0.172575
0.171039
0.168037
0.164279
0.170038
0.168369
0.167037
0.164261
0.160038
0.165036
0.164037
0.161507
0.159036
0.160036
0.159084
0.159209
0.157035
0.157034
0.157940
0.159036
0.158099
0.159036
0.158036
0.159035
0.156035
0.156034
0.157467
0.158036
0.158200
0.155703
0.131199
0.157263
0.157034
0.157035
0.157035
0.157034
0.165108
0.163309
0.141507
0.162036
0.160054
0.161036
0.160036
0.159440
0.160035
0.164036
0.160035
0.159035
0.127066
0.159036
0.135206
0.156034
0.135050
0.155497
0.158113
0.157035
0.156085
0.157035
0.157036
0.156299
0.155405
0.172039
0.164055
0.167077
0.160036
0.135030
0.159035
0.137693
0.159035
0.161036
0.158035
0.156470
0.158035
0.159090
0.158035
0.138659
0.163036
0.161036
0.138793
0.157408
0.159035
0.146903
0.158035
0.133029
0.160036
0.177039
0.179040
0.179040
0.180038
0.158036
0.161036
0.167037
0.163036
0.162036
0.162036
0.141051
0.161036
0.161036
0.163037
0.177039
0.173039
0.162235
0.161036
0.163036
0.144435
0.162035
0.162036
0.161557
0.161036
0.162036
0.152460
0.161036
0.155499
0.157036
0.159035
0.160047
0.139862
0.114026
0.159036
0.158209
0.169037
0.165125
0.162197
0.161036
0.159035
0.160291
0.161035
0.158035
0.159036
0.157033
0.158621
0.158035
0.159035
0.159098
0.158035
0.161036
0.161338
0.139004
0.158035
0.158035
0.157740
0.158233
0.159763
0.159035
0.158035
0.158036
0.158035
0.159035
0.159035
0.157510
0.160035
0.159035
0.138335
0.141030
0.160036
0.143058
0.158036
0.180041
0.182571
0.182041
0.182253
0.183041
0.177040
0.176039
0.176039
0.176039
0.181572
0.183039
0.179055
0.179040
0.179040
0.182049
0.183041
0.178040
0.179041
0.159738
0.162035
0.162144
0.132535
0.158035
0.158035
0.159035
0.159036
0.159035
0.159036
0.159035
0.139051
0.158034
0.159036
0.141352
0.136030
0.159036
0.160036
0.158036
0.158552
0.158035
0.157235
0.160036
0.139051
0.160036
0.157034
0.159035
0.157035
0.158035
0.159035
0.139281
0.159035
0.140763
0.149108
0.156034
0.158035
0.158035
0.159331
0.157035
0.157149
0.158036
0.158448
0.162036
0.162538
0.162036
0.162036
0.159035
0.158684
0.159053
0.159035
0.163051
0.137030
0.139935
0.159035
0.158035
0.159035
0.159076
0.159035
0.159428
0.159035
0.138094
0.158035
0.159036
0.158194
0.158427
0.138675
0.157035
0.168038
0.166294
0.135030
0.156035
0.156432
0.164036
0.161036
0.160037
0.159149
0.160361
0.160035
0.160035
0.160100
0.160023
0.159035
0.159036
0.147624
0.164356
0.160472
0.160036
0.152390
0.170038
0.167037
0.164035
0.160881
0.175039
0.169037
0.162495
0.173038
0.171038
0.167037
0.165280
0.165037
0.162036
0.163036
0.157967
0.171036
0.160036
0.150034
0.167037
0.164369
0.162072
0.173121
0.170037
0.164317
0.174039
0.166077
0.172038
0.170037
0.167125
0.168037
0.164387
0.163036
0.161036
0.159809
0.162189
0.151220
0.172038
0.169038
0.168037
0.164075
0.172038
0.166471
0.163037
0.161036
0.161036
0.161181
0.160563
0.160035
0.143740
0.164037
0.161035
0.155035
0.160658
0.132029
0.161035
0.155061
0.170038
0.164034
0.175040
0.169038
0.163590
0.165037
0.164037
0.162036
0.162037
0.162036
0.158014
0.172039
0.170038
0.165036
0.143751
0.160036
0.170038
0.165037
0.165036
0.163036
0.162583
0.162539
0.160036
0.158035
0.159035
0.158035
0.159035
0.159035
0.138052
0.160036
0.158035
0.158035
0.160035
0.122027
0.159035
0.159035
0.158033
0.159043
0.158035
0.139878
0.160035
0.158035
0.151533
0.167036
0.164196
0.159464
0.169038
0.164037
0.165036
0.166037
0.164711
0.150033
0.158035
0.159602
0.149033
0.157035
0.158035
0.158035
0.159036
0.158036
0.159036
0.160035
0.160063
0.158557
0.160288
0.159035
0.160035
0.159534
0.165036
0.143031
0.159079
0.158035
0.157035
0.160035
0.160036
0.158036
0.161036
0.160313
0.160091
0.159035
0.139339
0.159036
0.160035
0.140822
0.159282
0.156542
0.163037
0.156718
0.160035
0.160340
0.140431
0.160035
0.160499
0.158035
0.142134
0.158036
0.159035
0.157753
0.171038
0.163076
0.173038
0.171039
0.167037
0.161036
0.316782
0.323070
0.330897
0.356812
0.324073
0.351082
0.344494
0.346077
0.171038
0.173039
0.178036
0.179041
0.179040
0.180038
0.167392
0.161114
0.163035
0.157983
0.157035
0.146032
0.167195
0.173038
0.170038
0.167037
0.161869
0.172038
0.170038
0.167037
0.165118
0.162036
0.161036
0.159035
0.157730
0.158546
0.158385
0.137964
0.159036
0.151033
0.165036
0.163116
0.161042
0.158035
0.159189
0.158035
0.158035
0.159035
0.159010
0.159035
0.157035
0.158035
0.161036
0.161508
0.158587
0.158077
0.157035
0.152191
0.165036
0.164036
0.158003
0.168037
0.162937
0.173038
0.171038
0.168038
0.166037
0.162036
0.155302
0.179692
0.180040
0.179040
0.180039
0.179039
0.179040
0.179039
0.176038
0.181040
0.179100
0.181040
0.180040
0.179040
0.180040
0.176039
0.176039
0.176036
0.180156
0.180040
0.180041
0.179040
0.160036
0.142073
0.163113
0.163488
0.152033
0.158035
0.140147
0.156035
0.138250
0.158035
0.158035
0.138359
0.158276
0.158036
0.158278
0.152552
0.166037
0.163973
0.162319
0.160036
0.159302
0.159035
0.155755
0.158035
0.158035
0.157632
0.157035
0.159036
0.158035
0.158035
0.159036
0.158035
0.158035
0.158268
0.158035
0.159035
0.156345
0.142030
0.176039
0.175039
0.168170
0.176039
0.177040
0.176551
0.182041
0.182038
0.182039
0.178039
0.180041
0.183041
0.163551
0.166037
0.145868
0.159035
0.160036
0.160722
0.162036
0.160035
0.160035
0.154034
0.160035
0.160035
0.161035
0.159035
0.160036
0.160230
0.160838
0.159151
0.160036
0.160035
0.141691
0.162036
0.141051
0.160035
0.162036
0.160036
0.160035
0.156109
0.159036
0.160035
0.162036
0.160035
0.160035
0.161036
0.171038
0.168271
0.164932
0.163168
0.162094
0.161391
0.166038
0.164354
0.149002
0.159035
0.164036
0.141031
0.165159
0.179043
0.180038
0.180040
0.180041
0.161567
0.168037
0.165112
0.161035
0.159478
0.160036
0.156525
0.159184
0.159045
0.181203
0.177525
0.181041
0.155034
0.160036
0.158416
0.159416
0.157035
0.135721
0.143032
0.155105
0.155035
0.156033
0.158035
0.156035
0.156035
0.156252
0.155035
0.157034
0.156035
0.155718
0.153034
0.150716
0.166037
0.160318
0.170038
0.168601
0.166037
0.166037
0.168037
0.159753
0.172038
0.171191
0.165217
0.163924
0.163036
0.140557
0.163037
0.161361
0.163037
0.165037
0.165036
0.160142
0.160035
0.159257
0.170037
0.168710
0.166037
0.163036
0.159770
0.171314
0.168623
0.174038
0.172038
0.161036
0.155284
0.170038
0.165036
0.171038
0.167037
0.165037
0.163036
0.162236
0.160035
0.159868
0.171038
0.167711
0.165037
0.164455
0.160665
0.172038
0.170038
0.161036
0.160035
0.160750
0.145032
0.163036
0.161035
0.162036
0.160035
0.159035
0.158241
0.159290
0.160035
0.146935
0.165037
0.165037
0.161036
0.162036
0.161035
0.163037
0.160506
0.160904
0.145032
0.160035
0.160036
0.161036
0.158035
0.160531
0.159135
0.160035
0.159035
0.161036
0.160215
0.159035
0.161035
0.160505
0.163036
0.182040
0.177289
0.181041
0.143526
0.159036
0.161036
0.159036
0.159035
0.160036
0.158034
0.159035
0.159035
0.160036
0.159035
0.159035
0.160096
0.159035
0.160036
0.160035
0.159035
0.165037
0.148441
0.139050
0.159035
0.160035
0.160036
0.160350
0.160035
0.160035
0.139977
0.160035
0.160233
0.158035
0.160035
0.160036
0.158035
0.150782
0.159034
0.160036
0.155035
0.161036
0.161036
0.159729
0.159296
0.159035
0.159035
0.159587
0.160087
0.160035
0.162036
0.160036
0.160035
0.160035
0.165037
0.166365
0.163036
0.145169
0.118458
0.161036
0.146736
0.165036
0.163271
0.164396
0.160075
0.172039
0.167612
0.166475
0.164315
0.163036
0.162036
0.162036
0.161231
0.162036
0.160036
0.159036
0.145031
0.161036
0.160036
0.161036
0.140986
0.158035
0.160631
0.160035
0.159035
0.141097
0.159035
0.160036
0.160198
0.160035
0.160050
0.161036
0.138765
0.157242
0.159036
0.172394
0.165524
0.174039
0.171039
0.169111
0.161036
0.159037
0.159036
0.158273
0.160036
0.159035
0.159204
0.157035
0.159035
0.161036
0.159735
0.160036
0.144032
0.157731
0.159121
0.159963
0.159035
0.160036
0.149491
0.159035
0.160036
0.153551
0.170124
0.160036
0.179040
0.181041
0.176039
0.177040
0.180040
0.179996
0.181041
0.180040
0.183041
0.183396
0.179040
0.182041
0.183185
0.183041
0.182040
0.181041
0.179039
0.171038
0.168105
0.177039
0.172242
0.173441
0.166014
0.171280
0.165037
0.174038
0.170037
0.166156
0.168196
0.160035
0.161036
0.159437
0.159035
0.164037
0.163036
0.162305
0.163166
0.163776
0.165036
0.162035
0.161036
0.160035
0.159034
0.159035
0.156086
0.157035
0.157035
0.157034
0.159035
0.158099
0.161036
0.160035
0.161036
0.161097
0.161036
0.160035
0.161065
0.161781
0.162036
0.139052
0.157036
0.172784
0.177039
0.180040
0.180041
0.180040
0.183039
0.173039
0.171038
0.169096
0.166036
0.164036
0.161481
0.159036
0.159036
0.160036
0.138804
0.160035
0.154034
0.158188
0.159036
0.160152
0.160035
0.159278
0.158035
0.160819
0.158035
0.160127
0.159035
0.160035
0.158035
0.158035
0.160036
0.160462
0.160035
0.159967
0.154035
0.148776
0.158035
0.159332
0.161036
0.162037
0.160293
0.159412
0.140068
0.159036
0.160036
0.160036
0.159035
0.160036
0.160310
0.160854
0.161035
0.159035
0.154884
0.159035
0.160036
0.165352
0.164036
0.167037
0.164084
0.163036
0.162036
0.160036
0.139960
0.160035
0.159035
0.160036
0.159035
0.160334
0.160098
0.158035
0.158035
0.162035
0.164037
0.162403
0.159035
0.160036
0.161088
0.159035
0.159035
0.160035
0.158361
0.160036
0.183041
0.178038
0.178082
0.166037
0.162036
0.160036
0.172992
0.179171
0.177039
0.178039
0.176146
0.173538
0.167665
0.174039
0.175855
0.175252
0.177119
0.178096
0.181040
0.181041
0.175039
0.172071
0.171038
0.171038
0.172038
0.170294
0.166037
0.165037
0.162198
0.161036
0.160036
0.161035
0.161036
0.162037
0.162176
0.159035
0.159035
0.141249
0.160035
0.144663
0.161036
0.139102
0.167381
0.164212
0.162891
0.175038
0.171037
0.167239
0.176039
0.170129
0.170038
0.303073
0.326076
0.339079
0.328447
0.324079
0.325066
0.178040
0.175067
0.175581
0.166037
0.163036
0.167037
0.163112
0.160168
0.161036
0.162037
0.160605
0.161036
0.160395
0.160036
0.161036
0.160035
0.161500
0.160191
0.165037
0.163036
0.161064
0.150033
0.161036
0.160209
0.160144
0.151033
0.160065
0.159036
0.160036
0.160035
0.160525
0.160182
0.159035
0.159035
0.159508
0.161036
0.143399
0.159035
0.159036
0.141032
0.160660
0.161036
0.160035
0.160139
0.160058
0.160035
0.159177
0.159035
0.160476
0.159035
0.160035
0.160211
0.160035
0.161036
0.171484
0.166058
0.165037
0.155034
0.164036
0.159882
0.160433
0.160283
0.168037
0.163037
0.162035
0.162205
0.160035
0.160689
0.160035
0.160035
0.161036
0.160296
0.165037
0.165036
0.163036
0.141636
0.162151
0.161035
0.164037
0.162036
0.157890
0.141050
0.162036
0.162036
0.163084
0.163037
0.162035
0.162036
0.162273
0.161036
0.164037
0.161036
0.124582
0.142031
0.164037
0.159035
0.160313
0.162197
0.161036
0.161143
0.161495
0.162060
0.162463
0.162035
0.161036
0.162036
0.161036
0.160035
0.162036
0.162036
0.162036
0.152033
0.162036
0.161556
0.162542
0.162679
0.161036
0.160099
0.162036
0.161300
0.163146
0.162330
0.162035
0.163036
0.163036
0.162036
0.143144
0.157035
0.158035
0.150033
0.179040
0.177287
0.175039
0.170943
0.169037
0.166037
0.164094
0.164037
0.162671
0.162035
0.161036
0.164026
0.161035
0.163419
0.164191
0.162035
0.161652
0.149479
0.161190
0.162166
0.162036
0.161806
0.160461
0.161036
0.160501
0.160334
0.150033
0.169038
0.166097
0.165170
0.162036
0.162189
0.162036
0.162149
0.161064
0.151034
0.161252
0.161036
0.162184
0.162036
0.161035
0.161035
0.162036
0.161302
0.162133
0.161036
0.161036
0.161036
0.162036
0.161527
0.163507
0.161036
0.160035
0.144032
0.161287
0.163037
0.162800
0.160340
0.162036
0.161036
0.161258
0.162036
0.161815
0.162035
0.161036
0.161036
0.161036
0.161036
0.162849
0.162036
0.161410
0.152066
0.162036
0.162036
0.162248
0.161035
0.162307
0.160322
0.162036
0.162036
0.142355
0.162036
0.163036
0.160621
0.163037
0.162037
0.162036
0.162036
0.162036
0.142030
0.162701
0.162036
0.161054
0.161293
0.162176
0.162037
0.161036
0.162082
0.161036
0.161036
0.162037
0.160034
0.162036
0.162036
0.165034
0.162036
0.164036
0.148033
0.161348
0.162036
0.161521
0.162035
0.162036
0.162511
0.162238
0.162036
0.162036
0.172412
0.167377
0.168038
0.166263
0.164037
0.168092
0.173066
0.171038
0.181104
0.182041
0.183041
0.181041
0.182041
0.182040
0.182041
0.176039
0.176492
0.177035
0.182040
0.182041
0.182039
0.182041
0.182041
0.179264
0.181039
0.180040
0.177039
0.180040
0.180040
0.178040
0.177123
0.178040
0.182041
0.182043
0.182040
0.178039
0.180041
0.180040
0.177162
0.180039
0.178039
0.181345
0.181040
0.178040
0.139031
0.162089
0.161036
0.161036
0.160035
0.160555
0.161036
0.161214
0.161036
0.161036
0.161035
0.161427
0.161035
0.161036
0.161036
0.163177
0.165036
0.162035
0.148160
0.160035
0.165036
0.164214
0.165286
0.164034
0.164036
0.164037
0.165083
0.164216
0.165037
0.164156
0.165037
0.164338
0.164036
0.166038
0.163113
0.161441
0.138031
0.158035
0.159035
0.163036
0.167442
0.166037
0.167110
0.160484
0.161036
0.160373
0.161036
0.162036
0.160475
0.160036
0.160091
0.164036
0.160035
0.161283
0.157036
0.159052
0.161036
0.163037
0.161035
0.161036
0.161035
0.160035
0.161036
0.160508
0.160036
0.161117
0.160036
0.161231
0.160036
0.163036
0.161036
0.160527
0.149034
0.160036
0.161426
0.162083
0.161292
0.161421
0.161522
0.161262
0.164037
0.159731
0.161036
0.162109
0.163037
0.161036
0.161036
0.168357
0.166037
0.164594
0.152033
0.161094
0.160035
0.160498
0.161036
0.161036
0.161035
0.161035
0.161036
0.161036
0.162036
0.161035
0.161844
0.161035
0.159035
0.165318
0.164037
0.163425
0.142755
0.161036
0.161665
0.160035
0.160035
0.162439
0.162080
0.160036
0.160705
0.161034
0.161036
0.162097
0.161036
0.161036
0.162036
0.164036
0.163316
0.163151
0.139031
0.162035
0.161035
0.163037
0.162036
0.161036
0.161460
0.162036
0.159401
0.161036
0.157034
0.163036
0.161036
0.161035
0.161224
0.165036
0.164037
0.164036
0.148032
0.162036
0.162357
0.162339
0.161036
0.161036
0.161035
0.161036
0.162036
0.161036
0.161036
0.162198
0.160486
0.161036
0.162325
0.166075
0.163036
0.163036
0.143031
0.160035
0.160036
0.160446
0.161036
0.161126
0.161036
0.161036
0.161489
0.169038
0.166607
0.165696
0.162517
0.162034
0.160957
0.162295
0.162051
0.162036
0.153034
0.161624
0.161036
0.161036
0.160035
0.160036
0.160317
0.161352
0.160035
0.161409
0.161035
0.141487
0.161035
0.162037
0.160496
0.173039
0.166507
0.166037
0.142315
0.162055
0.161036
0.164297
0.162036
0.161036
0.162036
0.161035
0.161173
0.162065
0.160035
0.161224
0.162036
0.162209
0.161035
0.162245
0.162098
0.157452
0.138030
0.160035
0.162036
0.161036
0.160035
0.161036
0.160102
0.167036
0.147165
0.167706
0.165036
0.163035
0.161842
0.162203
0.160258
0.163343
0.162036
0.161085
0.145643
0.161035
0.162035
0.162036
0.163036
0.162122
0.162036
0.161035
0.163036
0.162277
0.162163
0.162526
0.162036
0.161377
0.144033
0.163035
0.161036
0.159035
0.135030
0.168037
0.163150
0.162125
0.163035
0.162036
0.161036
0.161036
0.161037
0.162765
0.163036
0.161743
0.161036
0.140248
0.162035
0.164420
0.162036
0.162036
0.147657
0.161178
0.162037
0.161036
0.161035
0.162036
0.163037
0.162036
0.162102
0.162843
0.162036
0.162036
0.163037
0.162356
0.163037
0.165331
