1.918165
4.675423
0.101521
0.077410
0.148278
0.082018
0.138031
0.138031
0.144433
0.128581
0.124283
0.135118
0.129029
0.134180
0.147561
0.151480
0.176198
0.172040
0.156035
0.155017
0.157768
0.167745
0.158761
0.159020
0.154279
0.157947
0.158473
0.159733
0.159374
0.159800
0.163316
0.165778
0.168836
0.169848
0.168419
0.164837
0.143707
0.156642
0.159668
0.159098
0.159947
0.157464
0.157081
0.157340
0.163521
0.163492
0.168051
0.170575
0.170022
0.163675
0.156182
0.158312
0.157117
0.145223
0.157453
0.160719
0.157492
0.160630
0.163765
0.162182
0.166920
0.170253
0.171989
0.170753
0.165907
0.160045
0.159269
0.160565
0.160709
0.160342
0.136617
0.159105
0.164609
0.168119
0.174962
0.169624
0.164193
0.157830
0.156119
0.159404
0.160186
0.160265
0.159524
0.160323
0.156710
0.162765
0.165295
0.157033
0.164510
0.167594
0.167780
0.163836
0.159721
0.160892
0.158796
0.160517
0.158976
0.159810
0.158450
0.160494
0.162442
0.163649
0.164523
0.164915
0.162099
0.165252
0.166662
0.172531
0.169886
0.164596
0.158257
0.158656
0.161953
0.159611
0.160861
0.161042
0.159609
0.160564
0.161929
0.164378
0.166838
0.152473
0.161323
0.162400
0.163949
0.166843
0.168951
0.165876
0.159625
0.157433
0.160457
0.161517
0.161399
0.159737
0.160483
0.161328
0.161612
0.163277
0.152407
0.162260
0.164871
0.165299
0.167969
0.166207
0.172330
0.170106
0.167672
0.159600
0.159027
0.159777
0.159411
0.162514
0.161350
0.160883
0.161893
0.141336
0.160205
0.160677
0.163647
0.164046
0.164578
0.166770
0.165916
0.159105
0.159755
0.159842
0.159661
0.159625
0.159587
0.160302
0.158779
0.159666
0.158106
0.163677
0.162714
0.164587
0.164585
0.168826
0.172156
0.176910
0.160247
0.159852
0.157938
0.160444
0.159987
0.160357
0.159203
0.159588
0.159827
0.110263
0.161006
0.159974
0.160470
0.158984
0.161088
0.161622
0.162610
0.163302
0.177294
0.170014
0.169220
0.165296
0.159148
0.160790
0.161910
0.160794
0.132130
0.161515
0.158453
0.159547
0.160552
0.160566
0.159101
0.161268
0.161859
0.163431
0.171737
0.175051
0.172792
0.168310
0.159300
0.159947
0.161616
0.156813
0.161198
0.141535
0.160067
0.159142
0.159886
0.160193
0.160012
0.161049
0.158960
0.161735
0.166110
0.168639
0.173284
0.169844
0.165092
0.159467
0.148977
0.163136
0.159954
0.161625
0.161775
0.159444
0.160041
0.161465
0.161187
0.161516
0.161176
0.163182
0.175660
0.171493
0.171295
0.165008
0.161071
0.149459
0.161416
0.160803
0.161204
0.159461
0.160716
0.159839
0.161522
0.162229
0.159344
0.162129
0.161053
0.163108
0.176410
0.174757
0.171496
0.162860
0.154693
0.159431
0.162768
0.160840
0.159962
0.161448
0.161290
0.161004
0.162297
0.161916
0.161323
0.163521
0.163527
0.163891
0.174601
0.174053
0.169569
0.164333
0.175263
0.173803
0.169286
0.168470
0.169301
0.166882
0.169965
0.169985
0.167379
0.161797
0.161153
0.159853
0.160816
0.160270
0.163778
0.162879
0.152378
0.162394
0.163987
0.163296
0.163670
0.162290
0.164809
0.165864
0.165085
0.164861
0.167064
0.168400
0.167638
0.168775
0.171487
0.171614
0.161014
0.144451
0.167175
0.159757
0.161077
0.164508
0.160335
0.163291
0.159960
0.160577
0.159299
0.160891
0.160480
0.164333
0.164203
0.145965
0.159542
0.161703
0.169386
0.153686
0.161782
0.161908
0.165590
0.166256
0.165864
0.164671
0.166296
0.166999
0.167315
0.166227
0.167126
0.169146
0.170134
0.170012
0.170798
0.172171
0.172143
0.170265
0.166523
0.159157
0.160313
0.160723
0.161970
0.160260
0.160822
0.158404
0.160834
0.161594
0.161008
0.164115
0.163665
0.163440
0.162121
0.163860
0.171679
0.172397
0.170819
0.163815
0.153859
0.168259
0.163242
0.163370
0.162212
0.158703
0.161615
0.162765
0.163249
0.161962
0.161913
0.163042
0.164313
0.157116
0.168836
0.164892
0.167720
0.167837
0.167018
0.169431
0.173014
0.175892
0.171039
0.168531
0.161078
0.162036
0.162891
0.163261
0.162876
0.160398
0.148629
0.161219
0.170597
0.172034
0.174800
0.178247
0.175395
0.171276
0.168243
0.160914
0.160608
0.162165
0.160837
0.162821
0.141849
0.161775
0.163366
0.152602
0.162398
0.161520
0.160762
0.160327
0.161464
0.163908
0.163505
0.164486
0.164439
0.164994
0.164172
0.163900
0.167100
0.168069
0.170518
0.168627
0.167877
0.145589
0.162533
0.164693
0.175021
0.178835
0.174318
0.171422
0.169926
0.161561
0.161449
0.163815
0.141916
0.160101
0.161723
0.159582
0.162479
0.164326
0.147359
0.161843
0.161454
0.162318
0.163002
0.166489
0.151491
0.162412
0.162451
0.170059
0.169904
0.168371
0.170538
0.167989
0.171174
0.153915
0.162398
0.163146
0.146000
0.161761
0.161877
0.142894
0.163122
0.163467
0.170335
0.167700
0.169870
0.169662
0.171266
0.173693
0.175021
0.177136
0.171857
0.164240
0.171234
0.162716
0.169013
0.164227
0.167601
0.161557
0.161714
0.162817
0.162484
0.160849
0.162167
0.164392
0.165392
0.164868
0.163949
0.165009
0.164603
0.164181
0.163472
0.154215
0.162027
0.160119
0.163883
0.146778
0.167177
0.167174
0.165820
0.166864
0.167733
0.167221
0.167865
0.177512
0.172448
0.170058
0.163344
0.162241
0.148823
0.165111
0.158712
0.162866
0.160760
0.143348
0.162603
0.161055
0.161852
0.162261
0.161822
0.162833
0.142699
0.160444
0.163310
0.162297
0.163112
0.163104
0.142910
0.161915
0.161871
0.163898
0.164364
0.165404
0.175400
0.170821
0.167799
0.159967
0.161645
0.161367
0.144777
0.160816
0.161870
0.146584
0.160280
0.150130
0.170011
0.160702
0.161823
0.161385
0.160602
0.162259
0.170427
0.167187
0.166340
0.167572
0.168356
0.168154
0.169515
0.167065
0.164742
0.168092
0.166744
0.134491
0.142694
0.162695
0.161871
0.163279
0.162064
0.163790
0.168243
0.168730
0.167838
0.169673
0.170674
0.168181
0.172461
0.172807
0.178937
0.178381
0.178225
0.167177
0.166679
0.170601
0.167923
0.169825
0.171281
0.171016
0.169259
0.165480
0.161794
0.161899
0.144398
0.161630
0.162233
0.160341
0.162444
0.160745
0.144172
0.162502
0.161805
0.161223
0.162553
0.162066
0.165956
0.166716
0.170975
0.179552
0.173139
0.172647
0.165600
0.168700
0.167694
0.163856
0.160493
0.149061
0.162380
0.160638
0.161342
0.161820
0.161749
0.143245
0.161146
0.161527
0.162815
0.145176
0.161323
0.162769
0.165354
0.164386
0.165812
0.169579
0.171846
0.157913
0.163207
0.164735
0.164532
0.166744
0.166362
0.167861
0.166996
0.178941
0.169617
0.167175
0.161393
0.160912
0.162279
0.161252
0.162886
0.161451
0.138062
0.160932
0.161874
0.162502
0.162165
0.117709
0.172566
0.171537
0.160255
0.160354
0.162273
0.162742
0.163110
0.143966
0.161929
0.161281
0.163892
0.160869
0.147888
0.164855
0.164036
0.164531
0.165405
0.164108
0.165019
0.164555
0.146689
0.161410
0.165210
0.164085
0.164739
0.164346
0.164721
0.164452
0.165218
0.173110
0.164708
0.167000
0.168099
0.167843
0.150044
0.162603
0.165215
0.164412
0.165459
0.165323
0.171450
0.169451
0.173201
0.175405
0.174260
0.170269
0.164442
0.159239
0.165097
0.161740
0.162073
0.162763
0.161937
0.163257
0.161773
0.143067
0.161834
0.161793
0.176234
0.171975
0.167701
0.161644
0.161572
0.150280
0.162515
0.167518
0.161703
0.160295
0.162608
0.162864
0.163353
0.162872
0.161618
0.161764
0.162442
0.164057
0.170215
0.164728
0.161785
0.163147
0.160626
0.158631
0.161778
0.162049
0.161811
0.164119
0.162334
0.164951
0.165195
0.165172
0.164846
0.165458
0.166692
0.167418
0.175425
0.172638
0.174583
0.167830
0.150463
0.161244
0.164187
0.161271
0.162285
0.163071
0.160547
0.163363
0.164535
0.164872
0.165003
0.165213
0.163805
0.165141
0.175514
0.172098
0.168731
0.160314
0.162594
0.163833
0.162605
0.163121
0.163032
0.162046
0.163104
0.166444
0.164908
0.170534
0.176873
0.176463
0.172730
0.160674
0.163617
0.162295
0.144873
0.162904
0.162448
0.163019
0.163502
0.164756
0.164968
0.166443
0.164094
0.164991
0.167998
0.171268
0.172380
0.172799
0.173532
0.173687
0.162141
0.155575
0.163216
0.161747
0.163663
0.162812
0.161750
0.162601
0.165507
0.165935
0.168098
0.178466
0.175968
0.173884
0.171122
0.168839
0.162005
0.162350
0.147441
0.162259
0.162482
0.163204
0.163428
0.164852
0.147346
0.162181
0.163767
0.164898
0.164281
0.164974
0.172223
0.174710
0.178910
0.175621
0.170587
0.165269
0.159886
0.167966
0.158781
0.167456
0.162716
0.164188
0.145728
0.163985
0.162147
0.144155
0.161918
0.161955
0.162325
0.163662
0.162305
0.142655
0.161600
0.125816
0.161813
0.160896
0.161559
0.162068
0.163686
0.162273
0.164144
0.165147
0.165012
0.163958
0.165247
0.164362
0.165641
0.163034
0.164819
0.173989
0.172405
0.166440
0.174860
0.169326
0.169338
0.162010
0.161083
0.163775
0.162288
0.161829
0.141994
0.161127
0.162081
0.165051
0.162060
0.163040
0.165760
0.165927
0.137289
0.161532
0.167243
0.169607
0.168095
0.167204
0.171324
0.169139
0.173282
0.178814
0.177699
0.174788
0.169769
0.164831
0.159973
0.163265
0.145882
0.158054
0.168278
0.162187
0.164232
0.162768
0.164575
0.161684
0.167270
0.167169
0.167280
0.167697
0.166779
0.167805
0.150505
0.162498
0.164233
0.164570
0.164677
0.150324
0.162999
0.165050
0.171110
0.168985
0.169920
0.169551
0.170211
0.171360
0.170653
0.170514
0.176111
0.171338
0.167822
0.161433
0.160838
0.163699
0.143627
0.163770
0.162589
0.161981
0.166557
0.165053
0.165130
0.163988
0.164737
0.165922
0.164796
0.165333
0.175045
0.178679
0.173319
0.172924
0.161298
0.141397
0.162270
0.161059
0.163262
0.162195
0.163412
0.162343
0.165773
0.165235
0.166098
0.165564
0.163658
0.164593
0.163990
0.172123
0.174649
0.176428
0.176316
0.177126
0.173425
0.170725
0.166447
0.161622
0.164358
0.161553
0.163218
0.163098
0.163401
0.146211
0.163292
0.146192
0.161208
0.162541
0.166241
0.166556
0.156594
0.165497
0.170653
0.175530
0.171379
0.168602
0.164443
0.162151
0.161918
0.162606
0.163103
0.145962
0.161099
0.163240
0.163353
0.164525
0.145864
0.156036
0.161910
0.161486
0.165206
0.166278
0.150875
0.162139
0.167371
0.166476
0.178977
0.176229
0.174067
0.161591
0.160585
0.163107
0.143456
0.162875
0.140193
0.163069
0.160309
0.162762
0.163450
0.164230
0.163237
0.163446
0.171667
0.168629
0.171497
0.171858
0.172308
0.174068
0.173168
0.172811
0.168872
0.157528
0.167921
0.165117
0.161525
0.161151
0.163657
0.160886
0.164232
0.169808
0.172920
0.170641
0.167485
0.161917
0.163086
0.151214
0.162723
0.162781
0.155653
0.160791
0.161619
0.162828
0.163002
0.162957
0.165084
0.164886
0.165960
0.175508
0.169739
0.172338
0.168061
0.161076
0.162445
0.160328
0.163475
0.154050
0.164283
0.162012
0.162524
0.162794
0.163602
0.161222
0.162362
0.163790
0.164389
0.164730
0.179333
0.172522
0.175113
0.165554
0.161996
0.162578
0.147302
0.164490
0.164202
0.162238
0.141992
0.160698
0.163439
0.163148
0.163297
0.147614
0.160636
0.162345
0.177331
0.168328
0.174593
0.168249
0.164709
0.156764
0.160357
0.162936
0.149267
0.163192
0.159761
0.147974
0.162003
0.163103
0.164429
0.161830
0.160916
0.162811
0.163202
0.165074
0.165918
0.165183
0.165491
0.147525
0.161148
0.163918
0.163248
0.165499
0.165168
0.164856
0.164991
0.164705
0.165661
0.153280
0.167816
0.167480
0.171294
0.168114
0.171508
0.170855
0.171382
0.144407
0.162288
0.163283
0.164170
0.165813
0.166211
0.163437
0.164382
0.164722
0.164736
0.165308
0.175060
0.183058
0.179736
0.176616
0.168716
0.162627
0.150599
0.166911
0.162129
0.164046
0.145990
0.161538
0.161577
0.162680
0.162225
0.142539
0.163268
0.161805
0.161024
0.162500
0.164404
0.171666
0.174006
0.175408
0.156404
0.165302
0.166546
0.168769
0.167777
0.134241
0.166340
0.165114
0.167890
0.167907
0.169106
0.168384
0.172150
0.169495
0.161919
0.162432
0.141571
0.144331
0.163698
0.162457
0.162121
0.162341
0.161690
0.166285
0.166299
0.168716
0.169995
0.171427
0.169590
0.174190
0.173518
0.162279
0.164715
0.162327
0.143962
0.162212
0.143418
0.162616
0.163251
0.164686
0.161990
0.161717
0.168462
0.169226
0.177865
0.174363
0.171951
0.160602
0.170499
0.168240
0.143024
0.156583
0.166299
0.162977
0.162565
0.164377
0.161360
0.163373
0.164598
0.165671
0.165686
0.165980
0.165959
0.166490
0.165192
0.167854
0.167764
0.169746
0.177805
0.173400
0.170964
0.174698
0.180470
0.176896
0.162937
0.160974
0.162381
0.164156
0.163200
0.162355
0.162142
0.161697
0.167011
0.168053
0.175353
0.172567
0.181276
0.172432
0.169868
0.174782
0.168559
0.161175
0.159336
0.162517
0.163921
0.177487
0.168633
0.174439
0.169398
0.164236
0.164032
0.163507
0.137857
0.172089
0.157503
0.167724
0.160938
0.162467
0.163879
0.163610
0.163167
0.145166
0.159921
0.163469
0.164625
0.163697
0.164468
0.145024
0.163798
0.161381
0.147889
0.164728
0.168283
0.170378
0.168873
0.149291
0.161414
0.163436
0.164677
0.166611
0.167117
0.164132
0.165153
0.165920
0.166638
0.166967
0.168007
0.169330
0.150917
0.163785
0.166038
0.166379
0.165648
0.165365
0.166456
0.166483
0.173519
0.172303
0.178205
0.173552
0.168265
0.172598
0.164273
0.168955
0.161388
0.154945
0.156725
0.163243
0.166697
0.163305
0.164875
0.142642
0.163751
0.143941
0.161331
0.162843
0.163874
0.166955
0.167337
0.167543
0.166644
0.165966
0.167727
0.159395
0.166443
0.166313
0.171530
0.167965
0.170329
0.172154
0.174213
0.173580
0.161783
0.162932
0.163297
0.160406
0.160369
0.161811
0.163345
0.163402
0.136719
0.163208
0.161783
0.163375
0.166044
0.166162
0.165660
0.165880
0.166139
0.150551
0.160897
0.163914
0.170210
0.168713
0.169107
0.171278
0.177823
0.168419
0.176191
0.171316
0.164855
0.161036
0.161108
0.162053
0.163274
0.166075
0.147206
0.162750
0.164894
0.168427
0.176363
0.177374
0.161043
0.166452
0.164478
0.157412
0.165145
0.170681
0.172409
0.177020
0.176132
0.163920
0.161401
0.161465
0.161460
0.162024
0.162373
0.163574
0.164260
0.165529
0.164935
0.165682
0.156491
0.167219
0.166649
0.166673
0.174806
0.176594
0.182210
0.180090
0.179391
0.169887
0.164431
0.162045
0.162047
0.162271
0.163313
0.163869
0.161559
0.116763
0.162290
0.163447
0.162975
0.161383
0.162343
0.161426
0.168755
0.168341
0.168250
0.168520
0.166502
0.168786
0.182288
0.180985
0.176830
0.174295
0.154034
0.171918
0.162067
0.161551
0.162663
0.143868
0.164356
0.163574
0.164722
0.162477
0.161472
0.162740
0.163529
0.169024
0.172200
0.172166
0.181408
0.174397
0.179542
0.175195
0.170878
0.164548
0.163095
0.163088
0.163702
0.162503
0.167327
0.164950
0.165440
0.165735
0.165943
0.166708
0.167988
0.169140
0.180965
0.178780
0.174806
0.174615
0.172683
0.169214
0.163512
0.171143
0.165219
0.163399
0.164248
0.164730
0.163488
0.165747
0.170131
0.170501
0.172303
0.168424
0.157600
0.166572
0.167226
0.175121
0.175783
0.176764
0.178371
0.180156
0.170507
0.165134
0.161697
0.162887
0.161011
0.166903
0.168827
0.168881
0.166164
0.147704
0.161952
0.161550
0.163449
0.170248
0.171016
0.169993
0.170238
0.171589
0.172142
0.172306
0.178647
0.179453
0.175724
0.172415
0.170567
0.163939
0.172468
0.170029
0.163076
0.160136
0.161117
0.162507
0.162654
0.144176
0.162753
0.163184
0.163745
0.164849
0.164116
0.163410
0.164519
0.166699
0.166371
0.172770
0.157634
0.172158
0.173345
0.171574
0.168439
0.169919
0.171794
0.171447
0.171381
0.170573
0.175133
0.177262
0.161595
0.161694
0.141387
0.160247
0.165096
0.140055
0.170356
0.170875
0.164009
0.165816
0.167098
0.168446
0.163779
0.168207
0.167814
0.168133
0.149878
0.161593
0.167853
0.179980
0.178153
0.171286
0.168794
0.166140
0.157192
0.162655
0.160748
0.161664
0.162601
0.164654
0.164026
0.165561
0.164419
0.165292
0.165690
0.165909
0.168532
0.167149
0.169100
0.170990
0.161329
0.165407
0.165676
0.166337
0.166201
0.165629
0.169091
0.170602
0.169557
0.172946
0.179682
0.174568
0.164618
0.162458
0.165096
0.164662
0.145813
0.149526
0.164394
0.163351
0.162937
0.165368
0.165648
0.168475
0.167333
0.177548
0.177531
0.179124
0.177628
0.174998
0.167300
0.176939
0.166446
0.161618
0.131197
0.161792
0.161954
0.163640
0.162677
0.163931
0.163765
0.160488
0.162109
0.168778
0.169287
0.169864
0.173933
0.171863
0.170798
0.169254
0.173764
0.175086
0.137346
0.162505
0.162434
0.162815
0.163596
0.164841
0.169457
0.168995
0.181500
0.175960
0.176064
0.161175
0.155235
0.168154
0.163437
0.162503
0.162124
0.148597
0.139845
0.163289
0.163736
0.162931
0.160203
0.162300
0.164890
0.162043
0.166187
0.167037
0.165844
0.169542
0.173267
0.174909
0.171171
0.172855
0.174496
0.178330
0.174844
0.164401
0.166158
0.166992
0.149399
0.166588
0.165076
0.165175
0.165049
0.165954
0.166124
0.165688
0.166641
0.168396
0.166340
0.167929
0.159623
0.168053
0.167161
0.167776
0.164072
0.143076
0.159826
0.161461
0.163614
0.165020
0.165223
0.165538
0.163243
0.164308
0.170411
0.170619
0.177603
0.181661
0.180484
0.175429
0.170803
0.178067
0.175093
0.167246
0.162063
0.154774
0.165265
0.162517
0.160646
0.162120
0.162556
0.141586
0.163104
0.163263
0.162589
0.142750
0.167222
0.165621
0.166742
0.171628
0.171541
0.171612
0.174231
0.173681
0.173114
0.169350
0.163109
0.165020
0.167614
0.165418
0.166414
0.166247
0.148582
0.164623
0.170215
0.169037
0.169928
0.165253
0.164658
0.165628
0.168467
0.170388
0.172774
0.172674
0.171391
0.171293
0.170343
0.170227
0.152886
0.162775
0.151230
0.161524
0.166274
0.168563
0.168005
0.167862
0.176787
0.177495
0.176802
0.163327
0.160842
0.160334
0.162283
0.161326
0.144334
0.161160
0.159720
0.132312
0.160246
0.160368
0.164194
0.164722
0.168126
0.149089
0.132081
0.141373
0.161676
0.161935
0.161419
0.162358
0.162611
0.161522
0.161375
0.166186
0.166015
0.154798
0.165277
0.163707
0.171219
0.172305
0.177344
0.175922
0.162829
0.162961
0.160763
0.160872
0.161052
0.161894
0.160327
0.161763
0.162990
0.162014
0.086208
0.177647
0.176723
0.162871
0.163226
0.140490
0.161477
0.163278
0.162099
0.161612
0.160868
0.166333
0.165926
0.166362
0.165365
0.166074
0.164607
0.165001
0.126361
0.161071
0.162469
0.163245
0.165329
0.165916
0.165698
0.165717
0.173426
0.171195
0.172093
0.171575
0.179869
0.175842
0.172760
0.167916
0.161194
0.157438
0.163960
0.162668
0.159876
0.161926
0.162517
0.161231
0.162755
0.163980
0.166691
0.166261
0.166904
0.171043
0.171378
0.172812
0.171752
0.171432
0.169294
0.155312
0.169063
0.168258
0.168438
0.179044
0.179718
0.178236
0.175398
0.168709
0.160161
0.163036
0.162371
0.161172
0.161832
0.162506
0.163037
0.163382
0.150176
0.159609
0.160871
0.163389
0.162152
0.162331
0.170122
0.171038
0.170893
0.176482
0.179601
0.179916
0.175039
0.166875
0.161047
0.163453
0.162699
0.146093
0.163181
0.163576
0.162441
0.165284
0.165907
0.164730
0.165338
0.165599
0.166000
0.165037
0.168750
0.166948
0.170301
0.167827
0.167219
0.166510
0.168698
0.142267
0.165036
0.164352
0.168201
0.178240
0.178510
0.178622
0.164233
0.167422
0.149433
0.162579
0.160763
0.162414
0.145003
0.161232
0.162036
0.159787
0.147145
0.162472
0.162170
0.160866
0.161051
0.164569
0.168231
0.168323
0.180158
0.181103
0.179102
0.176347
0.172876
0.164142
0.169839
0.158687
0.174164
0.165687
0.162352
0.163076
0.161686
0.163389
0.164911
0.162608
0.164293
0.142412
0.164076
0.162649
0.163630
0.161556
0.162752
0.168581
0.167017
0.168305
0.168440
0.157571
0.163702
0.167846
0.168092
0.165692
0.167256
0.172269
0.172696
0.170507
0.179054
0.174626
0.163234
0.162935
0.142626
0.162772
0.162393
0.162214
0.143260
0.163619
0.144507
0.163041
0.163773
0.162050
0.164312
0.162748
0.165476
0.167006
0.179055
0.176003
0.172891
0.178572
0.174338
0.169886
0.162908
0.144075
0.163020
0.145162
0.163870
0.162860
0.160943
0.160594
0.162734
0.163120
0.161842
0.163253
0.168389
0.167685
0.176643
0.178866
0.177336
0.163081
0.143399
0.180443
0.174472
0.176491
0.170272
0.168638
0.163004
0.161878
0.164947
0.163222
0.164653
0.162945
0.170460
0.169899
0.180542
0.176376
0.174327
0.166354
0.173675
0.175310
0.170629
0.163594
0.161965
0.164479
0.162677
0.143500
0.162943
0.163035
0.162613
0.164507
0.169009
0.169181
0.169930
0.152433
0.162242
0.148948
0.163906
0.162942
0.163242
0.165264
0.165193
0.169568
0.168470
0.170992
0.170566
0.171959
0.172820
0.173935
0.176655
0.171139
0.166766
0.173639
0.168156
0.164343
0.173065
0.167920
0.165717
0.163211
0.165269
0.162709
0.162562
0.163507
0.162282
0.164328
0.167368
0.165684
0.169615
0.165740
0.162809
0.147009
0.178210
0.171923
0.166416
0.161859
0.162766
0.163229
0.162240
0.164055
0.161906
0.162485
0.162043
0.164288
0.164335
0.165494
0.181379
0.180523
0.176248
0.177187
0.174906
0.174263
0.172004
0.168084
0.162933
0.163631
0.161917
0.162781
0.162056
0.144480
0.161416
0.161684
0.162939
0.163822
0.167425
0.166081
0.147388
0.166757
0.164805
0.166511
0.171857
0.172305
0.174505
0.178981
0.174324
0.167660
0.163379
0.162517
0.160919
0.163123
0.161595
0.164348
0.166657
0.161671
0.164792
0.165258
0.165776
0.172198
0.172111
0.170372
0.180242
0.176572
0.172639
0.166054
0.162008
0.163712
0.163249
0.162368
0.163788
0.162008
0.161761
0.164681
0.162966
0.165910
0.164642
0.166482
0.166987
0.166044
0.166360
0.167326
0.167461
0.173032
0.168750
0.172402
0.153621
0.166344
0.164965
0.171590
0.162265
0.168142
0.177416
0.177548
0.177012
0.176715
0.174789
0.169471
0.164220
0.163535
0.163679
0.161623
0.143908
0.163121
0.163183
0.164096
0.162754
0.153193
0.168193
0.165608
0.167302
0.166318
0.172284
0.172606
0.153008
0.163747
0.165717
0.169295
0.170005
0.169953
0.167180
0.168542
0.181865
0.176031
0.179089
0.165796
0.181729
0.178935
0.179338
0.178081
0.174717
0.168724
0.164069
0.162493
0.163009
0.163987
0.163205
0.162912
0.162768
0.170021
0.169716
0.169873
0.171286
0.172456
0.177778
0.173912
0.166657
0.173672
0.168540
0.164578
0.163355
0.163840
0.161840
0.164122
0.164817
0.165044
0.162300
0.163678
0.163764
0.150663
0.166345
0.167726
0.168540
0.170748
0.168787
0.170395
0.169630
0.152552
0.163100
0.164340
0.169703
0.172305
0.167833
0.169596
0.170052
0.168761
0.169663
0.153249
0.163699
0.164018
0.167526
0.168648
0.168545
0.169322
0.180494
0.178088
0.175869
0.163199
0.164066
0.164006
0.163195
0.141553
0.162373
0.162232
0.156732
0.161243
0.164487
0.162541
0.171664
0.182167
0.177215
0.175059
0.172138
0.171959
0.165860
0.167617
0.166147
0.165166
0.165230
0.159791
0.164894
0.124239
0.165940
0.162405
0.165484
0.163933
0.167005
0.165220
0.165741
0.161656
0.163147
0.164196
0.168399
0.174201
0.171664
0.172370
0.167968
0.168439
0.168696
0.151667
0.163397
0.162151
0.170049
0.169574
0.174441
0.176508
0.177637
0.174248
0.170411
0.166196
0.161867
0.162880
0.163470
0.161423
0.162436
0.162180
0.145986
0.160920
0.167802
0.167701
0.168665
0.168077
0.182436
0.176670
0.175184
0.161459
0.163499
0.165781
0.164212
0.165638
0.163414
0.165743
0.166574
0.152371
0.167255
0.165782
0.166369
0.168522
0.165091
0.168879
0.182239
0.179691
0.175561
0.173131
0.169168
0.165867
0.164704
0.164551
0.166260
0.162517
0.126250
0.160742
0.160927
0.140796
0.161971
0.163075
0.159252
0.162881
0.162695
0.161293
0.163229
0.163133
0.169174
0.168887
0.168028
0.170918
0.151930
0.166193
0.149747
0.163046
0.165216
0.165849
0.166335
0.171283
0.170460
0.169474
0.169800
0.162989
0.160806
0.167265
0.166423
0.165374
0.167927
0.166306
0.163320
0.136732
0.164014
0.163195
0.162022
0.165991
0.169267
0.175623
0.171701
0.173668
0.179862
0.179276
0.173370
0.174356
0.168900
0.161452
0.162342
0.160583
0.146219
0.160986
0.161051
0.162056
0.163456
0.162264
0.162750
0.162491
0.161190
0.162279
0.171895
0.169101
0.167263
0.165335
0.147502
0.163665
0.163756
0.155913
0.158812
0.163949
0.166613
0.163580
0.164314
0.164233
0.165370
0.166337
0.165990
0.165615
0.173988
0.176200
0.176461
0.179903
0.176703
0.172856
0.171567
0.166228
0.166979
0.163225
0.162244
0.162967
0.164557
0.164794
0.164198
0.166756
0.166178
0.165884
0.174049
0.175503
0.180532
0.183992
0.177561
0.179159
0.170359
0.176796
0.161560
0.162694
0.163118
0.167720
0.166217
0.164419
0.165720
0.165621
0.164756
0.163128
0.171093
0.170941
0.169805
0.172717
0.169622
0.170524
0.143712
0.163849
0.164656
0.170835
0.169178
0.168420
0.168476
0.167911
0.172519
0.184102
0.178834
0.181587
0.173719
0.163533
0.161560
0.161956
0.161126
0.159245
0.163296
0.162715
0.161472
0.163793
0.166692
0.166055
0.165290
0.173732
0.173086
0.174167
0.175849
0.178602
0.173167
0.172288
0.170794
0.164152
0.157370
0.145161
0.162967
0.160950
0.164240
0.161507
0.144551
0.161542
0.164177
0.162092
0.164179
0.162903
0.143865
0.162698
0.165964
0.165972
0.167254
0.172361
0.159261
0.166708
0.174754
0.175433
0.176623
0.181972
0.178603
0.172511
0.164019
0.162358
0.159222
0.162724
0.162900
0.162375
0.167997
0.165423
0.165471
0.154705
0.162122
0.162983
0.169290
0.171829
0.168284
0.167764
0.167586
0.168150
0.148435
0.164603
0.164887
0.165591
0.165684
0.164498
0.178631
0.177487
0.177224
0.178314
0.175014
0.170487
0.162097
0.164153
0.175695
0.169610
0.163814
0.164442
0.163064
0.165367
0.167007
0.169194
0.169218
0.172300
0.179625
0.176206
0.176549
0.174647
0.172876
0.167815
0.164341
0.167306
0.167360
0.167655
0.165559
0.170770
0.170869
0.171324
0.168718
0.171367
0.179133
0.158663
0.170392
0.170546
0.179747
0.178036
0.163565
0.169912
0.165457
0.164475
0.162971
0.164268
0.162489
0.164176
0.163587
0.164136
0.165152
0.166195
0.084523
0.076586
0.076408
0.076525
0.076327
0.078727
0.075622
0.078450
0.077413
0.077956
0.077636
0.077190
0.078231
0.078383
0.077052
0.077129
0.076783
0.078464
0.075842
0.075016
0.078367
0.081146
0.075025
0.074766
0.075197
0.075439
0.072030
0.072046
0.072284
0.073026
0.074062
0.073805
0.072016
0.072592
0.072212
0.071562
0.071601
0.072056
0.072067
0.071978
0.071016
0.072309
0.071501
0.071868
0.072648
0.072016
0.070902
0.072016
0.073136
0.070762
0.070688
0.071016
0.076188
0.072210
0.077047
0.071532
0.071477
0.073845
0.074160
0.071481
0.074592
0.071409
0.072503
0.073863
0.084341
0.069281
0.072148
0.072016
0.072016
0.073237
0.072016
0.073527
0.071213
0.074016
0.071755
0.077018
0.072016
0.071123
0.078228
0.072728
0.073284
0.072016
0.072039
0.069341
0.072191
0.071183
0.071034
0.070697
0.072896
0.072102
0.071267
0.072016
0.071228
0.074603
0.071693
0.070723
0.070937
0.076571
0.071184
0.092592
0.077266
0.074797
0.070998
0.072116
0.072249
0.072016
0.072109
0.090501
0.071605
0.073050
0.088593
0.071611
0.070876
0.076111
0.071639
0.071668
0.071772
0.073014
0.071014
0.071454
0.072016
0.072016
0.072097
0.070698
0.076160
0.072031
0.072728
0.072823
0.072014
0.070420
0.071891
0.070670
0.071949
0.076017
0.071933
0.071995
0.072091
0.071016
0.070628
0.102763
0.083018
0.092021
0.076017
0.176039
0.141032
0.128111
0.116964
0.153034
0.132030
0.175039
0.141031
0.138542
0.153034
0.153032
0.135520
0.154034
0.155034
0.129191
0.154035
0.140315
0.175135
0.174039
0.119195
0.152034
0.119256
0.155034
0.154034
0.155035
0.154034
0.154034
0.153661
0.154545
0.154034
0.155035
0.130028
0.154281
0.158036
0.159815
0.159035
0.158034
0.154065
0.111128
0.153065
0.122027
0.159312
0.158035
0.162147
0.157035
0.154034
0.152493
0.152854
0.154035
0.153034
0.155727
0.170051
0.163438
0.163037
0.163718
0.162036
0.142204
0.156089
0.154035
0.153034
0.155034
0.157404
0.160044
0.163036
0.159035
0.160474
0.162036
0.157035
0.155257
0.154197
0.154584
0.154033
0.155034
0.153033
0.150033
0.174038
0.164518
0.163036
0.154035
0.153034
0.155035
0.158035
0.157035
0.160036
0.161086
0.157952
0.170038
0.169037
0.168138
0.168038
0.154034
0.156034
0.150142
0.157036
0.154034
0.155035
0.155034
0.155035
0.155034
0.154034
0.153716
0.154034
0.155093
0.155035
0.140487
0.162035
0.160036
0.163036
0.162036
0.162036
0.160673
0.156034
0.159079
0.159420
0.160035
0.161036
0.155034
0.154034
0.157032
0.153033
0.153034
0.158250
0.155752
0.092527
0.166037
0.163036
0.163036
0.164036
0.160036
0.167037
0.153033
0.153093
0.155478
0.160036
0.161036
0.161036
0.155034
0.154034
0.153034
0.153034
0.155216
0.154034
0.154034
0.153034
0.153332
0.154075
0.140031
0.155035
0.156035
0.154034
0.159036
0.155035
0.133881
0.153923
0.144031
0.153251
0.152034
0.153034
0.153034
0.153941
0.154035
0.155035
0.154034
0.153515
0.147033
0.152698
0.154035
0.152033
0.155035
0.157034
0.159035
0.155512
0.154034
0.155035
0.155034
0.155034
0.156055
0.157035
0.156231
0.157035
0.156359
0.156034
0.141539
0.156034
0.154034
0.155450
0.156034
0.158035
0.159035
0.157174
0.156035
0.163036
0.159314
0.160034
0.158035
0.162036
0.160035
0.166260
0.162036
0.162036
0.149034
0.164036
0.163037
0.161035
0.138225
0.156034
0.157035
0.156034
0.157034
0.159035
0.157034
0.158156
0.163290
0.169038
0.164036
0.159241
0.159035
0.157522
0.144032
0.163036
0.159459
0.157446
0.155534
0.156353
0.164036
0.160035
0.158035
0.176141
0.180041
0.180042
0.175039
0.180040
0.180040
0.180038
0.161552
0.162171
0.150033
0.175039
0.173039
0.171038
0.167037
0.165037
0.160035
0.158086
0.085235
0.180040
0.179040
0.178138
0.175414
0.180044
0.177102
0.180040
0.180040
0.181040
0.179039
0.171094
0.174073
0.169037
0.156035
0.158034
0.161036
0.163036
0.163037
0.156102
0.149033
0.157164
0.157034
0.154034
0.159035
0.157035
0.156310
0.157035
0.123881
0.158034
0.158035
0.157334
0.157453
0.142183
0.157155
0.159036
0.158035
0.158036
0.165088
0.162036
0.160035
0.160036
0.164142
0.161326
0.166254
0.165036
0.147032
0.161035
0.166383
0.164035
0.162036
0.163042
0.161208
0.140521
0.160035
0.159035
0.158036
0.161036
0.159035
0.161035
0.161035
0.161036
0.159035
0.140891
0.112025
0.158035
0.159035
0.145831
0.165037
0.161036
0.159035
0.159650
0.161037
0.162036
0.160036
0.158035
0.161144
0.160318
0.160035
0.159035
0.160036
0.162036
0.131030
0.162036
0.160035
0.161036
0.139769
0.161151
0.159289
0.160035
0.161036
0.164342
0.160036
0.160034
0.171038
0.177039
0.175039
0.172039
0.168524
0.174038
0.152380
0.165037
0.173039
0.167037
0.166038
0.178040
0.183041
0.181041
0.181041
0.179572
0.180040
0.179040
0.179040
0.175039
0.180041
0.183041
0.183041
0.184042
0.179040
0.176039
0.176039
0.179222
0.179040
0.180040
0.176039
0.175038
0.179040
0.180040
0.181040
0.181041
0.183042
0.182042
0.178040
0.170038
0.165036
0.161619
0.169037
0.162036
0.162431
0.163036
0.163048
0.160377
0.173038
0.170037
0.156261
0.159036
0.158556
0.158036
0.159036
0.160036
0.156035
0.158330
0.157672
0.141031
0.159035
0.160035
0.158125
0.159035
0.156079
0.158174
0.156034
0.156034
0.158036
0.159691
0.159216
0.160111
0.157034
0.160036
0.160770
0.160037
0.160036
0.143031
0.138899
0.162036
0.160036
0.160036
0.159258
0.160036
0.161411
0.160339
0.159293
0.161035
0.163037
0.163094
0.160550
0.160036
0.158035
0.159035
0.165036
0.155033
0.159035
0.168037
0.164037
0.164348
0.161036
0.160035
0.160369
0.161035
0.165037
0.163091
0.161036
0.166038
0.165037
0.164036
0.161036
0.158035
0.160514
0.144032
0.161036
0.178039
0.177039
0.174324
0.172038
0.170037
0.166037
0.166036
0.160839
0.161036
0.161035
0.159955
0.158516
0.160036
0.160035
0.161105
0.157035
0.171037
0.170038
0.160036
0.160035
0.160036
0.160036
0.160036
0.158556
0.160035
0.159052
0.159036
0.160035
0.160035
0.159035
0.157573
0.161035
0.158440
0.151981
0.160035
0.161206
0.162037
0.159552
0.159533
0.160036
0.159035
0.159036
0.166036
0.163038
0.161036
0.160035
0.165038
0.164037
0.161035
0.165289
0.164036
0.152034
0.161036
0.160036
0.162166
0.160035
0.160289
0.157565
0.160036
0.160036
0.160036
0.165516
0.162036
0.163073
0.160035
0.146351
0.160711
0.159035
0.161036
0.135030
0.137083
0.159035
0.162036
0.159526
0.159035
0.160036
0.159036
0.160347
0.159035
0.160035
0.160036
0.159035
0.164514
0.160089
0.160450
0.160035
0.167037
0.140031
0.162036
0.161036
0.168037
0.165037
0.164036
0.163096
0.166037
0.165036
0.164375
0.102023
0.160035
0.158046
0.160368
0.159035
0.161036
0.161036
0.159035
0.126028
0.159204
0.160035
0.161036
0.160188
0.160036
0.162036
0.159036
0.159035
0.165075
0.163532
0.164231
0.162036
0.168040
0.166036
0.162035
0.162207
0.159035
0.142091
0.161171
0.160036
0.162036
0.160861
0.160034
0.161037
0.159598
0.159035
0.159035
0.159035
0.159243
0.159035
0.160306
0.161036
0.161060
0.161036
0.161116
0.116207
0.160035
0.159035
0.162035
0.160035
0.163036
0.162036
0.161902
0.160035
0.160035
0.159035
0.160036
0.161036
0.165037
0.162356
0.161056
0.158499
0.160252
0.133407
0.159035
0.160266
0.162138
0.160035
0.160084
0.161036
0.160035
0.140157
0.158036
0.138534
0.158035
0.160423
0.140275
0.158241
0.160036
0.160036
0.159035
0.155856
0.170470
0.160491
0.161775
0.158036
0.159446
0.160035
0.160275
0.161036
0.160036
0.160035
0.159035
0.160302
0.160415
0.159739
0.160035
0.157034
0.160036
0.152087
0.161036
0.160613
0.159035
0.159234
0.160035
0.139868
0.159282
0.160035
0.161036
0.160035
0.161036
0.165037
0.164036
0.162035
0.161035
0.161036
0.139050
0.153034
0.160094
0.161036
0.161447
0.160035
0.160035
0.160036
0.161036
0.160035
0.165037
0.162178
0.141761
0.159034
0.158209
0.159035
0.161036
0.160035
0.159036
0.140199
0.160036
0.159515
0.161160
0.160035
0.162036
0.159324
0.161253
0.159484
0.160295
0.161036
0.166037
0.163037
0.163036
0.161575
0.161035
0.141393
0.159035
0.134030
0.161036
0.160035
0.161216
0.159035
0.159369
0.159035
0.159036
0.160178
0.159242
0.159036
0.160036
0.160036
0.159035
0.160083
0.158035
0.159750
0.164036
0.130029
0.160035
0.160121
0.166037
0.163469
0.162392
0.160035
0.161036
0.161036
0.159035
0.158035
0.140158
0.160035
0.161036
0.159532
0.160036
0.159035
0.160036
0.092019
0.164036
0.160035
0.161097
0.159035
0.161035
0.159244
0.159035
0.164036
0.162036
0.160036
0.160229
0.159035
0.159036
0.161036
0.165197
0.163036
0.162036
0.145032
0.160035
0.160082
0.162055
0.161035
0.161036
0.160522
0.160035
0.161036
0.165036
0.163037
0.161036
0.161036
0.161587
0.160035
0.160036
0.165037
0.160709
0.123307
0.158696
0.161035
0.160036
0.162036
0.160035
0.160035
0.162345
0.162122
0.160035
0.159244
0.160035
0.161036
0.142051
0.158035
0.159035
0.159101
0.160035
0.131029
0.161036
0.159433
0.142047
0.159326
0.156609
0.160595
0.159134
0.159035
0.160036
0.160035
0.161037
0.160035
0.160036
0.165141
0.163146
0.161212
0.162036
0.143031
0.160035
0.162036
0.164036
0.165082
0.163036
0.163035
0.160286
0.166037
0.172038
0.166037
0.166037
0.165125
0.161036
0.160035
0.160036
0.156034
0.161036
0.140031
0.158110
0.158035
0.160147
0.159035
0.159035
0.159035
0.160035
0.159035
0.165036
0.161036
0.166036
0.164036
0.160035
0.159219
0.165037
0.162035
0.162035
0.139129
0.159035
0.161036
0.159035
0.159387
0.165036
0.164036
0.162036
0.140623
0.157036
0.162036
0.160534
0.160036
0.162036
0.161036
0.159035
0.160210
0.166037
0.140533
0.162036
0.161036
0.160036
0.163036
0.160035
0.161036
0.157034
0.160035
0.160035
0.159888
0.160036
0.161036
0.160035
0.159460
0.159112
0.160784
0.161036
0.108178
0.159170
0.160035
0.159136
0.162036
0.159036
0.161101
0.160035
0.160035
0.161036
0.161036
0.160036
0.160035
0.160036
0.161098
0.161036
0.161036
0.166037
0.139030
0.161035
0.160036
0.162036
0.161114
0.160335
0.161036
0.165036
0.164037
0.161036
0.160035
0.160035
0.160035
0.160107
0.162036
0.161036
0.161235
0.089868
0.167161
0.178040
0.182041
0.175098
0.175345
0.180044
0.181041
0.183042
0.184041
0.183041
0.179109
0.180040
0.181040
0.180041
0.177272
0.179040
0.179040
0.161553
0.165190
0.148461
0.165036
0.166036
0.162727
0.158035
0.159035
0.160035
0.161102
0.159035
0.165350
0.163458
0.162036
0.162403
0.167241
0.165063
0.162036
0.163036
0.161035
0.157035
0.160035
0.165036
0.163036
0.167037
0.166037
0.170038
0.167037
0.166036
0.169038
0.165167
0.165037
0.167135
0.165036
0.164036
0.161036
0.160035
0.160097
0.154034
0.165036
0.164036
0.162164
0.162036
0.161036
0.161036
0.162036
0.161036
0.166037
0.165036
0.142889
0.160035
0.162036
0.160196
0.160035
0.162037
0.161036
0.143032
0.162036
0.179040
0.182712
0.178039
0.181041
0.182041
0.178040
0.180040
0.172038
0.170038
0.161036
0.160209
0.160126
0.161035
0.157211
0.160036
0.141353
0.160393
0.144757
0.163036
0.160034
0.159035
0.160035
0.161036
0.160036
0.160036
0.163036
0.161036
0.161036
0.159035
0.162036
0.160111
0.161036
0.160035
0.148051
0.161403
0.160036
0.161036
0.143031
0.159034
0.161077
0.163036
0.163054
0.164037
0.165360
0.163036
0.164036
0.170157
0.167036
0.163035
0.160205
0.160035
0.137775
0.159035
0.159036
0.161035
0.159035
0.161036
0.161036
0.142199
0.160202
0.162036
0.162036
0.162036
0.160035
0.140981
0.159496
0.161242
0.162037
0.161380
0.144504
0.160036
0.161035
0.168037
0.166037
0.165149
0.163036
0.163035
0.162036
0.165037
0.166037
0.162264
0.160035
0.142093
0.160035
0.162300
0.162036
0.161036
0.141031
0.160035
0.160036
0.169038
0.165037
0.163036
0.162035
0.167038
0.166037
0.165037
0.163496
0.163036
0.157035
0.165036
0.163423
0.163037
0.162089
0.162036
0.134733
0.161547
0.160809
0.177040
0.176040
0.173066
0.172039
0.182041
0.181041
0.181040
0.183040
0.182041
0.178039
0.174038
0.167704
0.167037
0.163036
0.163884
0.164229
0.161036
0.161035
0.162102
0.161097
0.160036
0.160035
0.161036
0.161036
0.160036
0.157854
0.161036
0.161036
0.139031
0.167112
0.164037
0.164037
0.160036
0.171038
0.166209
0.163761
0.160506
0.162036
0.160036
0.161336
0.161036
0.159163
0.159035
0.159135
0.160036
0.142544
0.161036
0.159035
0.160036
0.161035
0.157035
0.162411
0.160036
0.161036
0.163408
0.160035
0.160439
0.142577
0.161215
0.160036
0.139574
0.160326
0.160921
0.159204
0.160034
0.160035
0.160035
0.160035
0.141032
0.161036
0.162036
0.160035
0.163036
0.161036
0.162036
0.161149
0.161036
0.162036
0.164037
0.163036
0.158463
0.162035
0.165483
0.166232
0.162187
0.159035
0.141032
0.162477
0.139174
0.157297
0.159035
0.159035
0.162036
0.162036
0.164037
0.162036
0.163037
0.162118
0.161035
0.163037
0.161102
0.159103
0.159035
0.158035
0.125028
0.160035
0.158035
0.165036
0.164599
0.161326
0.160036
0.157035
0.160036
0.165037
0.162036
0.161058
0.160341
0.158035
0.159035
0.138340
0.159088
0.159445
0.122027
0.160036
0.160035
0.158035
0.159035
0.160035
0.159035
0.159035
0.158581
0.160036
0.159404
0.160088
0.160036
0.160036
0.159944
0.159035
0.160085
0.159035
0.151033
0.165036
0.165037
0.163035
0.166200
0.165298
0.169162
0.164037
0.164037
0.163036
0.164060
0.162179
0.160630
0.165036
0.164037
0.165036
0.167037
0.167498
0.141773
0.160035
0.160569
0.160035
0.163025
0.161390
0.160993
0.162036
0.161035
0.161035
0.141332
0.160035
0.164037
0.161036
0.141571
0.160035
0.162036
0.160035
0.126369
0.161036
0.162076
0.163393
0.161036
0.161036
0.166037
0.164036
0.135029
0.161091
0.162035
0.161036
0.160035
0.163036
0.161036
0.161122
0.160453
0.162036
0.142031
0.163037
0.162036
0.161294
0.166036
0.170038
0.169312
0.166038
0.166241
0.163037
0.160694
0.161035
0.164335
0.164363
0.164036
0.141851
0.158035
0.159035
0.144032
0.163518
0.163036
0.164144
0.164285
0.159034
0.159034
0.160077
0.159311
0.165037
0.165037
0.169038
0.169038
0.165037
0.163650
0.162038
0.163036
0.162035
0.145794
0.159035
0.162036
0.161095
0.163254
0.162036
0.162037
0.161083
0.166359
0.166573
0.168316
0.166036
0.166037
0.165276
0.164358
0.163152
0.161491
0.161035
0.158035
0.162036
0.160506
0.160035
0.146711
0.136031
0.159404
0.158209
0.159035
0.158927
0.159035
0.159035
0.159098
0.160035
0.140361
0.160347
0.160321
0.161036
0.137030
0.161036
0.159035
0.148701
0.162255
0.159035
0.160035
0.160035
0.159306
0.163036
0.169109
0.163036
0.165413
0.163055
0.161073
0.159412
0.160468
0.160036
0.108024
0.164036
0.164036
0.143743
0.126205
0.161036
0.161035
0.160035
0.161075
0.160036
0.159412
0.159345
0.160085
0.160036
0.160035
0.160035
0.088855
0.176040
0.169200
0.157053
0.132636
0.159035
0.135030
0.158175
0.159035
0.133029
0.158035
0.161036
0.160199
0.160090
0.159035
0.160035
0.162036
0.122085
0.160035
0.161036
0.161036
0.103023
0.160035
0.160035
0.123027
0.153439
0.179040
0.180040
0.179040
0.180038
0.139351
0.133030
0.148033
0.163036
0.161233
0.162036
0.161035
0.164037
0.164036
0.141751
0.139353
0.175038
0.162036
0.126631
0.162036
0.164036
0.162037
0.163036
0.162036
0.163079
0.162036
0.163037
0.163036
0.134029
0.160035
0.156186
0.159036
0.160042
0.160040
0.104023
0.137030
0.160036
0.119026
0.174039
0.172126
0.167037
0.163036
0.161036
0.161105
0.161320
0.161036
0.158348
0.161036
0.159621
0.160036
0.159295
0.161099
0.148034
0.166036
0.163036
0.161036
0.160036
0.158238
0.160437
0.161079
0.159057
0.160035
0.160035
0.159295
0.161036
0.160035
0.159000
0.159036
0.160035
0.161036
0.132029
0.161354
0.160036
0.163036
0.181041
0.181066
0.181041
0.182253
0.182041
0.177040
0.175039
0.176039
0.175039
0.180570
0.182040
0.178058
0.179040
0.179040
0.182552
0.182273
0.179040
0.179040
0.169038
0.168060
0.165266
0.160035
0.159035
0.160036
0.160036
0.139280
0.161036
0.160036
0.159036
0.161036
0.158409
0.128029
0.161036
0.141366
0.160036
0.159035
0.159035
0.159552
0.158035
0.158034
0.159035
0.161511
0.160035
0.151034
0.160036
0.140871
0.160036
0.161054
0.160036
0.139030
0.160034
0.158035
0.159035
0.141265
0.159035
0.158035
0.159035
0.160151
0.159449
0.161096
0.163036
0.165037
0.142753
0.159218
0.159035
0.158938
0.158036
0.129958
0.165036
0.155034
0.159449
0.157510
0.137205
0.158036
0.158075
0.159045
0.158035
0.158036
0.160035
0.160036
0.160036
0.159473
0.159034
0.160036
0.164037
0.133845
0.162036
0.160338
0.158035
0.162261
0.163036
0.159035
0.159035
0.160361
0.160035
0.161036
0.160035
0.159022
0.161036
0.160036
0.161035
0.163036
0.160473
0.153034
0.160036
0.166037
0.162465
0.161036
0.161159
0.167037
0.166036
0.163454
0.168037
0.167037
0.163035
0.162279
0.162035
0.161036
0.162037
0.161036
0.167037
0.146436
0.160035
0.164175
0.163128
0.162035
0.169120
0.165036
0.164036
0.171038
0.164036
0.165037
0.163036
0.163036
0.163569
0.163380
0.162036
0.161036
0.161316
0.147676
0.162036
0.167037
0.166036
0.166037
0.165279
0.164492
0.163033
0.142383
0.162393
0.161036
0.162036
0.159710
0.160035
0.161036
0.164036
0.160331
0.161036
0.116025
0.159658
0.164037
0.161036
0.168037
0.164036
0.166037
0.164037
0.162220
0.164037
0.162356
0.161036
0.162036
0.162036
0.160036
0.166037
0.165037
0.163036
0.142032
0.163332
0.165037
0.161035
0.160035
0.142946
0.163036
0.163102
0.160469
0.159035
0.137555
0.158035
0.159036
0.158035
0.158035
0.161036
0.158508
0.159035
0.115511
0.160036
0.161098
0.159035
0.158035
0.159042
0.157035
0.159036
0.160036
0.157035
0.158035
0.163314
0.163035
0.161036
0.161506
0.162035
0.163037
0.165037
0.152034
0.124702
0.159385
0.158478
0.159609
0.159151
0.160035
0.160131
0.160263
0.160035
0.160035
0.139406
0.159140
0.159102
0.159036
0.158035
0.159098
0.160035
0.138529
0.168038
0.160036
0.158079
0.159036
0.158036
0.159035
0.158035
0.157035
0.159035
0.159827
0.159091
0.159035
0.161036
0.159520
0.160036
0.161036
0.159301
0.136031
0.157718
0.159035
0.159340
0.159117
0.158035
0.160034
0.158035
0.159035
0.161329
0.159035
0.159451
0.166037
0.162036
0.168518
0.165037
0.162035
0.159035
0.283071
0.346078
0.338078
0.349815
0.337075
0.347075
0.339493
0.352081
0.172038
0.173038
0.178036
0.179041
0.177039
0.180038
0.158049
0.157035
0.160035
0.159035
0.141031
0.158140
0.164037
0.168038
0.165238
0.163037
0.161035
0.167037
0.163415
0.164036
0.161332
0.161036
0.160033
0.158034
0.158035
0.157756
0.138030
0.157035
0.153034
0.157034
0.161036
0.161220
0.160053
0.157397
0.159036
0.157694
0.159036
0.159532
0.158146
0.158035
0.157035
0.158036
0.162036
0.159035
0.158524
0.159078
0.153033
0.157035
0.162607
0.162035
0.159053
0.163394
0.162036
0.167037
0.166037
0.164037
0.161035
0.160035
0.158284
0.179692
0.180040
0.179040
0.179039
0.178040
0.180040
0.179039
0.175039
0.180040
0.179100
0.181040
0.179040
0.180041
0.179040
0.175039
0.176039
0.176036
0.180156
0.179039
0.180041
0.179040
0.170037
0.146033
0.167038
0.168086
0.158035
0.159036
0.159035
0.156317
0.160036
0.151034
0.158034
0.160036
0.159035
0.156277
0.159035
0.163387
0.161470
0.160035
0.159034
0.133985
0.158035
0.159736
0.159468
0.158035
0.158632
0.160035
0.160035
0.159035
0.159035
0.157263
0.160036
0.160035
0.158907
0.159035
0.159035
0.158345
0.159036
0.172039
0.169038
0.167038
0.177372
0.178039
0.175550
0.181040
0.182041
0.181041
0.179039
0.180041
0.183041
0.172038
0.171038
0.162036
0.160104
0.160035
0.148718
0.163036
0.161035
0.161036
0.161035
0.161036
0.160035
0.160206
0.162037
0.161035
0.160443
0.155837
0.161036
0.162036
0.160036
0.162036
0.160035
0.161036
0.137031
0.161036
0.161036
0.161036
0.162036
0.160035
0.140709
0.161036
0.161036
0.162035
0.144353
0.176039
0.175272
0.169933
0.167037
0.164094
0.159894
0.172038
0.165037
0.162036
0.152716
0.167037
0.140031
0.166159
0.179039
0.180038
0.180040
0.180041
0.170385
0.172038
0.168113
0.162036
0.162036
0.162036
0.158044
0.160035
0.153034
0.181202
0.176525
0.180040
0.166298
0.161898
0.159969
0.159036
0.159035
0.160035
0.159106
0.159036
0.159035
0.160036
0.159035
0.160036
0.159739
0.159035
0.142031
0.159035
0.159035
0.159035
0.160036
0.163036
0.161249
0.165036
0.164562
0.164056
0.162478
0.166037
0.163036
0.168037
0.166037
0.163036
0.164105
0.163036
0.139031
0.163036
0.160034
0.160867
0.163036
0.162331
0.160035
0.160144
0.161702
0.166036
0.164710
0.163262
0.162035
0.161036
0.168037
0.166037
0.170038
0.167037
0.151033
0.161036
0.166037
0.163036
0.164036
0.164036
0.162036
0.162036
0.161236
0.161036
0.161322
0.165037
0.164945
0.162036
0.162105
0.161035
0.164402
0.165036
0.141281
0.161036
0.160035
0.159750
0.161036
0.160036
0.162036
0.141064
0.161036
0.161241
0.160035
0.162037
0.160035
0.163036
0.162036
0.160035
0.161036
0.140295
0.120144
0.161036
0.155035
0.160414
0.161036
0.160035
0.160163
0.160036
0.161494
0.160036
0.159566
0.160035
0.160036
0.160378
0.159159
0.141894
0.163037
0.159035
0.159036
0.182040
0.177289
0.181041
0.159035
0.160036
0.159035
0.160036
0.160471
0.161036
0.161035
0.160036
0.160036
0.161036
0.160035
0.161323
0.159285
0.159035
0.148033
0.161036
0.158035
0.169037
0.162035
0.162036
0.160270
0.160115
0.160035
0.139941
0.160035
0.161381
0.161295
0.160036
0.160465
0.161036
0.162035
0.158034
0.135778
0.158034
0.158035
0.160035
0.159344
0.159035
0.158728
0.162036
0.159296
0.160036
0.160035
0.158056
0.162036
0.142052
0.161036
0.161035
0.161036
0.157683
0.171039
0.171038
0.166037
0.160035
0.162036
0.160035
0.163507
0.161036
0.163142
0.162035
0.166069
0.163611
0.164160
0.162035
0.163037
0.161185
0.161036
0.160151
0.113025
0.159034
0.159035
0.161036
0.140051
0.161036
0.161036
0.159035
0.160217
0.159630
0.160035
0.160463
0.160296
0.162036
0.161169
0.161036
0.160225
0.160042
0.140039
0.161036
0.162036
0.159243
0.167037
0.166037
0.166037
0.165036
0.164037
0.142330
0.160036
0.161282
0.161308
0.159035
0.160035
0.159222
0.160204
0.159420
0.135030
0.158735
0.159087
0.157034
0.160036
0.160274
0.160126
0.161036
0.159035
0.161041
0.160035
0.159036
0.160036
0.165123
0.163037
0.178040
0.182041
0.176039
0.176039
0.180040
0.179996
0.181041
0.179039
0.184041
0.183396
0.179040
0.182041
0.183185
0.183041
0.182040
0.181040
0.179039
0.163567
0.165430
0.169038
0.168037
0.161870
0.166037
0.165410
0.164037
0.167038
0.164037
0.163398
0.161406
0.158035
0.160036
0.160386
0.159115
0.163196
0.162036
0.163035
0.163037
0.164078
0.164036
0.137030
0.162036
0.163036
0.157035
0.163036
0.158035
0.158035
0.158035
0.160035
0.158089
0.158100
0.159035
0.160035
0.162035
0.160201
0.161103
0.160035
0.161036
0.155857
0.160035
0.161036
0.163037
0.171313
0.177040
0.180040
0.180041
0.180040
0.176038
0.170038
0.165036
0.163094
0.161035
0.160409
0.141730
0.157454
0.159034
0.149515
0.159035
0.160510
0.158070
0.160035
0.159035
0.158035
0.159035
0.140273
0.159035
0.159035
0.159819
0.160035
0.159035
0.160036
0.158035
0.158035
0.158035
0.135246
0.140049
0.160035
0.158966
0.160035
0.160036
0.158716
0.141159
0.161499
0.162045
0.160805
0.159035
0.159035
0.160036
0.159035
0.159035
0.160035
0.140094
0.159035
0.163402
0.162036
0.161036
0.160035
0.159035
0.153034
0.169110
0.162431
0.173039
0.169489
0.166036
0.165337
0.161036
0.159491
0.159036
0.159035
0.160036
0.150033
0.160036
0.159097
0.151033
0.156507
0.169037
0.167037
0.164404
0.161036
0.161036
0.161088
0.159035
0.159035
0.160203
0.158361
0.155074
0.182041
0.178038
0.178082
0.156034
0.158146
0.160035
0.170038
0.177040
0.175039
0.176039
0.173146
0.170038
0.165228
0.174038
0.175854
0.176252
0.178120
0.177096
0.181040
0.181041
0.176038
0.166037
0.168037
0.167037
0.167037
0.165293
0.164036
0.163036
0.161036
0.160035
0.160036
0.160035
0.140712
0.159035
0.160035
0.148414
0.159035
0.161469
0.161036
0.135030
0.163036
0.161036
0.164036
0.162212
0.162036
0.169038
0.167037
0.166037
0.170038
0.166129
0.163128
0.304075
0.322071
0.354080
0.331075
0.323074
0.299165
0.180041
0.174062
0.174581
0.173039
0.166258
0.173039
0.168037
0.163036
0.163248
0.162419
0.161501
0.162036
0.161036
0.159035
0.160228
0.161036
0.162036
0.158036
0.169037
0.167037
0.166037
0.160036
0.159035
0.154524
0.161340
0.158036
0.159261
0.159035
0.161173
0.160294
0.160036
0.158181
0.160220
0.160035
0.161299
0.153033
0.160336
0.159035
0.160036
0.161036
0.160125
0.161035
0.159138
0.158036
0.160058
0.160475
0.159035
0.160035
0.160035
0.159035
0.160655
0.161036
0.159483
0.122028
0.174203
0.170058
0.172039
0.164036
0.165037
0.159882
0.160036
0.151254
0.171039
0.169450
0.165035
0.165037
0.161176
0.161498
0.160036
0.161035
0.160036
0.159034
0.168037
0.168037
0.164458
0.160146
0.161036
0.161036
0.161493
0.161353
0.162036
0.163036
0.162493
0.161084
0.161430
0.161035
0.162517
0.161035
0.161036
0.128568
0.161036
0.162514
0.164037
0.162037
0.162036
0.162035
0.161197
0.161456
0.162036
0.162036
0.161118
0.161456
0.161248
0.162036
0.162035
0.160035
0.161036
0.154080
0.161036
0.162175
0.161036
0.162036
0.162049
0.161047
0.160612
0.161035
0.161099
0.162344
0.163302
0.161648
0.162036
0.162036
0.162036
0.162036
0.161473
0.134142
0.161496
0.162036
0.157035
0.175040
0.171286
0.168038
0.165943
0.166037
0.163036
0.163580
0.163368
0.162672
0.161036
0.162036
0.163147
0.161036
0.161918
0.136952
0.160035
0.162036
0.161273
0.164036
0.161348
0.162097
0.161492
0.163036
0.161036
0.161506
0.161335
0.162035
0.166127
0.164380
0.163169
0.161486
0.161036
0.149033
0.161365
0.160452
0.162037
0.162104
0.162256
0.161036
0.162036
0.161035
0.161036
0.148454
0.161035
0.161131
0.160372
0.162036
0.162050
0.162036
0.161273
0.142031
0.161512
0.163036
0.162036
0.162448
0.162036
0.163037
0.153948
0.162283
0.162035
0.162036
0.162051
0.162507
0.162036
0.162035
0.162036
0.162036
0.163036
0.121840
0.162035
0.163036
0.162504
0.163036
0.161036
0.161036
0.162036
0.162036
0.161307
0.160204
0.161195
0.162035
0.163036
0.160363
0.161036
0.160558
0.161036
0.153033
0.162035
0.161479
0.161036
0.164036
0.140868
0.163205
0.162078
0.161107
0.163036
0.160217
0.162036
0.162036
0.162036
0.161036
0.162374
0.162343
0.161036
0.134030
0.168037
0.164037
0.166036
0.163105
0.162037
0.162036
0.162225
0.161503
0.161400
0.162055
0.162045
0.162035
0.146188
0.176261
0.173038
0.172039
0.171265
0.161410
0.159035
0.169037
0.169038
0.182104
0.182041
0.183041
0.181041
0.182041
0.182040
0.182041
0.176039
0.177492
0.177035
0.182040
0.182041
0.182039
0.182041
0.182041
0.179264
0.181039
0.181040
0.178040
0.180040
0.180040
0.178040
0.177123
0.178040
0.182041
0.182043
0.182040
0.178039
0.179040
0.179040
0.176161
0.179039
0.178039
0.181345
0.181040
0.179040
0.161452
0.160511
0.160035
0.160281
0.162030
0.160547
0.160035
0.159953
0.160289
0.162036
0.161036
0.161036
0.161036
0.162036
0.149342
0.164318
0.169056
0.164164
0.161036
0.162036
0.164520
0.164321
0.165128
0.165272
0.165036
0.165084
0.164683
0.165037
0.164262
0.164036
0.165507
0.164326
0.150034
0.166120
0.163540
0.161036
0.161036
0.161036
0.161036
0.167409
0.165249
0.166037
0.166110
0.162036
0.162410
0.161072
0.162035
0.161036
0.162205
0.162441
0.137085
0.163409
0.162035
0.161493
0.163056
0.162036
0.144038
0.162036
0.161035
0.160259
0.163036
0.162036
0.161036
0.162036
0.161036
0.161036
0.161036
0.162036
0.157035
0.163205
0.161035
0.161036
0.160461
0.161036
0.161099
0.160476
0.161036
0.161421
0.161535
0.149697
0.166037
0.160731
0.162238
0.162036
0.163036
0.162036
0.158952
0.172038
0.170038
0.167570
0.162036
0.161094
0.161482
0.161036
0.161036
0.161036
0.161036
0.162036
0.161035
0.162035
0.161352
0.160843
0.161252
0.160035
0.148965
0.168037
0.166037
0.164761
0.163036
0.161677
0.160035
0.160469
0.161036
0.161353
0.162036
0.162126
0.161706
0.161036
0.161035
0.162372
0.161035
0.159494
0.141031
0.166037
0.164036
0.165044
0.163036
0.162036
0.142827
0.162035
0.162037
0.161036
0.162591
0.162509
0.162037
0.163036
0.158036
0.159035
0.161176
0.161035
0.157222
0.168055
0.166037
0.165037
0.162074
0.160035
0.162036
0.162215
0.163037
0.162036
0.161035
0.161036
0.160524
0.160380
0.160035
0.162458
0.162036
0.162036
0.151010
0.169037
0.165184
0.164036
0.163036
0.162036
0.161036
0.162102
0.162126
0.162036
0.162035
0.162036
0.135483
0.174690
0.171038
0.170698
0.165256
0.163035
0.163511
0.163036
0.162050
0.163036
0.161035
0.161624
0.163037
0.161107
0.163417
0.161441
0.161035
0.162036
0.161036
0.162043
0.161036
0.163056
0.161036
0.161036
0.124488
0.176039
0.171507
0.171316
0.163055
0.161070
0.161646
0.159035
0.161035
0.161036
0.161036
0.161174
0.161036
0.161057
0.160392
0.161036
0.160035
0.160035
0.154035
0.163036
0.163582
0.161351
0.161036
0.159035
0.159035
0.159276
0.161036
0.159035
0.162103
0.168037
0.169090
0.165216
0.162035
0.161842
0.161036
0.162257
0.144086
0.162036
0.160691
0.161036
0.163037
0.161362
0.162036
0.160217
0.162123
0.162036
0.161160
0.161036
0.162335
0.162036
0.162036
0.161035
0.162525
0.163036
0.157849
0.162418
0.164037
0.161036
0.165037
0.162150
0.163126
0.162036
0.160455
0.161061
0.162035
0.162274
0.160035
0.099602
0.162729
0.163043
0.162035
0.174246
0.146033
0.162115
0.162035
0.161286
0.162676
0.160036
0.163036
0.161035
0.163036
0.163036
0.160036
0.161036
0.162036
0.159967
0.162036
0.162102
0.161399
0.161357
0.146282
0.163036
0.078018
0.077016
0.073645
0.075205
0.080960
0.079948
0.080406
0.079017
0.142032
0.095021
0.090020
0.086019
0.093019
0.087020
0.081018
0.081018
0.085019
0.098022
0.078725
0.081018
0.076017
0.077017
0.082971
0.075017
0.074774
0.078651
0.079017
0.092021
0.101681
0.165037
0.165306
0.167037
0.167751
0.168037
0.167037
0.166720
0.168037
0.167037
0.143032
0.168324
0.134567
0.168038
0.168037
0.149110
0.169127
0.169037
0.169038
0.168037
0.138930
0.144060
0.140031
0.153430
0.178040
0.172618
0.173039
0.175199
0.155035
0.130029
0.174767
0.172566
0.168563
0.169055
0.137031
0.169038
0.167037
0.168037
0.167502
0.140031
0.168490
0.168037
0.169038
0.125633
0.168208
0.167096
0.142129
0.167037
0.169498
0.090311
0.165336
0.164037
0.165037
0.147052
0.170038
0.170137
0.169037
0.169190
0.170078
0.170038
0.168037
0.165036
0.166037
0.167037
0.176209
0.180376
0.174039
0.174038
0.171418
0.170038
0.169038
0.169401
0.168157
0.170037
0.146193
0.167960
0.169112
0.169038
0.169234
0.169368
0.169037
0.168278
0.174039
0.143031
0.168568
0.168338
0.139559
0.170086
0.107890
0.167037
0.175038
0.176610
0.177039
0.179040
0.176039
0.184833
0.179040
0.175297
0.176039
0.180040
0.164885
0.165036
0.165119
0.168088
0.172156
0.171038
0.172528
0.168185
0.168037
0.170256
0.172038
0.171438
0.153998
0.168223
0.168084
0.168113
0.169038
0.170037
0.175645
0.180040
0.173162
0.172038
0.167699
0.166193
0.166761
0.167367
0.166450
0.167370
0.167037
0.166037
0.166439
0.167037
0.169058
0.168075
0.169038
0.142031
0.135991
0.166332
0.166036
0.166037
0.134030
0.168341
0.148989
0.167037
0.166115
0.167037
0.166048
0.136030
0.168037
0.167037
0.166464
0.166037
0.144352
0.166037
0.136676
0.167037
0.166037
0.167037
0.131628
0.167037
0.150439
0.166225
0.166036
0.167037
0.167085
0.166036
0.134029
0.166136
0.128774
0.146032
0.157911
0.178142
0.168037
0.166039
0.166037
0.166037
0.168367
0.166078
0.168037
0.167037
0.167037
0.167037
0.166037
0.168060
0.169037
0.169038
0.169256
0.172039
0.171041
0.173039
0.177182
0.181041
0.178040
0.177039
0.174039
0.170038
0.154035
0.170038
0.173617
0.177040
0.159036
0.136030
0.165036
0.121505
0.168144
0.176408
0.169038
0.171037
0.143032
0.166037
0.167037
0.167037
0.167260
0.168071
0.167347
0.169037
0.171039
0.167037
0.171038
0.157035
0.168037
0.148912
0.167037
0.165477
0.167037
0.169038
0.150031
0.167037
0.170038
0.173689
0.147992
0.168554
0.167037
0.166476
0.168448
0.149403
0.168038
0.168577
0.135155
0.140031
0.168162
0.167037
0.148135
0.167594
0.144032
0.167360
0.168076
0.168037
0.166204
0.170216
0.168576
0.169216
0.169038
0.171523
0.172038
0.174099
0.173038
0.175483
0.175239
0.177039
0.175039
0.183269
0.178117
0.175039
0.170054
0.167433
0.168036
0.168038
0.168327
0.168250
0.168089
0.168037
0.168037
0.168038
0.168169
0.166258
0.168255
0.169038
0.168164
0.170038
0.171681
0.176039
0.175200
0.173038
0.176039
0.178040
0.179129
0.172806
0.177499
0.171038
0.170038
0.170069
0.170493
0.170570
0.170550
0.170038
0.170038
0.170038
0.170536
0.164037
0.167462
0.170086
0.170038
0.171038
0.169419
0.166037
0.166038
0.166250
0.166056
0.172038
0.172038
0.173038
0.172039
0.171238
0.170038
0.171038
0.161798
0.172038
0.173038
0.171225
0.171038
0.175040
0.175410
0.178040
0.179040
0.180272
0.175039
0.172471
0.168038
0.167036
0.168037
0.169216
0.168111
0.167037
0.169183
0.166277
0.169037
0.170038
0.170280
0.154034
0.167065
0.169038
0.169037
0.170332
0.171856
0.117445
0.168509
0.168038
0.167037
0.168126
0.167340
0.167108
0.172038
0.174039
0.174039
0.174039
0.178099
0.181111
0.182294
0.179612
0.172264
0.164315
0.168037
0.169100
0.170175
0.170038
0.169770
0.169918
0.170080
0.168037
0.175039
0.174057
0.176047
0.177040
0.180040
0.179040
0.180257
0.177366
0.175215
0.173073
0.170038
0.170337
0.165036
0.166037
0.166184
0.167037
0.167037
0.166037
0.172038
0.170082
0.171152
0.170038
0.172038
0.177042
0.178753
0.175461
0.177040
0.179040
0.178336
0.180040
0.174039
0.171362
0.171438
0.170038
0.169436
0.166737
0.171038
0.169038
0.170038
0.170037
0.176039
0.173038
0.171444
0.172038
0.172038
0.172038
0.172038
0.173039
0.174038
0.173038
0.174020
0.172038
0.171436
0.173473
0.173038
0.175039
0.169037
0.169037
0.170038
0.169038
0.170038
0.169037
0.170038
0.125028
0.171038
0.166036
0.165037
0.165037
0.165036
0.164037
0.165386
0.166037
0.170327
0.171037
0.169240
0.169037
0.170037
0.170048
0.170038
0.171038
0.171038
0.172114
0.173402
0.172039
0.173473
0.170038
0.169038
0.173039
0.175171
0.172255
0.183041
0.174435
0.173038
0.167037
0.166090
0.148732
0.175038
0.167090
0.167037
0.167019
0.166037
0.166037
0.168663
0.167148
0.167037
0.168158
0.166037
0.168038
0.168037
0.167507
0.169346
0.169036
0.171038
0.170679
0.171596
0.172165
0.172148
0.171109
0.169259
0.170254
0.171038
0.175040
0.176094
0.177039
0.176598
0.180042
0.175492
0.167219
0.167037
0.168037
0.168037
0.169180
0.170038
0.169244
0.168037
0.167056
0.168379
0.169037
0.167037
0.170378
0.169721
0.168563
0.170038
0.172038
0.178040
0.182041
0.182040
0.180039
0.176602
0.173156
0.169038
0.169530
0.169038
0.181408
0.176310
0.170624
0.168036
0.168036
0.168037
0.168038
0.168872
0.167037
0.169037
0.169086
0.168038
0.169038
0.168037
0.170037
0.170038
0.172038
0.173039
0.172101
0.170126
0.169038
0.171038
0.174039
0.176376
0.176039
0.174039
0.176084
0.175039
0.172393
0.171038
0.171038
0.170038
0.170038
0.170038
0.171038
0.170203
0.169038
0.165306
0.166386
0.165036
0.165036
0.166111
0.170038
0.171517
0.172038
0.174039
0.176039
0.177526
0.178040
0.180490
0.174038
0.171038
0.165036
0.167037
0.166273
0.166037
0.166037
0.165848
0.166037
0.169066
0.168037
0.168038
0.144032
0.169507
0.169037
0.168779
0.170507
0.170441
0.171752
0.173039
0.173038
0.172038
0.172107
0.176039
0.176039
0.174902
0.173567
0.177442
0.178040
0.176039
0.175651
0.174856
0.172450
0.172225
0.169038
0.166512
0.167037
0.142357
0.168084
0.167038
0.167534
0.168252
0.168037
0.169038
0.171039
0.172039
0.174754
0.175038
0.178039
0.176039
0.174256
0.170037
0.168038
0.167113
0.167133
0.168825
0.168038
0.167037
0.167037
0.167037
0.168037
0.168083
0.168037
0.169502
0.169038
0.170038
0.171038
0.173040
0.178040
0.181041
0.176039
0.177543
0.173317
0.171144
0.166065
0.166037
0.166375
0.167343
0.166036
0.167037
0.166037
0.166084
0.166036
0.167036
0.167037
0.176057
0.176040
0.181981
0.178040
0.180040
0.175039
0.172038
0.171305
0.168647
0.170038
0.170038
0.169037
0.170239
0.169038
0.170038
0.170131
0.169038
0.170038
0.171160
0.170038
0.170038
0.171107
0.170038
0.170197
0.171038
0.167037
0.166038
0.169039
0.171534
0.171038
0.171038
0.172038
0.172039
0.171323
0.172039
0.174039
0.178341
0.178040
0.171038
0.171038
0.170289
0.169655
0.171038
0.170038
0.170036
0.170038
0.170038
0.168161
0.167038
0.167319
0.169037
0.168226
0.172040
0.174039
0.174405
0.173038
0.179040
0.182040
0.177039
0.175038
0.171352
0.167405
0.166037
0.165037
0.168471
0.128382
0.167037
0.167037
0.166037
0.165101
0.166037
0.165037
0.165099
0.166036
0.167037
0.166037
0.166036
0.165848
0.167037
0.169038
0.167145
0.168037
0.172039
0.172038
0.175039
0.171381
0.171037
0.174039
0.172107
0.177603
0.180442
0.177039
0.174039
0.169037
0.170134
0.169038
0.169037
0.168037
0.167577
0.170038
0.170502
0.168037
0.168838
0.170182
0.168037
0.170187
0.170038
0.168038
0.179042
0.177214
0.175039
0.171146
0.165249
0.166416
0.166172
0.168036
0.168037
0.168037
0.168037
0.167469
0.167037
0.168166
0.167037
0.168038
0.169038
0.169148
0.174700
0.176468
0.174038
0.169038
0.169029
0.170038
0.171038
0.170037
0.170304
0.170510
0.171038
0.169327
0.167037
0.165037
0.166036
0.167037
0.168150
0.168037
0.168536
0.172039
0.172234
0.174039
0.171038
0.175039
0.173039
0.177040
0.180040
0.179040
0.176039
0.170265
0.167433
0.165085
0.167423
0.167037
0.169037
0.171239
0.171038
0.170352
0.170037
0.170447
0.170038
0.171038
0.172006
0.172038
0.170038
0.170038
0.170043
0.153034
0.166037
0.173463
0.174452
0.175521
0.173307
0.178040
0.178040
0.176113
0.171037
0.167038
0.164176
0.167037
0.166142
0.165417
0.166775
0.166036
0.166037
0.168038
0.148705
0.168037
0.168359
0.167488
0.167596
0.168047
0.179040
0.177039
0.172123
0.168038
0.168362
0.152934
0.169037
0.167037
0.167037
0.167037
0.168330
0.168036
0.167370
0.167037
0.168205
0.167211
0.168548
0.168038
0.180041
0.183041
0.178507
0.173038
0.174134
0.170038
0.169439
0.170038
0.170038
0.165036
0.165036
0.165036
0.164929
0.165202
0.169038
0.170038
0.169037
0.170037
0.173380
0.178040
0.175039
0.178040
0.179040
0.178040
0.179040
0.177040
0.175039
0.174039
0.169935
0.170051
0.169038
0.169247
0.169037
0.168037
0.169037
0.170038
0.184042
0.182041
0.177039
0.173040
0.165550
0.164036
0.168038
0.170581
0.170037
0.170068
0.171055
0.170197
0.170038
0.170038
0.167037
0.169495
0.170038
0.172038
0.175039
0.178040
0.180041
0.177164
0.175035
0.169041
0.165440
0.164347
0.166037
0.166036
0.167037
0.166037
0.166247
0.165360
0.168133
0.168037
0.168037
0.168037
0.171038
0.174039
0.174106
0.177040
0.176040
0.177040
0.174037
0.169038
0.167037
0.167619
0.167036
0.167036
0.167037
0.167269
0.164656
0.167037
0.168037
0.170112
0.172039
0.172038
0.172113
0.154997
0.168037
0.167037
0.169038
0.169077
0.169038
0.169038
0.170038
0.169052
0.169038
0.169037
0.170153
0.170082
0.171038
0.183041
0.173038
0.167498
0.167474
0.168313
0.147955
0.169131
0.167190
0.169037
0.168037
0.169036
0.168583
0.169037
0.169038
0.169256
0.170048
0.171459
0.172258
0.172039
0.182040
0.179039
0.176005
0.173038
0.167037
0.168037
0.167401
0.168037
0.168648
0.168037
0.168037
0.168317
0.168079
0.168131
0.168037
0.169392
0.168382
0.168100
0.173038
0.180040
0.177040
0.174038
0.175039
0.170038
0.170038
0.168509
0.170148
0.169447
0.169037
0.170114
0.170755
0.170038
0.166037
0.163892
0.165036
0.166310
0.178041
0.175039
0.175516
0.180409
0.180709
0.180040
0.175776
0.170244
0.164950
0.173038
0.165037
0.166037
0.166037
0.166521
0.166037
0.167038
0.166037
0.171038
0.181041
0.175054
0.171038
0.171038
0.169038
0.169037
0.169184
0.170038
0.169433
0.168468
0.168444
0.169202
0.170038
0.170038
0.171038
0.167037
0.167037
0.168108
0.173039
0.173038
0.179301
0.182279
0.179595
0.171121
0.167037
0.167180
0.166037
0.167037
0.166036
0.167037
0.165353
0.168037
0.167037
0.166091
0.167037
0.167037
0.170038
0.172592
0.173038
0.174613
0.183041
0.178039
0.173038
0.172038
0.168038
0.167037
0.168038
0.168037
0.168092
0.166037
0.169038
0.167137
0.168038
0.169267
0.177039
0.174039
0.172110
0.168037
0.168038
0.166612
0.167037
0.168037
0.167037
0.168137
0.167406
0.148534
0.168037
0.167037
0.167037
0.168037
0.168950
0.167037
0.172470
0.172038
0.175039
0.176039
0.178040
0.175514
0.179040
0.177100
0.174147
0.170037
0.169074
0.167037
0.167036
0.168045
0.168038
0.170038
0.168037
0.168462
0.169038
0.168037
0.169038
0.170038
0.169411
0.170037
0.171039
0.171038
0.169038
0.169037
0.172040
0.173038
0.178040
0.179041
0.180040
0.180040
0.183222
0.173194
0.166037
0.167071
0.171386
0.171071
0.169037
0.168710
0.169124
0.169036
0.170377
0.170038
0.169037
0.172131
0.170037
0.168037
0.168038
0.168245
0.177039
0.176039
0.167125
0.164165
0.165036
0.169226
0.171184
0.169755
0.171064
0.169876
0.170038
0.124607
0.170038
0.169038
0.165350
0.165037
0.167037
0.166328
0.165751
0.166037
0.176368
0.175038
0.179041
0.176039
0.179040
0.181041
0.176038
0.173038
0.172038
0.165311
0.167037
0.166062
0.167037
0.166037
0.165375
0.166036
0.166036
0.168038
0.181041
0.173038
0.172672
0.170038
0.171038
0.170037
0.170038
0.168483
0.168461
0.170038
0.169126
0.169037
0.170037
0.170038
0.168295
0.169490
0.171038
0.170038
0.178040
0.180040
0.183041
0.180040
0.174071
0.169108
0.167037
0.170283
0.170133
0.171037
0.171063
0.169070
0.169272
0.164037
0.167037
0.167037
0.167037
0.167037
0.171040
0.173039
0.176080
0.181056
0.180040
0.179063
0.173422
0.175039
0.172038
0.170037
0.166037
0.167036
0.178039
0.170037
0.166289
0.167037
0.166036
0.166037
0.170038
0.169038
0.171038
0.170327
0.173038
0.170882
0.173197
0.174134
0.175039
0.177091
0.178117
0.181040
0.177039
0.173038
0.171531
0.170038
0.170038
0.169186
0.170448
0.169037
0.170038
0.171037
0.170205
0.170038
0.172039
0.174057
0.174639
0.169038
0.169118
0.169270
0.171038
0.171038
0.176039
0.176144
0.170321
0.176039
0.176215
0.175039
0.170038
0.169140
0.168331
0.169081
0.169489
0.169037
0.169038
0.168347
0.168037
0.148802
0.169038
0.154034
0.170038
0.170038
0.168313
0.167493
0.172341
0.168037
0.170038
0.168037
0.171039
0.173039
0.171038
0.173136
0.174039
0.173038
0.176023
0.177115
0.177405
0.180767
0.180151
0.178429
0.172038
0.168037
0.167037
0.166080
0.167182
0.167537
0.167126
0.168037
0.168237
0.168037
0.166100
0.166399
0.168037
0.169038
0.168037
0.169038
0.169038
0.169301
0.171039
0.170506
0.176039
0.175040
0.171038
0.171038
0.168036
0.169038
0.170038
0.169038
0.172039
0.169038
0.170038
0.170037
0.170037
0.172038
0.167038
0.166037
0.168406
0.169038
0.175039
0.174458
0.175039
0.175039
0.173188
0.178040
0.173039
0.172038
0.173268
0.170458
0.169038
0.169037
0.169337
0.169241
0.169250
0.164036
0.166037
0.164300
0.166642
0.168038
0.168038
0.168202
0.172039
0.173039
0.174233
0.169038
0.170283
0.171038
0.175039
0.177040
0.177039
0.177040
0.177038
0.178042
0.179749
0.176512
0.169038
0.170538
0.169038
0.169037
0.169037
0.168473
0.169070
0.169017
0.169063
0.168037
0.168037
0.170406
0.170037
0.170420
0.171038
0.171038
0.173051
0.174039
0.180279
0.177038
0.173459
0.168725
0.165037
0.170038
0.169434
0.171398
0.171039
0.171038
0.169037
0.165592
0.165037
0.166037
0.166036
0.166170
0.166752
0.167231
0.174075
0.171583
0.177040
0.175622
0.179500
0.177040
0.172038
0.166037
0.165036
0.147058
0.166037
0.166115
0.166037
0.166037
0.166037
0.166037
0.167565
0.167037
0.169391
0.172039
0.171509
0.172060
0.170145
0.170038
0.174196
0.172132
0.174039
0.174038
0.171038
0.175040
0.176040
0.174098
0.182041
0.181040
0.174505
0.173184
0.169038
0.166037
0.167036
0.168038
0.167037
0.166037
0.167037
0.168037
0.167431
0.167037
0.169038
0.167487
0.169038
0.170132
0.170038
0.170038
0.171038
0.172193
0.181041
0.180676
0.176378
0.172482
0.170108
0.167434
0.167238
0.167037
0.167037
0.167412
0.165036
0.166037
0.169037
0.168037
0.169037
0.168131
0.169053
0.170055
0.173038
0.170261
0.169038
0.167172
0.165452
0.166037
0.166601
0.167037
0.166525
0.166037
0.167037
0.167120
0.167037
0.167036
0.167083
0.169037
0.169037
0.169514
0.174040
0.174039
0.170496
0.172801
0.177040
0.179039
0.183041
0.178039
0.180374
0.175358
0.171232
0.169132
0.171039
0.169112
0.169037
0.170038
0.170374
0.170038
0.172039
0.167037
0.166037
0.167408
0.171038
0.172038
0.172038
0.160392
0.165036
0.167111
0.167037
0.173039
0.172038
0.170038
0.169038
0.170516
0.171379
0.181041
0.170038
0.169038
0.168038
0.167037
0.166037
0.168037
0.168037
0.166384
0.166291
0.167473
0.168037
0.168037
0.167037
0.166287
0.168038
0.168537
0.169171
0.170038
0.181040
0.179039
0.174482
0.172945
0.168168
0.165036
0.167465
0.166916
0.167036
0.165143
0.168508
0.165037
0.168219
0.168037
0.169456
0.169038
0.170038
0.170038
0.175039
0.177290
0.177040
0.180041
0.182531
0.177040
0.175654
0.170373
0.166037
0.166896
0.165036
0.168038
0.171473
0.166272
0.165037
0.165368
0.165598
0.167037
0.171036
0.170038
0.171280
0.171038
0.170038
0.173039
0.171504
0.173038
0.174039
0.173038
0.176040
0.178040
0.178040
0.181426
0.178039
0.173147
0.172462
0.167037
0.167697
0.167037
0.166036
0.166505
0.167213
0.167288
0.166036
0.167037
0.167284
0.165890
0.167036
0.168037
0.169152
0.167038
0.169037
0.169384
0.170510
0.172039
0.171038
0.173479
0.175039
0.176393
0.175039
0.173324
0.175039
0.177040
0.182274
0.180149
0.175039
0.172038
0.167090
0.168037
0.167084
0.167351
0.167170
0.166037
0.166331
0.166036
0.166037
0.168037
0.168037
0.168775
0.172039
0.173038
0.172039
0.176039
0.179040
0.180040
0.181041
0.177040
0.174039
0.179102
0.179039
0.176039
0.167532
0.171038
0.170038
0.171299
0.169446
0.169538
0.169038
0.170038
0.170038
0.169037
0.170038
0.165036
0.166097
0.164377
0.167037
0.167037
0.168180
0.170038
0.177040
0.171458
0.172111
0.170181
0.167150
0.169037
0.168037
0.168037
0.168493
0.170038
0.168587
0.168140
0.169038
0.169465
0.169038
0.168037
0.170037
0.170038
0.173039
0.174039
0.172412
0.172039
0.169038
0.171037
0.177040
0.176280
0.177546
0.111024
0.170416
0.171375
0.170128
0.170038
0.171038
0.167052
0.166037
0.166037
0.172570
0.173058
0.172038
0.173038
0.171038
0.174039
0.175039
0.177040
0.179091
0.173038
0.170038
0.165317
0.167037
0.167095
0.166037
0.167037
0.167037
0.166218
0.165161
0.166037
0.166306
0.169038
0.170038
0.169038
0.171039
0.170038
0.173409
0.172039
0.174039
0.174039
0.175511
0.175039
0.155080
0.165036
0.166849
0.169437
0.174038
0.172559
0.177040
0.174264
0.173039
0.179040
0.179039
0.175040
0.174148
0.172038
0.169038
0.168038
0.167693
0.168159
0.168592
0.168037
0.168357
0.167376
0.171038
0.169464
0.148960
0.169034
0.168452
0.169037
0.169037
0.169331
0.170038
0.169038
0.169041
0.169038
0.170038
0.171038
0.171039
0.177040
0.177935
0.182040
0.171037
0.168037
0.168037
0.169037
0.168037
0.136259
0.174318
0.171037
0.169037
0.168143
0.164295
0.168091
0.168037
0.168037
0.168037
0.168037
0.167510
0.168171
0.175316
0.182059
0.182011
0.176039
0.170038
0.169038
0.168489
0.169037
0.169038
0.167575
0.168037
0.168037
0.168038
0.168037
0.167037
0.168037
0.170112
0.169037
0.168038
0.169201
0.173039
0.175038
0.173038
0.171038
0.170114
0.171038
0.171038
0.171038
0.170038
0.170038
0.171038
0.171036
0.167091
0.166037
0.167036
0.172038
0.175039
0.173038
0.167036
0.166135
0.166458
0.166037
0.168458
0.170038
0.172038
0.129028
0.170761
0.167037
0.168037
0.167037
0.166838
0.167037
0.137262
0.166037
0.168037
0.168106
0.167126
0.167037
0.168037
0.168037
0.168188
0.170038
0.171039
0.171039
0.172611
0.172038
0.172038
0.174039
0.174039
0.174038
0.177889
0.181040
0.175039
0.171038
0.171316
0.169495
0.168460
0.168037
0.170038
0.169210
0.170191
0.169162
0.170038
0.169387
0.169357
0.168305
0.169038
0.169088
0.167037
0.171038
0.173039
0.176040
0.176058
0.175388
0.176538
0.179040
0.176039
0.177039
0.175262
0.171038
0.166037
0.165037
0.168101
0.171038
0.170037
0.171038
0.169038
0.169037
0.173038
0.173039
0.173038
0.175039
0.175039
0.177713
0.176501
0.183511
0.180992
0.171852
0.169037
0.170617
0.169038
0.170038
0.169038
0.171038
0.169873
0.171038
0.171038
0.167037
0.168036
0.167037
0.168367
0.169038
0.170038
0.172102
0.171514
0.173039
0.173111
0.172242
0.175039
0.173403
0.174259
0.174647
0.179040
0.182041
0.177560
0.169038
0.166037
0.168038
0.170104
0.169038
0.171038
0.170038
0.170038
0.170038
0.170037
0.170038
0.170552
0.170038
0.172530
0.170037
0.167037
0.170038
0.177040
0.180040
0.174039
0.171038
0.169500
0.153520
0.168037
0.167037
0.167037
0.169038
0.168037
0.150175
0.169037
0.148461
0.168037
0.168037
0.169038
0.168037
0.170038
0.169354
0.169037
0.170313
0.171442
0.173039
0.177040
0.176039
0.176039
0.175039
0.178040
0.180040
0.175040
0.169038
0.165477
0.168037
0.172240
0.172038
0.168127
0.167037
0.168037
0.167037
0.168037
0.169037
0.168038
0.169721
0.171038
0.170368
0.169474
0.171038
0.170409
0.170038
0.153034
0.167037
0.169079
0.168192
0.174039
0.181040
0.179471
0.173562
0.171078
0.167037
0.166036
0.167037
0.166037
0.167224
0.166037
0.167037
0.167307
0.167059
0.167037
0.146680
0.166202
0.167037
0.178040
0.180040
0.178040
0.174039
0.169249
0.167037
0.167037
0.169097
0.170038
0.170038
0.171038
0.171477
0.171038
0.167336
0.166037
0.166037
0.167038
0.167037
0.173040
0.177103
0.180040
0.181191
0.174039
0.172038
0.169038
0.166036
0.165282
0.166036
0.166037
0.168615
0.171038
0.172038
0.171038
0.171429
0.171038
0.169112
0.170038
0.171038
0.170037
0.172408
0.174039
0.174039
0.175039
0.176039
0.177040
0.182040
0.181258
0.180344
0.171038
0.166036
0.165036
0.169337
0.171038
0.169235
0.166215
0.166149
0.166037
0.167234
0.169037
0.171038
0.171038
0.169273
0.173039
0.173157
0.173039
0.174039
0.175038
0.175039
0.176348
