0.002001
0.178040
0.160229
0.157034
0.158997
0.158046
0.161069
0.159650
0.157502
0.159035
0.164036
0.176038
0.164093
0.167464
0.161141
0.161428
0.161769
0.159498
0.155713
0.158035
0.159132
0.157406
0.161035
0.160037
0.159035
0.160035
0.159035
0.159250
0.158035
0.187042
0.171038
0.167037
0.166989
0.168037
0.167036
0.164651
0.164316
0.163902
0.161575
0.163105
0.160095
0.159127
0.159070
0.159034
0.159035
0.159035
0.159441
0.160244
0.159036
0.158035
0.158108
0.159035
0.161036
0.160035
0.159083
0.160035
0.158392
0.161358
0.174145
0.179044
0.179197
0.175039
0.175124
0.177269
0.180461
0.179014
0.181040
0.181040
0.182040
0.177055
0.177039
0.180039
0.176324
0.178039
0.180195
0.178039
0.177039
0.177039
0.176039
0.182040
0.175068
0.175039
0.180039
0.179065
0.159324
0.118275
0.132253
0.145628
0.142048
0.176302
0.179039
0.175038
0.177516
0.175039
0.176037
0.176420
0.175038
0.180038
0.175106
0.176035
0.176039
0.175039
0.177039
0.178118
0.177039
0.179039
0.180040
0.181037
0.181192
0.180038
0.142067
0.136029
0.135276
0.143366
0.163036
0.158072
0.154154
0.165905
0.181040
0.176039
0.177038
0.178558
0.158035
0.137484
0.136596
0.137030
0.150033
0.179040
0.175039
0.177397
0.179039
0.175038
0.179039
0.158035
0.136379
0.150033
0.148402
0.157035
0.160468
0.161035
0.143243
0.158035
0.160308
0.160423
0.160501
0.160192
0.161155
0.160035
0.160113
0.161035
0.160035
0.160035
0.162036
0.144032
0.168070
0.169645
0.165620
0.175038
0.176064
0.171390
0.168437
0.166176
0.158425
0.158035
0.158035
0.159401
0.157035
0.158035
0.157035
0.150237
0.165559
0.162035
0.160035
0.166383
0.165513
0.161685
0.155485
0.176214
0.178039
0.178554
0.182040
0.148693
0.160064
0.161036
0.161972
0.162035
0.161053
0.161524
0.162035
0.160035
0.160035
0.109483
0.150527
0.162228
0.161258
0.148857
0.162036
0.173038
0.178827
0.176038
0.177038
0.176039
0.177590
0.177039
0.179122
0.141483
0.157004
0.158019
0.157559
0.161417
0.164908
0.133775
0.147127
0.155034
0.159079
0.160035
0.160305
0.159035
0.137305
0.155162
0.159331
0.159121
0.159447
0.147392
0.163072
0.161222
0.159528
0.157421
0.159374
0.160368
0.160117
0.150496
0.165243
0.178039
0.176167
0.157095
0.136473
0.134444
0.158489
0.160375
0.158745
0.159534
0.160292
0.159281
0.159158
0.159518
0.159160
0.161036
0.159115
0.159158
0.159650
0.132471
0.156229
0.145619
0.161248
0.160128
0.158032
0.158385
0.159445
0.159140
0.157788
0.159282
0.159314
0.160035
0.159475
0.159299
0.142390
0.165463
0.164437
0.158441
0.160035
0.149073
0.175322
0.172040
0.171153
0.167293
0.163325
0.160860
0.160804
0.160418
0.162036
0.161368
0.161227
0.161524
0.145031
0.168573
0.177039
0.182039
0.180040
0.179039
0.143325
0.142033
0.157035
0.160369
0.160393
0.161386
0.161385
0.160205
0.161504
0.161522
0.161551
0.147853
0.161036
0.161087
0.159035
0.161058
0.122363
0.143031
0.153351
0.156160
0.157627
0.155034
0.160035
0.145206
0.166036
0.169038
0.160756
0.160035
0.157442
0.159035
0.157035
0.152034
0.174531
0.179108
0.180040
0.180102
0.141513
0.138030
0.155034
0.160034
0.159239
0.159034
0.159201
0.160051
0.158642
0.125583
0.160238
0.160495
0.159508
0.160035
0.152184
0.171609
0.170061
0.168631
0.161188
0.161036
0.157490
0.166156
0.174353
0.176039
0.176039
0.169198
0.169411
0.164250
0.164046
0.159819
0.168233
0.165079
0.161493
0.157035
0.174367
0.169699
0.167037
0.161034
0.159053
0.159072
0.163036
0.161036
0.171268
0.167088
0.163425
0.159036
0.167550
0.168070
0.165036
0.163485
0.164036
0.156286
0.174039
0.178742
0.181038
0.179532
0.140944
0.115218
0.142366
0.160505
0.153422
0.173585
0.175037
0.175311
0.150141
0.124464
0.144031
0.155449
0.159036
0.158729
0.159035
0.146611
0.172145
0.161048
0.178039
0.179040
0.179039
0.179039
0.182398
0.146032
0.121026
0.129318
0.178039
0.182118
0.145032
0.118449
0.147032
0.154477
0.159035
0.149413
0.172037
0.178039
0.178039
0.157034
0.137508
0.142496
0.159033
0.158286
0.144032
0.144207
0.172037
0.170431
0.168152
0.164866
0.161242
0.156034
0.179039
0.179039
0.182039
0.182039
0.147032
0.140031
0.156034
0.160035
0.160035
0.159035
0.159428
0.140263
0.156062
0.160507
0.159557
0.158992
0.158891
0.152049
0.154033
0.166512
0.165509
0.164036
0.159489
0.174182
0.172038
0.168896
0.168095
0.165415
0.153214
0.175038
0.179103
0.180040
0.179411
0.182040
0.183040
0.183040
0.183040
0.182950
0.166545
0.163298
0.161379
0.117026
0.139040
0.152109
0.158035
0.161316
0.160060
0.161331
0.162036
0.143032
0.169672
0.160035
0.179260
0.078289
0.169235
0.161052
0.171037
0.180040
0.175516
0.141252
0.151536
0.156385
0.161036
0.161036
0.160512
0.160035
0.161036
0.161901
0.161035
0.130355
0.145138
0.157330
0.161611
0.160189
0.150335
0.169095
0.165287
0.164500
0.158471
0.157013
0.159166
0.157033
0.158035
0.159918
0.157034
0.153034
0.174123
0.179637
0.184040
0.183040
0.180040
0.176936
0.178039
0.176039
0.176039
0.154032
0.129480
0.141031
0.155034
0.159360
0.158049
0.159369
0.141385
0.163036
0.155283
0.174038
0.179039
0.179039
0.181040
0.180040
0.183040
0.180187
0.180039
0.180039
0.182152
0.158035
0.157530
0.158035
0.158479
0.134480
0.153213
0.160830
0.166323
0.159261
0.159468
0.159035
0.161035
0.161035
0.160498
0.161238
0.145032
0.157034
0.160175
0.146103
0.183251
0.175038
0.178040
0.157464
0.161035
0.093484
0.149033
0.179847
0.139558
0.130029
0.151641
0.159149
0.159446
0.162109
0.161385
0.161174
0.155514
0.148259
0.183040
0.180040
0.179039
0.181039
0.181040
0.182163
0.179039
0.179606
0.180040
0.161091
0.125231
0.145302
0.153189
0.156671
0.157438
0.140031
0.159035
0.160035
0.153034
0.177304
0.122091
0.134786
0.154094
0.157034
0.157424
0.159148
0.160036
0.158035
0.159437
0.158792
0.159362
0.160271
0.157034
0.152111
0.163291
0.167037
0.167037
0.165036
0.163035
0.161035
0.159034
0.157695
0.158335
0.159228
0.158034
0.124455
0.154467
0.160035
0.160036
0.159916
0.158035
0.137030
0.165037
0.164420
0.163180
0.161406
0.159035
0.167563
0.168038
0.165091
0.161036
0.160112
0.160139
0.161036
0.160035
0.166912
0.158734
0.175532
0.174038
0.171449
0.167617
0.165257
0.162500
0.161525
0.161035
0.160035
0.160035
0.169666
0.170325
0.165089
0.163037
0.175039
0.177039
0.176039
0.153033
0.129610
0.143077
0.155520
0.159120
0.158035
0.158308
0.149476
0.160035
0.151835
0.174038
0.181040
0.182040
0.179327
0.177039
0.175039
0.180040
0.175115
0.149385
0.121299
0.133388
0.158590
0.157062
0.173038
0.176362
0.154034
0.128685
0.136630
0.153873
0.156034
0.159035
0.161286
0.153372
0.168037
0.181039
0.179041
0.176234
0.175038
0.150478
0.121353
0.159104
0.143043
0.162036
0.171037
0.177039
0.157353
0.134517
0.137367
0.154823
0.158229
0.140653
0.160302
0.159575
0.159838
0.159034
0.160035
0.159392
0.158418
0.156035
0.169037
0.169992
0.161036
0.158191
0.124537
0.159245
0.163390
0.162899
0.162036
0.159600
0.157135
0.127028
0.165036
0.159035
0.120027
0.155035
0.159152
0.144178
0.154179
0.158035
0.158085
0.158354
0.168201
0.164883
0.162153
0.160035
0.161035
0.157681
0.168128
0.167186
0.162707
0.169037
0.169133
0.158820
0.177039
0.178039
0.160373
0.138972
0.120027
0.158034
0.158035
0.158499
0.157035
0.158035
0.158656
0.149375
0.165390
0.165037
0.161601
0.160035
0.154897
0.169039
0.180040
0.158559
0.120234
0.140264
0.154297
0.159251
0.158137
0.150145
0.171038
0.176601
0.182039
0.181214
0.141451
0.158232
0.158414
0.158035
0.158162
0.158469
0.158087
0.159035
0.158035
0.158114
0.146032
0.138555
0.154451
0.159231
0.158035
0.159036
0.159223
0.159035
0.158284
0.156111
0.142044
0.160775
0.159240
0.158433
0.160035
0.154099
0.179041
0.176039
0.176038
0.181605
0.178039
0.157294
0.162035
0.130398
0.157382
0.163094
0.162629
0.161540
0.159035
0.144032
0.148032
0.161498
0.161035
0.154134
0.170037
0.166037
0.163036
0.161035
0.158035
0.160177
0.158036
0.157481
0.160035
0.160035
0.167634
0.159289
0.172355
0.168529
0.166037
0.162035
0.159274
0.160098
0.160035
0.159035
0.157035
0.159051
0.151034
0.170038
0.171037
0.169037
0.159176
0.185040
0.157341
0.162035
0.160048
0.159035
0.160111
0.159112
0.161211
0.159034
0.160035
0.125027
0.137030
0.155034
0.157035
0.159035
0.158110
0.159566
0.147032
0.158035
0.159035
0.157954
0.159035
0.159035
0.159229
0.153074
0.173038
0.178388
0.176039
0.175317
0.179039
0.179531
0.179765
0.178040
0.175039
0.175038
0.178271
0.180039
0.176039
0.180039
0.180039
0.176038
0.175038
0.180039
0.180039
0.140031
0.134029
0.136029
0.159211
0.163035
0.146033
0.174038
0.166037
0.162066
0.160324
0.159035
0.159035
0.138030
0.153033
0.148284
0.155811
0.155213
0.158185
0.160368
0.163036
0.162114
0.143031
0.159035
0.153209
0.155535
0.154208
0.131296
0.151074
0.165271
0.168420
0.166646
0.162035
0.161051
0.162182
0.154406
0.179040
0.183041
0.181159
0.176091
0.180040
0.167480
0.167447
0.167037
0.167037
0.164036
0.150951
0.156485
0.159035
0.158067
0.146032
0.160326
0.162088
0.158110
0.129541
0.156141
0.159035
0.147032
0.163282
0.162035
0.160096
0.159034
0.159035
0.159036
0.161376
0.158454
0.159035
0.152107
0.169236
0.175194
0.133697
0.136348
0.137403
0.155138
0.159980
0.160035
0.157362
0.158035
0.158829
0.158252
0.146560
0.143125
0.157198
0.177038
0.180115
0.177085
0.177038
0.161036
0.173038
0.176038
0.155034
0.135700
0.146577
0.157034
0.160035
0.162300
0.162036
0.140101
0.158269
0.166036
0.164577
0.158276
0.170461
0.173467
0.179511
0.180058
0.177293
0.175137
0.152033
0.127027
0.140030
0.156035
0.160035
0.159059
0.159076
0.160035
0.150718
0.156034
0.163036
0.157034
0.173037
0.169037
0.166441
0.174767
0.181040
0.177075
0.182039
0.181712
0.133029
0.116026
0.158102
0.146032
0.176573
0.172216
0.171037
0.167037
0.163036
0.162256
0.159035
0.159054
0.158442
0.158035
0.170038
0.167038
0.165037
0.162035
0.167037
0.164074
0.160585
0.156539
0.173038
0.163364
0.176348
0.180039
0.180040
0.176162
0.180040
0.175183
0.130700
0.148227
0.158083
0.135030
0.151033
0.182209
0.180941
0.179040
0.178040
0.159035
0.120026
0.143032
0.156034
0.160035
0.159103
0.158035
0.159348
0.161036
0.151033
0.166187
0.176039
0.175982
0.179039
0.180039
0.176167
0.179039
0.175038
0.151520
0.124885
0.135946
0.153405
0.161638
0.160467
0.161157
0.160496
0.152034
0.174817
0.165080
0.165399
0.160035
0.159569
0.157307
0.158557
0.159034
0.152260
0.176647
0.179158
0.180041
0.180040
0.183108
0.147032
0.139030
0.156034
0.160035
0.161036
0.157409
0.161035
0.160163
0.160655
0.161036
0.149033
0.134181
0.161415
0.176409
0.174091
0.173539
0.171221
0.164458
0.174246
0.167037
0.162554
0.162523
0.162035
0.169130
0.167037
0.161521
0.157238
0.159035
0.161504
0.171038
0.168038
0.168288
0.167037
0.161036
0.170058
0.171038
0.169037
0.164036
0.161036
0.160133
0.160107
0.162035
0.158964
0.125162
0.137049
0.148257
0.164543
0.162034
0.162036
0.164078
0.165036
0.163036
0.160035
0.155246
0.172201
0.178039
0.183114
0.178039
0.180039
0.179066
0.178425
0.158052
0.135029
0.142085
0.154588
0.159035
0.157115
0.159248
0.159035
0.159034
0.142400
0.158060
0.159078
0.159035
0.159178
0.160081
0.153966
0.177039
0.181040
0.176039
0.177199
0.179693
0.179039
0.176039
0.176039
0.178285
0.177039
0.179039
0.180039
0.179039
0.178039
0.177040
0.156282
0.137240
0.149482
0.158099
0.161036
0.141135
0.161035
0.160303
0.161035
0.161217
0.162408
0.135254
0.154034
0.156034
0.158089
0.156034
0.156034
0.158035
0.159034
0.159080
0.163036
0.163036
0.166036
0.166036
0.161036
0.171754
0.169036
0.168483
0.164036
0.162203
0.161035
0.159052
0.159035
0.160248
0.158034
0.161353
0.163036
0.161271
0.164281
0.158034
0.180765
0.177039
0.180040
0.180057
0.183039
0.177039
0.176037
0.177040
0.181040
0.176039
0.177039
0.177038
0.176038
0.177147
0.176039
0.179118
0.177395
0.177039
0.179511
0.177188
0.181040
0.175039
0.129546
0.136030
0.153080
0.167037
0.167458
0.163216
0.158035
0.132029
0.139341
0.154034
0.158113
0.159035
0.160035
0.159095
0.159035
0.159035
0.160035
0.159035
0.148032
0.158577
0.157034
0.159035
0.159034
0.154034
0.166036
0.159389
0.163036
0.159668
0.159035
0.160150
0.160035
0.158429
0.158035
0.158165
0.158035
0.157518
0.158035
0.126028
0.139030
0.151098
0.160056
0.149052
0.169037
0.175039
0.153071
0.130455
0.148032
0.159269
0.161035
0.162108
0.161036
0.141031
0.167054
0.175038
0.183040
0.148292
0.129028
0.141399
0.154034
0.159035
0.156577
0.149537
0.161035
0.162035
0.156035
0.175039
0.176153
0.172058
0.166669
0.163037
0.160035
0.153034
0.180040
0.175130
0.152034
0.159035
0.159182
0.161035
0.161035
0.116144
0.147032
0.157251
0.161113
0.160035
0.161035
0.153034
0.178039
0.184061
0.179039
0.183040
0.178040
0.182057
0.194042
0.182040
0.177038
0.178040
0.178040
0.156247
0.134470
0.134029
0.138091
0.165037
0.184054
0.183543
0.148032
0.116025
0.134029
0.158035
0.160035
0.164036
0.165036
0.161035
0.154034
0.173038
0.176039
0.152049
0.127028
0.140199
0.156034
0.158034
0.158035
0.159053
0.150033
0.166036
0.163036
0.162036
0.160036
0.158035
0.169037
0.181356
0.160035
0.122252
0.139030
0.154034
0.157034
0.158169
0.157035
0.152263
0.165126
0.164036
0.159035
0.170037
0.170037
0.180039
0.163035
0.164036
0.161037
0.159285
0.158442
0.158046
0.158035
0.158645
0.158083
0.159034
0.127118
0.155034
0.159035
0.146032
0.140086
0.154382
0.157885
0.158035
0.159035
0.159302
0.158580
0.157042
0.149090
0.167593
0.167100
0.162036
0.171568
0.167037
0.164551
0.162730
0.160035
0.155034
0.175105
0.176503
0.153504
0.130224
0.141031
0.154034
0.158035
0.158203
0.157764
0.158035
0.157696
0.159579
0.152033
0.164744
0.158025
0.124196
0.159163
0.157528
0.158035
0.157034
0.158035
0.158070
0.159035
0.158035
0.160035
0.143838
0.156034
0.148531
0.166037
0.161035
0.150034
0.175939
0.152033
0.126027
0.137571
0.153034
0.158035
0.157034
0.159035
0.165036
0.164036
0.161035
0.158397
0.161035
0.157188
0.170231
0.179039
0.176038
0.179505
0.134030
0.130028
0.160035
0.165036
0.160035
0.158035
0.140441
0.162270
0.161035
0.161036
0.161036
0.163166
0.162048
0.160035
0.136031
0.168701
0.169037
0.170037
0.172444
0.171038
0.169037
0.166302
0.165564
0.170038
0.169549
0.167109
0.162035
0.174039
0.169037
0.165754
0.163203
0.174716
0.176039
0.173129
0.166037
0.180040
0.177092
0.179040
0.179039
0.182039
0.183113
0.178040
0.183040
0.132357
0.155233
0.155034
0.160035
0.162036
0.124450
0.158855
0.160103
0.161074
0.161035
0.163064
0.162035
0.163035
0.162794
0.156782
0.168070
0.178039
0.136423
0.146307
0.158035
0.161638
0.159428
0.159280
0.157034
0.158035
0.142031
0.143980
0.171038
0.169037
0.175177
0.181496
0.158035
0.160035
0.159166
0.126286
0.150081
0.157035
0.160866
0.158035
0.152000
0.164037
0.164036
0.163534
0.162230
0.158525
0.170149
0.179039
0.179543
0.181040
0.176039
0.180040
0.177039
0.151754
0.086699
0.171510
0.168509
0.167037
0.170038
0.166037
0.165449
0.157060
0.172722
0.174523
0.172385
0.167846
0.171037
0.169037
0.169038
0.166036
0.163348
0.169275
0.168039
0.161346
0.169907
0.166037
0.173183
0.171119
0.167037
0.167099
0.165359
0.163063
0.163480
0.162164
0.159366
0.170037
0.182040
0.163055
0.161664
0.162036
0.163035
0.162036
0.160035
0.160056
0.159034
0.162035
0.149033
0.158378
0.160617
0.117577
0.154477
0.180040
0.178342
0.158695
0.122162
0.136325
0.152251
0.156548
0.157034
0.158108
0.161036
0.160035
0.159511
0.161272
0.120031
0.162061
0.160035
0.160035
0.160035
0.162035
0.162077
0.162036
0.162035
0.161035
0.151485
0.177039
0.184041
0.166547
0.165896
0.162306
0.118717
0.135712
0.165036
0.151346
0.184283
0.183061
0.180039
0.179040
0.182038
0.182040
0.176039
0.131492
0.135276
0.128342
0.167037
0.164658
0.139031
0.168037
0.180039
0.175039
0.176087
0.179039
0.178162
0.178039
0.175429
0.149639
0.122026
0.137292
0.155034
0.159288
0.162155
0.162636
0.162871
0.150963
0.179298
0.176079
0.175039
0.169037
0.165036
0.163036
0.160920
0.161036
0.165267
0.165035
0.162328
0.152034
0.174038
0.178040
0.173100
0.171038
0.164037
0.174475
0.171075
0.169037
0.170172
0.164036
0.162036
0.158035
0.170037
0.168037
0.166037
0.164036
0.162036
0.162036
0.160364
0.153033
0.180097
0.180040
0.177039
0.177039
0.153034
0.129251
0.121240
0.162435
0.162035
0.161036
0.161035
0.161221
0.162036
0.160223
0.162036
0.160035
0.162034
0.156115
0.175038
0.177038
0.153050
0.128308
0.139100
0.155034
0.157034
0.159035
0.159034
0.157660
0.160390
0.159035
0.160107
0.159035
0.131450
0.166037
0.157968
0.172038
0.176759
0.134508
0.155410
0.146747
0.135884
0.158432
0.156654
0.158470
0.158783
0.156703
0.153185
0.170092
0.180039
0.179039
0.179039
0.176038
0.174038
0.147256
0.114348
0.137030
0.159035
0.161346
0.164388
0.164036
0.163808
0.162095
0.163036
0.163422
0.163036
0.164036
0.156482
0.180039
0.175039
0.177506
0.140468
0.136256
0.134203
0.146162
0.166190
0.167326
0.167305
0.164472
0.164395
0.162630
0.162406
0.163229
0.162127
0.162822
0.162091
0.160035
0.173144
0.170441
0.166545
0.167131
0.169361
0.171357
0.170039
0.173038
0.170038
0.166037
0.178332
0.177497
0.173638
0.176107
0.148126
0.157612
0.156502
0.157951
0.159035
0.159308
0.117492
0.146143
0.158200
0.159034
0.161442
0.160266
0.161035
0.160035
0.156035
0.170110
0.182058
0.179224
0.179039
0.155000
0.132029
0.135030
0.154034
0.161035
0.163035
0.156111
0.149069
0.159036
0.159036
0.161036
0.159036
0.157034
0.159036
0.161186
0.164460
0.156278
0.171099
0.183041
0.145847
0.120197
0.144567
0.161181
0.160386
0.152279
0.170038
0.177480
0.179039
0.183704
0.182689
0.177038
0.182039
0.178226
0.179039
0.182040
0.142031
0.142252
0.158342
0.161036
0.160035
0.161036
0.160035
0.161118
0.158549
0.160035
0.129316
0.163036
0.162035
0.162036
0.160135
0.162035
0.162036
0.162036
0.162035
0.161035
0.163353
0.163150
0.156034
0.177644
0.181554
0.181040
0.182038
0.179058
0.182097
0.180075
0.179554
0.179191
0.174039
0.148033
0.118797
0.146060
0.157108
0.160037
0.158524
0.162128
0.160389
0.159035
0.174038
0.182040
0.182040
0.141347
0.144163
0.156466
0.161427
0.159508
0.140829
0.157648
0.161410
0.160091
0.160131
0.160502
0.161036
0.161035
0.161036
0.162036
0.164036
0.155275
0.174039
0.171038
0.170038
0.165037
0.162035
0.120294
0.156034
0.147565
0.162220
0.158135
0.157034
0.160035
0.159034
0.158098
0.170037
0.175041
0.149550
0.120026
0.148032
0.163036
0.159035
0.157293
0.157509
0.158269
0.159482
0.161035
0.161313
0.162297
0.159347
0.162326
0.162244
0.161052
0.161136
0.162036
0.160036
0.161211
0.163036
0.161036
0.167036
0.164036
0.162473
0.161499
0.162171
0.162787
0.162384
0.160035
0.162334
0.160296
0.160180
0.159035
0.171120
0.166110
0.164724
0.163036
0.162265
0.161035
0.164036
0.162036
0.161601
0.161596
0.161406
0.159533
0.162036
0.161035
0.162035
0.161100
0.161598
0.161135
0.161035
0.160035
0.160401
0.159035
0.159035
0.144416
0.163036
0.163036
0.161395
0.162035
0.161146
0.161064
0.161035
0.162035
0.163036
0.160036
0.163036
0.162036
0.162106
0.161035
0.161084
0.162035
0.162346
0.162035
0.158035
0.159035
0.158440
0.159034
0.157420
0.158297
0.158035
0.158608
0.158035
0.158035
0.160035
0.158369
0.158207
0.159373
0.158314
0.160123
0.160035
0.159051
0.159292
0.160050
0.159035
0.157610
0.159035
0.160129
0.158035
0.159035
0.159035
0.158035
0.160036
0.137870
0.157034
0.159035
0.159035
0.160036
0.159034
0.158202
0.158221
0.159034
0.159315
0.160036
0.160518
0.159055
0.171471
0.167037
0.167036
0.166405
0.163198
0.161036
0.162095
0.163314
0.163368
0.162178
0.162056
0.163036
0.162366
0.160552
0.166104
0.165036
0.162036
0.163036
0.157603
0.172038
0.169328
0.167613
0.166209
0.164620
0.163036
0.161567
0.160275
0.161036
0.161079
0.162036
0.161036
0.161144
0.161132
0.162493
0.162601
0.162376
0.161497
0.160628
0.161036
0.161630
0.161396
0.160255
0.161036
0.160475
0.159461
0.159035
0.162874
0.160579
0.161035
0.162036
0.161078
0.160357
0.161035
0.161172
0.162035
0.161091
0.161036
0.161036
0.160035
0.159665
0.170111
0.168037
0.167037
0.165036
0.164036
0.163036
0.162035
0.161133
0.162035
0.160287
0.160558
0.161086
0.161476
0.161036
0.161469
0.161059
0.160035
0.161032
0.160630
0.159776
0.159359
0.160466
0.160425
0.158675
0.161152
0.159624
0.160887
0.160229
0.159098
0.160591
0.160727
0.160586
0.160034
0.160035
0.161071
0.161242
0.160446
0.161035
0.158476
0.161140
0.160351
0.163035
0.160064
0.161051
0.160601
0.160035
0.161300
0.161536
0.160378
0.160068
0.162827
0.159311
0.159496
0.157034
0.158192
0.158276
0.159519
0.157035
0.158077
0.157532
0.158466
0.164037
0.163036
0.161035
0.160035
0.161036
0.159414
0.159034
0.162036
0.160035
0.159035
0.161035
0.160035
0.160035
0.142256
0.160036
0.161037
0.161199
0.159443
0.160484
0.161180
0.160197
0.160281
0.159455
0.159163
0.160035
0.161218
0.159034
0.162057
0.163035
0.161874
0.162035
0.162036
0.162140
0.163258
0.162036
0.163554
0.162036
0.162825
0.161036
0.163036
0.162036
0.163090
0.162036
0.164036
0.162035
0.164057
0.163036
0.162225
0.161036
0.163232
0.162035
0.163190
0.162052
0.161227
0.163460
0.164036
0.161036
0.161621
0.162035
0.164036
0.162035
0.162036
0.164037
0.161055
0.162035
0.162035
0.163137
0.161036
0.162035
0.162055
0.161610
0.161035
0.159035
0.160566
0.159566
0.160220
0.159991
0.160575
0.160767
0.159361
0.159353
0.152300
0.166036
0.165036
0.164036
0.163036
0.163035
0.161036
0.164037
0.161811
0.161780
0.162036
0.160454
0.161536
0.163036
0.160687
0.162527
0.162358
0.159117
0.160035
0.163036
0.160035
0.159233
0.160035
0.160035
0.161055
0.161036
0.160152
0.160402
0.161036
0.160035
0.161679
0.161036
0.159400
0.160797
0.161502
0.159035
0.160036
0.160053
0.160036
0.160508
0.160224
0.161035
0.161035
0.160054
0.160035
0.161036
0.161036
0.161035
0.161036
0.162035
0.161036
0.160033
0.159035
0.160035
0.161504
0.160132
0.161037
0.158583
0.160227
0.160036
0.160334
0.168037
0.163035
0.161036
0.161134
0.159129
0.160035
0.148657
0.159669
0.162036
0.159035
0.160035
0.160572
0.161051
0.160069
0.162036
0.160153
0.161035
0.161307
0.161036
0.161036
0.161035
0.162112
0.160035
0.160035
0.163053
0.161035
0.161180
0.162036
0.161035
0.161036
0.146047
0.162509
0.161035
0.161287
0.160161
0.161364
0.161326
0.160138
0.160569
0.161036
0.160248
0.161036
0.161063
0.162310
0.161036
0.160035
0.160035
0.161035
0.160116
0.160344
0.160289
0.161318
0.160304
0.161369
0.161333
0.161654
0.165036
0.164318
0.160035
0.156237
0.158449
0.162515
0.159888
0.161036
0.162035
0.165437
0.163381
0.162330
0.161894
0.161117
0.137108
0.160401
0.161035
0.160532
0.161584
0.161713
0.161063
0.162036
0.161114
0.156466
0.156351
0.157034
0.156034
0.158035
0.158203
0.158332
0.156283
0.158035
0.163054
0.162373
0.161741
0.161035
0.155486
0.158035
0.159035
0.158035
0.157035
0.158035
0.158035
0.158035
0.158205
0.158416
0.159035
0.159034
0.157035
0.157034
0.158034
0.158035
0.157034
0.158144
0.159035
0.158035
0.158443
0.163390
0.162533
0.163408
0.160443
0.158153
0.158531
0.158506
0.159365
0.157557
0.158035
0.160035
0.159054
0.159035
0.159035
0.160035
0.159422
0.159035
0.158035
0.159035
0.159521
0.159229
0.159101
0.160035
0.159035
0.159034
0.158150
0.157034
0.159300
0.160035
0.159035
0.160035
0.160035
0.159051
0.159035
0.158852
0.158539
0.158041
0.158035
0.157089
0.159035
0.160077
0.159035
0.159035
0.159035
0.158099
0.159035
0.159071
0.160035
0.160036
0.159308
0.159035
0.159035
0.159339
0.159035
0.158444
0.158035
0.133029
0.157035
0.158035
0.157681
0.160035
0.159035
0.159055
0.156778
0.159035
0.158074
0.159148
0.160035
0.160054
0.157836
0.160418
0.122112
0.076016
0.076017
0.073099
0.078670
0.075066
0.075319
0.076016
0.077693
0.077039
0.076566
0.077016
0.076017
0.077016
0.077017
0.083018
0.084352
0.079011
0.077017
0.076017
0.077017
0.077644
0.076017
0.074016
0.076683
0.075168
0.080017
0.091432
0.084019
0.170038
0.172765
0.165245
0.165199
0.155467
0.183108
0.182040
0.163406
0.139076
0.159035
0.160035
0.158672
0.160379
0.138819
0.134992
0.164036
0.163036
0.159293
0.158781
0.154329
0.153151
0.155034
0.154033
0.155255
0.156053
0.124027
0.152487
0.155372
0.153358
0.175038
0.172179
0.169490
0.164520
0.158622
0.180039
0.180039
0.136294
0.127834
0.155034
0.156034
0.155226
0.143055
0.159035
0.154533
0.173038
0.184040
0.146252
0.126399
0.129759
0.169404
0.181040
0.178039
0.154393
0.135029
0.148033
0.154246
0.158035
0.146437
0.163658
0.165603
0.157608
0.178090
0.181040
0.184040
0.179040
0.131681
0.144195
0.160330
0.154034
0.155035
0.149033
0.133029
0.166039
0.180039
0.141419
0.145379
0.155156
0.158525
0.158104
0.155094
0.153129
0.143437
0.152033
0.158822
0.158262
0.176040
0.180209
0.142437
0.116344
0.140200
0.159035
0.161452
0.162484
0.162283
0.162316
0.160744
0.163313
0.157035
0.173039
0.181040
0.174658
0.147032
0.115201
0.160035
0.149537
0.166036
0.182040
0.145498
0.159895
0.154846
0.178039
0.178039
0.173521
0.169297
0.164037
0.164111
0.160035
0.157035
0.156059
0.157035
0.132029
0.143032
0.154080
0.158035
0.148746
0.178039
0.177039
0.154034
0.131029
0.141680
0.154034
0.157570
0.157180
0.158035
0.159065
0.156034
0.130080
0.177088
0.181040
0.143032
0.157035
0.158185
0.158414
0.158035
0.159035
0.131515
0.143032
0.153676
0.159035
0.158035
0.158035
0.158035
0.158036
0.158700
0.151757
0.177039
0.178040
0.177039
0.156034
0.129956
0.136031
0.152244
0.156035
0.158036
0.160035
0.153507
0.165037
0.164037
0.165036
0.164037
0.157155
0.180040
0.184041
0.176148
0.151491
0.126027
0.136030
0.152217
0.156034
0.154034
0.157035
0.158468
0.161135
0.159035
0.163294
0.161036
0.174039
0.180040
0.139031
0.142031
0.154606
0.158036
0.157216
0.157035
0.157034
0.159036
0.157191
0.134030
0.154150
0.157152
0.157246
0.155035
0.157035
0.156344
0.159035
0.141032
0.171039
0.168417
0.165307
0.164037
0.163037
0.160035
0.159035
0.160035
0.161036
0.159066
0.156035
0.177088
0.180040
0.178040
0.157035
0.161153
0.158119
0.159035
0.157848
0.125027
0.142835
0.154035
0.160035
0.158308
0.156034
0.157578
0.158035
0.119260
0.182040
0.181040
0.178361
0.179639
0.150033
0.126606
0.153034
0.142032
0.158035
0.159036
0.160311
0.157035
0.171037
0.182040
0.182040
0.179040
0.097022
0.153034
0.158383
0.157035
0.157352
0.158057
0.155035
0.180038
0.139031
0.130029
0.133896
0.155044
0.160035
0.162035
0.163036
0.161891
0.154034
0.177284
0.154034
0.159845
0.156218
0.155035
0.156035
0.158036
0.157035
0.157035
0.130029
0.131029
0.155245
0.182039
0.140229
0.113025
0.143032
0.161272
0.158035
0.160035
0.160036
0.159434
0.162035
0.162036
0.163787
0.164037
0.157034
0.179197
0.180040
0.176040
0.176039
0.176479
0.153034
0.158139
0.156933
0.160356
0.121027
0.150034
0.156596
0.160196
0.150033
0.176039
0.179335
0.174039
0.149034
0.117649
0.163052
0.163211
0.158035
0.151033
0.147033
0.163847
0.160392
0.160035
0.160036
0.161035
0.158091
0.159035
0.158035
0.160143
0.159035
0.153034
0.178160
0.175381
0.177039
0.177040
0.175039
0.172037
0.171160
0.166389
0.157035
0.173436
0.176836
0.154034
0.129028
0.134342
0.152034
0.156035
0.156034
0.157510
0.155104
0.155034
0.157035
0.157034
0.158035
0.159035
0.158761
0.160035
0.154289
0.170676
0.179040
0.179039
0.155035
0.130028
0.157035
0.156034
0.141032
0.158101
0.161036
0.156213
0.180040
0.179039
0.180040
0.179040
0.175061
0.176039
0.182040
0.176041
0.136030
0.146032
0.153033
0.142032
0.154034
0.157035
0.157042
0.156383
0.155534
0.157035
0.158036
0.154423
0.173038
0.178126
0.156034
0.134029
0.137030
0.152345
0.157081
0.143032
0.162139
0.161182
0.159035
0.161036
0.161415
0.161036
0.160036
0.160310
0.159035
0.156034
0.167099
0.177040
0.137031
0.147032
0.160035
0.162036
0.162036
0.149872
0.154314
0.157976
0.158308
0.154034
0.142207
0.158035
0.173247
0.177038
0.176119
0.175039
0.179040
0.179040
0.180040
0.159300
0.143032
0.145569
0.157043
0.160036
0.148957
0.155438
0.160035
0.145033
0.156035
0.159686
0.160036
0.146427
0.163036
0.164037
0.161236
0.161036
0.161035
0.161036
0.161083
