0.003000
0.079010
0.078017
0.078017
0.077338
0.077016
0.077017
0.079366
0.077454
0.077662
0.077118
0.075875
0.077093
0.089513
0.094021
0.089726
0.172038
0.119444
0.154367
0.152489
0.153366
0.156045
0.154068
0.154163
0.154501
0.145032
0.162350
0.175039
0.150033
0.128526
0.158337
0.158035
0.157698
0.158386
0.158474
0.154034
0.155131
0.154034
0.145471
0.161434
0.160331
0.160034
0.161036
0.160036
0.161251
0.157346
0.163037
0.174038
0.174038
0.172990
0.172038
0.170038
0.167651
0.167567
0.164902
0.162576
0.163214
0.161162
0.159035
0.159035
0.159035
0.161035
0.159035
0.159251
0.160391
0.160035
0.158523
0.159035
0.160035
0.162036
0.160143
0.160035
0.160035
0.159136
0.155223
0.175145
0.179044
0.180197
0.175039
0.175123
0.176039
0.181461
0.180295
0.182040
0.181040
0.182040
0.177055
0.178039
0.181038
0.177324
0.179039
0.180195
0.179038
0.177038
0.177039
0.177040
0.182040
0.176068
0.176039
0.180039
0.179065
0.169375
0.158193
0.157993
0.137047
0.177302
0.179039
0.176039
0.175515
0.176038
0.176039
0.175236
0.174038
0.180038
0.175106
0.176035
0.177040
0.176038
0.176039
0.176059
0.178039
0.179039
0.180040
0.181037
0.181192
0.181039
0.158035
0.158438
0.159035
0.161035
0.158644
0.157233
0.163864
0.181040
0.176039
0.178038
0.177557
0.167242
0.157901
0.158486
0.159170
0.180040
0.175039
0.179397
0.178039
0.176038
0.179039
0.168037
0.163036
0.163524
0.160517
0.159468
0.159035
0.160036
0.160035
0.159495
0.159057
0.159518
0.158758
0.158091
0.159085
0.158517
0.159035
0.159035
0.159034
0.157034
0.158035
0.165036
0.166320
0.164739
0.174038
0.171064
0.165036
0.162036
0.160083
0.156264
0.157762
0.156034
0.157035
0.158035
0.156034
0.154336
0.157035
0.162035
0.160558
0.161036
0.162055
0.161304
0.159055
0.160051
0.175471
0.178039
0.177554
0.183041
0.160087
0.160035
0.161450
0.163390
0.163307
0.160696
0.163049
0.162036
0.161035
0.162036
0.161367
0.159268
0.159223
0.158035
0.164096
0.171039
0.178827
0.177039
0.177038
0.177039
0.177590
0.174038
0.180123
0.157431
0.156240
0.155223
0.155328
0.164036
0.165028
0.161492
0.158056
0.159035
0.158079
0.157304
0.157034
0.157428
0.160523
0.157529
0.157458
0.158201
0.157450
0.157676
0.159433
0.159055
0.158168
0.158035
0.158035
0.157419
0.158578
0.164455
0.177038
0.176167
0.166580
0.159164
0.159311
0.157459
0.159035
0.157482
0.157035
0.158351
0.159160
0.158468
0.157402
0.157127
0.159167
0.158345
0.157434
0.157897
0.159616
0.156627
0.159074
0.158035
0.157052
0.156283
0.158198
0.158315
0.157519
0.157461
0.157686
0.157496
0.158035
0.158698
0.158265
0.162313
0.160239
0.157142
0.158042
0.158075
0.170038
0.165048
0.164360
0.163036
0.161521
0.158282
0.160444
0.157520
0.159035
0.159388
0.160260
0.161283
0.159208
0.167227
0.176039
0.183040
0.179040
0.179039
0.160799
0.160366
0.159351
0.160237
0.159438
0.160276
0.160118
0.159156
0.159500
0.159931
0.160136
0.137399
0.160035
0.159379
0.159570
0.159865
0.161533
0.156443
0.156141
0.155451
0.156287
0.157034
0.158035
0.162036
0.164037
0.160757
0.158035
0.156705
0.158035
0.157053
0.157034
0.171531
0.177107
0.181039
0.180102
0.159035
0.160036
0.159033
0.160035
0.158066
0.161201
0.158035
0.159051
0.159037
0.161438
0.158432
0.159035
0.158035
0.158115
0.166607
0.164406
0.162630
0.160188
0.159035
0.159035
0.164036
0.173039
0.172038
0.170038
0.164523
0.162556
0.161250
0.162882
0.160549
0.164150
0.161403
0.158493
0.158474
0.168194
0.166037
0.163413
0.160035
0.157053
0.158072
0.163036
0.162036
0.164361
0.163087
0.160035
0.160360
0.163669
0.164069
0.163036
0.160035
0.161882
0.160154
0.171037
0.177742
0.181038
0.179528
0.158034
0.161437
0.159411
0.158066
0.171482
0.175037
0.175115
0.161185
0.162036
0.159449
0.161035
0.160260
0.158035
0.159234
0.166385
0.163476
0.178039
0.178040
0.178039
0.178039
0.182398
0.160339
0.161470
0.179039
0.182114
0.158528
0.162037
0.159419
0.160094
0.158035
0.169037
0.178039
0.177039
0.168513
0.161249
0.160037
0.158286
0.161036
0.159656
0.168777
0.166533
0.164482
0.162035
0.161283
0.160488
0.179039
0.178039
0.181040
0.182039
0.160035
0.161035
0.161036
0.159466
0.160035
0.161036
0.160559
0.160420
0.159451
0.159450
0.158580
0.159555
0.158536
0.160035
0.164045
0.163036
0.162374
0.162142
0.166180
0.166037
0.164362
0.164609
0.163036
0.157684
0.176039
0.176102
0.181039
0.179411
0.180039
0.183040
0.183040
0.184040
0.182950
0.174135
0.168037
0.166380
0.159066
0.157110
0.158035
0.160035
0.161352
0.161036
0.148032
0.161036
0.165667
0.165036
0.180261
0.164265
0.161540
0.168278
0.179039
0.174516
0.156288
0.157553
0.158011
0.161035
0.160603
0.160927
0.162036
0.161036
0.159901
0.160036
0.162439
0.162437
0.161234
0.161036
0.161472
0.165312
0.162414
0.163089
0.159265
0.157536
0.158655
0.157434
0.157034
0.158918
0.158035
0.159034
0.171134
0.178637
0.185041
0.183040
0.180040
0.175936
0.177039
0.176039
0.177040
0.165343
0.161036
0.160035
0.159035
0.158451
0.158035
0.159194
0.162503
0.159460
0.174038
0.179039
0.179039
0.181040
0.179040
0.183040
0.180187
0.180039
0.180039
0.181152
0.170234
0.159213
0.158431
0.158649
0.159439
0.158778
0.165036
0.163036
0.161036
0.160467
0.162035
0.161036
0.162036
0.162273
0.161036
0.163036
0.161177
0.161106
0.183251
0.174039
0.177040
0.167037
0.163404
0.161035
0.179847
0.156033
0.162056
0.165093
0.162320
0.161475
0.162245
0.160855
0.161530
0.163036
0.183040
0.179040
0.177039
0.178039
0.181040
0.182163
0.178039
0.178606
0.179039
0.171092
0.164036
0.158035
0.157034
0.156671
0.155247
0.160116
0.160035
0.159035
0.179644
0.159309
0.158698
0.157543
0.158035
0.159569
0.160035
0.160035
0.159235
0.160025
0.160035
0.159407
0.159035
0.158111
0.165291
0.174253
0.171037
0.169037
0.165036
0.163036
0.160309
0.160035
0.160035
0.159228
0.159035
0.160676
0.160035
0.159035
0.160056
0.160374
0.160035
0.161331
0.162419
0.162035
0.160406
0.160035
0.164104
0.163403
0.162090
0.159034
0.160112
0.159035
0.160035
0.160035
0.163800
0.161387
0.172194
0.167380
0.163549
0.163118
0.161423
0.161279
0.160364
0.160503
0.159034
0.161036
0.164834
0.166036
0.162441
0.164178
0.174038
0.177039
0.179336
0.164083
0.161742
0.160210
0.159316
0.160035
0.159419
0.159297
0.160479
0.158284
0.171038
0.180040
0.181040
0.178327
0.175038
0.174039
0.179039
0.175115
0.161275
0.158282
0.160280
0.164103
0.171594
0.177362
0.165332
0.159349
0.158724
0.156434
0.159124
0.163387
0.164390
0.169037
0.180039
0.178040
0.176234
0.174201
0.161808
0.165147
0.167404
0.165525
0.169037
0.179040
0.167561
0.160208
0.158910
0.158942
0.158449
0.160133
0.158163
0.158486
0.158035
0.159035
0.158269
0.159158
0.158565
0.171451
0.175993
0.169038
0.162192
0.163036
0.164390
0.165036
0.163036
0.120371
0.159530
0.158035
0.125518
0.167037
0.162406
0.161222
0.158151
0.159009
0.159157
0.158035
0.159085
0.159814
0.163201
0.163035
0.160515
0.160035
0.160035
0.158188
0.164196
0.163426
0.162436
0.164748
0.165132
0.161740
0.177039
0.179039
0.169009
0.159035
0.160036
0.159035
0.159789
0.159035
0.158035
0.159135
0.158538
0.162035
0.161035
0.159601
0.159035
0.159035
0.165266
0.180040
0.169074
0.160440
0.160035
0.158371
0.159114
0.160400
0.168038
0.176600
0.181040
0.180213
0.159034
0.158435
0.158975
0.158034
0.158422
0.157913
0.158035
0.159035
0.160101
0.158047
0.158559
0.159035
0.159452
0.158035
0.158341
0.159224
0.158035
0.158278
0.159113
0.158237
0.159606
0.158035
0.158494
0.159035
0.159035
0.178489
0.175039
0.174038
0.174117
0.178039
0.166482
0.166734
0.163036
0.161108
0.160617
0.158524
0.161404
0.161035
0.164036
0.162496
0.160035
0.162035
0.165036
0.162035
0.160034
0.158035
0.158035
0.158176
0.158035
0.157749
0.158035
0.162036
0.165220
0.162208
0.166940
0.163404
0.161165
0.159035
0.158273
0.158097
0.158035
0.157277
0.158035
0.157051
0.155034
0.165036
0.165036
0.166037
0.161986
0.185041
0.168037
0.163516
0.162384
0.159508
0.159384
0.159135
0.161035
0.159035
0.159035
0.159035
0.159035
0.158035
0.158035
0.158035
0.157319
0.158036
0.158035
0.158035
0.158227
0.158196
0.157035
0.158629
0.159075
0.169418
0.179388
0.176039
0.174317
0.179039
0.179531
0.179765
0.176039
0.175039
0.175038
0.175039
0.179039
0.176039
0.180039
0.175039
0.175038
0.176039
0.180039
0.180039
0.158394
0.160317
0.158211
0.162036
0.163036
0.168037
0.164036
0.160066
0.157321
0.157035
0.158035
0.137332
0.159035
0.160203
0.159237
0.158674
0.158097
0.159458
0.161193
0.161035
0.162036
0.161364
0.157291
0.158056
0.156355
0.158082
0.163068
0.162036
0.161685
0.159473
0.159050
0.160035
0.161188
0.178039
0.183040
0.181160
0.176090
0.181040
0.172481
0.175325
0.173038
0.170037
0.167037
0.157515
0.157485
0.157034
0.157067
0.164326
0.163036
0.158035
0.157095
0.159141
0.159035
0.158035
0.160447
0.160035
0.158096
0.158035
0.159398
0.157034
0.158376
0.156423
0.157065
0.158087
0.167037
0.175517
0.158035
0.159320
0.159194
0.157439
0.158347
0.157373
0.137388
0.157829
0.157357
0.157425
0.158054
0.161199
0.177038
0.179115
0.175074
0.176039
0.154381
0.171037
0.178507
0.166037
0.162339
0.161581
0.159035
0.161035
0.161430
0.161036
0.162270
0.163036
0.161577
0.160923
0.168323
0.172467
0.179511
0.179057
0.175292
0.177137
0.164036
0.159035
0.161123
0.159035
0.159059
0.159573
0.159035
0.160035
0.158072
0.160035
0.159404
0.167037
0.165036
0.163036
0.174767
0.181040
0.177075
0.182039
0.181712
0.159508
0.161103
0.157034
0.170537
0.167036
0.164824
0.162036
0.160035
0.160034
0.159123
0.158054
0.158035
0.159442
0.164036
0.163049
0.162035
0.161036
0.164036
0.160502
0.159034
0.160107
0.166291
0.163550
0.175348
0.179039
0.179039
0.176162
0.180040
0.174040
0.162088
0.165545
0.161581
0.161035
0.182209
0.179940
0.178040
0.177040
0.169038
0.162035
0.162035
0.160035
0.159104
0.159035
0.160036
0.158348
0.159035
0.164036
0.176039
0.174982
0.176039
0.180039
0.174166
0.179039
0.176039
0.163382
0.158561
0.158582
0.160608
0.161279
0.160590
0.159844
0.160687
0.166816
0.163079
0.162183
0.160034
0.158380
0.158128
0.157545
0.158152
0.158261
0.175665
0.179158
0.179042
0.179040
0.182108
0.159035
0.162036
0.161036
0.161036
0.161036
0.160035
0.159163
0.160328
0.159362
0.159035
0.162187
0.160573
0.171088
0.169074
0.165970
0.165447
0.163476
0.168245
0.162035
0.159870
0.160035
0.162036
0.165129
0.164036
0.159521
0.156238
0.157224
0.162036
0.167037
0.166036
0.164025
0.163263
0.161035
0.164056
0.167037
0.166037
0.161035
0.160035
0.158581
0.160107
0.093382
0.160455
0.159035
0.159169
0.159368
0.161229
0.158929
0.160035
0.163077
0.164036
0.163036
0.160035
0.159246
0.168201
0.177039
0.182114
0.177039
0.177038
0.177066
0.178425
0.167054
0.160036
0.160144
0.159103
0.159154
0.160492
0.160232
0.159035
0.158056
0.161036
0.160104
0.158035
0.158177
0.159080
0.159035
0.177310
0.181040
0.175039
0.175198
0.178692
0.178039
0.175039
0.175038
0.178285
0.175038
0.179039
0.178039
0.178039
0.176039
0.176039
0.167037
0.163428
0.163036
0.161101
0.163036
0.163037
0.162070
0.161488
0.162036
0.127139
0.163339
0.163037
0.155034
0.157035
0.157035
0.158034
0.159035
0.159035
0.159034
0.162036
0.162036
0.162036
0.162035
0.161036
0.165214
0.164036
0.163136
0.161036
0.160203
0.160035
0.158051
0.158035
0.159035
0.158036
0.160345
0.161035
0.160344
0.161281
0.161035
0.179765
0.176039
0.181040
0.180560
0.175038
0.176039
0.177038
0.176039
0.180039
0.176039
0.175038
0.176039
0.176038
0.176147
0.175039
0.178118
0.176395
0.176039
0.177510
0.176188
0.179039
0.176039
0.159035
0.157081
0.162036
0.169037
0.122448
0.160215
0.159035
0.158255
0.159344
0.159097
0.158036
0.158034
0.158095
0.160035
0.159035
0.158035
0.158035
0.157034
0.159148
0.158035
0.158035
0.158035
0.159035
0.165036
0.171391
0.165670
0.161035
0.160035
0.161150
0.160035
0.159429
0.159035
0.159035
0.158035
0.158518
0.159035
0.160036
0.159946
0.157056
0.158053
0.167037
0.175039
0.165073
0.162461
0.162036
0.162269
0.162108
0.163036
0.163036
0.168054
0.173038
0.183040
0.164036
0.162036
0.160035
0.159035
0.156034
0.158096
0.160035
0.161035
0.162035
0.170038
0.169151
0.167056
0.164037
0.159683
0.159035
0.159035
0.181040
0.175130
0.164036
0.161035
0.159692
0.162035
0.162035
0.162036
0.163252
0.163036
0.162113
0.160035
0.161036
0.178039
0.183061
0.179039
0.183040
0.177039
0.182057
0.178039
0.183040
0.178039
0.178040
0.177039
0.167250
0.158035
0.158096
0.170038
0.184055
0.184543
0.158035
0.159034
0.158034
0.159035
0.164036
0.164036
0.162035
0.161035
0.174038
0.176039
0.165053
0.160170
0.159035
0.159035
0.160035
0.159053
0.158035
0.163036
0.161035
0.160035
0.160035
0.160035
0.167037
0.180356
0.170037
0.161035
0.161035
0.159035
0.158168
0.158035
0.160265
0.163126
0.163036
0.161035
0.166037
0.168037
0.181040
0.171037
0.170037
0.163414
0.162036
0.159442
0.159046
0.158035
0.159644
0.158083
0.158035
0.160035
0.158035
0.139342
0.160035
0.160035
0.158885
0.158035
0.157034
0.158301
0.159035
0.159101
0.157704
0.165107
0.164101
0.162036
0.165086
0.162036
0.161036
0.160796
0.159489
0.161036
0.174106
0.177504
0.165702
0.161036
0.159034
0.160035
0.159203
0.160035
0.159822
0.159249
0.158915
0.159145
0.161969
0.158797
0.091380
0.162036
0.159221
0.158472
0.158035
0.158035
0.160070
0.159034
0.158034
0.160035
0.159724
0.160035
0.149263
0.165036
0.164036
0.159327
0.174938
0.164036
0.160306
0.159035
0.159035
0.158035
0.159035
0.165036
0.165036
0.163036
0.159397
0.160035
0.161035
0.166641
0.179039
0.174039
0.179505
0.154574
0.164452
0.164036
0.165036
0.161036
0.161035
0.161269
0.161035
0.160036
0.161035
0.161036
0.137160
0.160057
0.159035
0.166199
0.165036
0.165036
0.164443
0.165036
0.166037
0.164036
0.163829
0.166037
0.164547
0.164108
0.163036
0.167037
0.164036
0.164036
0.164201
0.171715
0.172038
0.168127
0.165036
0.181040
0.179208
0.178040
0.177039
0.182039
0.182113
0.178040
0.182040
0.157035
0.158233
0.160036
0.162036
0.162035
0.164857
0.163269
0.162491
0.161251
0.162493
0.162436
0.161491
0.163244
0.160451
0.165068
0.180040
0.162036
0.165036
0.164390
0.161952
0.158416
0.159280
0.159035
0.158035
0.160035
0.166345
0.168037
0.175177
0.179495
0.168037
0.163036
0.162036
0.163505
0.161552
0.164053
0.160228
0.163716
0.164188
0.163035
0.162036
0.162036
0.162222
0.169148
0.179039
0.177039
0.174038
0.175039
0.179039
0.177039
0.163809
0.165510
0.163512
0.163515
0.165843
0.163036
0.163924
0.161449
0.169337
0.169521
0.166037
0.165262
0.166036
0.165036
0.164036
0.162035
0.162035
0.164342
0.163780
0.161036
0.165689
0.163036
0.167535
0.166036
0.164354
0.163040
0.162242
0.160679
0.161734
0.160276
0.161035
0.167037
0.181040
0.171230
0.166036
0.166037
0.165036
0.163036
0.161035
0.163057
0.162036
0.162036
0.162036
0.161520
0.162477
0.163478
0.179039
0.178342
0.170327
0.160402
0.159089
0.156724
0.158035
0.156034
0.159108
0.162035
0.161511
0.161036
0.111721
0.163061
0.161035
0.162035
0.160035
0.162036
0.160077
0.162036
0.161036
0.160035
0.161098
0.175232
0.183041
0.174038
0.170394
0.165484
0.158469
0.164510
0.164036
0.184283
0.182060
0.179039
0.179040
0.182040
0.182040
0.176039
0.159035
0.160390
0.163528
0.160530
0.139689
0.166433
0.181331
0.175039
0.175087
0.179039
0.175162
0.176039
0.175430
0.162653
0.160255
0.159035
0.157310
0.162253
0.162493
0.164082
0.161035
0.175676
0.171077
0.168037
0.164036
0.163035
0.159035
0.159918
0.160035
0.164267
0.164036
0.160328
0.158035
0.172038
0.173038
0.167099
0.166037
0.163036
0.167473
0.167037
0.165422
0.163170
0.160035
0.161036
0.159034
0.166037
0.165036
0.163036
0.162035
0.160035
0.160035
0.158292
0.160129
0.180097
0.180039
0.176038
0.177039
0.165516
0.160279
0.164036
0.160321
0.160035
0.161035
0.160035
0.160221
0.159356
0.161036
0.160035
0.162035
0.160035
0.173038
0.176039
0.164386
0.161035
0.160286
0.160035
0.161036
0.158035
0.159661
0.160388
0.159035
0.137345
0.158106
0.159035
0.163454
0.159629
0.170038
0.176760
0.161763
0.159326
0.160035
0.160531
0.159975
0.159047
0.160245
0.158870
0.160186
0.168092
0.177039
0.177039
0.177039
0.175038
0.173038
0.158065
0.160597
0.160035
0.160035
0.163388
0.163036
0.163036
0.162478
0.163036
0.163110
0.163035
0.163036
0.162159
0.181040
0.175039
0.178507
0.158035
0.159168
0.160235
0.165321
0.164492
0.164498
0.163826
0.164062
0.162196
0.162676
0.163448
0.162036
0.162509
0.162454
0.161436
0.168558
0.165354
0.163800
0.165116
0.166036
0.167488
0.167269
0.167037
0.167037
0.166036
0.177331
0.176487
0.174276
0.177108
0.158820
0.158228
0.158571
0.159646
0.160035
0.161659
0.162035
0.160036
0.160101
0.161464
0.161254
0.160045
0.160036
0.160034
0.168110
0.181058
0.178225
0.179039
0.167037
0.159035
0.159035
0.160035
0.164036
0.163113
0.160070
0.155034
0.159035
0.160036
0.159034
0.157032
0.158035
0.161035
0.160839
0.160036
0.169846
0.183040
0.160049
0.162571
0.162181
0.160744
0.160171
0.167037
0.177480
0.178040
0.181703
0.181689
0.176039
0.181040
0.178226
0.178039
0.181039
0.161035
0.161838
0.160413
0.161036
0.162035
0.162036
0.161117
0.162036
0.162550
0.161324
0.163036
0.161035
0.162036
0.161136
0.161035
0.162035
0.160036
0.162349
0.162036
0.162352
0.161149
0.161035
0.177637
0.182562
0.182040
0.182038
0.179058
0.182097
0.180075
0.179554
0.180192
0.174039
0.159035
0.163065
0.162108
0.160510
0.162035
0.160413
0.161127
0.163036
0.171037
0.181040
0.181040
0.162919
0.162402
0.161347
0.161036
0.162272
0.162672
0.163126
0.161419
0.161429
0.161036
0.161036
0.162036
0.161035
0.162035
0.163036
0.161276
0.175038
0.173039
0.175039
0.171038
0.169041
0.166036
0.163036
0.165236
0.161136
0.159035
0.159035
0.159035
0.161098
0.166037
0.176039
0.161195
0.163036
0.167037
0.164036
0.160294
0.160036
0.160269
0.160034
0.160035
0.160489
0.161285
0.160219
0.161270
0.161308
0.160467
0.160444
0.161409
0.159390
0.161035
0.162035
0.162036
0.164036
0.162035
0.161097
0.162366
0.161895
0.160786
0.160728
0.160035
0.161088
0.159295
0.160035
0.160180
0.164119
0.163108
0.161723
0.162035
0.161035
0.160035
0.163033
0.160035
0.160128
0.160490
0.161116
0.159051
0.161035
0.160035
0.161036
0.160099
0.159598
0.161135
0.162036
0.160035
0.140664
0.160035
0.161035
0.160035
0.162035
0.162036
0.161111
0.160035
0.161145
0.160064
0.161035
0.161035
0.162035
0.160185
0.161036
0.161036
0.160105
0.160035
0.161084
0.161035
0.161053
0.092312
0.164036
0.159035
0.160035
0.160441
0.160589
0.159297
0.161035
0.160138
0.159566
0.160035
0.160035
0.158035
0.160541
0.161036
0.160035
0.160036
0.159336
0.159431
0.159782
0.158544
0.160050
0.160162
0.159484
0.158386
0.160129
0.159035
0.160035
0.160035
0.161036
0.160035
0.160035
0.159035
0.160036
0.160035
0.160035
0.159202
0.159221
0.160035
0.160306
0.160035
0.160035
0.162035
0.165036
0.165180
0.164036
0.165043
0.160145
0.161049
0.162095
0.161412
0.162352
0.161276
0.161677
0.160657
0.161240
0.160862
0.163715
0.161476
0.161035
0.161036
0.161275
0.168037
0.164036
0.164155
0.162037
0.161702
0.161497
0.161397
0.159402
0.160035
0.160035
0.160035
0.161035
0.161530
0.161477
0.161086
0.161452
0.160413
0.161035
0.161232
0.160035
0.159630
0.160035
0.160478
0.160035
0.161035
0.159464
0.159230
0.161875
0.160262
0.160035
0.161036
0.160161
0.159357
0.160036
0.160172
0.160035
0.160090
0.160035
0.161035
0.160035
0.160085
0.166036
0.165110
0.164036
0.163036
0.163036
0.160036
0.161035
0.160352
0.161035
0.160524
0.161297
0.160482
0.160035
0.160263
0.161036
0.160271
0.159034
0.161036
0.160631
0.158371
0.158878
0.161214
0.158054
0.158498
0.160511
0.160035
0.159466
0.159522
0.159460
0.160368
0.159280
0.160035
0.159484
0.160035
0.160451
0.161035
0.160388
0.160622
0.158327
0.160392
0.160288
0.162086
0.160035
0.159742
0.160357
0.160429
0.161480
0.160496
0.160402
0.160707
0.160821
0.160525
0.121323
0.162037
0.160035
0.160035
0.160232
0.159081
0.160370
0.158519
0.159406
0.140704
0.167037
0.162036
0.162036
0.161036
0.161036
0.162415
0.162036
0.161036
0.161035
0.162036
0.162035
0.160036
0.161036
0.162036
0.162711
0.160310
0.159443
0.161484
0.162128
0.161035
0.161282
0.159053
0.160024
0.162036
0.161035
0.160035
0.162056
0.162035
0.161874
0.161035
0.162036
0.162256
0.161472
0.162036
0.163104
0.161036
0.162035
0.160825
0.161493
0.162036
0.162089
0.162036
0.162036
0.162036
0.163057
0.161036
0.161225
0.161035
0.162121
0.162037
0.162189
0.161178
0.161253
0.162383
0.162177
0.161035
0.162025
0.162035
0.163036
0.161035
0.162036
0.162035
0.160054
0.161035
0.162035
0.161036
0.161037
0.160035
0.161055
0.160610
0.143031
0.159035
0.161096
0.161433
0.160666
0.160603
0.162488
0.160281
0.162345
0.160860
0.162303
0.164036
0.161509
0.162035
0.162036
0.162036
0.162036
0.162677
0.161113
0.160197
0.162264
0.160035
0.161492
0.161277
0.160035
0.161467
0.161076
0.159532
0.160035
0.162036
0.160036
0.161035
0.132853
0.160035
0.161054
0.160035
0.159035
0.161307
0.162035
0.161036
0.160924
0.160035
0.161711
0.160088
0.159426
0.162037
0.161036
0.161052
0.161036
0.159035
0.160468
0.162036
0.161035
0.161054
0.161036
0.160035
0.161180
0.158035
0.161036
0.160035
0.161036
0.162036
0.162036
0.160035
0.161453
0.160927
0.161758
0.159929
0.160498
0.162035
0.161036
0.098320
0.170037
0.166037
0.163036
0.161135
0.160128
0.160494
0.163077
0.160809
0.161036
0.160035
0.162036
0.160572
0.160182
0.160035
0.161035
0.160036
0.160035
0.161307
0.160035
0.161035
0.159035
0.162112
0.162036
0.144172
0.164054
0.163036
0.162180
0.162036
0.161035
0.161747
0.160035
0.161140
0.161697
0.161563
0.160403
0.160459
0.161347
0.161547
0.160443
0.161248
0.162035
0.160035
0.160063
0.160310
0.161035
0.160035
0.161035
0.160035
0.160126
0.160434
0.159485
0.161271
0.151511
0.163267
0.161624
0.159518
0.170598
0.168167
0.163409
0.159071
0.160018
0.161844
0.161049
0.161204
0.157034
0.169457
0.166510
0.164639
0.164036
0.161676
0.160483
0.160035
0.161312
0.161035
0.161035
0.160415
0.160311
0.161136
0.160199
0.156381
0.156469
0.157034
0.158035
0.157788
0.158531
0.158454
0.157034
0.160054
0.163036
0.163455
0.156333
0.159035
0.158074
0.157034
0.159034
0.158035
0.158035
0.158035
0.158035
0.159035
0.158658
0.158416
0.141031
0.158035
0.159035
0.157034
0.158035
0.158035
0.159035
0.158144
0.158035
0.158203
0.160494
0.164264
0.164037
0.164342
0.160122
0.160102
0.158540
0.158352
0.158035
0.158557
0.160036
0.160054
0.159035
0.159035
0.160035
0.159035
0.160526
0.159035
0.159035
0.159813
0.160035
0.158034
0.160101
0.159035
0.159246
0.160035
0.159150
0.158091
0.158298
0.160035
0.161036
0.159035
0.140945
0.160035
0.159035
0.159852
0.159545
0.159538
0.158089
0.160035
0.160035
0.160036
0.160035
0.159035
0.158035
0.159035
0.160035
0.160071
0.160035
0.159035
0.159035
0.159034
0.159036
0.160037
0.160224
0.160254
0.160036
0.161035
0.159034
0.159205
0.158396
0.160036
0.160035
0.159213
0.157620
0.160035
0.159187
0.160035
0.159035
0.160054
0.148990
0.159120
