1.982750
5.243167
0.167819
0.158483
0.118632
0.158317
0.158035
0.159009
0.159096
0.160035
0.160748
0.164181
0.153033
0.158505
0.159212
0.159035
0.125600
0.165755
0.146614
0.162567
0.159091
0.176040
0.154405
0.147033
0.159984
0.104406
0.159035
0.158140
0.158035
0.110112
0.160036
0.159175
0.160036
0.158035
0.110297
0.159091
0.123762
0.202280
0.170281
0.163302
0.168339
0.176050
0.169789
0.170913
0.152770
0.163603
0.158523
0.157991
0.165036
0.162587
0.159674
0.149788
0.093699
0.155034
0.118219
0.157982
0.157079
0.157587
0.156855
0.145534
0.159690
0.159640
0.161049
0.161503
0.164129
0.162438
0.156343
0.161952
0.152450
0.162124
0.097444
0.156845
0.136536
0.129987
0.159635
0.157057
0.157211
0.135493
0.121312
0.134313
0.122637
0.158374
0.157037
0.158519
0.156732
0.158412
0.134119
0.158145
0.125169
0.153874
0.157917
0.160223
0.159551
0.162407
0.163408
0.164083
0.174150
0.166840
0.164319
0.157837
0.156564
0.158155
0.158127
0.159727
0.158336
0.144487
0.157239
0.162221
0.170176
0.168007
0.164669
0.158840
0.156997
0.159873
0.158306
0.158578
0.160271
0.159068
0.161253
0.162102
0.170161
0.170942
0.168344
0.168744
0.159514
0.155925
0.158887
0.149042
0.158364
0.160164
0.160339
0.164486
0.166213
0.176496
0.169346
0.162626
0.159064
0.159051
0.141032
0.161046
0.158828
0.157691
0.161562
0.158843
0.170964
0.164477
0.158193
0.160041
0.160036
0.162035
0.161233
0.162815
0.164766
0.167315
0.177675
0.171050
0.161601
0.158646
0.158970
0.159096
0.161809
0.162405
0.163301
0.164675
0.170114
0.175814
0.167406
0.161695
0.162620
0.162429
0.161932
0.150520
0.162606
0.165285
0.163352
0.165108
0.168158
0.175493
0.171195
0.165646
0.159426
0.159587
0.154344
0.159876
0.160317
0.159280
0.159003
0.160638
0.148379
0.161628
0.163728
0.162787
0.166537
0.169477
0.172977
0.172498
0.168607
0.161036
0.157562
0.160189
0.160183
0.161142
0.162242
0.163147
0.164765
0.151662
0.164358
0.164769
0.168533
0.167889
0.171808
0.173311
0.169127
0.161235
0.158716
0.158416
0.161338
0.161336
0.159063
0.159865
0.157446
0.162542
0.152210
0.162064
0.162820
0.164308
0.165253
0.167948
0.168883
0.174034
0.173011
0.165842
0.159183
0.160430
0.163469
0.160439
0.162413
0.163923
0.164715
0.164739
0.171673
0.172773
0.172680
0.163346
0.156298
0.158246
0.159851
0.161277
0.160798
0.161038
0.160007
0.157375
0.172508
0.167153
0.158736
0.154995
0.159662
0.160700
0.158568
0.159362
0.159261
0.168098
0.172016
0.169856
0.169814
0.165796
0.158320
0.158540
0.160102
0.160594
0.165639
0.162603
0.153730
0.161597
0.165404
0.164867
0.167289
0.166212
0.173040
0.169752
0.166050
0.157950
0.155694
0.161291
0.160744
0.158787
0.160111
0.158726
0.160762
0.122605
0.116750
0.171312
0.166089
0.159255
0.156723
0.161114
0.161600
0.159711
0.159003
0.160959
0.163623
0.165316
0.164948
0.164384
0.163591
0.165545
0.150750
0.158848
0.160316
0.161085
0.161337
0.162394
0.158697
0.159480
0.160033
0.160415
0.163597
0.163303
0.163803
0.165149
0.153573
0.159763
0.163157
0.163307
0.160677
0.164201
0.164974
0.166311
0.168228
0.171216
0.175569
0.174902
0.169633
0.163203
0.158642
0.159659
0.161466
0.160401
0.159889
0.161183
0.149209
0.123944
0.160915
0.159231
0.159717
0.159887
0.160311
0.159978
0.158154
0.159169
0.161292
0.163575
0.162319
0.164000
0.160636
0.162798
0.162347
0.162602
0.161816
0.115106
0.161622
0.157561
0.161290
0.160734
0.158592
0.160099
0.161943
0.162197
0.163159
0.164026
0.164500
0.164483
0.165744
0.167388
0.165423
0.164561
0.164708
0.159833
0.172502
0.171739
0.170869
0.166399
0.159180
0.160595
0.160843
0.160972
0.157901
0.159629
0.157354
0.160254
0.159933
0.159027
0.161032
0.162758
0.139899
0.160298
0.161676
0.163058
0.163624
0.163070
0.163261
0.163772
0.166640
0.165072
0.164130
0.163653
0.165038
0.166913
0.167835
0.169380
0.169767
0.171430
0.165202
0.169261
0.175409
0.175128
0.170016
0.166361
0.158667
0.160043
0.163386
0.160415
0.159202
0.160521
0.158786
0.160378
0.160841
0.161669
0.160304
0.152647
0.161260
0.161081
0.168931
0.167349
0.169380
0.173104
0.174017
0.168761
0.163688
0.158643
0.159773
0.161898
0.161364
0.159335
0.158589
0.160124
0.130925
0.160171
0.162132
0.160271
0.162372
0.162606
0.163907
0.163591
0.165777
0.165415
0.165411
0.164782
0.165595
0.165270
0.165566
0.164964
0.163797
0.165871
0.162403
0.164143
0.166823
0.165591
0.171859
0.171252
0.165336
0.160589
0.161802
0.162434
0.162465
0.160923
0.159927
0.161503
0.160985
0.161996
0.163586
0.157987
0.163619
0.162282
0.172113
0.175800
0.169473
0.164633
0.160491
0.158970
0.160962
0.162261
0.158119
0.160094
0.159859
0.160830
0.164932
0.164442
0.159591
0.163028
0.162160
0.162489
0.163093
0.161395
0.174099
0.167045
0.165510
0.158900
0.160383
0.162293
0.161581
0.161614
0.160937
0.160656
0.160613
0.126984
0.161174
0.139335
0.158344
0.160408
0.159492
0.164218
0.165632
0.164863
0.166396
0.166447
0.166860
0.166082
0.165884
0.166445
0.166517
0.167197
0.167208
0.152430
0.160360
0.163479
0.164180
0.160977
0.162314
0.162296
0.164037
0.163348
0.163036
0.163038
0.163036
0.164010
0.163509
0.162557
0.164161
0.164375
0.162323
0.145543
0.160035
0.161036
0.114025
0.160035
0.161417
0.159868
0.162569
0.162184
0.163036
0.163036
0.163036
0.163036
0.163036
0.163036
0.182086
0.176666
0.176134
0.176997
0.174038
0.169039
0.161036
0.160035
0.160854
0.152362
0.161208
0.160146
0.159219
0.160215
0.160636
0.159087
0.155053
0.161060
0.161130
0.160260
0.112025
0.160394
0.160036
0.159261
0.161035
0.160248
0.162114
0.162036
0.174239
0.176038
0.173038
0.182202
0.171038
0.163036
0.159233
0.160035
0.161079
0.156204
0.136565
0.164036
0.158036
0.161036
0.159221
0.162463
0.161108
0.161035
0.165349
0.165738
0.167301
0.166190
0.165514
0.168037
0.165037
0.165069
0.167037
0.146699
0.160458
0.162036
0.163534
0.171037
0.168096
0.168873
0.168417
0.168037
0.176544
0.177040
0.171747
0.167037
0.161211
0.157241
0.174128
0.158151
0.185229
0.158769
0.158868
0.159035
0.164036
0.156240
0.162532
0.161459
0.161036
0.162973
0.164036
0.163036
0.164100
0.177603
0.172038
0.169264
0.171188
0.169427
0.145846
0.161846
0.163977
0.164129
0.164259
0.165325
0.165336
0.163736
0.164296
0.165056
0.168418
0.164922
0.160041
0.160876
0.157953
0.162450
0.162230
0.145760
0.160011
0.160005
0.161872
0.162061
0.160150
0.160354
0.161332
0.160416
0.161231
0.162346
0.168165
0.168423
0.169086
0.166345
0.168841
0.167301
0.170534
0.151731
0.163657
0.164695
0.164244
0.164887
0.166014
0.163058
0.163327
0.163404
0.164088
0.163907
0.165113
0.167384
0.169930
0.169595
0.168959
0.172161
0.174623
0.176240
0.173838
0.172246
0.165355
0.176508
0.161101
0.160465
0.159870
0.160565
0.161010
0.162305
0.161367
0.161554
0.160041
0.161502
0.161544
0.162134
0.150867
0.160526
0.167578
0.166143
0.167547
0.166225
0.165795
0.166960
0.166050
0.166116
0.165362
0.165223
0.168077
0.166905
0.158775
0.162121
0.158792
0.146808
0.161563
0.162123
0.160152
0.161035
0.160461
0.162075
0.161715
0.164431
0.165676
0.164198
0.165344
0.167085
0.172624
0.172596
0.169983
0.167582
0.160102
0.161254
0.160928
0.162024
0.162008
0.161134
0.162791
0.159965
0.161509
0.161195
0.161948
0.161330
0.165067
0.163694
0.165867
0.167014
0.165619
0.167776
0.157883
0.163145
0.168905
0.171470
0.171915
0.175922
0.171999
0.171392
0.168528
0.168038
0.158434
0.163361
0.161877
0.161528
0.161741
0.162091
0.160225
0.149036
0.160547
0.160379
0.160928
0.162108
0.141365
0.160959
0.162623
0.165700
0.165183
0.170911
0.173771
0.174452
0.172989
0.167995
0.164735
0.161081
0.156229
0.165007
0.161966
0.168225
0.167123
0.168895
0.167785
0.168533
0.168198
0.167783
0.174285
0.172134
0.167612
0.159636
0.159999
0.163203
0.162818
0.148505
0.164837
0.163658
0.164425
0.163728
0.168015
0.171261
0.172658
0.178483
0.172597
0.175247
0.168716
0.173122
0.172623
0.165922
0.160667
0.160501
0.137547
0.163921
0.162478
0.160573
0.172009
0.174602
0.176204
0.174536
0.170364
0.165958
0.160644
0.159197
0.162897
0.163051
0.161142
0.160625
0.161931
0.159229
0.164829
0.167129
0.146982
0.160223
0.168235
0.166788
0.150348
0.161266
0.163580
0.163503
0.169791
0.168692
0.172769
0.174800
0.171837
0.166770
0.155340
0.169523
0.150091
0.164315
0.161421
0.161655
0.163683
0.160986
0.161447
0.162041
0.164800
0.163906
0.173086
0.173986
0.176729
0.176352
0.176129
0.168652
0.174387
0.169387
0.164085
0.157922
0.161836
0.161427
0.161760
0.162319
0.162261
0.160768
0.143021
0.161922
0.161362
0.162496
0.161030
0.161776
0.162998
0.145622
0.160018
0.161427
0.171731
0.174496
0.162244
0.160399
0.162701
0.161524
0.162819
0.161498
0.162861
0.160578
0.162866
0.159893
0.163822
0.161584
0.150002
0.142396
0.162036
0.160036
0.167396
0.167058
0.178678
0.173295
0.173551
0.170650
0.169593
0.162413
0.161904
0.162428
0.163742
0.165379
0.159887
0.135142
0.158986
0.161467
0.162449
0.163356
0.161057
0.161136
0.161012
0.161817
0.163045
0.163546
0.164752
0.145353
0.160036
0.161140
0.163600
0.165617
0.163995
0.133528
0.160898
0.161036
0.162523
0.161564
0.167406
0.166455
0.166744
0.167377
0.166204
0.166733
0.166526
0.166100
0.165657
0.176305
0.172831
0.178337
0.174013
0.176762
0.171511
0.167998
0.160240
0.159422
0.164068
0.162002
0.163905
0.161176
0.162354
0.162787
0.165045
0.165204
0.163129
0.171309
0.172853
0.177496
0.175511
0.175499
0.171897
0.168305
0.162338
0.157004
0.162209
0.162028
0.162021
0.165850
0.167429
0.165918
0.167006
0.166857
0.165516
0.166725
0.165738
0.131581
0.163154
0.160844
0.161256
0.163180
0.163288
0.164119
0.169602
0.169533
0.168666
0.170813
0.169759
0.168106
0.168042
0.168531
0.167154
0.167489
0.170797
0.142033
0.161451
0.162253
0.162015
0.164855
0.164375
0.163512
0.169796
0.170399
0.168355
0.169148
0.168965
0.170968
0.168769
0.168360
0.170630
0.175719
0.170213
0.173513
0.176077
0.169679
0.168995
0.160279
0.162873
0.159987
0.165332
0.164865
0.171458
0.156062
0.164109
0.163687
0.171333
0.168974
0.172725
0.169100
0.151497
0.162479
0.164295
0.164699
0.164571
0.164513
0.162907
0.165133
0.165642
0.166328
0.170146
0.171038
0.170430
0.174296
0.177502
0.177039
0.171257
0.168690
0.166300
0.161005
0.161489
0.161047
0.161682
0.161069
0.160441
0.161267
0.163181
0.161568
0.164417
0.164175
0.169037
0.169500
0.171141
0.169559
0.167346
0.164036
0.166037
0.162314
0.162759
0.171569
0.175817
0.176193
0.173137
0.171042
0.162036
0.160531
0.161284
0.160125
0.160138
0.160130
0.160857
0.163036
0.178040
0.174811
0.164811
0.189042
0.165539
0.165036
0.167153
0.165174
0.165481
0.172219
0.179512
0.177621
0.170438
0.160308
0.163901
0.158149
0.158377
0.141791
0.176039
0.179241
0.205158
0.177219
0.176563
0.170433
0.161729
0.144531
0.168145
0.162921
0.161745
0.161036
0.160035
0.163194
0.163289
0.164187
0.164569
0.145209
0.160707
0.161786
0.144253
0.161548
0.161154
0.162490
0.162737
0.160855
0.164224
0.165302
0.165913
0.165264
0.163866
0.163389
0.163310
0.166274
0.167099
0.130028
0.160962
0.161600
0.160329
0.162444
0.163134
0.162951
0.163147
0.163131
0.162981
0.164502
0.174655
0.174935
0.168159
0.160926
0.162140
0.162535
0.140370
0.164179
0.161629
0.161403
0.145510
0.161622
0.162598
0.160272
0.161246
0.141890
0.162649
0.161170
0.143785
0.160706
0.161828
0.162136
0.140958
0.160380
0.147163
0.161856
0.162300
0.161909
0.162957
0.162655
0.163289
0.162608
0.161544
0.161516
0.163701
0.164341
0.174798
0.173802
0.167045
0.160588
0.161109
0.146640
0.161846
0.162606
0.162980
0.163190
0.163651
0.163185
0.161761
0.162213
0.163294
0.164612
0.164459
0.165553
0.169677
0.166385
0.167751
0.164989
0.163765
0.144233
0.161800
0.164000
0.164548
0.164573
0.163431
0.163536
0.169656
0.171971
0.180639
0.177282
0.174152
0.169489
0.148365
0.162139
0.161695
0.160682
0.156930
0.161520
0.161557
0.163160
0.165522
0.165733
0.165796
0.164638
0.164809
0.171952
0.172315
0.170416
0.171038
0.169038
0.162477
0.162440
0.161066
0.149581
0.160944
0.161475
0.161881
0.161445
0.162400
0.168352
0.166376
0.167170
0.181496
0.177229
0.173950
0.168264
0.159915
0.159523
0.145345
0.162998
0.157174
0.161959
0.160390
0.162132
0.163076
0.162100
0.103848
0.160920
0.161164
0.160522
0.160315
0.161354
0.162036
0.162036
0.162057
0.162611
0.174000
0.177319
0.158422
0.165088
0.164036
0.163510
0.163745
0.164406
0.165067
0.162715
0.164303
0.160750
0.165023
0.163036
0.163579
0.163472
0.115530
0.164218
0.163209
0.164407
0.144032
0.162601
0.161594
0.163922
0.162035
0.161087
0.163236
0.163195
0.162905
0.207258
0.179787
0.156159
0.175290
0.173435
0.161588
0.160035
0.163134
0.192043
0.167588
0.161533
0.165569
0.168037
0.167515
0.167342
0.166500
0.166596
0.166319
0.165752
0.165314
0.164224
0.163115
0.163156
0.162347
0.164007
0.175044
0.178401
0.175009
0.169275
0.161898
0.161118
0.142538
0.164037
0.161944
0.161402
0.160035
0.160754
0.163443
0.161399
0.162795
0.162896
0.164660
0.164529
0.152072
0.161690
0.163430
0.163305
0.170345
0.168177
0.177470
0.172683
0.168391
0.159818
0.161044
0.161642
0.162865
0.161282
0.159720
0.160204
0.158822
0.141947
0.161829
0.161089
0.161557
0.162255
0.162962
0.164702
0.164587
0.164410
0.169324
0.166948
0.170861
0.168312
0.174703
0.171407
0.166244
0.159291
0.145569
0.176556
0.162472
0.160669
0.159629
0.158608
0.157763
0.161813
0.162036
0.161525
0.162285
0.162742
0.166431
0.165118
0.164907
0.161876
0.163967
0.164097
0.143631
0.163929
0.164054
0.164511
0.164202
0.164128
0.164819
0.165498
0.165496
0.165639
0.164885
0.166448
0.166176
0.169008
0.165153
0.167291
0.169266
0.167363
0.155101
0.164742
0.168299
0.168460
0.168309
0.167780
0.167015
0.167738
0.166709
0.166896
0.168432
0.167144
0.171188
0.167456
0.167424
0.166744
0.167566
0.167383
0.129907
0.161140
0.162772
0.163037
0.165480
0.165362
0.164476
0.165136
0.163996
0.163679
0.166014
0.164282
0.165811
0.164290
0.164522
0.164010
0.163177
0.164923
0.138374
0.161184
0.166165
0.165175
0.164459
0.164192
0.165211
0.164282
0.166195
0.165517
0.167162
0.166971
0.167242
0.166934
0.165422
0.168512
0.167125
0.167563
0.156605
0.163568
0.168423
0.170377
0.168642
0.171726
0.169735
0.167276
0.169176
0.169551
0.171631
0.176184
0.178687
0.180931
0.174039
0.169620
0.162117
0.155026
0.187169
0.168037
0.179989
0.171254
0.165204
0.160044
0.159981
0.164447
0.163168
0.142047
0.162054
0.151258
0.163010
0.161858
0.161529
0.158790
0.156895
0.161514
0.161880
0.163596
0.163830
0.159035
0.161882
0.160695
0.166258
0.166424
0.172537
0.175224
0.182214
0.179776
0.179049
0.157130
0.161036
0.151278
0.162919
0.163882
0.162584
0.164834
0.162892
0.165250
0.165426
0.164402
0.164625
0.164562
0.153927
0.161948
0.162435
0.163792
0.163334
0.165291
0.143162
0.149063
0.160881
0.163103
0.163026
0.163038
0.167168
0.165275
0.163725
0.164515
0.164547
0.172067
0.168250
0.175264
0.175161
0.168756
0.161766
0.159520
0.151495
0.168702
0.163675
0.158046
0.161786
0.161330
0.166384
0.163407
0.163157
0.169037
0.168044
0.165380
0.165149
0.164037
0.164149
0.143850
0.161107
0.162247
0.152312
0.166143
0.166053
0.165036
0.165175
0.171176
0.178536
0.168037
0.160487
0.162198
0.162036
0.163179
0.162220
0.164036
0.159376
0.162036
0.162190
0.134577
0.161372
0.162135
0.162109
0.162230
0.162847
0.165757
0.170478
0.171288
0.171128
0.170995
0.169238
0.175106
0.197731
0.165657
0.166037
0.165651
0.174718
0.167282
0.174291
0.179386
0.178618
0.171488
0.166666
0.161361
0.163450
0.161659
0.161020
0.164036
0.160777
0.160935
0.162001
0.165093
0.111025
0.161334
0.142886
0.162508
0.160456
0.162807
0.162851
0.162772
0.163569
0.163974
0.177032
0.179233
0.175168
0.172003
0.167175
0.159554
0.163009
0.161388
0.162058
0.127714
0.168055
0.160872
0.160669
0.161294
0.160887
0.142116
0.159244
0.160257
0.162202
0.149033
0.162117
0.162037
0.162481
0.162514
0.164036
0.165081
0.164036
0.157176
0.167037
0.164629
0.164819
0.164230
0.164599
0.163490
0.164036
0.163737
0.167071
0.167037
0.167895
0.168273
0.167538
0.175627
0.184564
0.172030
0.163037
0.178406
0.169037
0.161702
0.161036
0.167373
0.133234
0.160088
0.159650
0.159419
0.176509
0.181040
0.176387
0.162460
0.163036
0.160035
0.161126
0.145107
0.168375
0.198655
0.167063
0.166996
0.164558
0.164015
0.165048
0.165060
0.164351
0.176039
0.162479
0.161187
0.160035
0.162206
0.160722
0.190042
0.139440
0.159868
0.160185
0.161036
0.162808
0.167037
0.170690
0.170369
0.179590
0.172220
0.176965
0.173643
0.163294
0.161713
0.161384
0.160951
0.163756
0.136866
0.161354
0.160600
0.159914
0.160964
0.161989
0.161527
0.160447
0.161157
0.162449
0.166202
0.164315
0.163275
0.166335
0.163620
0.164935
0.171577
0.170853
0.160224
0.162978
0.164212
0.165036
0.165297
0.164483
0.164013
0.170864
0.167220
0.167323
0.178872
0.177993
0.175154
0.160794
0.160035
0.160860
0.162499
0.151637
0.161890
0.162494
0.170268
0.166383
0.164296
0.161887
0.160434
0.160035
0.161148
0.162280
0.167062
0.166622
0.181359
0.171756
0.163944
0.168827
0.162347
0.161888
0.161358
0.141809
0.162310
0.161994
0.161123
0.140538
0.162064
0.161733
0.162718
0.160416
0.160930
0.158969
0.160666
0.180794
0.176409
0.175642
0.178843
0.180435
0.165224
0.160036
0.162387
0.145185
0.160903
0.160544
0.160468
0.160036
0.159412
0.160532
0.160035
0.163036
0.159143
0.196061
0.177039
0.177641
0.178101
0.179531
0.180550
0.165037
0.161035
0.160903
0.160749
0.160080
0.164036
0.146032
0.160397
0.159296
0.130058
0.161036
0.160368
0.164518
0.153615
0.161499
0.162223
0.166518
0.164136
0.162491
0.164036
0.164145
0.168076
0.168263
0.163420
0.167713
0.169466
0.169209
0.167812
0.167610
0.166559
0.172464
0.179613
0.174585
0.176352
0.171001
0.165896
0.170284
0.166158
0.160278
0.160671
0.160949
0.161509
0.160302
0.161274
0.160723
0.162554
0.162380
0.160589
0.156394
0.161880
0.163669
0.162702
0.164041
0.165037
0.164067
0.170118
0.168341
0.171515
0.170207
0.166704
0.167076
0.165381
0.173229
0.171038
0.169396
0.170406
0.178047
0.175956
0.177384
0.160756
0.159220
0.161432
0.161381
0.162380
0.162807
0.140435
0.162561
0.160716
0.159852
0.162106
0.162536
0.161875
0.162014
0.128080
0.158213
0.160557
0.160035
0.160755
0.140699
0.160373
0.160222
0.160025
0.159983
0.166476
0.163854
0.163948
0.161354
0.168095
0.165961
0.177519
0.179229
0.179147
0.166044
0.161200
0.161633
0.161456
0.162896
0.163083
0.162668
0.160246
0.159508
0.144257
0.163170
0.161154
0.166467
0.164041
0.164226
0.163473
0.149937
0.165760
0.123369
0.141202
0.162766
0.160061
0.160440
0.161718
0.163168
0.161963
0.142505
0.160365
0.160175
0.161366
0.163036
0.163227
0.162681
0.161017
0.157191
0.162462
0.163702
0.164497
0.163215
0.168953
0.169168
0.168282
0.166637
0.162941
0.164760
0.164668
0.165270
0.171215
0.170620
0.166937
0.169736
0.171345
0.145435
0.160007
0.170775
0.166363
0.166962
0.168571
0.168161
0.177032
0.176924
0.180449
0.174754
0.174223
0.168646
0.161976
0.161236
0.161171
0.142071
0.143404
0.160722
0.160477
0.163015
0.142694
0.161986
0.162295
0.160377
0.161036
0.162035
0.161036
0.161156
0.166389
0.161036
0.163320
0.163949
0.163942
0.165486
0.150625
0.161936
0.165082
0.165681
0.180580
0.178932
0.177065
0.172202
0.165452
0.163057
0.161068
0.163157
0.162629
0.164046
0.160555
0.163246
0.162089
0.102388
0.161999
0.143668
0.162829
0.161025
0.162198
0.161664
0.164159
0.162978
0.161025
0.159985
0.161651
0.163236
0.163401
0.166661
0.166524
0.165266
0.173244
0.161687
0.171183
0.170322
0.171153
0.167229
0.167236
0.164054
0.165318
0.165037
0.164037
0.163295
0.163945
0.170144
0.168308
0.170474
0.167395
0.170130
0.171267
0.152943
0.161134
0.099962
0.161201
0.200044
0.173513
0.172186
0.170970
0.168681
0.169037
0.177175
0.181957
0.176681
0.178835
0.169444
0.160035
0.161893
0.178095
0.168037
0.169098
0.182064
0.175579
0.205046
0.170038
0.170562
0.168038
0.165036
0.164370
0.161661
0.163639
0.164203
0.163537
0.163645
0.159381
0.164452
0.135735
0.161011
0.162580
0.162475
0.163151
0.169580
0.169571
0.170443
0.167312
0.176715
0.178721
0.173259
0.169568
0.161512
0.162116
0.161621
0.163009
0.138744
0.161960
0.152539
0.162948
0.162402
0.162543
0.142879
0.161605
0.162732
0.161128
0.160692
0.163353
0.162193
0.162286
0.163574
0.163038
0.163515
0.165897
0.165771
0.168362
0.167100
0.180348
0.177849
0.176180
0.169994
0.162473
0.162570
0.163319
0.164457
0.162274
0.160816
0.161821
0.162053
0.162727
0.161036
0.129693
0.162039
0.161836
0.162096
0.162652
0.163106
0.162512
0.163234
0.163430
0.172008
0.168646
0.169280
0.182324
0.176879
0.167977
0.162019
0.161455
0.154604
0.163208
0.162061
0.161876
0.160842
0.161263
0.161320
0.161470
0.166239
0.165443
0.166020
0.171636
0.170793
0.171594
0.171364
0.172871
0.178168
0.173057
0.171348
0.160939
0.159791
0.162508
0.162802
0.162222
0.162768
0.163023
0.163064
0.161829
0.163050
0.161782
0.164157
0.163733
0.165942
0.165246
0.166476
0.145142
0.162540
0.162632
0.163715
0.169212
0.169704
0.167945
0.168313
0.167685
0.177008
0.176883
0.173437
0.173131
0.166593
0.161868
0.162499
0.162805
0.153475
0.163926
0.163329
0.162066
0.160152
0.161858
0.163917
0.152491
0.161210
0.142799
0.164245
0.163538
0.164861
0.164851
0.164935
0.145471
0.161940
0.161795
0.149597
0.163365
0.165520
0.164977
0.164743
0.173807
0.173039
0.175724
0.178568
0.177133
0.171551
0.166650
0.161082
0.163661
0.163702
0.163943
0.160757
0.145070
0.159940
0.162307
0.164801
0.163228
0.147534
0.162844
0.162290
0.163445
0.166136
0.165902
0.176549
0.177603
0.176079
0.170189
0.163948
0.163020
0.155341
0.163252
0.162527
0.163542
0.162795
0.142565
0.163759
0.163211
0.144382
0.161098
0.162660
0.163114
0.171362
0.150546
0.164156
0.164027
0.161813
0.163261
0.136162
0.162999
0.162977
0.167513
0.167499
0.168115
0.169808
0.166756
0.178499
0.175583
0.167810
0.162095
0.163880
0.165497
0.161082
0.161310
0.161703
0.154661
0.162056
0.166196
0.165930
0.164164
0.164462
0.169739
0.170550
0.172350
0.171977
0.172601
0.170060
0.169872
0.175559
0.178447
0.176904
0.174714
0.149797
0.172244
0.166885
0.161905
0.161819
0.163144
0.162270
0.160299
0.160658
0.163597
0.163478
0.162416
0.165961
0.165504
0.169111
0.167992
0.168000
0.167151
0.139699
0.162575
0.164983
0.165999
0.166205
0.165931
0.166363
0.170505
0.173348
0.178141
0.176719
0.177710
0.171715
0.167893
0.161877
0.163208
0.163499
0.152256
0.162921
0.163024
0.160999
0.164272
0.163310
0.166632
0.165557
0.165151
0.165139
0.166417
0.165979
0.171701
0.170825
0.171130
0.175807
0.178365
0.172419
0.171791
0.162173
0.162197
0.162036
0.163601
0.163519
0.162957
0.162509
0.164955
0.164827
0.164967
0.165886
0.170255
0.172323
0.172035
0.171366
0.162477
0.172877
0.167588
0.163208
0.162800
0.163936
0.141974
0.161378
0.162918
0.163342
0.163654
0.162598
0.164169
0.161958
0.167346
0.165998
0.146167
0.168854
0.151180
0.164099
0.163662
0.164653
0.165680
0.146681
0.163743
0.165894
0.165158
0.165260
0.166291
0.165614
0.165195
0.165166
0.172477
0.171508
0.172546
0.168142
0.164491
0.163369
0.162522
0.163835
0.164914
0.163170
0.163366
0.162493
0.162452
0.164391
0.169724
0.168599
0.167921
0.167037
0.149405
0.161557
0.164484
0.163269
0.176977
0.179285
0.176417
0.162708
0.163516
0.162704
0.163824
0.162714
0.144754
0.163012
0.162416
0.164360
0.161036
0.163539
0.163447
0.163980
0.154031
0.168667
0.166845
0.148534
0.162808
0.163214
0.164912
0.164135
0.164359
0.168727
0.169679
0.165035
0.167778
0.163498
0.163944
0.165111
0.163138
0.163895
0.107041
0.163905
0.162051
0.145523
0.161105
0.164525
0.162352
0.160901
0.164521
0.170104
0.168613
0.170021
0.168231
0.180312
0.180138
0.176461
0.171954
0.166358
0.171658
0.162517
0.161634
0.163384
0.163416
0.164346
0.146487
0.161433
0.163696
0.163412
0.162941
0.163204
0.162880
0.163863
0.162843
0.163497
0.168542
0.151641
0.163975
0.169204
0.168829
0.178699
0.177235
0.170660
0.172775
0.166373
0.161461
0.155295
0.168593
0.161973
0.164477
0.162447
0.161706
0.163697
0.134510
0.162421
0.162977
0.162798
0.163963
0.163607
0.164888
0.161566
0.162416
0.163685
0.163945
0.164378
0.169877
0.168879
0.169332
0.149999
0.161913
0.164242
0.158208
0.144499
0.162159
0.166505
0.164741
0.172735
0.173351
0.174266
0.154804
0.163625
0.165428
0.166305
0.172595
0.171456
0.168602
0.170301
0.171911
0.173105
0.164716
0.180066
0.179493
0.165762
0.162743
0.161945
0.163897
0.165020
0.163035
0.164821
0.165922
0.165008
0.166507
0.166022
0.165260
0.165464
0.170321
0.159034
0.165134
0.165611
0.164513
0.170628
0.169638
0.169539
0.168437
0.169588
0.167253
0.168001
0.168598
0.167478
0.169686
0.179556
0.178941
0.173097
0.158519
0.162208
0.163916
0.164721
0.162278
0.164589
0.162433
0.163161
0.172076
0.169494
0.170907
0.168141
0.169901
0.168295
0.178846
0.179373
0.175057
0.168735
0.164258
0.162068
0.161786
0.162436
0.161494
0.164663
0.162636
0.128616
0.162428
0.163376
0.163911
0.164973
0.171159
0.170038
0.170038
0.169689
0.169081
0.169092
0.169089
0.167566
0.166540
0.169063
0.167084
0.161783
0.162763
0.163410
0.163559
0.162102
0.164630
0.164545
0.165062
0.165643
0.084888
0.077105
0.076899
0.077204
0.077035
0.076280
0.075699
0.076725
0.077521
0.077145
0.077474
0.078294
0.078191
0.076865
0.077688
0.077314
0.077575
0.078462
0.074270
0.076083
0.086406
0.083365
0.080134
0.078140
0.079509
0.079148
0.077035
0.072015
0.073287
0.073398
0.080130
0.074017
0.074476
0.073615
0.077972
0.079130
0.075747
0.077146
0.077130
0.079901
0.086729
0.081363
0.079689
0.078457
0.075197
0.081754
0.074564
0.075659
0.075872
0.075019
0.074484
0.075879
0.079141
0.078014
0.076373
0.074309
0.075161
0.075536
0.073015
0.073590
0.073662
0.072781
0.071665
0.072177
0.076195
0.075026
0.077583
0.074455
0.074939
0.072623
0.074618
0.073594
0.074387
0.073732
0.075115
0.073489
0.075610
0.076446
0.074347
0.074084
0.072853
0.071739
0.075586
0.074889
0.072924
0.074201
0.073073
0.073151
0.070445
0.073490
0.073484
0.073362
0.071015
0.071571
0.073162
0.071642
0.073441
0.075025
0.073015
0.075336
0.077472
0.072016
0.070737
0.073191
0.072015
0.073017
0.074669
0.073400
0.072855
0.074236
0.074533
0.074205
0.073061
0.073967
0.072879
0.073699
0.075016
0.071737
0.071005
0.072614
0.074409
0.072017
0.074847
0.073125
0.072100
0.074311
0.073615
0.073201
0.074160
0.073434
0.076520
0.073591
0.078556
0.074236
0.072287
0.074979
0.074559
0.072113
0.073950
0.072380
0.073016
0.073627
0.076183
0.096207
0.087019
0.090583
0.075751
0.179507
0.136031
0.151842
0.152115
0.153886
0.152838
0.133059
0.152739
0.151837
0.152128
0.151463
0.152879
0.153300
0.153404
0.153087
0.152033
0.151426
0.150913
0.166038
0.126202
0.153409
0.146374
0.165474
0.162746
0.152958
0.154373
0.159552
0.162039
0.158860
0.161391
0.160426
0.159722
0.160624
0.161737
0.162393
0.158435
0.168111
0.165597
0.165090
0.163826
0.166405
0.163635
0.154377
0.153825
0.153505
0.153051
0.156666
0.159236
0.158710
0.157931
0.160012
0.159029
0.160660
0.156990
0.168824
0.167403
0.166924
0.165309
0.164793
0.163274
0.155852
0.153191
0.155444
0.160844
0.160447
0.165405
0.157077
0.159480
0.160535
0.160663
0.162333
0.158365
0.169296
0.169160
0.161848
0.168295
0.175779
0.171972
0.180855
0.181040
0.178039
0.171452
0.161035
0.155035
0.152440
0.154470
0.152665
0.155471
0.153943
0.152334
0.130770
0.152526
0.152182
0.154283
0.154539
0.151871
0.153034
0.150423
0.152034
0.153034
0.153530
0.155034
0.155034
0.157386
0.161061
0.158634
0.160203
0.159034
0.156554
0.169569
0.168617
0.165663
0.164068
0.160715
0.154044
0.154545
0.158599
0.157922
0.158338
0.160690
0.158723
0.160792
0.158970
0.160110
0.160210
0.160876
0.155719
0.171668
0.172254
0.169157
0.167790
0.165987
0.152189
0.158688
0.157856
0.160940
0.160345
0.162381
0.160163
0.159949
0.160931
0.161230
0.162995
0.161042
0.156704
0.175844
0.180300
0.174828
0.174023
0.164491
0.161201
0.157091
0.152205
0.152467
0.153574
0.152038
0.151828
0.151917
0.151859
0.152553
0.154067
0.150265
0.152155
0.123699
0.162054
0.158482
0.158057
0.158528
0.153683
0.152352
0.154219
0.152081
0.152117
0.154936
0.157197
0.156545
0.159948
0.156838
0.154853
0.157090
0.155006
0.151477
0.177046
0.181093
0.177268
0.173028
0.165050
0.166769
0.160981
0.160710
0.158674
0.162245
0.157534
0.160050
0.157933
0.155954
0.158310
0.159193
0.158539
0.156672
0.165959
0.164278
0.161247
0.154408
0.167255
0.166376
0.164446
0.153795
0.154388
0.156708
0.153597
0.153564
0.154469
0.154217
0.154582
0.155755
0.158582
0.154500
0.170348
0.162587
0.162613
0.160834
0.157272
0.154850
0.155872
0.152830
0.153682
0.154998
0.154425
0.155305
0.153606
0.154233
0.155288
0.154760
0.154990
0.150726
0.163113
0.160614
0.156718
0.158382
0.157097
0.155180
0.155693
0.153346
0.154840
0.156243
0.155542
0.155432
0.154722
0.154036
0.154122
0.154483
0.154447
0.150764
0.169515
0.167287
0.164919
0.162291
0.155584
0.156695
0.155170
0.157587
0.155476
0.154984
0.156167
0.154717
0.156034
0.158039
0.159472
0.157676
0.159182
0.155951
0.172120
0.168589
0.165561
0.161215
0.156261
0.155778
0.156423
0.155977
0.155766
0.156943
0.158130
0.157766
0.146511
0.162237
0.159405
0.161130
0.159204
0.158109
0.168974
0.166863
0.159928
0.158496
0.156640
0.156326
0.156702
0.158697
0.157127
0.156205
0.158838
0.158096
0.158283
0.158422
0.155198
0.156018
0.157731
0.117805
0.165671
0.159940
0.159419
0.157298
0.157539
0.157274
0.157009
0.156541
0.156393
0.155751
0.156749
0.156696
0.158464
0.156488
0.156037
0.155796
0.158115
0.146872
0.158207
0.158205
0.156546
0.156552
0.161521
0.157227
0.157469
0.158035
0.156192
0.156034
0.157346
0.157035
0.155781
0.156669
0.157190
0.157144
0.155732
0.123426
0.155257
0.157129
0.157578
0.156631
0.156874
0.159109
0.158379
0.158035
0.155872
0.156704
0.157208
0.156243
0.157538
0.158438
0.157015
0.154809
0.156750
0.141200
0.156417
0.156183
0.158205
0.158109
0.158125
0.156116
0.157657
0.155268
0.156204
0.156702
0.160055
0.156080
0.156982
0.158524
0.157261
0.157969
0.155844
0.138042
0.164301
0.159193
0.157339
0.161335
0.163167
0.158566
0.157035
0.156035
0.157035
0.156034
0.157035
0.157035
0.155157
0.157718
0.137493
0.159545
0.156759
0.120174
0.160455
0.159132
0.158565
0.155628
0.164128
0.158435
0.159076
0.157650
0.160052
0.161127
0.157044
0.158839
0.158753
0.158034
0.157217
0.156034
0.159035
0.145331
0.165036
0.162091
0.156661
0.158034
0.158035
0.158035
0.157670
0.158031
0.158407
0.156034
0.156035
0.157528
0.157035
0.137275
0.154035
0.158034
0.157035
0.137030
0.156528
0.158266
0.157035
0.158271
0.159035
0.157238
0.158035
0.159034
0.158036
0.163377
0.158035
0.158035
0.156034
0.159035
0.158035
0.155034
0.157035
0.144030
0.169038
0.158035
0.158035
0.156034
0.157035
0.156034
0.183275
0.179442
0.176039
0.180039
0.180512
0.183041
0.183235
0.186041
0.182040
0.179054
0.178774
0.163562
0.162825
0.162117
0.158358
0.160140
0.165994
0.166151
0.163065
0.159368
0.161105
0.159035
0.159035
0.157328
0.156905
0.159858
0.164429
0.160490
0.158570
0.140178
0.157682
0.161714
0.158433
0.159085
0.159806
0.165408
0.159528
0.159608
0.161036
0.159732
0.159596
0.159431
0.157768
0.157343
0.160567
0.156871
0.164360
0.148637
0.159156
0.160036
0.159035
0.156867
0.163307
0.159845
0.159204
0.159715
0.158049
0.160401
0.159240
0.160791
0.159035
0.159269
0.151565
0.158390
0.159207
0.152468
0.157616
0.158979
0.161035
0.158035
0.145923
0.156034
0.158034
0.157035
0.157107
0.158682
0.158329
0.157882
0.156346
0.158787
0.158942
0.158212
0.165212
0.147528
0.159407
0.159765
0.159613
0.160494
0.164665
0.162365
0.161036
0.158035
0.158035
0.159035
0.159035
0.157035
0.158036
0.158035
0.162037
0.157035
0.160437
0.146031
0.140859
0.157137
0.158189
0.157105
0.158489
0.158576
0.137743
0.157905
0.158648
0.157968
0.159294
0.136950
0.156806
0.158461
0.156034
0.158467
0.168495
0.170326
0.176039
0.170172
0.163037
0.160035
0.157034
0.157034
0.158035
0.158035
0.158035
0.140031
0.177569
0.179305
0.219903
0.178528
0.183122
0.181482
0.182040
0.184040
0.172137
0.166111
0.163841
0.161201
0.164085
0.141520
0.158035
0.159035
0.159035
0.157035
0.159035
0.160035
0.158035
0.157571
0.157035
0.193043
0.166037
0.163036
0.123027
0.158034
0.157401
0.158035
0.159035
0.157287
0.159328
0.157794
0.158853
0.158479
0.157502
0.159914
0.157019
0.158104
0.159980
0.159725
0.139102
0.157765
0.124930
0.158403
0.160182
0.159877
0.159783
0.159749
0.158875
0.159561
0.160334
0.157827
0.158501
0.156787
0.159492
0.163908
0.160990
0.159031
0.156482
0.156884
0.139793
0.158527
0.158603
0.139332
0.159636
0.157891
0.160223
0.157779
0.158597
0.158631
0.156792
0.158669
0.139048
0.158534
0.158170
0.158193
0.159066
0.157478
0.146842
0.157543
0.157438
0.158154
0.158121
0.158720
0.156321
0.158262
0.158724
0.158859
0.156317
0.156843
0.157965
0.160295
0.156212
0.158329
0.158894
0.157118
0.150570
0.158413
0.157592
0.159786
0.164036
0.162552
0.160699
0.160064
0.160273
0.158181
0.158072
0.158618
0.158095
0.157714
0.158650
0.158610
0.156121
0.160102
0.117348
0.160000
0.159087
0.157662
0.160395
0.158371
0.160108
0.160218
0.158685
0.159123
0.158950
0.161583
0.157714
0.157494
0.160420
0.159535
0.159252
0.159031
0.156240
0.159115
0.159463
0.158996
0.138972
0.155927
0.153294
0.159307
0.161350
0.156414
0.161592
0.159212
0.165468
0.163592
0.161795
0.161952
0.165723
0.129865
0.161857
0.160946
0.161117
0.159924
0.164264
0.160213
0.159541
0.158358
0.159369
0.163048
0.162055
0.160944
0.158069
0.159482
0.159808
0.158359
0.159352
0.153351
0.157178
0.162024
0.161627
0.166946
0.171390
0.166421
0.162840
0.163527
0.164037
0.162984
0.140738
0.157513
0.159310
0.157470
0.157195
0.158068
0.164433
0.150085
0.163723
0.161069
0.160600
0.159405
0.164223
0.162458
0.140105
0.158203
0.157975
0.157338
0.162068
0.162591
0.163059
0.163967
0.160153
0.162040
0.160199
0.150525
0.157740
0.158699
0.157716
0.158641
0.158035
0.156401
0.164161
0.162787
0.164111
0.162922
0.162612
0.158161
0.181039
0.175233
0.170999
0.166401
0.158832
0.142507
0.156455
0.158972
0.163966
0.162410
0.165274
0.159286
0.159378
0.139873
0.156534
0.158127
0.161293
0.157386
0.160248
0.155550
0.156034
0.156034
0.158035
0.142501
0.157034
0.137127
0.157385
0.156035
0.160298
0.157465
0.159035
0.157244
0.159035
0.136950
0.159187
0.158270
0.159194
0.157217
0.160035
0.158274
0.125027
0.144032
0.158400
0.158035
0.159035
0.158036
0.160036
0.158319
0.156034
0.159035
0.186041
0.172038
0.166037
0.166036
0.162036
0.157034
0.214113
0.182794
0.181351
0.183040
0.182889
0.182081
0.182413
0.181434
0.181663
0.181078
0.179666
0.186041
0.181411
0.185113
0.184852
0.182953
0.182040
0.182487
0.180781
0.181685
0.179747
0.178014
0.177889
0.177502
0.181231
0.179438
0.179570
0.180556
0.180911
0.181286
0.180227
0.176584
0.181246
0.181184
0.177462
0.177642
0.179769
0.181325
0.183041
0.180225
0.179350
0.179776
0.180545
0.185502
0.172668
0.166460
0.159981
0.193521
0.169418
0.165769
0.159827
0.161882
0.160634
0.160888
0.157695
0.173475
0.160581
0.179715
0.178509
0.180886
0.181335
0.181330
0.173441
0.173038
0.169275
0.166193
0.163036
0.162889
0.163860
0.161162
0.156034
0.158035
0.157180
0.158436
0.155193
0.160319
0.158302
0.157034
0.161640
0.159035
0.164530
0.163067
0.163036
0.161878
0.165036
0.164036
0.168037
0.165037
0.161834
0.159356
0.159685
0.159035
0.143157
0.159035
0.162035
0.161351
0.158035
0.158035
0.162038
0.161036
0.160162
0.157034
0.157320
0.155034
0.161035
0.158035
0.156022
0.160228
0.162035
0.159468
0.119321
0.157539
0.157912
0.159811
0.158510
0.159027
0.159534
0.159147
0.137297
0.158499
0.158842
0.139378
0.159876
0.160773
0.159165
0.159844
0.158426
0.160999
0.140153
0.160151
0.160035
0.156923
0.159035
0.139203
0.160036
0.158034
0.158035
0.157035
0.158035
0.156336
0.157475
0.157527
0.158251
0.158833
0.137075
0.156537
0.149484
0.158062
0.159035
0.158035
0.158167
0.159240
0.157469
0.155702
0.155461
0.157298
0.158293
0.156717
0.157214
0.161819
0.158335
0.159129
0.156522
0.156966
0.151119
0.133030
0.139158
0.160035
0.158035
0.159034
0.156034
0.158034
0.158163
0.158378
0.158035
0.157035
0.159640
0.156288
0.157035
0.185041
0.156202
0.159660
0.147032
0.160035
0.158035
0.156400
0.156171
0.196043
0.171056
0.158035
0.158523
0.159035
0.158035
0.158035
0.162035
0.161036
0.161035
0.159035
0.160035
0.215048
0.180822
0.180040
0.180264
0.182040
0.180218
0.217048
0.178225
0.172686
0.168037
0.166371
0.162036
0.161036
0.160639
0.161586
0.160858
0.162047
0.162958
0.150921
0.165296
0.160729
0.161948
0.161932
0.157995
0.157308
0.159082
0.157675
0.157887
0.159249
0.160658
0.161541
0.160119
0.160548
0.163343
0.160627
0.161544
0.147452
0.160997
0.140417
0.157306
0.157150
0.157557
0.160653
0.141907
0.162311
0.160191
0.161295
0.162089
0.161284
0.160349
0.158278
0.155904
0.154906
0.158035
0.135660
0.167067
0.161626
0.173754
0.169199
0.161246
0.171419
0.161858
0.160199
0.155111
0.166053
0.165037
0.160035
0.158164
0.157106
0.156420
0.159087
0.160243
0.138422
0.158752
0.160078
0.157863
0.158360
0.141596
0.160342
0.162377
0.157834
0.159059
0.157587
0.162741
0.161236
0.139514
0.158547
0.159181
0.160689
0.158512
0.149694
0.158812
0.159574
0.160198
0.159571
0.159522
0.159225
0.170782
0.168037
0.165036
0.144708
0.163036
0.162888
0.159035
0.158033
0.157834
0.157152
0.142032
0.129126
0.158035
0.138031
0.159499
0.158930
0.158451
0.150470
0.163036
0.157997
0.159225
0.159036
0.158034
0.158383
0.150720
0.163107
0.160103
0.160636
0.155769
0.158492
0.164860
0.160035
0.158524
0.159470
0.158035
0.157696
0.159006
0.158847
0.154705
0.158243
0.158559
0.157034
0.159062
0.157386
0.157919
0.188130
0.154335
0.143032
0.158035
0.188042
0.183665
0.177326
0.215048
0.182979
0.178039
0.175038
0.166503
0.160947
0.159035
0.158679
0.159147
0.172220
0.169038
0.159029
0.154558
0.176035
0.170038
0.179040
0.177040
0.168617
0.170037
0.178039
0.170889
0.166432
0.160279
0.167522
0.160035
0.160328
0.159651
0.159035
0.160375
0.159895
0.141605
0.157651
0.170741
0.166331
0.161036
0.162263
0.162411
0.161494
0.162268
0.157888
0.156270
0.157658
0.158308
0.157754
0.160763
0.159568
0.158245
0.158054
0.126357
0.164779
0.165128
0.159990
0.159724
0.161905
0.160574
0.166037
0.165039
0.167236
0.173733
0.166900
0.175849
0.180427
0.180708
0.178105
0.173528
0.150857
0.159867
0.161582
0.161771
0.160886
0.161264
0.160520
0.160050
0.160271
0.167742
0.177228
0.175252
0.172867
0.169708
0.168520
0.166392
0.166059
0.165239
0.141833
0.160172
0.162370
0.138931
0.161598
0.159372
0.160412
0.161681
0.140948
0.161580
0.159878
0.159675
0.161331
0.161036
0.163036
0.159893
0.157891
0.160296
0.094433
0.163775
0.163804
0.162553
0.157421
0.157242
0.156067
0.159235
0.156633
0.158057
0.157008
0.158853
0.157541
0.159338
0.156766
0.159536
0.159609
0.157937
0.143402
0.158220
0.157967
0.158501
0.158681
0.158114
0.157516
0.157530
0.155227
0.165944
0.168014
0.165638
0.162228
0.168541
0.165390
0.163720
0.161123
0.167333
0.158554
0.160602
0.160224
0.162050
0.162212
0.162015
0.161055
0.161773
0.161755
0.142595
0.160352
0.160971
0.159343
0.160470
0.164854
0.163122
0.160142
0.159523
0.149671
0.161139
0.158271
0.156649
0.157474
0.158677
0.159241
0.159028
0.161001
0.164747
0.163551
0.162811
0.161036
0.159515
0.161384
0.161104
0.159463
0.159924
0.102271
0.157034
0.162036
0.184451
0.171939
0.161515
0.163896
0.160036
0.159512
0.135003
0.163872
0.161366
0.161274
0.159567
0.161644
0.160661
0.160559
0.159781
0.160718
0.100853
0.160628
0.158515
0.161057
0.159317
0.160587
0.161907
0.158878
0.129292
0.159560
0.160302
0.160894
0.159859
0.159634
0.160514
0.160933
0.160845
0.160249
0.091617
0.160667
0.159629
0.159091
0.159741
0.161305
0.159253
0.159833
0.130376
0.158635
0.158039
0.159574
0.159293
0.160528
0.160567
0.160431
0.160244
0.139711
0.115878
0.171350
0.170975
0.158658
0.174116
0.180228
0.182875
0.183377
0.155034
0.170227
0.166447
0.161201
0.160996
0.160187
0.159637
0.159351
0.159988
0.159035
0.133320
0.160291
0.160151
0.159431
0.158892
0.160615
0.140808
0.161827
0.178104
0.169916
0.150973
0.160994
0.159667
0.159822
0.159990
0.159522
0.158456
0.158440
0.150436
0.159403
0.159753
0.159502
0.161157
0.160199
0.160886
0.166747
0.166607
0.164479
0.162709
0.162297
0.161882
0.160542
0.159761
0.164649
0.163330
0.160563
0.120092
0.161414
0.160453
0.160647
0.160441
0.159943
0.159277
0.160137
0.160550
0.159786
0.159365
0.158860
0.159744
0.160673
0.165500
0.162920
0.167141
0.166387
0.155966
0.161442
0.159517
0.160078
0.165422
0.162804
0.158838
0.159745
0.166047
0.162735
0.161431
0.161231
0.165760
0.163338
0.161586
0.161081
0.164181
0.163036
0.120589
0.160020
0.142507
0.159384
0.160126
0.161305
0.159762
0.157034
0.158956
0.161162
0.160747
0.163332
0.158942
0.160052
0.158181
0.161398
0.160516
0.159175
0.118118
0.160740
0.159689
0.141057
0.158787
0.159366
0.159330
0.158687
0.142101
0.159327
0.158269
0.160555
0.142968
0.158815
0.159497
0.160740
0.159380
0.160514
0.145185
0.160773
0.159544
0.158685
0.160647
0.159432
0.159942
0.160459
0.161944
0.161908
0.165250
0.164479
0.160943
0.160751
0.159114
0.159877
0.158958
0.159330
0.145468
0.161064
0.161060
0.140483
0.158053
0.160604
0.159908
0.160290
0.161864
0.164470
0.161878
0.162451
0.162036
0.160528
0.159249
0.159112
0.159779
0.159151
0.152769
0.159357
0.160181
0.156420
0.158797
0.160197
0.161102
0.163358
0.165443
0.162091
0.159150
0.157694
0.158391
0.158561
0.165865
0.162795
0.160466
0.160925
0.147201
0.150191
0.158871
0.165671
0.174868
0.171081
0.182407
0.179451
0.181484
0.179914
0.178610
0.182448
0.179220
0.178029
0.177350
0.179417
0.179983
0.181559
0.183891
0.185105
0.179945
0.182184
0.184041
0.181536
0.179553
0.179968
0.177685
0.179787
0.180923
0.179244
0.183771
0.185482
0.185086
0.182924
0.181672
0.178505
0.180787
0.176285
0.180480
0.181390
0.180200
0.178506
0.180538
0.183348
0.172402
0.169997
0.163725
0.162337
0.159139
0.159794
0.157863
0.157688
0.156305
0.152253
0.157967
0.157548
0.156115
0.156125
0.158598
0.160996
0.163593
0.162188
0.158823
0.159958
0.157837
0.156456
0.158177
0.158736
0.160927
0.157569
0.158420
0.160844
0.160073
0.157662
0.164210
0.161714
0.158393
0.160682
0.159808
0.159892
0.166359
0.163932
0.161690
0.160788
0.159952
0.159143
0.132628
0.158155
0.158896
0.122639
0.158464
0.156002
0.159753
0.157660
0.157785
0.158938
0.158976
0.159829
0.160084
0.158577
0.156933
0.157666
0.158287
0.161376
0.163573
0.160917
0.162678
0.152025
0.163052
0.161207
0.160946
0.158396
0.159547
0.157576
0.157110
0.158037
0.158537
0.156643
0.157493
0.163871
0.160006
0.165951
0.163245
0.165342
0.164274
0.139800
0.160559
0.158822
0.164382
0.163185
0.161374
0.161952
0.160200
0.167360
0.177411
0.180903
0.177205
0.178336
0.171802
0.170749
0.169735
0.165879
0.171038
0.171754
0.169570
0.163193
0.161994
0.160280
0.158669
0.158642
0.158979
0.157989
0.160929
0.160576
0.157495
0.158330
0.139402
0.160156
0.161086
0.159933
0.134326
0.160477
0.159130
0.156655
0.159918
0.157693
0.159525
0.117026
0.183040
0.179067
0.170661
0.172164
0.169387
0.166461
0.161299
0.170353
0.164770
0.162462
0.159035
0.160035
0.157796
0.159035
0.160035
0.158198
0.159172
0.159643
0.159115
0.159285
0.162957
0.160324
0.158064
0.164123
0.163036
0.166036
0.161755
0.161292
0.137522
0.159047
0.139172
0.159202
0.158608
0.160032
0.158541
0.160266
0.158666
0.158835
0.160416
0.159207
0.159354
0.158274
0.158043
0.158034
0.161197
0.161094
0.122197
0.165088
0.163471
0.163460
0.161260
0.158918
0.139653
0.159359
0.159140
0.159304
0.159225
0.140028
0.156528
0.157099
0.159195
0.159574
0.159119
0.160308
0.140295
0.158874
0.160295
0.158959
0.157212
0.158273
0.157393
0.159686
0.157886
0.140937
0.158449
0.159294
0.158487
0.160091
0.156105
0.157779
0.163380
0.159699
0.140035
0.158834
0.158553
0.160333
0.139568
0.158698
0.158407
0.159808
0.158043
0.159320
0.168213
0.171038
0.168613
0.161491
0.160179
0.160125
0.159476
0.159759
0.156132
0.165036
0.161244
0.161502
0.161322
0.161105
0.159397
0.159342
0.158698
0.165612
0.167306
0.173377
0.167624
0.163762
0.161663
0.161263
0.166636
0.162113
0.159717
0.159444
0.160769
0.138848
0.159256
0.159920
0.159986
0.161520
0.160399
0.159702
0.168265
0.166208
0.163800
0.162761
0.160351
0.161192
0.166694
0.164882
0.139052
0.159129
0.158593
0.160507
0.161804
0.161811
0.160110
0.166157
0.163419
0.161305
0.177925
0.177089
0.177231
0.173812
0.176755
0.170221
0.176353
0.178235
0.183920
0.181453
0.183065
0.181621
0.175889
0.168287
0.162030
0.174228
0.170872
0.165529
0.161848
0.163104
0.162396
0.158273
0.160540
0.161640
0.159240
0.140486
0.162781
0.161239
0.161840
0.160781
0.160502
0.152375
0.168310
0.163116
0.162997
0.162878
0.144499
0.161804
0.162524
0.164366
0.162559
0.162944
0.161125
0.163120
0.164127
0.166568
0.165791
0.164884
0.162665
0.159784
0.157984
0.165951
0.165315
0.164962
0.168209
0.144211
0.158187
0.160934
0.158237
0.168382
0.167308
0.142751
0.158035
0.158035
0.158035
0.139889
0.159045
0.158685
0.158035
0.158146
0.164036
0.163036
0.162309
0.166299
0.163469
0.160036
0.159552
0.160194
0.140551
0.153430
0.158351
0.158372
0.160035
0.157304
0.157034
0.156034
0.158035
0.158505
0.159239
0.158185
0.157035
0.158320
0.159693
0.156945
0.157177
0.144385
0.162036
0.146419
0.164413
0.164365
0.158857
0.159375
0.158942
0.158035
0.159817
0.159035
0.160084
0.140972
0.161036
0.160389
0.159357
0.160035
0.159400
0.156732
0.160194
0.141031
0.139464
0.159118
0.159035
0.159871
0.159059
0.160035
0.160383
0.158580
0.159550
0.159434
0.170265
0.164096
0.162036
0.160191
0.160035
0.160035
0.162440
0.141153
0.162087
0.160343
0.160392
0.162304
0.162480
0.162507
0.161246
0.159944
0.161263
0.162036
0.163038
0.161483
0.161318
0.162055
0.168037
0.161065
0.164465
0.143321
0.165036
0.162508
0.162258
0.162411
0.161911
0.161443
0.160494
0.162043
0.161004
0.161289
0.167720
0.163554
0.163089
0.160943
0.160961
0.162417
0.160496
0.158403
0.143643
0.162035
0.162194
0.160205
0.160234
0.162179
0.161938
0.156230
0.160511
0.165056
0.165862
0.164865
0.170037
0.167038
0.161486
0.157432
0.159035
0.141361
0.161103
0.159112
0.161756
0.161922
0.159815
0.161402
0.161485
0.162492
0.161137
0.161088
0.161036
0.159895
0.165351
0.161896
0.167037
0.164035
0.163487
0.122938
0.162698
0.160026
0.161437
0.161057
0.157979
0.160642
0.160592
0.161881
0.161349
0.161913
0.168242
0.169596
0.164563
0.165225
0.165599
0.168272
0.166635
0.149616
0.159883
0.157962
0.158276
0.157547
0.158076
0.161101
0.157034
0.157286
0.158520
0.162035
0.163037
0.159035
0.139128
0.166143
0.166376
0.164727
0.160355
0.126644
0.159469
0.160310
0.139439
0.160126
0.160694
0.159033
0.160035
0.160417
0.161440
0.159004
0.169345
0.166071
0.164598
0.162409
0.161519
0.159698
0.160042
0.157567
0.160906
0.159816
0.161481
0.166702
0.164267
0.163648
0.161832
0.160940
0.160036
0.165604
0.167045
0.166640
0.163000
0.168445
0.164037
0.157035
0.157348
0.140538
0.160490
0.162134
0.161524
0.161666
0.160936
0.162456
0.161966
0.160993
0.161851
0.164015
0.168112
0.165885
0.162023
0.164309
0.162561
0.160030
0.159850
0.148800
0.159381
0.157377
0.146125
0.166218
0.161128
0.161879
0.160458
0.158787
0.160942
0.160088
0.164439
0.162035
0.161462
0.162221
0.161036
0.165212
0.162723
0.143322
0.160236
0.160458
0.161035
0.159444
0.159432
0.160854
0.160474
0.160442
0.160252
0.158691
0.161036
0.161366
0.158128
0.159494
0.158437
0.159305
0.159475
0.152397
0.160046
0.160035
0.139975
0.158373
0.160575
0.159374
0.160036
0.138694
0.161055
0.160505
0.163036
0.163038
0.161153
0.160936
0.162036
0.161131
0.161035
0.150375
0.163037
0.161502
0.160487
0.160262
0.161043
0.160384
0.141196
0.160384
0.140379
0.160308
0.161036
0.161784
0.159473
0.164267
0.161287
0.159791
0.159672
0.137551
0.160105
0.159733
0.163158
0.160050
0.160440
0.159650
0.161217
0.139426
0.160787
0.160694
0.161167
0.160735
0.159666
0.159892
0.161121
0.160266
0.160202
0.151771
0.160502
0.162107
0.158478
0.139514
0.160631
0.160779
0.161427
0.160109
0.164958
0.162233
0.174663
0.182189
0.181040
0.178681
0.181773
0.182034
0.181982
0.151488
0.158309
0.158035
0.159035
0.160035
0.159560
0.160300
0.160482
0.160342
0.159723
0.159460
0.166334
0.163458
0.162335
0.159654
0.162259
0.160052
0.159035
0.151265
0.161036
0.162137
0.161283
0.142717
0.160307
0.160441
0.159296
0.160035
0.159751
0.160035
0.146646
0.160430
0.165506
0.161536
0.158442
0.159262
0.166218
0.131291
0.160035
0.160197
0.160728
0.160172
0.161489
0.161087
0.162244
0.160045
0.160036
0.160035
0.141589
0.160331
0.159634
0.161929
0.159360
0.160237
0.160300
0.157406
0.161015
0.166058
0.164047
0.161047
0.142553
0.160546
0.141011
0.160782
0.160141
0.159154
0.161318
0.159895
0.141256
0.159947
0.159250
0.161061
0.160196
0.160277
0.160553
0.160601
0.158903
0.159306
0.166333
0.163572
0.162830
0.161538
0.160860
0.161199
0.164373
0.162367
0.162467
0.166581
0.165418
0.162690
0.161528
0.150170
0.159459
0.160886
0.160034
0.162057
0.160927
0.159463
0.159514
0.158782
0.158573
0.164654
0.177266
0.181538
0.178833
0.177161
0.179040
0.185195
0.184964
0.164211
0.166599
0.158741
0.157034
0.158456
0.157478
0.162633
0.162943
0.159483
0.158140
0.159523
0.159589
0.164224
0.162389
0.163495
0.163458
0.160946
0.158490
0.152059
0.159387
0.159482
0.159238
0.163606
0.163036
0.167576
0.161864
0.161133
0.167862
0.164236
0.170051
0.180979
0.181472
0.182364
0.181581
0.180072
0.180932
0.178503
0.182153
0.185285
0.184500
0.182009
0.182186
0.185130
0.184703
0.181261
0.175498
0.169861
0.158484
0.160590
0.161988
0.162606
0.161811
0.162889
0.152432
0.163730
0.158378
0.157847
0.158362
0.161670
0.157557
0.157228
0.158574
0.158579
0.159240
0.158328
0.159672
0.144129
0.165177
0.160979
0.158403
0.159460
0.146032
0.138739
0.159613
0.159303
0.159942
0.159393
0.160400
0.161125
0.159878
0.160669
0.159821
0.157992
0.159942
0.158839
0.159473
0.160682
0.160750
0.160786
0.160541
0.158882
0.159839
0.159328
0.159283
0.165416
0.162488
0.161738
0.160685
0.164516
0.165127
0.161419
0.173717
0.169940
0.169478
0.166576
0.165675
0.162554
0.147707
0.163146
0.161288
0.161049
0.166031
0.162046
0.166002
0.165837
0.164779
0.164013
0.160632
0.160743
0.168064
0.164097
0.161470
0.161057
0.165641
0.163768
0.156353
0.159671
0.159513
0.159353
0.158711
0.158176
0.165349
0.162675
0.161327
0.165045
0.163903
0.163164
0.179312
0.183306
0.180789
0.180806
0.178289
0.169818
0.158987
0.164308
0.163690
0.163534
0.147487
0.163547
0.140082
0.158663
0.159746
0.158055
0.159530
0.158676
0.158710
0.156980
0.157396
0.159491
0.159422
0.162612
0.159524
0.162797
0.162898
0.158639
0.163432
0.163300
0.158365
0.158529
0.159550
0.158100
0.159246
0.159342
0.173894
0.173262
0.171882
0.168462
0.164014
0.164695
0.155717
0.160824
0.159709
0.159018
0.159928
0.161018
0.160216
0.165424
0.164642
0.158754
0.159752
0.159491
0.180938
0.180690
0.178653
0.180140
0.183291
0.183176
0.162501
0.170468
0.167987
0.165515
0.163488
0.160379
0.161697
0.159657
0.160503
0.158565
0.160634
0.159017
0.167334
0.166379
0.162757
0.162544
0.159402
0.140273
0.143156
0.159194
0.158047
0.160682
0.161056
0.160230
0.159466
0.160564
0.159839
0.160107
0.160083
0.160297
0.175607
0.174771
0.172511
0.167819
0.162381
0.157258
0.173981
0.170559
0.168296
0.161106
0.160045
0.161116
0.159180
0.138452
0.162862
0.161446
0.159425
0.158662
0.160706
0.158977
0.160782
0.160017
0.159356
0.140339
0.160739
0.160919
0.159759
0.160390
0.159919
0.160956
0.160355
0.159030
0.158870
0.159536
0.160983
0.160214
0.161432
0.160948
0.159748
0.160429
0.160010
0.155838
0.161102
0.160805
0.160759
0.166133
0.164142
0.144689
0.161300
0.158214
0.160434
0.159946
0.160305
0.139179
0.161704
0.161788
0.161303
0.159195
0.160052
0.125341
0.160258
0.158109
0.159641
0.160872
0.161900
0.158755
0.159849
0.158320
0.160167
0.159035
0.159870
0.158757
0.159694
0.160891
0.161035
0.140560
0.160286
0.139257
0.160706
0.139286
0.160563
0.160436
0.159858
0.159489
0.159411
0.159801
0.160629
0.162129
0.159574
0.158767
0.160369
0.159293
0.159694
0.162047
0.161170
0.136840
0.160488
0.160035
0.159816
0.159969
0.160332
0.159444
0.160270
0.159686
0.161765
0.161104
0.161065
0.158726
0.177325
0.180535
0.178370
0.183739
0.184535
0.177727
0.179744
0.175905
0.169927
0.163834
0.143012
0.158767
0.159153
0.159142
0.158479
0.158243
0.161179
0.159478
0.163527
0.160382
0.159537
0.160524
0.161057
0.153310
0.164908
0.163273
0.159503
0.161448
0.160483
0.164039
0.162035
0.166827
0.165004
0.162126
0.160665
0.160432
0.165009
0.160815
0.160646
0.161038
0.158035
0.153560
0.160024
0.160035
0.160473
0.159207
0.160261
0.163463
0.162871
0.161402
0.161333
0.161030
0.141300
0.160688
0.171548
0.169184
0.165153
0.169174
0.165166
0.155874
0.166035
0.161953
0.162036
0.159648
0.166651
0.164301
0.163269
0.162952
0.162547
0.158036
0.160035
0.159474
0.163105
0.161433
0.166864
0.166049
0.164530
0.144410
0.163128
0.161651
0.161797
0.160517
0.161499
0.161612
0.161547
0.160735
0.161271
0.161382
0.166634
0.165266
0.166754
0.163918
0.162036
0.165614
0.164249
0.140739
0.160481
0.160579
0.159465
0.161357
0.160258
0.162028
0.161514
0.159862
0.160036
0.164987
0.163389
0.161128
0.166124
0.167656
0.166305
0.164135
0.162162
0.151705
0.159571
0.160277
0.160365
0.159614
0.160292
0.160625
0.160949
0.160616
0.160696
0.164520
0.160588
0.160327
0.165555
0.163608
0.160840
0.166055
0.165211
0.158042
0.158171
0.159129
0.158735
0.159740
0.160108
0.159299
0.159695
0.159607
0.159805
0.157896
0.159313
0.160237
0.159790
0.159668
0.159614
0.158137
0.158458
0.155098
0.160081
0.163200
0.160727
0.160459
0.166153
0.163629
0.162821
0.159702
0.159114
0.161275
0.160332
0.158807
0.164592
0.163162
0.161191
0.158602
0.160369
0.150984
0.164690
0.161803
0.160470
0.139756
0.155854
0.159942
0.160703
0.159132
0.160029
0.159210
0.139176
0.123737
0.161036
0.159317
0.161062
0.159552
0.161622
0.158262
0.087359
0.077028
0.076144
0.098179
0.075660
0.075207
0.076126
0.076017
0.079017
0.078017
0.077017
0.079017
0.081017
0.081421
0.079016
0.078103
0.079690
0.079503
0.076107
0.095387
0.079017
0.080214
0.082018
0.078285
0.080997
0.076986
0.078512
0.075534
0.074055
0.076315
0.075256
0.075016
0.075052
0.073540
0.074017
0.073595
0.073010
0.072690
0.074099
0.077743
0.075001
0.089818
0.075224
0.074288
0.093459
0.075147
0.076017
0.075178
0.073478
0.073016
0.079308
0.074151
0.076017
0.073014
0.073762
0.073234
0.075016
0.074016
0.075555
0.074192
0.072151
0.075088
0.074143
0.072504
0.076610
0.074035
0.077855
0.076015
0.074451
0.075351
0.074016
0.076017
0.078358
0.074661
0.075059
0.076610
0.078679
0.076064
0.078395
0.073220
0.074129
0.071924
0.077406
0.074547
0.073140
0.081080
0.095514
0.085302
0.124128
0.155477
0.162423
0.160246
0.161687
0.136239
0.114087
0.149991
0.146445
0.163613
0.165226
0.141587
0.162785
0.133841
0.139086
0.163676
0.162154
0.125114
0.120404
0.141433
0.154021
0.174795
0.174470
0.173789
0.173588
0.175630
0.172217
0.172460
0.174180
0.173351
0.173356
0.176291
0.157544
0.132149
0.164659
0.161395
0.135395
0.113863
0.167197
0.177909
0.174591
0.174966
0.174512
0.142863
0.162969
0.126873
0.163036
0.165554
0.164032
0.164297
0.145212
0.161261
0.139552
0.163206
0.163715
0.163784
0.124444
0.161923
0.160257
0.161203
0.163626
0.163882
0.128472
0.160170
0.162481
0.164879
0.163495
0.164280
0.166837
0.150120
0.137275
0.161330
0.163983
0.164021
0.115301
0.162492
0.161889
0.162549
0.164169
0.164627
0.164136
0.131237
0.163160
0.163418
0.163224
0.164152
0.151175
0.141818
0.163515
0.162589
0.124509
0.161731
0.115948
0.176111
0.176549
0.178108
0.176848
0.176007
0.175779
0.174691
0.173547
0.176766
0.175803
0.175303
0.164480
0.163173
0.162083
0.159680
0.163753
0.164675
0.145602
0.162376
0.170039
0.172513
0.174426
0.178189
0.179863
0.176738
0.169614
0.162737
0.163154
0.163252
0.164437
0.162805
0.163073
0.164603
0.165596
0.149029
0.164420
0.164255
0.167131
0.166307
0.166568
0.166909
0.168535
0.171828
0.172054
0.171098
0.149440
0.166698
0.144190
0.165986
0.165744
0.168537
0.170241
0.110363
0.167334
0.165135
0.165858
0.167511
0.163895
0.167124
0.166093
0.166728
0.169534
0.168185
0.167209
0.166342
0.158715
0.165675
0.168760
0.148344
0.168212
0.095913
0.165997
0.165894
0.166378
0.166085
0.166037
0.166352
0.164281
0.166038
0.166706
0.165850
0.168347
0.166363
0.141107
0.165418
0.165650
0.163433
0.164108
0.105851
0.162911
0.162031
0.165735
0.163360
0.161646
0.163047
0.163806
0.162458
0.166083
0.169423
0.170334
0.166793
0.160421
0.165895
0.166685
0.166430
0.169190
0.096619
0.170209
0.170449
0.167305
0.165142
0.164306
0.165530
0.164147
0.150033
0.131545
0.132029
0.144040
0.173228
0.148798
0.174123
0.172362
0.160238
0.165757
0.177602
0.159209
0.137884
0.165656
0.164428
0.132486
0.164989
0.166873
0.165980
0.164038
0.136455
0.166044
0.166196
0.144149
0.165921
0.125025
0.164530
0.164525
0.164936
0.102633
0.157923
0.176261
0.176153
0.157354
0.169047
0.169096
0.172003
0.169744
0.169976
0.170444
0.168924
0.182632
0.181658
0.177536
0.175591
0.167052
0.166022
0.150846
0.165710
0.165097
0.165729
0.163594
0.165271
0.163509
0.164757
0.140529
0.164251
0.164851
0.163550
0.169185
0.172525
0.171886
0.173182
0.172899
0.169056
0.149337
0.166167
0.173424
0.175044
0.178788
0.176346
0.352671
0.364568
0.318400
0.339741
0.356906
0.333589
0.347397
0.260403
0.163467
0.163307
0.162356
0.120278
0.163966
0.167142
0.165132
0.169656
0.165810
0.165768
0.166281
0.166518
0.165775
0.165618
0.147804
0.162802
0.169495
0.167497
0.170506
0.169151
0.180845
0.160890
0.168423
0.168031
0.169193
0.170817
0.154444
0.164987
0.166116
0.166333
0.166288
0.166326
0.174870
0.180084
0.175728
0.169052
0.162532
0.162855
0.159203
0.165704
0.145167
0.162189
0.162128
0.162872
0.164904
0.164181
0.165191
0.162109
0.165403
0.164119
0.166821
0.166740
0.172794
0.173599
0.171780
0.173931
0.166407
0.168348
0.170042
0.169345
0.170658
0.169079
0.171952
0.169045
0.175762
0.174713
0.173440
0.172010
0.172294
0.174423
0.173902
0.148383
0.180212
0.171380
0.173962
0.166614
0.162271
0.162365
0.163641
0.144177
0.164536
0.162591
0.161999
0.165285
0.164918
0.164712
0.165471
0.169846
0.179591
0.177735
0.180390
0.175580
0.181287
0.179175
0.167754
0.165580
0.165036
0.163570
0.164439
0.164873
0.164279
0.165497
0.166815
0.167296
0.166991
0.167185
0.182613
0.175139
0.176867
0.172488
0.165468
0.163867
0.169140
0.163965
0.166060
0.162950
0.164910
0.165217
0.163093
0.164036
0.165993
0.167551
0.168396
0.175016
0.166531
0.162623
0.163257
0.166155
0.169451
0.171671
0.167309
0.168300
0.169575
0.168074
0.166897
0.166888
0.168531
0.168386
0.167489
0.167200
0.167263
0.169646
0.179252
0.165774
0.171209
0.170324
0.168584
0.168278
0.170483
0.169903
0.165623
0.174976
0.172346
0.171453
0.172105
0.171554
0.167576
0.168450
0.169261
0.169865
0.175892
0.160620
0.166660
0.166872
0.170254
0.171805
0.170654
0.170885
0.168128
0.165993
0.165807
0.166021
0.166367
0.165847
0.165878
0.166180
0.167283
0.171381
0.173258
0.154721
0.165513
0.165246
0.166472
0.157557
0.165549
0.165408
0.168272
0.167595
0.172696
0.173039
0.173698
0.173619
0.173501
0.172707
0.174101
0.172627
0.165973
0.174496
0.174155
0.166431
0.166531
0.166408
0.148914
0.167911
0.167226
0.167657
0.167591
0.166775
0.167920
0.165364
0.166928
0.169215
0.170195
0.168809
0.156026
0.168739
0.169168
0.169735
0.169845
0.169351
0.169905
0.170100
0.168631
0.169139
0.175076
0.172530
0.175494
0.172639
0.175664
0.173448
0.170447
0.173017
0.169750
0.172915
0.175491
0.171827
0.173761
0.172467
0.172705
0.181826
0.176077
0.176517
0.168875
0.176215
0.167253
0.168397
0.166808
0.169630
0.167843
0.153991
0.150258
0.165859
0.167906
0.169238
0.166648
0.166695
0.166855
0.171196
0.169799
0.169657
0.172644
0.169746
0.171381
0.172002
0.177538
0.174565
0.177179
0.137100
0.169568
0.173616
0.172048
0.175589
0.177080
0.183354
0.166299
0.163918
0.163334
0.162668
0.165914
0.165361
0.162616
0.162954
0.164822
0.164902
0.125016
0.161612
0.170724
0.168771
0.168711
0.169918
0.170039
0.169629
0.170894
0.174828
0.179093
0.185567
0.181143
0.177179
0.166339
0.166586
0.169314
0.163755
0.169137
0.169298
0.169931
0.162001
0.162436
0.163991
0.167082
0.167193
0.167176
0.167471
0.165675
0.165634
0.165721
0.166558
0.168462
0.167532
0.167923
0.131501
0.162970
0.163909
0.165794
0.166554
0.167482
0.167848
0.167805
0.168340
0.167306
0.177468
0.181380
0.181051
0.165499
0.165035
0.164833
0.145226
0.155263
0.162856
0.164801
0.162678
0.177564
0.179198
0.173922
0.166766
0.165507
0.166124
0.166376
0.165816
0.168509
0.166914
0.168881
0.170005
0.168270
0.162141
0.167895
0.169538
0.168390
0.168375
0.170192
0.170445
0.179880
0.176502
0.164064
0.164315
0.143572
0.168984
0.169165
0.168900
0.168895
0.168008
0.154980
0.173137
0.172192
0.173780
0.177128
0.183777
0.170412
0.164407
0.164455
0.162571
0.164834
0.172679
0.152861
0.168516
0.166663
0.168020
0.168023
0.146220
0.167397
0.157817
0.166437
0.165795
0.168172
0.165360
0.178170
0.174897
0.172940
0.171301
0.169133
0.165423
0.164226
0.165393
0.164588
0.166187
0.157396
0.166001
0.166739
0.164487
0.164466
0.165004
0.167540
0.168151
0.174708
0.176018
0.158908
0.167281
0.167376
0.168470
0.167237
0.166659
0.168334
0.168611
0.162702
0.168559
0.173029
0.172241
0.156051
0.166765
0.169413
0.169011
0.179508
0.178502
0.168998
0.168095
0.167058
0.165872
0.166524
0.167543
0.168075
0.165378
0.168086
0.170207
0.167791
0.166444
0.168493
0.176635
0.176755
0.182698
0.180890
0.172847
0.168857
0.165523
0.165357
0.168324
0.171319
0.170080
0.168978
0.165787
0.164325
0.166966
0.149716
0.164813
0.165132
0.165816
0.166395
0.167498
0.174373
0.169688
0.160967
0.170115
0.164721
0.165185
0.165283
0.141583
0.166110
0.165284
0.165512
0.145799
0.166123
0.164907
0.166831
0.165099
0.166647
0.169379
0.172020
0.183052
0.178118
0.175986
0.173699
0.165218
0.152034
0.167037
0.165974
0.165964
0.167207
0.165037
0.167006
0.145915
0.165772
0.164915
0.166763
0.167190
0.166444
0.165041
0.166538
0.174641
0.174223
0.174246
0.161393
0.167709
0.168092
0.171932
0.175189
0.176974
0.181247
0.186473
0.179535
0.177102
0.175460
0.162043
0.162505
0.166862
0.147737
0.166807
0.167812
0.165225
0.169193
0.166701
0.168377
0.167758
0.168194
0.167658
0.166421
0.163785
0.165182
0.165605
0.171625
0.172753
0.182603
0.179553
0.175329
0.170943
0.164352
0.165593
0.167704
0.148419
0.168050
0.166804
0.166242
0.167595
0.166497
0.167139
0.167415
0.167054
0.168921
0.168266
0.178560
0.167145
0.167396
0.132135
0.167858
0.165623
0.164954
0.166953
0.165109
0.165174
0.166776
0.165752
0.164300
0.165131
0.167201
0.167538
0.169411
0.168950
0.170902
0.170208
0.171553
0.164708
0.174151
0.174475
0.173145
0.171664
0.169177
0.175916
0.180039
0.179453
0.184195
0.178824
0.170552
0.167315
0.167488
0.147879
0.168905
0.166498
0.150270
0.167229
0.167362
0.167641
0.168125
0.166994
0.168415
0.168007
0.166484
0.167344
0.169820
0.169337
0.171566
0.180113
0.185440
0.183679
0.177347
0.169344
0.176741
0.176765
0.177040
0.172925
0.169454
0.165512
0.166456
0.165453
0.166279
0.166348
0.163908
0.165762
0.164284
0.165202
0.166783
0.165545
0.170277
0.150178
0.165457
0.166064
0.167498
0.165785
0.167928
0.173473
0.174728
0.180148
0.179161
0.173641
0.165268
0.166469
0.153040
0.164654
0.166487
0.166439
0.159889
0.167646
0.165977
0.170379
0.167903
0.174723
0.171947
0.174602
0.169726
0.179542
0.172130
0.171079
0.169115
0.159626
0.166514
0.168613
0.148945
0.159881
0.169230
0.168719
0.170140
0.169203
0.150386
0.166546
0.164689
0.145071
0.164268
0.167847
0.167541
0.167203
0.169783
0.168859
0.170022
0.169518
0.169228
0.159174
0.173938
0.168234
0.165407
0.167646
0.165219
0.167674
0.166844
0.168631
0.169722
0.168244
0.170041
0.170270
0.150867
0.166145
0.165036
0.166245
0.148011
0.166591
0.181275
0.181974
0.162457
0.161922
0.164023
0.168513
0.164963
0.168526
0.167200
0.168281
0.169977
0.169334
0.169603
0.173399
0.172143
0.179461
0.180974
0.138775
0.167977
0.165713
0.166084
0.167357
0.168090
0.168265
0.148385
0.163539
0.165301
0.166227
0.172206
0.171090
0.176933
0.177614
0.168989
0.170601
0.167249
0.168790
0.169441
0.166972
0.169188
0.166608
0.163801
0.165102
0.166156
0.170693
0.171635
0.167212
0.166162
0.167833
0.170605
0.170563
0.147661
0.168344
0.168097
0.168092
0.180338
0.185041
0.184044
0.182122
0.177146
0.167456
0.166172
0.143711
0.162002
0.165140
0.165037
0.163949
0.165706
0.142956
0.160873
0.164084
0.164268
0.175115
0.182454
0.181544
0.172812
0.170437
0.160211
0.167070
0.165841
0.151824
0.166613
0.165756
0.166824
0.163683
0.151933
0.166267
0.165929
0.165462
0.166799
0.168645
0.171578
0.173077
0.173193
0.175518
0.175538
0.181187
0.174316
0.172611
0.176957
0.171156
0.168155
0.152794
0.167242
0.168197
0.168097
0.169266
0.167524
0.167295
0.177067
0.177780
0.177580
0.173074
0.165385
0.167585
0.169006
0.169951
0.169632
0.169891
0.149160
0.168505
0.169151
0.169462
0.169540
0.171036
0.171620
0.172089
0.176356
0.183604
0.175571
0.172298
0.165753
0.165029
0.164589
0.163785
0.163764
0.154328
0.178561
0.171600
0.164801
0.167813
0.148300
0.166285
0.166964
0.169567
0.172730
0.173214
0.178348
0.171721
0.162685
0.171602
0.171174
0.166241
0.145072
0.168681
0.169076
0.168679
0.168160
0.166726
0.167148
0.169143
0.169478
0.173116
0.163811
0.166954
0.169509
0.168251
0.167663
0.169121
0.169008
0.132011
0.164518
0.164480
0.165128
0.173064
0.173210
0.171206
0.175498
0.174473
0.169428
0.165075
0.166355
0.146210
0.165571
0.147310
0.165716
0.166077
0.144623
0.165522
0.166774
0.165591
0.166469
0.166551
0.168741
0.149663
0.164914
0.168315
0.168194
0.166686
0.172002
0.172705
0.173922
0.173339
0.168336
0.173430
0.153546
0.168013
0.171404
0.170169
0.166121
0.164597
0.166523
0.169948
0.174693
0.171663
0.171930
0.181578
0.165528
0.164979
0.166404
0.167245
0.166001
0.144501
0.164784
0.168276
0.169171
0.169049
0.175682
0.184018
0.182898
0.178400
0.172109
0.161670
0.169554
0.166726
0.166615
0.166020
0.167484
0.168209
0.147029
0.164870
0.165552
0.171203
0.169863
0.170979
0.171956
0.174045
0.173017
0.172666
0.179588
0.172869
0.168221
0.165965
0.168594
0.166426
0.165655
0.149832
0.166083
0.170595
0.180280
0.176022
0.170835
0.175320
0.170491
0.171299
0.166149
0.165255
0.166377
0.166385
0.165123
0.165750
0.170128
0.178859
0.176075
0.181116
0.180106
0.174291
0.169092
0.166185
0.165274
0.165532
0.165386
0.167467
0.173834
0.172835
0.176082
0.175957
0.184256
0.173453
0.173094
0.175280
0.168253
0.168851
0.169101
0.169510
0.167032
0.168393
0.168877
0.169969
0.168595
0.168243
0.170086
0.171619
0.171445
0.172134
0.173525
0.172123
0.168104
0.171049
0.172372
0.171179
0.170312
0.170245
0.175419
0.176133
0.177062
0.186160
0.185041
0.178099
0.165036
0.168037
0.167800
0.166529
0.166585
0.125234
0.166209
0.167695
0.166249
0.167728
0.167252
0.166600
0.167120
0.168977
0.140742
0.163682
0.166078
0.169365
0.169007
0.169598
0.183602
0.179609
0.174138
0.180539
0.168324
0.168957
0.166383
0.166037
0.167320
0.169575
0.169175
0.169220
0.170135
0.169406
0.168692
0.169753
0.169640
0.169561
0.167594
0.166269
0.156915
0.172942
0.175301
0.174636
0.175039
0.171905
0.172128
0.170683
0.176247
0.176045
0.165578
0.165142
0.164727
0.166611
0.165698
0.164387
0.165036
0.151183
0.165036
0.124813
0.165104
0.166485
0.165707
0.165066
0.168342
0.173352
0.174698
0.172201
0.175131
0.171431
0.173513
0.175449
0.171340
0.174271
0.173039
0.171005
0.173499
0.175560
0.178701
0.179294
0.168001
0.165299
0.166491
0.164037
0.166592
0.165683
0.163698
0.166544
0.167208
0.169693
0.173095
0.174325
0.178663
0.183952
0.178178
0.174644
0.166773
0.165873
0.167576
0.166255
0.166107
0.167458
0.167107
0.168550
0.169747
0.148460
0.165750
0.165142
0.148463
0.160930
0.166424
0.166268
0.168485
0.172461
0.179041
0.164432
0.165356
0.166387
0.164337
0.169201
0.170920
0.182325
0.176420
0.164941
0.169077
0.147682
0.168371
0.170784
0.169795
0.170577
0.169038
0.166927
0.169376
0.170392
0.170890
0.168698
0.169810
0.169634
0.178584
0.175511
0.169947
0.168437
0.149649
0.165283
0.165124
0.165036
0.163948
0.165230
0.165761
0.164194
0.169558
0.169483
0.169326
0.169348
0.166788
0.171958
0.171192
0.170540
0.169892
0.182346
0.172302
0.173868
0.175289
0.176756
0.176437
0.175867
0.177895
0.174732
0.166697
0.165737
0.167175
0.166340
0.167838
0.168153
0.169664
0.168295
0.169509
0.113189
0.165097
0.165702
0.168164
0.154532
0.164949
0.167547
0.172475
0.171674
0.183055
0.175705
0.175425
0.167500
0.160450
0.169025
0.166719
0.166335
0.149581
0.166807
0.167593
0.168163
0.168290
0.167352
0.167064
0.169876
0.176040
0.172914
0.179136
0.173546
0.165163
0.174752
0.166036
0.166293
0.167299
0.138567
0.167199
0.166971
0.168744
0.166339
0.167777
0.167639
0.168390
0.169721
0.177520
0.178646
0.172401
0.167233
0.167236
0.166433
0.165784
0.167296
0.157975
0.169053
0.169832
0.167898
0.165301
0.167264
0.175988
0.183445
0.180470
0.177556
0.168704
0.167873
0.166707
0.167437
0.167510
0.167746
0.167743
0.156115
0.167939
0.169201
0.170208
0.150142
0.165084
0.168121
0.168922
0.167345
0.167134
0.168736
0.169870
0.170951
0.183496
0.179528
0.174406
0.176085
0.167705
0.171358
0.164328
0.162949
0.163427
0.170641
0.168441
0.167557
0.167375
0.166225
0.146682
0.167053
0.166413
0.170848
0.178783
0.178375
0.181471
0.172721
0.178253
0.176766
0.170799
0.167431
0.167487
0.167007
0.171503
0.167819
0.168202
0.167824
0.167160
0.169559
0.169483
0.168954
0.179704
0.184579
0.181842
0.180172
0.173636
0.164149
0.170226
0.163874
0.165749
0.166897
0.146676
0.166098
0.167642
0.165566
0.167854
0.167348
0.166733
0.167108
0.150826
0.166319
0.156894
0.172850
0.172570
0.173732
0.173376
0.175283
0.179460
0.173653
0.166738
0.167333
0.167347
0.167615
0.168635
0.166508
0.153553
0.167145
0.170325
0.157092
0.168108
0.168284
0.166724
0.165259
0.168026
0.169578
0.170367
0.169861
0.170056
0.166406
0.165912
0.166571
0.166015
0.175406
0.177536
0.180378
0.167644
0.167600
0.164037
0.162745
0.165736
0.175284
0.169059
0.170417
0.166488
0.168391
0.167607
0.170644
0.170284
0.167972
0.169913
0.169545
0.169705
0.168805
0.169459
0.171958
0.174426
0.183255
0.179346
0.167977
0.169370
0.165772
0.164618
0.164531
0.166166
0.166216
0.163762
0.165632
0.166881
0.147577
0.164536
0.160417
0.170844
0.168030
0.168448
0.167003
0.168772
0.173590
0.173957
0.183457
0.173930
0.168640
0.164241
0.168051
0.170499
0.170027
0.170199
0.165514
0.139979
0.167058
0.176440
0.165833
0.165553
0.165457
0.166288
0.145769
0.165787
0.165269
0.167142
0.163120
0.165922
0.170290
0.169855
0.172341
0.170650
0.136781
0.166854
0.167405
0.152729
0.166764
0.173327
0.173368
0.175585
0.171548
0.172759
0.176749
0.175366
0.174999
0.179620
0.176083
0.174324
0.168015
0.164714
0.167624
0.168496
0.168688
0.168671
0.167586
0.169272
0.169522
0.169255
0.170167
0.175967
0.178580
0.177426
0.175211
0.168261
0.172001
0.171317
0.148442
0.166646
0.166435
0.165488
0.165746
0.166989
0.165445
0.168247
0.169640
0.167629
0.166343
0.167973
0.170991
0.170534
0.172556
0.182700
0.176703
0.170358
0.174395
0.170162
0.162604
0.172242
0.169312
0.167198
0.164896
0.166950
0.173121
0.175395
0.170135
0.173050
0.174108
0.174878
0.184675
0.178760
0.169575
0.178436
0.171287
0.167045
0.167792
0.167272
0.168339
0.167542
0.168536
0.167295
0.169544
0.170786
0.172417
0.172872
0.171456
0.172806
0.167485
0.169713
0.169073
0.175180
0.176505
0.179146
0.181804
0.177531
0.165439
0.164714
0.165014
0.168653
0.174837
0.168925
0.169221
0.169762
0.166411
0.167749
0.167808
0.159215
0.166230
0.168435
0.170353
0.170304
0.177546
0.175901
0.166626
0.169000
0.147216
0.165847
0.166265
0.145888
0.166868
0.166167
0.166846
0.167221
0.152094
0.166452
0.171777
0.172739
0.172010
0.175744
0.177260
0.182156
0.178810
0.169892
0.159755
0.168030
0.166407
0.166187
0.166482
0.167259
0.165312
0.160655
0.167929
0.167194
0.169323
0.168581
0.168488
0.168103
0.173916
0.184172
0.178032
0.165606
0.167006
0.168183
0.167650
0.166530
0.167171
0.167293
0.139490
0.166566
0.167348
0.165897
0.148360
0.165334
0.169600
0.171021
0.173361
0.156266
0.169630
0.174432
0.174641
0.177025
0.178688
0.183711
0.178723
0.172752
0.174903
0.167710
0.167013
0.166731
0.167386
0.166980
0.167094
0.167964
0.168552
0.169631
0.168756
0.171183
0.172914
0.175530
0.181799
0.179934
0.166938
0.169143
0.165230
0.166948
0.168818
0.168460
0.167920
0.147177
0.166952
0.167004
0.166165
0.169379
0.168465
0.171782
0.173640
0.173081
0.172798
0.176667
0.166674
0.173087
0.174281
0.172414
0.174695
0.180901
0.178735
0.166447
0.168581
0.168300
0.168222
0.168260
0.168581
0.173056
0.173584
0.171149
0.173359
0.162493
0.169696
0.171747
0.171666
0.174741
0.178482
0.178149
0.172261
0.169456
0.170297
0.169774
0.169863
0.170082
0.170368
0.150886
0.170707
0.168326
0.165085
0.169842
0.171388
0.170909
0.170591
0.170919
0.173490
0.173821
0.169977
0.167627
0.168851
0.168202
0.168822
0.167852
0.142648
0.156507
0.168148
0.138726
0.167389
0.164850
0.166803
0.167558
0.167396
0.167645
0.169770
0.172025
0.172930
0.157115
0.169832
0.171161
0.168749
0.167674
0.174132
0.178390
0.174518
0.169110
0.167826
0.167915
0.167876
0.167850
0.168104
0.168243
0.171874
0.169220
0.170162
0.172906
0.171809
0.173805
0.173085
0.174424
0.176552
0.177781
0.177422
0.175101
0.167841
0.168840
0.167220
0.169176
0.168053
0.147671
0.167993
0.166669
0.167909
0.169696
0.150414
0.166806
0.167228
0.168471
0.166261
0.181859
0.175761
0.173797
0.175018
0.173839
0.167289
0.166027
0.165108
0.166065
0.165680
0.165108
0.165068
0.168911
0.168863
0.170935
0.171067
0.172321
0.165742
0.177531
0.176220
0.183413
0.176862
0.173405
0.165226
0.170409
0.165391
0.165497
0.165734
0.168082
0.164037
0.166423
0.166155
0.167266
0.173415
0.152078
0.172174
0.168883
0.169662
0.170759
0.170243
0.170338
0.172287
0.180963
0.177502
0.172070
0.166065
0.165483
0.170246
0.169804
0.170123
0.168683
