0.001494
0.155084
0.152408
0.153035
0.153244
0.160749
0.158407
0.157061
0.157563
0.162431
0.165970
0.152584
0.157235
0.134837
0.156068
0.154489
0.157721
0.155056
0.137312
0.158365
0.172546
0.172194
0.172789
0.172239
0.172151
0.170054
0.170756
0.173179
0.173692
0.171830
0.174993
0.166538
0.154113
0.150800
0.155481
0.157334
0.164535
0.175108
0.173589
0.174019
0.175638
0.154922
0.160283
0.156031
0.153584
0.157604
0.156013
0.156564
0.157244
0.156605
0.155818
0.155853
0.156925
0.163323
0.157768
0.154447
0.154934
0.155756
0.156788
0.158509
0.157233
0.152790
0.155696
0.154391
0.155151
0.155857
0.172602
0.158844
0.155253
0.154419
0.155723
0.159233
0.160203
0.154409
0.154398
0.154739
0.155220
0.155123
0.157845
0.157391
0.154177
0.155753
0.154760
0.154772
0.160745
0.157331
0.154516
0.155683
0.158098
0.156397
0.173049
0.174005
0.176108
0.175057
0.173527
0.171599
0.172302
0.173027
0.174341
0.173587
0.173744
0.124952
0.155345
0.154265
0.154677
0.156770
0.158565
0.155766
0.157119
0.142198
0.171314
0.174813
0.175619
0.178189
0.178602
0.170161
0.162855
0.158627
0.155165
0.156206
0.126829
0.156803
0.155298
0.155882
0.164835
0.167060
0.155152
0.161470
0.164804
0.166846
0.169250
0.169733
0.171718
0.171806
0.174463
0.174130
0.173899
0.159352
0.158578
0.159118
0.161316
0.165697
0.168367
0.171540
0.160944
0.158029
0.158051
0.159451
0.158512
0.156868
0.156550
0.162010
0.167474
0.171512
0.173348
0.169497
0.165600
0.169840
0.169174
0.172335
0.158245
0.162449
0.160592
0.159020
0.158106
0.158407
0.158943
0.157759
0.157548
0.157511
0.157800
0.159937
0.166202
0.171347
0.166363
0.158646
0.158673
0.167998
0.162433
0.168526
0.158384
0.156839
0.157643
0.157828
0.154640
0.155712
0.154997
0.155595
0.160661
0.168209
0.170730
0.173408
0.164660
0.170460
0.167858
0.170258
0.170379
0.172190
0.165404
0.160273
0.160343
0.156779
0.156531
0.152797
0.154482
0.156790
0.154034
0.157150
0.158544
0.168127
0.140913
0.163120
0.164361
0.157783
0.163227
0.175630
0.167601
0.158686
0.157237
0.156496
0.158713
0.158465
0.155645
0.157227
0.159936
0.158188
0.155944
0.160860
0.156075
0.158204
0.159492
0.156237
0.156202
0.155093
0.162587
0.172260
0.173703
0.169494
0.170327
0.171169
0.172838
0.171745
0.173414
0.172704
0.168976
0.181632
0.182271
0.171297
0.167376
0.161453
0.157758
0.157449
0.141294
0.155488
0.157591
0.155703
0.156280
0.155269
0.155508
0.160416
0.156357
0.155042
0.158393
0.164643
0.171224
0.175418
0.173985
0.174220
0.174422
0.174058
0.157139
0.165166
0.175056
0.172424
0.177788
0.174196
0.348095
0.373570
0.344404
0.382753
0.359903
0.325262
0.339273
0.323977
0.147424
0.155388
0.153533
0.156376
0.157005
0.156516
0.154868
0.144581
0.170507
0.172811
0.168793
0.169771
0.170013
0.171945
0.166144
0.157719
0.154666
0.173806
0.171885
0.175508
0.170090
0.181846
0.169142
0.172287
0.171246
0.170561
0.173365
0.161608
0.166315
0.168617
0.169994
0.168977
0.167101
0.173298
0.179082
0.169474
0.161447
0.159378
0.155938
0.154647
0.156296
0.157140
0.157452
0.156239
0.153928
0.156785
0.155532
0.156227
0.156493
0.155381
0.154830
0.163896
0.166367
0.165887
0.173899
0.176744
0.175252
0.175681
0.173086
0.171349
0.172213
0.169768
0.172915
0.173523
0.174531
0.174045
0.178764
0.177458
0.176797
0.173751
0.174095
0.175116
0.174902
0.141496
0.175182
0.170872
0.170962
0.160118
0.155764
0.154836
0.153499
0.157264
0.156694
0.154968
0.154681
0.155938
0.138443
0.157317
0.165565
0.166627
0.171480
0.176040
0.178734
0.181390
0.175483
0.177286
0.169057
0.162228
0.157564
0.155400
0.156525
0.156772
0.155986
0.156962
0.138929
0.166498
0.165814
0.170933
0.168839
0.170164
0.180612
0.171640
0.171291
0.165121
0.157401
0.157005
0.156440
0.150963
0.155359
0.155204
0.155532
0.157827
0.157799
0.161093
0.167240
0.166278
0.170594
0.172426
0.173502
0.172788
0.170081
0.168271
0.169321
0.171170
0.173892
0.167940
0.171231
0.173120
0.172938
0.169389
0.171559
0.171175
0.172363
0.172064
0.169616
0.171084
0.167645
0.180253
0.173510
0.174834
0.173878
0.170872
0.174334
0.175631
0.179676
0.167053
0.175609
0.175076
0.176892
0.178722
0.177292
0.173064
0.171991
0.173624
0.170857
0.175893
0.171531
0.169631
0.173917
0.173149
0.175099
0.173313
0.172946
0.170528
0.170323
0.170921
0.169626
0.169850
0.168638
0.169979
0.169847
0.174557
0.173173
0.177593
0.161643
0.163185
0.166188
0.175723
0.158915
0.166337
0.166886
0.173051
0.169919
0.177697
0.176950
0.176248
0.177562
0.178005
0.176058
0.176982
0.172442
0.158967
0.169930
0.169514
0.164127
0.160386
0.160186
0.159482
0.160232
0.158499
0.160847
0.159503
0.158843
0.159453
0.160180
0.160839
0.150289
0.169665
0.173671
0.170836
0.167047
0.169975
0.172060
0.171227
0.171884
0.173988
0.174001
0.173102
0.171689
0.171160
0.178078
0.175928
0.179098
0.177019
0.177387
0.177658
0.171975
0.174601
0.174687
0.174711
0.179214
0.174734
0.177414
0.176741
0.175834
0.182909
0.176077
0.170777
0.163405
0.167339
0.161638
0.160225
0.160218
0.159527
0.159209
0.161296
0.123507
0.162879
0.158929
0.159834
0.168826
0.166133
0.170324
0.170118
0.174536
0.175070
0.173077
0.174646
0.173476
0.175274
0.175899
0.180142
0.176391
0.181800
0.154035
0.159683
0.177060
0.176155
0.179500
0.178080
0.183354
0.139867
0.157570
0.157104
0.155415
0.155350
0.155520
0.157354
0.156469
0.157936
0.166317
0.165000
0.159068
0.130920
0.171793
0.170922
0.171222
0.170997
0.174134
0.171903
0.172620
0.176828
0.180597
0.184567
0.177004
0.166177
0.160945
0.155791
0.161605
0.162823
0.162158
0.160290
0.143678
0.162629
0.155248
0.161526
0.163858
0.170082
0.168195
0.172177
0.171613
0.169792
0.168445
0.168912
0.166757
0.170848
0.170235
0.171170
0.160163
0.157550
0.146590
0.165561
0.170251
0.168718
0.169452
0.173539
0.171525
0.166449
0.178784
0.181379
0.180627
0.151281
0.156349
0.158360
0.158312
0.158731
0.156801
0.165190
0.159912
0.097037
0.173564
0.172196
0.168415
0.159516
0.159697
0.140095
0.159409
0.157955
0.148699
0.171877
0.169805
0.171325
0.172499
0.170796
0.165474
0.168307
0.172540
0.171878
0.172942
0.174193
0.170120
0.180187
0.176502
0.138252
0.137627
0.156662
0.159002
0.159664
0.159207
0.159301
0.163821
0.164150
0.153893
0.175138
0.174278
0.174947
0.177127
0.183778
0.158184
0.159553
0.158926
0.158110
0.138209
0.160522
0.166319
0.166783
0.160568
0.160451
0.160949
0.158631
0.156181
0.161428
0.161883
0.161477
0.160247
0.168313
0.161455
0.175912
0.168324
0.164676
0.164011
0.161202
0.158943
0.156923
0.157569
0.158631
0.157803
0.158293
0.158376
0.155973
0.158644
0.164766
0.165466
0.167139
0.168082
0.167791
0.178075
0.179548
0.168128
0.170280
0.169866
0.173455
0.170644
0.171016
0.172504
0.167248
0.172479
0.172851
0.174638
0.175377
0.161037
0.167905
0.171344
0.167079
0.175840
0.170550
0.164526
0.162185
0.158917
0.159660
0.160926
0.160438
0.159774
0.161451
0.160733
0.144550
0.171187
0.170016
0.168260
0.168604
0.178749
0.176154
0.181699
0.175889
0.165911
0.163488
0.158198
0.138292
0.156523
0.162964
0.161693
0.160543
0.163599
0.160385
0.164191
0.167719
0.159640
0.159595
0.161378
0.167779
0.166993
0.166100
0.166218
0.164248
0.159988
0.165398
0.159595
0.160210
0.157355
0.157555
0.160122
0.159997
0.159801
0.159551
0.160315
0.159688
0.138716
0.158823
0.158999
0.152765
0.170053
0.171669
0.184052
0.175432
0.171144
0.165326
0.157446
0.157175
0.161036
0.158219
0.156822
0.160061
0.159327
0.159912
0.158141
0.161047
0.159381
0.157398
0.158542
0.153474
0.162179
0.164041
0.164477
0.176834
0.177274
0.177116
0.170583
0.171741
0.170459
0.174744
0.176857
0.180217
0.182247
0.185473
0.178109
0.171720
0.166393
0.160887
0.147380
0.158711
0.161223
0.159673
0.161380
0.159256
0.160317
0.161782
0.161242
0.160074
0.158172
0.160582
0.162183
0.166069
0.165326
0.167019
0.168980
0.173867
0.170075
0.182603
0.179638
0.168789
0.163392
0.160977
0.158081
0.159055
0.160036
0.160387
0.160069
0.158428
0.142020
0.159393
0.146255
0.168514
0.167891
0.169421
0.171914
0.167000
0.180199
0.150633
0.140870
0.158273
0.159899
0.157833
0.157538
0.159279
0.159520
0.157214
0.156907
0.159979
0.159550
0.161582
0.163609
0.169472
0.169405
0.172603
0.171920
0.174052
0.174936
0.176231
0.168494
0.177410
0.176996
0.174863
0.174665
0.175251
0.178501
0.181309
0.182456
0.182195
0.180825
0.158439
0.161435
0.159923
0.160490
0.142400
0.160718
0.160119
0.163292
0.160176
0.161755
0.161873
0.161279
0.160931
0.160310
0.160004
0.166854
0.167507
0.173043
0.174463
0.172310
0.180793
0.183483
0.184679
0.172301
0.165408
0.177742
0.175079
0.173039
0.165576
0.165031
0.160720
0.160656
0.158627
0.158919
0.160581
0.157466
0.158649
0.157128
0.160125
0.159727
0.160090
0.158744
0.170865
0.159469
0.166037
0.166410
0.171038
0.168201
0.169359
0.175877
0.175331
0.182200
0.173400
0.165007
0.162159
0.159364
0.158345
0.161148
0.157698
0.158035
0.150821
0.142218
0.160630
0.149826
0.172241
0.168435
0.177798
0.176235
0.177123
0.170554
0.175542
0.165423
0.164577
0.163728
0.160517
0.156190
0.161337
0.163056
0.162882
0.151911
0.163345
0.145101
0.161581
0.162431
0.162601
0.157739
0.157527
0.157885
0.136796
0.164297
0.168590
0.171062
0.171009
0.173206
0.174881
0.172600
0.171989
0.158319
0.161935
0.161058
0.140951
0.160604
0.159675
0.139485
0.163676
0.168141
0.171029
0.172399
0.172109
0.171174
0.173104
0.161362
0.162054
0.166036
0.167707
0.161745
0.149971
0.182276
0.177390
0.147473
0.156954
0.157196
0.142459
0.159856
0.158801
0.159667
0.161166
0.163310
0.173941
0.173054
0.173337
0.178843
0.172024
0.181461
0.183273
0.151443
0.165968
0.167670
0.169147
0.169886
0.170206
0.171745
0.157187
0.160042
0.166302
0.165419
0.174715
0.172925
0.173705
0.169625
0.163612
0.164980
0.160415
0.160792
0.134061
0.161851
0.161036
0.163274
0.160491
0.163199
0.166776
0.169157
0.175695
0.176000
0.173943
0.168453
0.174444
0.175258
0.176564
0.160883
0.160124
0.166096
0.167261
0.183339
0.184041
0.181456
0.179121
0.169910
0.163330
0.133541
0.156329
0.157439
0.153138
0.135996
0.154034
0.161949
0.167592
0.157737
0.155925
0.161526
0.162682
0.176826
0.182455
0.176268
0.166241
0.165500
0.158870
0.161270
0.158720
0.156902
0.160084
0.157660
0.156965
0.157299
0.157220
0.158547
0.138759
0.158581
0.158295
0.167309
0.169121
0.175027
0.173854
0.177194
0.176976
0.177331
0.180187
0.172551
0.167836
0.168572
0.165433
0.160800
0.158083
0.159627
0.158403
0.159008
0.160723
0.160534
0.140031
0.161718
0.177798
0.178560
0.175580
0.163817
0.160443
0.159953
0.159416
0.140472
0.160196
0.149894
0.170073
0.160783
0.159281
0.167805
0.172716
0.171591
0.173610
0.175132
0.173088
0.178357
0.182604
0.172216
0.165268
0.161262
0.156452
0.144174
0.153796
0.156349
0.154718
0.168939
0.168450
0.162685
0.158572
0.161312
0.158800
0.158378
0.165658
0.170486
0.176288
0.173415
0.174406
0.165007
0.158346
0.139384
0.163169
0.161099
0.158559
0.160638
0.158697
0.160554
0.160481
0.158890
0.163170
0.168798
0.172441
0.168776
0.175670
0.145001
0.155476
0.160087
0.160199
0.159589
0.159712
0.158659
0.154495
0.155643
0.154974
0.157736
0.158895
0.176860
0.177331
0.171537
0.172788
0.168019
0.162099
0.157374
0.144654
0.157981
0.157966
0.156485
0.158548
0.154639
0.156504
0.159298
0.136480
0.157030
0.158400
0.163116
0.165621
0.170337
0.157813
0.161937
0.168834
0.170928
0.170905
0.176395
0.174387
0.178852
0.175923
0.172870
0.177437
0.163427
0.169575
0.174316
0.174656
0.171876
0.168590
0.170364
0.170180
0.179529
0.176213
0.175491
0.178031
0.147589
0.157092
0.158290
0.137223
0.157207
0.158645
0.160332
0.148520
0.170186
0.169802
0.169982
0.176814
0.183018
0.180898
0.172759
0.164292
0.160328
0.164419
0.159187
0.136553
0.159023
0.137149
0.167471
0.169628
0.158569
0.157747
0.161934
0.174312
0.175483
0.175931
0.175593
0.177294
0.174993
0.173708
0.176569
0.166459
0.163817
0.158398
0.120693
0.158592
0.159325
0.159809
0.157136
0.156719
0.171072
0.179280
0.173189
0.168220
0.169854
0.164246
0.165839
0.161448
0.155968
0.157050
0.155771
0.157273
0.158231
0.139652
0.168511
0.180260
0.177096
0.181117
0.178579
0.166162
0.164469
0.137750
0.156452
0.157336
0.139622
0.165121
0.165316
0.177230
0.174560
0.178604
0.176301
0.183256
0.172045
0.168602
0.165313
0.163149
0.159211
0.160099
0.159035
0.158854
0.159035
0.158803
0.159755
0.159699
0.166732
0.169509
0.172292
0.171388
0.175445
0.176057
0.180372
0.175189
0.177106
0.173710
0.174446
0.175180
0.172932
0.172245
0.177554
0.180091
0.176537
0.186160
0.180040
0.168332
0.160035
0.158035
0.157034
0.161070
0.158360
0.158583
0.144204
0.158063
0.157247
0.157726
0.158035
0.158250
0.161598
0.167793
0.213314
0.152533
0.155914
0.165999
0.169690
0.173087
0.168755
0.183601
0.180610
0.170138
0.178662
0.154320
0.125744
0.160764
0.159908
0.158035
0.159228
0.176578
0.173616
0.174221
0.176137
0.175407
0.172368
0.176548
0.174087
0.173088
0.172594
0.171270
0.159676
0.177498
0.179479
0.179365
0.179488
0.174297
0.175786
0.171841
0.174518
0.166045
0.140837
0.158159
0.156832
0.156972
0.155237
0.155522
0.154385
0.162090
0.160185
0.165037
0.153909
0.155022
0.154452
0.161185
0.164929
0.166352
0.176788
0.177071
0.175672
0.179131
0.174432
0.177221
0.178490
0.174828
0.177396
0.174702
0.177006
0.175500
0.176719
0.175172
0.169293
0.162239
0.156485
0.137703
0.157035
0.156657
0.148986
0.167085
0.165699
0.168545
0.170846
0.167354
0.176041
0.175692
0.179749
0.183952
0.176572
0.167850
0.142799
0.159465
0.157171
0.159184
0.159178
0.142589
0.167556
0.171056
0.172164
0.173300
0.159151
0.158411
0.167290
0.156862
0.156351
0.164895
0.168640
0.169017
0.173536
0.176405
0.151109
0.159313
0.159301
0.155072
0.138434
0.143639
0.173600
0.181326
0.175309
0.147597
0.159739
0.160581
0.163271
0.139966
0.160939
0.160146
0.159575
0.161106
0.164858
0.172672
0.174676
0.173099
0.170240
0.173314
0.170699
0.178194
0.169951
0.163126
0.163692
0.142673
0.162332
0.157222
0.155034
0.156752
0.155814
0.156873
0.157712
0.155893
0.173091
0.171005
0.173875
0.175019
0.172819
0.176441
0.174995
0.172238
0.169326
0.181345
0.179394
0.177370
0.179385
0.178447
0.179299
0.177690
0.172679
0.165442
0.145239
0.160238
0.159437
0.158814
0.140358
0.161193
0.168373
0.170768
0.173228
0.173297
0.161585
0.158823
0.138468
0.160333
0.160156
0.158631
0.164990
0.176824
0.172217
0.183055
0.173133
0.166953
0.162417
0.160114
0.164035
0.158709
0.160268
0.140072
0.159295
0.160468
0.160529
0.160135
0.146311
0.167303
0.169330
0.167535
0.179239
0.176093
0.176130
0.165225
0.162749
0.166100
0.157035
0.158945
0.159914
0.160361
0.160957
0.157960
0.156202
0.157664
0.159292
0.156791
0.144036
0.171248
0.168970
0.180480
0.179647
0.162058
0.162789
0.154326
0.158132
0.159117
0.140956
0.160047
0.147272
0.170042
0.170264
0.172372
0.170818
0.168107
0.177176
0.182446
0.179067
0.171408
0.146765
0.159508
0.140141
0.159672
0.159717
0.162472
0.165087
0.167553
0.160005
0.167528
0.170080
0.172440
0.159099
0.163432
0.170385
0.170075
0.168449
0.170051
0.172529
0.176784
0.170496
0.183496
0.177866
0.170151
0.169502
0.162763
0.165435
0.161434
0.157498
0.156494
0.159270
0.161902
0.157948
0.158851
0.159137
0.160225
0.160938
0.158502
0.150255
0.168674
0.180784
0.179785
0.177917
0.170266
0.176554
0.168624
0.165100
0.141520
0.160953
0.158013
0.157325
0.155453
0.160054
0.162385
0.167483
0.170300
0.171932
0.172853
0.169838
0.180598
0.184579
0.181842
0.175400
0.165975
0.162062
0.163998
0.157560
0.158599
0.160697
0.160045
0.157936
0.158401
0.160268
0.140006
0.158926
0.159754
0.162371
0.170061
0.159830
0.159789
0.155836
0.177202
0.176086
0.177859
0.175785
0.176877
0.177187
0.165185
0.162640
0.159612
0.159456
0.161641
0.156732
0.158877
0.161873
0.159875
0.133084
0.168833
0.158110
0.168309
0.172527
0.168683
0.168082
0.174584
0.176276
0.176569
0.172260
0.174923
0.172026
0.168684
0.169505
0.167464
0.179250
0.181537
0.181379
0.157564
0.163352
0.156642
0.154493
0.155347
0.165926
0.162139
0.161940
0.161234
0.146761
0.169544
0.172614
0.172588
0.175039
0.173177
0.172774
0.173171
0.174545
0.170047
0.174884
0.178124
0.175616
0.181501
0.172676
0.162770
0.163853
0.158770
0.156985
0.155977
0.137524
0.157130
0.156692
0.157593
0.166613
0.168514
0.157382
0.158633
0.159397
0.177573
0.170763
0.173448
0.170083
0.172354
0.177189
0.173144
0.180666
0.168065
0.162858
0.157803
0.154439
0.163105
0.162292
0.160719
0.162115
0.158713
0.120988
0.161518
0.177440
0.154533
0.156412
0.157469
0.156563
0.159861
0.159929
0.157820
0.136731
0.158258
0.157336
0.159819
0.173045
0.174312
0.177541
0.175062
0.142994
0.168383
0.167472
0.160896
0.164511
0.176123
0.176369
0.179342
0.176204
0.175547
0.179267
0.180368
0.176732
0.178620
0.173474
0.167429
0.147040
0.161412
0.158856
0.160617
0.161781
0.149768
0.160070
0.165346
0.170458
0.170630
0.173021
0.171559
0.176427
0.179591
0.177426
0.174385
0.149908
0.164610
0.163608
0.159953
0.161716
0.157872
0.156456
0.158577
0.139079
0.161113
0.167022
0.169140
0.171538
0.172899
0.168179
0.172964
0.174661
0.174214
0.171600
0.181700
0.174288
0.166339
0.168230
0.165173
0.162375
0.168019
0.162496
0.133537
0.158569
0.140403
0.165305
0.175728
0.178030
0.174896
0.177415
0.177271
0.177484
0.182675
0.174867
0.166139
0.176044
0.164940
0.160804
0.160261
0.159748
0.139770
0.151688
0.159127
0.159489
0.167657
0.169848
0.174857
0.175774
0.175282
0.176799
0.177501
0.172486
0.171622
0.173893
0.176931
0.177505
0.180631
0.181804
0.172530
0.146914
0.147945
0.156452
0.157036
0.166363
0.162536
0.161259
0.160342
0.168529
0.167456
0.171234
0.169541
0.170521
0.170641
0.171139
0.171977
0.170192
0.175925
0.171227
0.145855
0.140867
0.158621
0.157397
0.159690
0.158615
0.158404
0.158978
0.158690
0.159410
0.155428
0.158875
0.163212
0.174040
0.175583
0.175507
0.177832
0.179345
0.182313
0.178810
0.158874
0.159797
0.163348
0.158143
0.158929
0.159307
0.157717
0.157804
0.158025
0.138268
0.164359
0.167949
0.171450
0.172951
0.172502
0.169584
0.173528
0.184172
0.176031
0.149457
0.157311
0.156557
0.156272
0.157756
0.159135
0.157780
0.149966
0.159023
0.159832
0.164517
0.167368
0.159016
0.156240
0.172987
0.172318
0.176409
0.164493
0.168236
0.176932
0.178254
0.177977
0.179689
0.183711
0.177722
0.167602
0.168468
0.162177
0.156838
0.156759
0.159061
0.158831
0.158928
0.159545
0.143618
0.168804
0.172297
0.170173
0.174505
0.175595
0.175901
0.182339
0.180934
0.156251
0.164458
0.158121
0.156263
0.138665
0.158169
0.158682
0.159334
0.158667
0.157465
0.161489
0.165996
0.171158
0.170599
0.176663
0.175602
0.174389
0.175855
0.180353
0.174721
0.175615
0.179281
0.177416
0.173881
0.181901
0.173569
0.146850
0.157825
0.158939
0.158202
0.155852
0.156864
0.150253
0.175436
0.177160
0.174578
0.175616
0.169988
0.172202
0.173630
0.171749
0.175741
0.178482
0.173597
0.165259
0.163118
0.158381
0.157273
0.157960
0.157849
0.159594
0.147388
0.160024
0.158702
0.166886
0.166877
0.170016
0.173310
0.175232
0.174011
0.174463
0.175675
0.174064
0.158398
0.160146
0.159671
0.159292
0.159852
0.160473
0.159538
0.134553
0.159685
0.157853
0.158505
0.155687
0.140888
0.166810
0.168941
0.171310
0.171450
0.173305
0.175916
0.176167
0.165748
0.170724
0.172884
0.171955
0.168220
0.176133
0.176885
0.169057
0.151419
0.158579
0.159105
0.158911
0.157622
0.156999
0.159151
0.151768
0.173828
0.174148
0.172302
0.174705
0.173537
0.178358
0.176329
0.176234
0.177552
0.174863
0.174750
0.167421
0.163656
0.140355
0.159409
0.139353
0.158279
0.166276
0.158973
0.158255
0.167089
0.169431
0.172462
0.159908
0.161484
0.167448
0.168547
0.165306
0.180859
0.171952
0.169138
0.169648
0.165256
0.158308
0.157746
0.157062
0.138519
0.157294
0.157480
0.161107
0.165758
0.169907
0.169546
0.175095
0.173298
0.173073
0.169922
0.179351
0.176220
0.184413
0.175148
0.165380
0.161995
0.163994
0.157748
0.157305
0.157592
0.129267
0.157035
0.158340
0.167119
0.168314
0.166914
0.175906
0.166442
0.171039
0.170062
0.171614
0.174171
0.172286
0.175338
0.171494
0.179963
0.175167
0.163097
0.161382
0.157618
0.142860
0.159757
0.160964
0.160763
0.149714
0.081016
0.076857
0.078211
0.077565
0.076900
0.075962
0.075630
0.077450
0.079242
0.079307
0.078972
0.078111
0.077537
0.077887
0.077873
0.078477
0.078122
0.078818
0.079382
0.102126
0.077018
0.082163
0.082018
0.081018
0.080215
0.079616
0.076890
0.075391
0.074930
0.074331
0.072339
0.075108
0.071712
0.072425
0.077914
0.082066
0.079976
0.075788
0.075359
0.078374
0.081318
0.086019
0.082300
0.075114
0.077262
0.092039
0.078509
0.075016
0.074550
0.076961
0.073409
0.073962
0.071016
0.072016
0.075084
0.093258
0.077738
0.074939
0.072741
0.084614
0.073298
0.071831
0.077017
0.091021
0.071964
0.070711
0.075950
0.075486
0.072169
0.077790
0.092547
0.074106
0.092560
0.089386
0.089020
0.081334
0.170038
0.160375
0.176142
0.176167
0.148591
0.123027
0.155370
0.160376
0.162459
0.161036
0.162036
0.161502
0.161035
0.153381
0.170038
0.167037
0.173038
0.180040
0.137030
0.156034
0.161265
0.142489
0.162117
0.162036
0.160279
0.159140
0.147032
0.163037
0.165402
0.167037
0.163075
0.171038
0.171236
0.171039
0.170305
0.169257
0.165036
0.176039
0.173039
0.174038
0.168846
0.173142
0.172038
0.170038
0.170270
0.169037
0.163201
0.173419
0.170508
0.174039
0.169037
0.165785
0.173355
0.174039
0.167849
0.180040
0.176041
0.179040
0.179040
0.179040
0.179040
0.180041
0.179728
0.176040
0.177157
0.177040
0.176040
0.178040
0.180907
0.156034
0.131028
0.156035
0.136358
0.154091
0.179972
0.148032
0.108046
0.153034
0.179040
0.178360
0.180040
0.182041
0.178040
0.151034
0.126121
0.134037
0.168037
0.170039
0.165494
0.164037
0.167037
0.166038
0.169037
0.163520
0.172040
0.169214
0.178040
0.171133
0.173054
0.173038
0.169038
0.167037
0.165037
0.165210
0.168341
0.168037
0.169039
0.164036
0.177091
0.176220
0.178039
0.174040
0.180508
0.179039
0.173039
0.168037
0.169038
0.169358
0.168037
0.146780
0.164507
0.144703
0.163036
0.163037
0.136139
0.161036
0.165140
0.158614
0.171374
0.170038
0.166646
0.181036
0.180040
0.180040
0.177392
0.172229
0.161443
0.163036
0.169315
0.167037
0.166036
0.143347
0.165036
0.162036
0.152033
0.161822
0.165037
0.145172
0.163362
0.158035
0.175254
0.175040
0.173388
0.172513
0.170288
0.171402
0.168584
0.166042
0.170038
0.166037
0.160588
0.180260
0.180040
0.184043
0.180418
0.179039
0.182040
0.154380
0.121027
0.160217
0.169328
0.168434
0.168037
0.145032
0.173132
0.168462
0.169241
0.168037
0.169037
0.168037
0.169273
0.178454
0.176039
0.176041
0.169294
0.180040
0.186515
0.185041
0.164083
0.170383
0.165383
0.163425
0.164062
0.142813
0.163035
0.146500
0.163058
0.161440
0.163036
0.141042
0.171040
0.169078
0.173153
0.181041
0.182312
0.181041
0.140213
0.162594
0.163036
0.163204
0.162035
0.150054
0.146770
0.162036
0.161327
0.174063
0.173039
0.175038
0.170683
0.171248
0.171037
0.170019
0.169310
0.168396
0.169037
0.180179
0.186041
0.181042
0.184040
0.180040
0.174437
0.172039
0.127507
0.157035
0.161036
0.166102
0.144990
0.163266
0.165036
0.164037
0.166038
0.166037
0.172548
0.171037
0.179039
0.181399
0.181040
0.161559
0.162035
0.161669
0.161883
0.166037
0.145974
0.166037
0.147053
0.165037
0.166038
0.166036
0.167037
0.167037
0.167037
0.147989
0.159035
0.165345
0.168037
0.166944
0.170038
0.169037
0.167058
0.172038
0.180643
0.180040
0.169116
0.168038
0.169043
0.170038
0.166273
0.167385
0.168037
0.166735
0.164402
0.127028
0.167277
0.137030
0.174041
0.170004
0.175461
0.170193
0.177877
0.183262
0.178177
0.182188
0.168090
0.167037
0.149545
0.163450
0.142469
0.161036
0.171038
0.168038
0.142031
0.169038
0.166209
0.167239
0.167346
0.167037
0.165036
0.167037
0.166125
0.164456
0.166719
0.167461
0.168077
0.167037
0.167037
0.143424
0.161036
0.171454
0.177039
0.164037
0.169037
0.167553
0.147307
0.168037
0.113949
0.171503
0.172038
0.173069
0.173039
0.168038
0.168037
0.164075
0.170038
0.166827
0.172656
0.176599
0.175541
0.174039
0.142680
0.159035
0.142904
0.163963
0.162037
0.162376
0.165439
0.163152
0.145220
0.160035
0.144220
0.165036
0.163692
0.177039
0.173840
0.168436
0.166037
0.165059
0.168569
0.179040
0.183042
0.169265
0.170038
0.167037
0.169037
0.152006
0.169038
0.166037
0.145239
0.162039
0.163036
0.165036
0.163036
0.164037
0.162035
0.163037
0.163036
0.161036
0.163036
0.164037
0.164036
0.152035
0.174270
0.174038
0.172144
0.170245
0.168037
0.165179
0.176039
0.170964
0.177175
0.178040
0.172601
0.184042
0.183041
0.183265
0.138390
0.140383
0.165036
0.164037
0.165037
0.146908
0.164036
0.164037
0.165036
0.158058
0.175266
0.171179
0.177039
0.179040
0.180041
0.181041
0.175041
0.173039
0.170038
0.135030
0.163521
0.164037
0.164232
0.165439
0.164036
0.163035
0.163335
0.164036
0.165287
0.116516
0.159034
0.165535
0.164036
0.164670
0.166508
0.168038
0.165037
0.161325
0.179040
0.182039
0.181040
0.179040
0.179040
0.176039
0.170771
0.180040
0.178155
0.174069
0.170245
0.178041
0.164452
0.126544
0.160034
0.165036
0.165037
0.166038
0.144074
0.179377
0.179039
0.182041
0.177041
0.179495
0.178106
0.175039
0.173337
0.170038
0.167037
0.163035
0.166038
0.167753
0.165117
0.163036
0.162035
0.163036
0.162373
0.143125
0.134030
0.166402
0.175118
0.172038
0.167945
0.176610
0.174038
0.174039
0.171625
0.174038
0.166832
0.167037
0.168037
0.170038
0.165781
0.163075
0.183041
0.181041
0.182040
0.183040
0.177041
0.177038
0.174951
0.173039
0.172038
0.145955
0.152035
0.162035
0.162035
0.147637
0.167154
0.166149
0.167037
0.166169
0.167674
0.166161
0.154013
0.181041
0.177144
0.180040
0.183473
0.146034
0.163036
0.143054
0.162037
0.162036
0.163481
0.164037
0.165037
0.164037
0.163037
0.162036
0.164037
0.173038
0.171038
0.131310
0.172092
0.169101
0.171133
0.167038
0.166764
0.166275
0.166446
0.163220
0.173280
0.173038
0.169101
0.182041
0.140326
0.091020
0.164492
0.175095
0.175039
0.172039
0.167513
0.177478
0.182040
0.181045
0.179893
0.183043
0.184042
0.182042
0.184042
0.180558
0.179040
0.178225
0.177600
0.173039
0.175040
0.174133
0.172303
0.171038
0.169037
0.154166
0.164037
0.144137
0.162179
0.162036
0.164037
0.165037
0.163036
0.165036
0.144333
0.164037
0.156035
0.172466
0.182041
0.159036
0.140030
0.129267
0.162036
0.164484
0.156052
0.181040
0.184041
0.184319
0.187041
0.165564
0.165037
0.164036
0.165291
0.163407
0.164577
0.146616
0.164036
0.164036
0.166167
0.165036
0.162036
0.165039
0.164038
0.116673
0.143032
0.167568
0.174231
0.180040
0.180041
0.173107
0.182120
0.181041
0.182040
0.179042
0.180042
0.176039
0.176356
0.174038
0.168398
0.166037
0.163036
0.160035
0.126029
0.163037
0.163036
0.162036
0.164594
0.162052
0.146033
0.174366
0.176034
0.179040
0.179040
0.182040
0.185041
0.165037
0.170038
0.167552
0.163393
0.143808
0.160181
0.119478
0.169038
0.167150
0.168037
0.166037
0.166037
0.164037
0.164469
0.169038
0.166265
0.177039
0.174125
0.171038
0.170038
0.164673
0.169968
0.164860
0.174039
0.167542
0.177543
0.171038
0.173058
0.172475
0.169394
0.169038
0.168037
0.166037
0.167037
0.166443
0.175039
0.171038
0.179040
0.154451
0.162036
0.165036
0.164036
0.165382
0.128046
0.165036
0.163036
0.151248
0.174283
0.175039
0.169577
0.179040
0.176372
0.175040
0.175039
0.171264
0.170156
0.169038
0.173038
0.174039
0.173118
0.171038
0.163036
0.181040
0.183043
0.183041
0.175039
0.175040
0.175039
0.174039
0.169038
0.169043
0.167124
0.169038
0.169038
0.167037
0.165037
0.165037
0.166038
0.166037
0.161634
0.168038
0.174727
0.171038
0.170038
0.172280
0.152821
0.165204
0.168138
0.167037
0.163437
0.164037
0.163037
0.144551
0.163037
0.149415
0.159035
0.162064
0.162036
0.136030
0.167037
0.168038
0.168997
0.166038
0.163036
0.166037
0.168381
0.179039
0.172694
0.175369
0.168858
0.175039
0.174123
0.171560
0.177038
0.177039
0.174040
0.169079
0.179040
0.181041
0.181041
0.182041
0.181041
0.181040
0.185561
0.181041
0.152035
0.157685
0.162036
0.144049
0.166037
0.167037
0.166406
0.146584
0.166533
0.166178
0.133030
0.165340
0.167441
0.168037
0.165195
0.176040
0.171280
0.175038
0.178260
0.185041
0.177465
0.175039
0.179650
0.178092
0.172590
0.170156
0.170038
0.168037
0.167037
0.121026
0.144933
0.162127
0.164037
0.156405
0.170232
0.168038
0.184042
0.184041
0.182041
0.180040
0.184041
0.176040
0.177041
0.181041
0.179043
0.179850
0.183351
0.172549
0.135029
0.166037
0.148093
0.168012
0.162036
0.162036
0.165156
0.163036
0.163036
0.163034
0.163036
0.162036
0.163340
0.146119
0.182042
0.178040
0.175133
0.180040
0.182039
0.181044
0.179319
0.183041
0.186042
0.182132
0.185041
0.185391
0.184346
0.185042
0.182041
0.182041
0.183041
0.181041
0.156035
0.161218
0.164224
0.162036
0.164036
0.132030
0.144779
0.153872
0.177040
0.174039
0.176338
0.176039
0.170278
0.176453
0.178041
0.174039
0.162036
0.165037
0.168036
0.156267
0.172038
0.170302
0.164036
0.165322
0.179040
0.181041
0.181040
0.183120
0.183041
0.151033
0.159035
0.149951
0.162036
0.162035
0.163724
0.168406
0.174039
0.168039
0.167037
0.148552
0.167038
0.168039
0.147033
0.169789
0.176039
0.172038
0.172800
0.171038
0.343307
0.346853
0.374949
0.351987
0.373175
0.359654
0.380086
0.344079
0.151260
0.157035
0.157210
0.157034
0.087020
0.117026
0.138071
0.162036
0.162036
0.161036
0.164037
0.163095
0.193141
0.173039
0.168920
0.174039
0.176039
0.176078
0.174039
0.173038
0.170546
0.173039
0.168037
0.168109
0.163036
0.171266
0.170038
0.166037
0.165653
0.164184
0.166037
0.165036
0.163012
0.168045
0.176039
0.167038
0.166039
0.146904
0.160037
0.164037
0.163084
0.142198
0.161115
0.129030
0.166100
0.174040
0.173038
0.169622
0.174038
0.173038
0.171038
0.168846
0.176039
0.173038
0.169454
0.178040
0.174038
0.178040
0.174038
0.173481
0.171165
0.168242
0.184041
0.180040
0.186527
0.184042
0.187855
0.151035
0.161036
0.163536
0.166145
0.163544
0.164037
0.145323
0.166037
0.165048
0.164258
0.163037
0.165037
0.164626
0.142032
0.175039
0.173203
0.167037
0.170038
0.168037
0.167282
0.169038
0.169038
0.170038
0.165655
0.177040
0.171290
0.181041
0.178040
0.175108
0.170037
0.173039
0.171517
0.100022
0.149878
0.171038
0.173039
0.171038
0.168037
0.162074
0.176039
0.172038
0.170038
0.172039
0.172119
0.169208
0.171180
0.170273
0.174037
0.175040
0.172037
0.172038
0.167866
0.170037
0.177040
0.178222
0.181040
0.182041
0.163602
0.165037
0.165037
0.162488
0.129029
0.159035
0.140930
0.163036
0.163459
0.163036
0.163048
0.162045
0.155064
0.176039
0.173038
0.175277
0.172038
0.167037
0.162230
0.177040
0.174404
0.173039
0.168037
0.164036
0.145271
0.164036
0.164128
0.158113
0.176087
0.171288
0.167496
0.168038
0.165036
0.163717
0.171039
0.171058
0.168037
0.164665
0.174138
0.169843
0.157493
0.178040
0.177039
0.173122
0.174104
0.170147
0.178533
0.177060
0.176041
0.177039
0.182043
0.177039
0.177238
0.180042
0.182040
0.183041
0.167054
0.170037
0.182096
0.177040
0.180041
0.181525
0.183044
0.186386
0.186412
0.184755
0.159421
0.161036
0.132444
0.162037
0.167037
0.167037
0.164037
0.162036
0.165097
0.169038
0.163544
0.166037
0.145162
0.164775
0.164541
0.165172
0.164173
0.165037
0.165038
0.165240
0.165036
0.145293
0.164037
0.165037
0.152503
0.170038
0.165038
0.175038
0.138031
0.174039
0.173168
0.169167
0.167093
0.175320
0.174039
0.170080
0.176041
0.177212
0.176282
0.170332
0.175138
0.170147
0.169039
0.170038
0.173038
0.168297
0.168037
0.167502
0.168131
0.166037
0.168247
0.167037
0.164037
0.162036
0.162036
0.147034
0.163099
0.163036
0.168038
0.165877
0.165036
0.144032
0.160036
0.162777
0.168037
0.164036
0.167037
0.146097
0.174039
0.170706
0.170069
0.169038
0.169039
0.166037
0.179467
0.176040
0.173038
0.171038
0.167037
0.165037
0.163740
0.161337
0.173379
0.170582
0.168051
0.167037
0.168037
0.148823
0.168037
0.169037
0.139031
0.163308
0.145033
0.178461
0.172039
0.169718
0.178039
0.176511
0.159036
0.161773
0.181406
0.182394
0.177040
0.182369
0.179040
0.152234
0.164037
0.168351
0.168056
0.145012
0.163036
0.128028
0.163036
0.162499
0.164037
0.170039
0.169109
0.146543
0.165037
0.163111
0.137030
0.168547
0.176262
0.177039
0.175039
0.173255
0.172038
0.170038
0.163036
0.154726
0.172448
0.170038
0.170037
0.169181
0.171037
0.172039
0.165113
0.163036
0.165036
0.165037
0.150231
0.172038
0.167037
0.168037
0.169093
0.166037
0.165090
0.164036
0.173038
0.164087
0.163035
0.165037
0.166037
0.164109
0.145732
0.165540
0.166036
0.166037
0.147769
0.166039
0.167037
0.168038
0.163859
0.176514
0.170286
0.176039
0.183041
0.179039
0.162580
0.166037
0.165294
0.143169
0.165037
0.163036
0.164037
0.146117
0.164036
0.163734
0.166355
0.164036
0.145053
0.164037
0.165223
0.145186
0.164196
0.185041
0.176039
0.177039
0.175430
0.178040
0.177039
0.176039
0.174039
0.168037
0.170037
0.166432
0.166037
0.164782
0.174039
0.175039
0.172039
0.169038
0.165036
0.176039
0.174039
0.176039
0.177040
0.164037
0.165037
0.164036
0.166037
0.143201
0.164037
0.164037
0.143730
0.165037
0.165036
0.164037
0.165033
0.165037
0.163036
0.174039
0.171130
0.177039
0.178550
0.176040
0.176040
0.166036
0.168037
0.169038
0.163525
0.175040
0.174040
0.170149
0.177039
0.179040
0.177110
0.175159
0.173039
0.181113
0.177039
0.181041
0.175453
0.180041
0.167358
0.168037
0.169339
0.164037
0.167037
0.168146
0.167037
0.166037
0.164301
0.149631
0.168038
0.168038
0.165107
0.176293
0.174039
0.169168
0.177041
0.181041
0.175039
0.173322
0.172039
0.173038
0.166917
0.175529
0.171431
0.180040
0.183040
0.183041
0.183043
0.177392
0.177616
0.180040
0.181042
0.179040
0.176039
0.174160
0.174039
0.154448
0.167037
0.168037
0.167037
0.168038
0.147692
0.166037
0.147729
0.166037
0.168038
0.148942
0.168037
0.169038
0.174057
0.172716
0.172038
0.169041
0.166037
0.163036
0.150348
0.162036
0.163036
0.167236
0.168037
0.168038
0.155813
0.167037
0.147053
0.166037
0.168038
0.147788
0.168037
0.167037
0.167037
0.166037
0.165037
0.165037
0.167367
0.167106
0.167037
0.167037
0.166530
0.176039
0.175040
0.175093
0.173039
0.171597
0.173038
0.169038
0.165126
0.165036
0.165036
0.167037
0.166391
0.167614
0.155299
0.175039
0.168037
0.163432
0.175246
0.178039
0.174106
0.173541
0.175231
0.171132
0.166163
0.174039
0.181041
0.185042
0.184398
0.181251
0.181039
0.185041
0.184377
0.180041
0.179040
0.175040
0.176040
0.181072
0.183041
0.186042
0.176040
0.175040
0.170382
0.175039
0.177040
0.362088
0.346552
0.372527
0.363077
0.422087
0.176440
0.151034
0.135410
0.154034
0.156035
0.134820
0.157035
0.157036
0.154832
0.167037
0.163036
0.161035
0.157637
0.178040
0.161056
0.165036
0.163036
0.161036
0.141932
0.162036
0.162036
0.164037
0.161546
0.162036
0.163036
0.143415
0.160040
0.163037
0.162036
0.141881
0.163534
0.165036
0.171112
0.165905
0.171038
0.173560
0.172038
0.171038
0.172037
0.172368
0.168224
0.173038
0.170512
0.169429
0.169363
0.169038
0.165036
0.166860
0.173038
0.167037
0.181041
0.175272
0.179041
0.180041
0.184170
0.178476
0.177039
0.176040
0.159661
0.164330
0.164037
0.163037
0.143983
0.163218
0.143254
0.172226
0.146317
0.165037
0.159745
0.184041
0.184041
0.181041
0.184041
0.181040
0.179170
0.181040
0.181041
0.181042
0.186042
0.185041
0.185041
0.166707
0.168037
0.165036
0.162036
0.164037
0.167037
0.156035
0.163036
0.162193
0.142530
0.163036
0.160892
0.164037
0.162036
0.168038
0.166538
0.167207
0.168432
0.168037
0.146917
0.166801
0.162035
0.152122
0.168037
0.161036
0.179128
0.179039
0.182041
0.182259
0.159556
0.166036
0.162036
0.161036
0.160283
0.162217
0.163036
0.163037
0.164500
0.170205
0.165037
0.165036
0.165105
0.165037
0.141032
0.165037
0.166037
0.165372
0.152739
0.165038
0.166036
0.165141
0.167037
0.162036
0.156055
0.172039
0.171038
0.164036
0.164036
0.167037
0.165039
0.165037
0.151034
0.176064
0.183290
0.185479
0.184456
0.180191
0.185555
0.180040
0.180040
0.177039
0.181041
0.161559
0.167037
0.167037
0.169397
0.163036
0.141923
0.162036
0.163037
0.154034
0.163899
0.164036
0.165299
0.144076
0.165037
0.164037
0.159065
0.172038
0.172039
0.164493
0.176748
0.170974
0.178040
0.182041
0.185081
0.186060
0.185041
0.181042
0.162629
0.170045
0.147508
0.162035
0.162036
0.160036
0.161036
0.163037
0.166037
0.163813
0.165037
0.147324
0.165037
0.150536
0.168038
0.167109
0.163042
0.177039
0.170069
0.181039
0.181041
0.180041
0.185041
0.181041
0.181784
0.176039
0.177040
0.172038
0.171038
0.168128
0.167386
0.165295
0.163820
0.163036
0.166037
0.145725
0.162037
0.134029
0.163126
0.164037
0.165382
0.143090
0.164463
0.155441
0.173040
0.171038
0.169038
0.167037
0.165037
0.165289
0.174039
0.172039
0.172040
0.167037
0.165878
0.173479
0.172038
0.175038
0.171037
0.169038
0.171038
0.167037
0.165338
0.167037
0.164036
0.170038
0.165203
0.174038
0.170513
0.169271
0.175039
0.175395
0.171462
0.174859
0.183040
0.162558
0.168037
0.164036
0.165130
0.165037
0.162104
0.162036
0.164036
0.143943
0.164252
0.143214
0.164269
0.165046
0.148186
0.170038
0.166037
0.164232
0.171037
0.180040
0.162577
0.167037
0.166036
0.145465
0.164036
0.164037
0.163036
0.163036
0.163369
0.163149
0.163520
0.163037
0.164038
0.163036
0.162036
0.163037
0.163038
0.154226
0.163558
0.164037
0.149010
0.177039
0.162336
0.164037
0.165036
0.166037
0.164623
0.164036
0.161732
0.173039
0.170342
0.179041
0.181040
0.177039
0.177039
0.169430
0.180041
0.180040
0.180042
0.162863
0.168038
0.165128
0.164037
0.141430
0.164036
0.142390
0.163036
0.145433
0.165037
0.167157
0.169037
0.166460
0.168357
0.165277
0.166037
0.169862
0.176039
0.178040
0.173830
0.184386
0.184041
0.164610
0.168037
0.168038
0.166036
0.165045
0.164037
0.165037
0.165110
0.166255
0.141377
0.165036
0.164128
0.133029
0.166037
0.165670
0.158884
0.172038
0.173038
0.170108
0.170037
0.170038
0.167037
0.167356
0.167225
0.170038
0.169130
0.168037
0.165037
0.162993
0.175039
0.175039
0.173223
0.172818
0.173419
0.169038
0.168049
0.165104
0.174335
0.174359
0.178039
0.178909
0.180040
0.178095
0.169311
0.170724
0.170038
0.169039
0.168037
0.166164
0.165017
0.168365
0.166038
0.168037
0.167454
0.166037
0.167037
0.168037
0.143053
0.167037
0.169463
0.167037
0.168038
0.167096
0.168038
0.169038
0.147846
0.167037
0.157036
0.183041
0.181042
0.179768
0.185059
0.183041
0.181368
0.180041
0.179040
0.180040
0.177039
0.176263
0.176041
0.170244
0.168124
0.165036
0.164037
0.145337
0.163036
0.125381
0.162152
0.163036
0.156281
0.172038
0.169038
0.168322
0.168038
0.165036
0.165057
0.169037
0.165337
0.164037
0.163036
0.165037
0.165037
0.167812
0.164036
0.161037
0.181040
0.182046
0.183040
0.177040
0.174039
0.171037
0.169038
0.165075
0.175039
0.174038
0.169038
0.164830
0.166037
0.168058
0.166037
0.168325
0.163359
0.161188
0.182041
0.178040
0.180041
0.182509
0.183043
0.183041
0.182040
0.165502
0.168037
0.172038
0.169038
0.171038
0.169037
0.164973
0.165550
0.163036
0.165006
0.162036
0.160035
0.163036
0.164037
0.163037
0.163037
0.165037
0.144150
0.164037
0.164036
0.164037
0.165037
0.164037
0.143371
0.166037
0.163036
0.164118
0.164036
0.164036
0.159374
0.169039
0.165493
0.167037
0.164036
0.166037
0.167037
0.165037
0.164756
0.165037
0.164748
0.176039
0.173039
0.171638
0.169037
0.169188
0.166391
0.167471
0.178040
0.180486
0.177040
0.177119
0.172038
0.174073
0.167037
0.167214
0.167500
0.164449
0.172222
0.175111
0.172038
0.168037
0.170190
0.171038
0.167166
0.168037
0.162689
0.179040
0.180041
0.180041
0.180341
0.180040
0.162580
0.169038
0.147684
0.165037
0.164037
0.144001
0.162589
0.163035
0.165037
0.164036
0.165037
0.166415
0.165036
0.135408
0.179040
0.185042
0.177040
0.174481
0.173039
0.174143
0.174220
0.172354
0.171038
0.169057
0.164037
0.164036
0.163036
0.163128
0.169742
0.168037
0.166040
0.163038
0.165037
0.164036
0.165036
0.162036
0.164036
0.165037
0.142907
0.162036
0.165037
0.167037
0.145257
0.165036
0.165037
0.144544
0.164037
0.151529
0.168158
0.164860
0.174039
0.183041
0.172038
0.172040
0.168655
0.169038
0.166968
0.175038
0.172519
0.180131
0.178040
0.179040
0.174571
0.183040
0.184042
0.178270
0.177039
0.177583
0.183041
0.181041
0.184041
0.181040
0.162563
0.166037
0.165036
0.166037
0.164037
0.164037
0.165768
0.167037
0.164201
0.165476
0.164051
0.163359
0.165036
0.166038
0.164261
0.145032
0.167037
0.144548
0.156035
0.170102
0.169284
0.171038
0.167056
0.168075
0.164907
0.175040
0.173274
0.179499
0.180040
0.179474
0.179766
0.172038
0.172590
0.168161
0.180156
0.178039
0.181040
0.177039
0.175038
0.175525
0.172038
0.171038
0.169037
0.165461
0.165036
0.164037
0.161036
0.162036
0.163038
0.164037
0.162619
0.156035
0.174041
0.176039
0.176493
0.171438
0.170332
0.167148
0.168597
0.168038
0.169039
0.168038
0.169039
0.165815
0.175039
0.175038
0.174667
0.172039
0.173038
0.166359
0.172039
0.171488
0.169354
0.170038
0.167020
0.168039
0.166037
0.165200
0.174039
0.171406
0.175039
0.178039
0.174582
0.175586
0.172038
0.171038
0.169037
0.146033
0.177286
0.176039
0.175641
0.174726
0.173323
0.172654
0.170405
0.177039
0.177040
0.174038
0.173328
0.174038
0.173474
0.173038
0.166105
0.177039
0.174039
0.173105
0.174469
0.173491
0.173329
0.167048
0.163071
0.174038
0.175425
0.175039
0.173038
0.171037
0.168038
0.166037
0.167037
0.166036
0.168037
0.169103
0.168438
0.179041
0.175038
0.176511
0.176038
0.172282
0.173139
0.167649
0.164504
0.166037
0.165039
0.178040
0.175488
0.171508
0.170038
0.167037
0.166039
0.168680
0.165278
0.163620
0.337140
0.333330
0.373076
0.337922
0.349571
0.257322
0.180041
0.178183
0.177039
0.177040
0.173080
0.172827
0.174395
0.173039
0.165037
0.146066
0.157035
0.153553
0.157366
0.159035
0.163080
0.162036
0.161772
0.163037
0.163037
0.162527
0.164037
0.162036
0.163037
0.161252
0.163037
0.163077
0.162036
0.163037
0.163730
0.163559
0.144053
0.164036
0.144447
0.157102
0.079018
0.076017
0.077018
0.074602
0.079020
0.078017
0.077727
0.080229
0.078019
0.078019
0.077018
0.077018
0.077018
0.077018
0.079018
0.086205
0.091022
0.084021
