0.002001
0.159036
0.172038
0.156034
0.111024
0.124027
0.155033
0.156034
0.156034
0.156034
0.134281
0.156035
0.154034
0.153033
0.156034
0.157035
0.141031
0.152111
0.155034
0.156176
0.154034
0.155035
0.140373
0.156035
0.154352
0.154034
0.153033
0.155282
0.156035
0.153034
0.156035
0.156035
0.155034
0.156034
0.156034
0.156034
0.156424
0.154432
0.156034
0.157035
0.132667
0.156034
0.156034
0.155035
0.155908
0.154235
0.155384
0.156035
0.154034
0.159035
0.131408
0.155034
0.149033
0.154868
0.155174
0.157689
0.155359
0.154741
0.142407
0.154816
0.158383
0.158454
0.157677
0.156786
0.156251
0.156396
0.157203
0.137872
0.154706
0.157838
0.158364
0.155034
0.157946
0.157027
0.156405
0.157769
0.120532
0.156589
0.155857
0.156805
0.157646
0.156601
0.158308
0.154225
0.155809
0.142555
0.169131
0.162549
0.169534
0.166387
0.163079
0.158403
0.159060
0.157981
0.152041
0.178313
0.175091
0.181089
0.183674
0.181176
0.181387
0.181541
0.148185
0.126686
0.131113
0.144243
0.157997
0.182041
0.178455
0.182939
0.130123
0.131662
0.130182
0.167061
0.139984
0.165624
0.163807
0.157881
0.157912
0.155459
0.136686
0.166646
0.185838
0.187029
0.163548
0.134044
0.142134
0.154567
0.159706
0.159003
0.159714
0.157810
0.158032
0.153916
0.123852
0.135121
0.148882
0.163321
0.160219
0.155298
0.173929
0.183172
0.182125
0.155745
0.159368
0.157605
0.156236
0.167779
0.137653
0.153417
0.157335
0.157865
0.104343
0.180826
0.179419
0.177052
0.180884
0.182718
0.178079
0.169945
0.162685
0.147274
0.150206
0.156672
0.158132
0.156385
0.158252
0.162511
0.148450
0.155151
0.155586
0.115584
0.158766
0.157377
0.140857
0.154538
0.163760
0.156075
0.157967
0.177146
0.180434
0.179701
0.173198
0.165399
0.171810
0.168777
0.163659
0.158318
0.159755
0.148994
0.153075
0.173996
0.166430
0.167083
0.161070
0.155906
0.169599
0.175715
0.170472
0.163989
0.161472
0.157653
0.157678
0.158509
0.157442
0.155396
0.157325
0.132887
0.155321
0.174200
0.163643
0.162081
0.169140
0.165081
0.160407
0.158787
0.173317
0.173192
0.165580
0.161599
0.160217
0.157698
0.157590
0.159394
0.140402
0.139030
0.167037
0.162036
0.160174
0.158159
0.158107
0.157582
0.158216
0.160581
0.128640
0.137982
0.153303
0.158908
0.152554
0.157504
0.155292
0.157162
0.158413
0.146950
0.169590
0.164740
0.155605
0.167858
0.156208
0.179487
0.179949
0.173558
0.166812
0.161703
0.164363
0.175216
0.179143
0.181599
0.180433
0.182630
0.182758
0.179651
0.179092
0.180369
0.150033
0.153458
0.158529
0.107812
0.156178
0.159018
0.159459
0.159878
0.140315
0.157975
0.159514
0.169851
0.165060
0.170380
0.160523
0.158064
0.154508
0.176461
0.168564
0.158353
0.175918
0.171968
0.168695
0.171341
0.165891
0.163548
0.160238
0.153421
0.156422
0.158345
0.158429
0.160263
0.149257
0.159543
0.153373
0.184779
0.183308
0.158372
0.137044
0.158921
0.156939
0.159740
0.134239
0.139831
0.155210
0.153457
0.161602
0.158554
0.170753
0.166288
0.160538
0.159855
0.156242
0.159353
0.162497
0.151428
0.156588
0.158784
0.159390
0.143262
0.153823
0.146044
0.156089
0.157222
0.158514
0.137270
0.151067
0.161074
0.159333
0.156980
0.158589
0.152975
0.148064
0.181685
0.177360
0.182145
0.169512
0.167613
0.166334
0.164711
0.160470
0.139140
0.158888
0.136024
0.154940
0.159021
0.158183
0.146808
0.154326
0.159152
0.154454
0.130696
0.178333
0.179432
0.183663
0.184811
0.182892
0.183434
0.184651
0.183454
0.143731
0.093098
0.152559
0.177114
0.177693
0.180497
0.178152
0.181531
0.145758
0.112044
0.137959
0.134119
0.159877
0.147599
0.175632
0.180019
0.178575
0.183854
0.181205
0.181042
0.180345
0.177931
0.176281
0.176024
0.181095
0.144294
0.093120
0.153060
0.157208
0.173146
0.180797
0.144133
0.155274
0.138700
0.158373
0.159828
0.158799
0.152451
0.133422
0.148351
0.162221
0.159667
0.158004
0.157035
0.168965
0.163105
0.181642
0.149219
0.126540
0.154524
0.129287
0.160194
0.159173
0.173048
0.170930
0.166166
0.167669
0.166119
0.180267
0.178220
0.171843
0.168013
0.165478
0.166260
0.162130
0.138504
0.156735
0.162821
0.158865
0.133570
0.155956
0.156946
0.139019
0.171290
0.178943
0.182637
0.182894
0.180790
0.141605
0.157965
0.137065
0.156185
0.156778
0.156700
0.159102
0.157408
0.147497
0.138307
0.132582
0.166773
0.162165
0.178446
0.179564
0.181294
0.179808
0.175865
0.167043
0.161911
0.170189
0.164277
0.158737
0.141438
0.157860
0.158338
0.161696
0.157330
0.165498
0.182818
0.184685
0.182014
0.183227
0.178314
0.180458
0.181055
0.161494
0.162976
0.160985
0.138041
0.157458
0.159321
0.158623
0.157393
0.161615
0.159012
0.140093
0.124363
0.141649
0.164745
0.153126
0.151536
0.174894
0.168518
0.166708
0.167984
0.164586
0.158277
0.163166
0.159935
0.167935
0.158986
0.157122
0.159499
0.163294
0.181081
0.183499
0.178905
0.180040
0.179690
0.178885
0.181555
0.180615
0.176591
0.146241
0.159494
0.160393
0.159809
0.164883
0.149886
0.151857
0.159274
0.159934
0.137384
0.122152
0.162358
0.161364
0.162083
0.158522
0.170493
0.168269
0.160944
0.158370
0.160266
0.155466
0.171535
0.171507
0.165176
0.167504
0.123451
0.155220
0.157729
0.159226
0.136714
0.160078
0.160377
0.160414
0.159871
0.129277
0.170558
0.166817
0.161760
0.171406
0.173247
0.169039
0.162342
0.145242
0.152197
0.155895
0.156447
0.156713
0.144291
0.172280
0.170729
0.165859
0.165663
0.158860
0.155480
0.136642
0.135178
0.150437
0.155035
0.153331
0.155219
0.156579
0.155654
0.157832
0.156343
0.157228
0.155319
0.127519
0.156534
0.180615
0.177226
0.174420
0.169408
0.169260
0.169829
0.164305
0.162918
0.157966
0.167926
0.172927
0.168332
0.172783
0.174244
0.167769
0.165381
0.142513
0.153021
0.177383
0.182237
0.162707
0.160853
0.157448
0.154625
0.156149
0.160734
0.158131
0.158672
0.157671
0.159859
0.158854
0.117086
0.153603
0.156012
0.155806
0.140265
0.155090
0.159460
0.163473
0.161286
0.166217
0.163514
0.159264
0.158371
0.157452
0.140363
0.152034
0.156196
0.146846
0.157179
0.161787
0.160732
0.141221
0.160273
0.131232
0.160538
0.159009
0.162302
0.161078
0.160525
0.161022
0.160050
0.142589
0.161085
0.152949
0.148945
0.166366
0.161054
0.159571
0.168966
0.167936
0.167484
0.146399
0.166724
0.170979
0.170881
0.159056
0.171018
0.168584
0.154349
0.166972
0.168879
0.150917
0.166047
0.173479
0.166488
0.167266
0.174797
0.179414
0.181041
0.181042
0.177647
0.181499
0.169331
0.183559
0.179339
0.170609
0.163960
0.162131
0.149033
0.154998
0.160061
0.152050
0.121057
0.155495
0.160029
0.138531
0.155170
0.158035
0.133128
0.168291
0.161145
0.158394
0.161536
0.159101
0.166420
0.164540
0.172030
0.175162
0.162863
0.173262
0.177101
0.180247
0.178274
0.183782
0.185132
0.183280
0.181215
0.183694
0.159125
0.143965
0.154547
0.144080
0.136884
0.156376
0.158474
0.152033
0.155838
0.166913
0.165878
0.165469
0.162839
0.159241
0.158681
0.139843
0.148539
0.144284
0.162300
0.161155
0.157909
0.158657
0.135985
0.156637
0.156864
0.156535
0.153207
0.136178
0.144794
0.161952
0.167383
0.166764
0.171935
0.163094
0.179427
0.174703
0.182823
0.149796
0.144853
0.148679
0.155899
0.160427
0.160379
0.139574
0.155175
0.159863
0.158395
0.161045
0.158907
0.159255
0.159589
0.160146
0.162557
0.145662
0.152892
0.118563
0.163649
0.153612
0.177762
0.178732
0.174905
0.168864
0.166464
0.156182
0.141695
0.160665
0.159214
0.158733
0.157243
0.155529
0.166212
0.170695
0.165006
0.162699
0.173212
0.171650
0.167335
0.160264
0.161443
0.162579
0.160349
0.160425
0.139000
0.171855
0.163201
0.161568
0.168322
0.157095
0.154367
0.155837
0.157229
0.145779
0.172239
0.161598
0.159911
0.159756
0.158313
0.162455
0.160993
0.142638
0.140630
0.157876
0.156742
0.158247
0.156840
0.155944
0.135904
0.144849
0.159502
0.167128
0.163735
0.175139
0.157903
0.156626
0.140591
0.181216
0.177068
0.173762
0.179040
0.182517
0.181731
0.168659
0.175802
0.180866
0.180169
0.179798
0.181905
0.183543
0.182230
0.180474
0.154029
0.156492
0.145052
0.156340
0.157658
0.139992
0.158790
0.158968
0.159754
0.139934
0.155155
0.159336
0.159345
0.161587
0.152573
0.158536
0.167155
0.160318
0.174774
0.170569
0.159409
0.159631
0.157400
0.140573
0.172743
0.166970
0.168206
0.160094
0.160416
0.161310
0.154993
0.168250
0.161507
0.177039
0.167580
0.157769
0.175216
0.172360
0.164570
0.174130
0.168068
0.164211
0.161762
0.157592
0.168759
0.169828
0.169307
0.171405
0.167289
0.165852
0.163507
0.159805
0.159955
0.153428
0.173383
0.149901
0.171081
0.169471
0.163838
0.167511
0.163840
0.160276
0.158025
0.149097
0.144001
0.161762
0.156621
0.157496
0.158035
0.155753
0.156455
0.149932
0.172464
0.167282
0.166301
0.189185
0.156518
0.172502
0.169248
0.171090
0.167088
0.163556
0.167789
0.165582
0.161046
0.157899
0.162551
0.166492
0.161615
0.165899
0.177883
0.181323
0.179464
0.181987
0.179575
0.182030
0.184791
0.155701
0.155389
0.158563
0.159315
0.145477
0.154906
0.159563
0.161100
0.159258
0.159460
0.159177
0.108926
0.144096
0.160355
0.159696
0.161306
0.159732
0.162380
0.166819
0.166768
0.163751
0.158690
0.168864
0.166081
0.161993
0.160792
0.159430
0.138637
0.155974
0.169903
0.169216
0.179592
0.180288
0.183386
0.180646
0.177370
0.178202
0.150565
0.150558
0.154535
0.161983
0.159827
0.157786
0.156921
0.157346
0.151127
0.139265
0.152853
0.129033
0.155372
0.153564
0.157353
0.157103
0.157546
0.156820
0.146316
0.170699
0.162491
0.173896
0.168182
0.169605
0.167093
0.160860
0.167104
0.165699
0.172240
0.166672
0.172926
0.167989
0.164809
0.158790
0.157937
0.156117
0.157618
0.144905
0.153239
0.157388
0.159908
0.156335
0.155410
0.153712
0.139772
0.154816
0.156876
0.153884
0.119145
0.156914
0.154164
0.164846
0.168360
0.173897
0.172354
0.179263
0.164000
0.163128
0.160681
0.157732
0.162998
0.160891
0.160669
0.158837
0.158169
0.136142
0.152748
0.118932
0.173525
0.145730
0.156089
0.159093
0.159530
0.158527
0.159315
0.158666
0.164475
0.163224
0.138946
0.154459
0.157767
0.138984
0.155010
0.136662
0.169837
0.161005
0.171337
0.184652
0.184098
0.182828
0.180596
0.160921
0.162662
0.159782
0.129230
0.143756
0.156872
0.141139
0.148127
0.156034
0.160280
0.160205
0.135114
0.158660
0.168426
0.163337
0.169426
0.163326
0.161208
0.158331
0.158181
0.139012
0.159591
0.152900
0.169510
0.175243
0.184592
0.181238
0.180945
0.182623
0.183677
0.151757
0.159647
0.158362
0.136446
0.161412
0.159009
0.158015
0.157588
0.133451
0.145459
0.153231
0.156420
0.160144
0.154290
0.152083
0.165972
0.162589
0.159657
0.158904
0.153334
0.167422
0.164090
0.161842
0.182468
0.180098
0.182589
0.179642
0.171398
0.153300
0.160142
0.148909
0.154533
0.159935
0.157437
0.158446
0.145141
0.134254
0.156482
0.153827
0.150337
0.171515
0.181382
0.178392
0.179953
0.184313
0.182527
0.184002
0.154169
0.140732
0.158635
0.158373
0.157746
0.158630
0.128099
0.143341
0.153867
0.166037
0.184041
0.184495
0.184365
0.179802
0.156673
0.117513
0.151033
0.137445
0.156323
0.158035
0.162557
0.154823
0.165214
0.159694
0.161539
0.157623
0.177926
0.177308
0.171788
0.170640
0.170758
0.199726
0.156347
0.156400
0.154854
0.128737
0.156785
0.158994
0.167563
0.173425
0.185531
0.184968
0.183702
0.182078
0.182759
0.181973
0.178398
0.180568
0.171600
0.178164
0.181991
0.157917
0.141062
0.155751
0.157805
0.156519
0.156792
0.156966
0.159029
0.158614
0.153442
0.140307
0.154511
0.137053
0.158328
0.153956
0.155744
0.165939
0.161052
0.157526
0.157714
0.158713
0.159226
0.172355
0.163836
0.164244
0.160622
0.165547
0.144335
0.161357
0.162008
0.158746
0.172938
0.168077
0.163953
0.158458
0.156554
0.177348
0.167324
0.180907
0.164688
0.165485
0.163639
0.160202
0.138823
0.160560
0.159385
0.161147
0.159961
0.159144
0.155828
0.155025
0.160350
0.161165
0.140497
0.114397
0.164748
0.159603
0.138098
0.161333
0.167775
0.173881
0.166669
0.161977
0.160131
0.166245
0.153721
0.158120
0.159874
0.158985
0.143820
0.155078
0.152792
0.162899
0.157775
0.157420
0.165930
0.162503
0.161320
0.160737
0.160839
0.151784
0.157732
0.160000
0.161244
0.157594
0.152118
0.132170
0.135175
0.153148
0.136205
0.158110
0.153716
0.171203
0.168298
0.164457
0.162951
0.159414
0.159192
0.158531
0.158752
0.159769
0.154029
0.168921
0.157557
0.157628
0.157525
0.147382
0.165148
0.162714
0.158564
0.168002
0.164754
0.160009
0.171533
0.166207
0.162320
0.159023
0.157661
0.154208
0.171291
0.165542
0.160853
0.159897
0.161102
0.161565
0.160720
0.157456
0.147897
0.159268
0.159305
0.152921
0.171088
0.171194
0.167196
0.157481
0.170363
0.168346
0.159537
0.170327
0.165206
0.164036
0.160756
0.160361
0.160692
0.159169
0.151197
0.174815
0.165856
0.181060
0.178090
0.179692
0.168613
0.178869
0.181026
0.177824
0.179889
0.179500
0.184571
0.172267
0.152184
0.160777
0.160047
0.159400
0.116033
0.138585
0.168977
0.166222
0.163610
0.163030
0.157938
0.177668
0.161168
0.152716
0.177641
0.173285
0.172808
0.177610
0.177042
0.172590
0.177751
0.163379
0.157539
0.150763
0.179040
0.181756
0.153296
0.153914
0.156328
0.150904
0.137850
0.150945
0.155484
0.136577
0.155741
0.155148
0.157232
0.156743
0.157712
0.155954
0.315591
0.350426
0.354088
0.371053
0.355669
0.157917
0.136443
0.149493
0.154801
0.155613
0.155187
0.143661
0.154471
0.155211
0.135166
0.154339
0.137596
0.134400
0.154491
0.152441
0.159466
0.149869
0.169638
0.161458
0.160490
0.157636
0.158556
0.161344
0.158333
0.157675
0.159983
0.146934
0.132212
0.134998
0.157194
0.155360
0.155102
0.154966
0.164126
0.162620
0.155235
0.155252
0.155486
0.155347
0.139596
0.154197
0.153966
0.137573
0.151835
0.156404
0.135060
0.149234
0.153305
0.155653
0.166730
0.166643
0.163143
0.159064
0.158839
0.161396
0.186381
0.181947
0.182257
0.179937
0.181418
0.146530
0.154033
0.135354
0.156034
0.127994
0.147002
0.161035
0.159821
0.161695
0.159924
0.163393
0.162514
0.161817
0.116449
0.171928
0.153320
0.156332
0.155854
0.156794
0.166557
0.172529
0.165860
0.176301
0.173691
0.168009
0.158592
0.153637
0.156211
0.156361
0.155163
0.156820
0.145754
0.179983
0.182932
0.180938
0.179381
0.168582
0.177498
0.183242
0.177595
0.178045
0.177919
0.183585
0.165637
0.134935
0.155777
0.159155
0.160158
0.140241
0.160195
0.142744
0.147093
0.173320
0.170803
0.169261
0.163857
0.159285
0.142555
0.155744
0.159234
0.155748
0.167065
0.167535
0.165525
0.173691
0.174146
0.167785
0.161497
0.165372
0.144896
0.135392
0.129333
0.156066
0.162129
0.160823
0.153006
0.156547
0.170907
0.167730
0.156420
0.176869
0.173515
0.158525
0.156590
0.158915
0.159634
0.161608
0.155401
0.159128
0.160622
0.156929
0.155557
0.156954
0.157764
0.141328
0.152795
0.158619
0.138160
0.158153
0.156877
0.156716
0.155562
0.157643
0.143495
0.164062
0.159521
0.166165
0.183108
0.180330
0.181576
0.155314
0.133728
0.140009
0.153926
0.156988
0.156625
0.134137
0.156009
0.147866
0.155094
0.158382
0.163813
0.165175
0.162704
0.157372
0.166070
0.177865
0.175001
0.172381
0.168871
0.166539
0.160466
0.153546
0.174576
0.174580
0.177655
0.174448
0.176193
0.171218
0.178626
0.172884
0.164678
0.163339
0.157960
0.125083
0.135166
0.156556
0.156113
0.149872
0.151156
0.163836
0.173343
0.171762
0.165579
0.163143
0.168427
0.163288
0.159647
0.145452
0.173291
0.170944
0.162458
0.154426
0.152356
0.154283
0.156265
0.154230
0.156617
0.158305
0.148597
0.154015
0.156910
0.116131
0.156845
0.157473
0.158043
0.160627
0.158779
0.160251
0.162394
0.153320
0.144848
0.181669
0.182268
0.146805
0.153662
0.157274
0.161568
0.158788
0.153253
0.134338
0.134804
0.140837
0.160989
0.168112
0.164342
0.161747
0.161376
0.159370
0.140452
0.150138
0.172624
0.178578
0.175397
0.168360
0.164086
0.162634
0.156946
0.164503
0.173401
0.165908
0.162473
0.158144
0.141598
0.153961
0.158752
0.155018
0.157448
0.154354
0.174542
0.166550
0.157531
0.177299
0.175441
0.169150
0.162909
0.176206
0.173018
0.171930
0.168851
0.165245
0.165398
0.162818
0.162247
0.162637
0.162478
0.155856
0.164422
0.183668
0.171620
0.166544
0.163136
0.171569
0.170078
0.163792
0.181051
0.182353
0.174769
0.174577
0.170931
0.165184
0.149088
0.168643
0.159996
0.147285
0.160258
0.148917
0.179845
0.175961
0.173075
0.167001
0.173728
0.170655
0.178062
0.174258
0.169911
0.166538
0.163622
0.160803
0.167849
0.168850
0.165355
0.159236
0.172808
0.176930
0.153947
0.154883
0.163165
0.163210
0.160478
0.162185
0.161220
0.165364
0.164258
0.166660
0.165294
0.141040
0.160351
0.159430
0.160794
0.139534
0.128548
0.159786
0.156185
0.171438
0.168222
0.165195
0.161756
0.157421
0.156014
0.156537
0.136781
0.179242
0.181786
0.181253
0.181723
0.178583
0.184587
0.150735
0.130002
0.117173
0.177582
0.173443
0.169857
0.162220
0.161593
0.161070
0.161258
0.160828
0.161308
0.146495
0.171396
0.181034
0.178039
0.177239
0.177120
0.179398
0.137002
0.141183
0.120928
0.174718
0.169572
0.165966
0.164804
0.160444
0.162730
0.161359
0.160316
0.155773
0.177760
0.181054
0.183364
0.146824
0.120225
0.132976
0.167948
0.163278
0.158091
0.179799
0.154117
0.159709
0.160208
0.158860
0.158788
0.164217
0.120198
0.132505
0.164921
0.161603
0.162001
0.161165
0.157342
0.158388
0.174574
0.173993
0.173655
0.164935
0.178315
0.151927
0.155365
0.163435
0.159368
0.159833
0.137101
0.155531
0.158410
0.157685
0.158144
0.157114
0.159390
0.159184
0.141933
0.154167
0.157953
0.160437
0.159369
0.128200
0.161773
0.159803
0.158740
0.173331
0.165862
0.170507
0.166180
0.173115
0.163221
0.163855
0.164768
0.162037
0.164285
0.165211
0.167131
0.168911
0.168828
0.159126
0.187325
0.180403
0.182276
0.181780
0.177601
0.182310
0.178181
0.172887
0.171376
0.160558
0.175307
0.174467
0.157586
0.153998
0.160934
0.158677
0.148216
0.145418
0.176456
0.171241
0.169002
0.174248
0.173488
0.168407
0.164426
0.160891
0.160455
0.166185
0.165811
0.163876
0.162489
0.161669
0.161097
0.160650
0.166058
0.177735
0.153885
0.157702
0.140085
0.138933
0.155229
0.160896
0.160722
0.157580
0.161225
0.137958
0.158735
0.138921
0.159437
0.153052
0.166837
0.168403
0.168274
0.171775
0.165145
0.177337
0.179514
0.184291
0.179494
0.184085
0.165329
0.142905
0.154497
0.159290
0.158566
0.160011
0.160806
0.160710
0.160043
0.149636
0.155413
0.150297
0.157820
0.142918
0.167065
0.159892
0.173406
0.180946
0.179570
0.181227
0.177158
0.173169
0.183378
0.184347
0.182344
0.183934
0.177852
0.180684
0.177006
0.181235
0.177415
0.182432
0.182965
0.180917
0.182480
0.183584
0.172159
0.173300
0.167349
0.162984
0.173700
0.169766
0.166397
0.159298
0.157642
0.157939
0.158247
0.158330
0.158662
0.147777
0.168435
0.166624
0.164884
0.161614
0.159276
0.170969
0.168418
0.166115
0.162819
0.161250
0.160617
0.167372
0.158700
0.159675
0.157025
0.158459
0.158664
0.157554
0.157396
0.157643
0.159006
0.159741
0.157547
0.159614
0.158581
0.159496
0.158474
0.157974
0.157372
0.156155
0.156712
0.158290
0.157501
0.158269
0.157877
0.137866
0.157642
0.156339
0.158494
0.158089
0.157985
0.160402
0.157927
0.157984
0.159786
0.157418
0.161153
0.159891
0.158612
0.157497
0.158673
0.159346
0.157221
0.157790
0.158003
0.139686
0.157432
0.157648
0.157836
0.156052
0.157518
0.157766
0.158006
0.157904
0.158191
0.152979
0.158879
0.158215
0.159085
0.159274
0.158566
0.160303
0.159553
0.158002
0.157455
0.159599
0.159344
0.158094
0.159497
0.158295
0.137270
0.159262
0.139139
0.159322
0.159411
0.158051
0.142956
0.160303
0.160659
0.158616
0.161574
0.158715
0.156458
0.155433
0.157465
0.154331
0.157115
0.158414
0.157897
0.158276
0.157607
0.156798
0.156707
0.158998
0.136400
0.157723
0.150142
0.164363
0.164081
0.158533
0.157131
0.171843
0.166408
0.163586
0.156792
0.157333
0.156928
0.157446
0.157706
0.158289
0.158824
0.157266
0.156742
0.154758
0.157304
0.157333
0.157840
0.156873
0.158019
0.136296
0.157357
0.157741
0.156000
0.157253
0.157222
0.154415
0.158400
0.158501
0.162926
0.163153
0.161965
0.159588
0.159164
0.159516
0.158827
0.161651
0.158816
0.159650
0.171040
0.167442
0.165838
0.162242
0.159938
0.161691
0.162596
0.161145
0.164037
0.157743
0.155838
0.157868
0.158036
0.157815
0.158043
0.158898
0.169037
0.166146
0.163933
0.162207
0.161989
0.160856
0.163175
0.159373
0.162355
0.158910
0.159992
0.159713
0.160038
0.160610
0.160977
0.161913
0.158089
0.159007
0.169648
0.168242
0.163330
0.160170
0.161647
0.158314
0.157284
0.157709
0.157505
0.158816
0.156972
0.160275
0.159000
0.158162
0.139745
0.156927
0.158035
0.151356
0.166494
0.163692
0.161185
0.158417
0.159519
0.157421
0.159560
0.158056
0.157247
0.158243
0.158434
0.157783
0.157566
0.158745
0.156947
0.158485
0.158709
0.157460
0.156707
0.157036
0.166246
0.157474
0.157186
0.156609
0.155265
0.158668
0.158406
0.157781
0.155058
0.157235
0.157424
0.158522
0.157824
0.157861
0.157128
0.158770
0.159425
0.159265
0.157600
0.157993
0.162153
0.159136
0.157908
0.157831
0.156809
0.159210
0.156179
0.139642
0.157252
0.159056
0.158068
0.158164
0.154838
0.157753
0.157903
0.158860
0.159882
0.157294
0.138584
0.158920
0.157201
0.136049
0.158313
0.156134
0.143106
0.166110
0.160175
0.157355
0.161097
0.158035
0.159201
0.159676
0.159035
0.159193
0.158597
0.160160
0.155296
0.160715
0.160114
0.157987
0.159299
0.159056
0.157186
0.155843
0.157083
0.158059
0.157598
0.160160
0.158349
0.158755
0.157605
0.157279
0.160933
0.159161
0.158332
0.157520
0.155767
0.157476
0.157219
0.158707
0.159466
0.158392
0.158479
0.157879
0.158355
0.159664
0.156976
0.158879
0.157609
0.158078
0.155987
0.157424
0.158036
0.158040
0.160156
0.157215
0.157325
0.158266
0.158451
0.159636
0.162342
0.155255
0.138553
0.158340
0.157897
0.161068
0.158375
0.157871
0.158562
0.141481
0.159270
0.158314
0.158017
0.156695
0.159783
0.158229
0.157856
0.157436
0.159407
0.158269
0.157540
0.158903
0.159009
0.157980
0.157377
0.159290
0.158492
0.158278
0.156972
0.158439
0.159984
0.157986
0.137623
0.156179
0.159176
0.157231
0.156034
0.156477
0.158547
0.158431
0.158238
0.158166
0.159800
0.159663
0.158323
0.159932
0.159736
0.136675
0.157979
0.157961
0.138613
0.160160
0.157202
0.158125
0.156679
0.159535
0.149009
0.164942
0.160726
0.171696
0.166049
0.161893
0.158405
0.160062
0.158400
0.159133
0.158091
0.158506
0.154396
0.167605
0.160532
0.159370
0.158086
0.159791
0.158502
0.159699
0.157389
0.158501
0.158261
0.159530
0.157761
0.156606
0.159810
0.159487
0.159430
0.159036
0.157885
0.159985
0.158732
0.157827
0.158040
0.159144
0.156861
0.160145
0.157593
0.157526
0.156144
0.157742
0.158598
0.159321
0.159523
0.157954
0.158276
0.164123
0.159182
0.159431
0.157212
0.137468
0.158509
0.159109
0.158552
0.158987
0.159839
0.159867
0.157653
0.157894
0.158636
0.158763
0.158853
0.157010
0.159264
0.159144
0.157035
0.157794
0.158718
0.158171
0.160877
0.158803
0.162695
0.161624
0.166593
0.162631
0.159597
0.158961
0.156816
0.157498
0.158385
0.158647
0.157199
0.158432
0.138512
0.159540
0.159810
0.157409
0.158694
0.159424
0.159605
0.159401
0.159513
0.158030
0.158470
0.159810
0.158839
0.158139
0.158365
0.157949
0.158089
0.157768
0.160800
0.159399
0.158754
0.159414
0.158819
0.159736
0.157097
0.157348
0.158009
0.158278
0.158020
0.163483
0.160262
0.164788
0.162099
0.159955
0.157733
0.149756
0.159053
0.158044
0.158233
0.159331
0.157653
0.159812
0.158783
0.161893
0.158404
0.157049
0.178467
0.177103
0.173757
0.171099
0.164357
0.162823
0.158857
0.159005
0.157854
0.138009
0.167536
0.135130
0.159820
0.159886
0.158883
0.160113
0.161239
0.161648
0.161323
0.161036
0.161852
0.161201
0.161006
0.159056
0.162181
0.157202
0.172093
0.169516
0.161751
0.078646
0.079392
0.076359
0.074817
0.075469
0.075016
0.079179
0.080389
0.078851
0.080186
0.078258
0.080797
0.080202
0.081017
0.079253
0.082741
0.092396
0.081550
0.077882
0.078004
0.078735
0.079152
0.078232
0.078893
0.077767
0.077339
0.096186
0.089777
0.094374
0.160727
0.121843
0.123470
0.168414
0.162537
0.172029
0.196423
0.153034
0.149829
0.161487
0.157450
0.118505
0.145363
0.154034
0.160231
0.161207
0.177044
0.182659
0.147595
0.115150
0.133671
0.159676
0.158644
0.172432
0.172908
0.167615
0.164485
0.172920
0.178792
0.138653
0.134914
0.149529
0.158729
0.158291
0.158832
0.158774
0.158846
0.160698
0.156817
0.153040
0.146925
0.182686
0.178979
0.140588
0.111189
0.143906
0.163165
0.160120
0.160166
0.167220
0.167455
0.163249
0.177043
0.184113
0.174716
0.129935
0.151682
0.147655
0.139612
0.159262
0.170090
0.181487
0.147693
0.114717
0.139011
0.153797
0.155582
0.173193
0.182290
0.116240
0.150623
0.141847
0.178546
0.175926
0.166918
0.165404
0.170481
0.160521
0.159751
0.154998
0.171707
0.183488
0.179315
0.140286
0.129754
0.147903
0.148386
0.157564
0.156995
0.157053
0.156112
0.155926
0.156177
0.158361
0.167478
0.184158
0.151239
0.129508
0.149280
0.143782
0.151568
0.154624
0.173754
0.166337
0.182874
0.182939
0.144212
0.098844
0.151955
0.181739
0.180040
0.140799
0.149501
0.155204
0.154168
0.154787
0.155319
0.154529
0.155101
0.156380
0.136119
0.155034
0.130014
0.174115
0.168733
0.164972
0.169218
0.165518
0.165080
0.161545
0.170326
0.162227
0.181040
0.181040
0.177037
0.178039
0.182040
0.131283
0.156034
0.156101
0.154034
0.155034
0.156035
0.156034
0.156034
0.137066
0.130029
0.153103
0.160036
0.160276
0.161036
0.156034
0.157035
0.156035
0.156034
0.156034
0.155550
0.143032
0.173038
0.167036
0.164037
0.157035
0.155033
0.147947
0.166037
0.158231
0.182465
0.179039
0.162548
0.161036
0.159054
0.158035
0.155094
0.156034
0.155034
0.157035
0.157035
0.137564
0.126028
0.155034
0.185041
0.182039
0.125540
0.138031
0.154034
0.156034
0.126877
0.154145
0.156035
0.156378
0.167037
0.180040
0.183040
0.149033
0.120027
0.141689
0.155034
0.155034
0.156034
0.159035
0.157409
0.172038
0.169037
0.159035
0.169245
0.167037
0.184041
0.182040
0.146033
0.095236
0.152034
0.158035
0.144031
0.137111
0.152033
0.156035
0.155034
0.157035
0.157035
0.155980
0.154870
0.156034
0.157142
0.157035
0.148032
0.154034
0.153282
0.157035
0.166037
0.165037
0.164070
0.161036
0.157035
0.157035
0.142031
0.157035
0.155071
0.170038
0.166037
0.161528
0.173039
0.168037
0.164737
0.172038
0.164878
0.168037
0.160035
0.177906
0.183041
0.184041
0.162046
0.161036
0.164037
0.137031
0.152034
0.154309
0.156034
0.135916
0.155034
0.155034
0.157035
0.157035
0.156115
0.156034
0.158035
0.157034
0.138894
0.160036
0.163036
0.165036
0.162036
0.160036
0.159035
0.158035
0.168037
0.164546
0.170038
0.174168
0.174011
0.164036
0.159035
0.159035
0.157035
0.158035
0.159181
0.157034
0.166036
0.165036
0.163036
0.157035
0.157035
0.174038
0.325103
0.326436
0.403598
0.372611
0.355232
0.176699
0.181040
0.181039
0.182040
0.182040
0.179921
0.179040
0.158035
0.153034
0.153034
0.152331
0.152033
0.151033
0.153034
0.152034
0.143032
0.130139
0.154034
0.147232
0.163036
0.168037
0.164785
0.172145
0.170068
0.165036
0.164037
0.155035
0.155035
0.156035
0.157034
0.155034
0.154034
0.156035
0.154034
0.155034
0.132028
0.153034
0.164036
0.164037
0.162113
0.162036
0.156742
0.158035
0.157670
0.157035
0.158035
0.158035
0.156510
0.171038
0.162111
0.170038
0.164826
0.172265
0.169296
0.169037
0.147032
0.163329
0.172038
0.169037
0.168167
0.162981
0.174038
0.170038
0.162177
0.160035
0.159760
0.160035
0.154034
0.167037
0.160782
0.174038
0.168037
0.171038
0.167037
0.177039
0.181040
0.175039
0.164334
0.172038
0.172038
0.167140
0.175039
0.177911
0.173916
0.181040
0.180039
0.181144
0.179023
0.178039
0.179039
0.176039
0.169536
0.164741
0.143152
0.155034
0.158035
0.157034
0.156035
0.155331
0.153034
0.134132
0.155035
0.156086
0.152034
0.149541
0.167037
0.169038
0.162637
0.173038
0.164036
0.168486
0.167119
0.164037
0.159035
0.154034
0.167331
0.174038
0.169893
0.168037
0.167037
0.161036
0.161204
0.161036
0.160035
0.160035
0.144032
0.157035
0.159231
0.161036
0.160034
0.159036
0.160035
0.160034
0.160036
0.160036
0.152034
0.161036
0.162036
0.159086
0.171038
0.165037
0.161035
0.160125
0.158365
0.160035
0.158435
0.167625
0.166486
0.175039
0.166419
0.172039
0.168037
0.161035
0.157071
0.158035
0.146622
0.166036
0.171038
0.165212
0.162718
0.161036
0.162036
0.161036
0.159035
0.141051
