867	367	410	204
449	309	290	232
883	354	260	260
888	329	298	208
914	337	250	223
905	331	271	211
849	331	275	240
464	330	258	206
804	353	265	265
451	327	266	212
800	368	273	238
460	339	256	187
784	363	259	220
476	331	239	191
754	368	287	215
567	327	332	221
613	345	364	218
640	359	377	226
524	311	293	234
598	342	350	233
583	330	230	230
532	356	308	205
547	345	252	201
574	360	302	226
498	318	170	210
591	370	253	190
464	349	147	147
249	367	118	147
468	337	106	156
264	358	103	172
467	341	120	153
651	380	155	181
423	346	193	150
642	359	200	200
386	339	230	161
604	353	221	221
426	339	148	162
618	357	183	198
402	370	191	153
624	358	196	196
376	339	197	158
617	351	177	177
393	325	178	159
585	354	199	193
369	342	197	157
566	354	177	177
389	336	177	158
560	362	192	168
396	347	160	144
538	356	174	179
402	349	142	142
543	363	163	177
369	343	171	152
539	357	162	162
369	341	144	144
532	361	166	171
367	339	169	150
522	363	183	160
357	331	172	172
505	351	172	172
420	352	112	154
457	371	176	164
385	341	136	152
432	377	115	144
380	350	116	148
514	376	105	176
362	342	137	137
519	373	89	137
378	352	127	131
492	385	84	129
393	353	104	132
418	381	76	118
404	361	95	148
398	369	95	119
478	368	143	171
383	344	125	157
457	361	175	188
373	347	145	145
461	355	175	195
374	334	148	165
456	362	179	179
384	353	180	180
446	374	181	161
400	335	137	171
452	379	154	154
405	344	154	176
437	360	166	166
421	351	133	166
446	352	149	199
384	332	138	173
464	358	155	178
385	340	133	148
510	352	126	189
368	336	155	155
535	357	124	183
392	343	151	151
548	357	135	179
383	351	156	124
558	363	140	164
400	339	152	152
546	366	153	153
375	349	153	122
554	360	157	162
376	346	160	128
562	354	165	165
380	345	165	132
589	355	148	148
381	340	170	133
571	359	151	151
379	341	152	121
561	342	156	182
373	340	193	135
535	355	186	144
382	337	164	131
584	362	147	147
390	348	132	118
557	373	125	125
398	352	100	112
257	387	60	69
351	343	65	118
401	344	117	136
589	372	101	126
425	356	102	113
313	373	70	70
393	345	94	133
236	370	63	73
343	338	54	109
386	340	140	141
594	380	113	113
436	349	90	129
370	354	79	109
412	348	125	145
238	382	87	108
356	341	115	130
532	372	80	98
406	352	119	129
246	384	81	81
361	344	81	130
404	342	137	159
214	391	84	96
361	343	72	121
415	345	125	150
241	369	78	89
368	352	74	134
426	358	100	134
386	361	75	116
398	355	126	150
227	388	89	89
365	354	80	120
418	347	113	157
272	365	86	107
378	353	129	154
371	377	141	141
208	404	92	92
354	351	74	123
429	348	128	174
295	379	97	97
406	349	130	205
212	378	106	131
373	339	119	158
498	351	138	184
362	348	90	128
441	332	172	226
188	384	112	128
374	334	96	138
472	333	147	210
386	353	86	117
494	337	135	212
375	355	83	110
468	333	128	201
386	372	79	108
477	330	93	190
398	339	76	118
481	359	95	127
374	337	88	127
490	329	135	192
357	364	79	105
458	348	117	178
331	364	82	116
424	344	130	169
216	383	97	97
66	344	78	114
0	354	10	44
0	370	10	10
0	372	10	10
0	374	10	10
0	376	10	10
0	378	10	10
0	380	10	10
0	382	10	10
0	383	10	10
0	385	10	10
0	387	10	10
0	389	10	10
0	391	10	10
0	393	10	10
0	395	10	10
0	397	10	10
0	399	10	10
0	401	10	10
0	403	10	10
0	405	10	10
0	407	10	10
0	409	10	10
0	411	10	10
0	413	10	10
0	415	10	10
0	417	10	10
0	419	10	10
0	420	10	10
0	422	10	10
0	424	10	10
0	426	10	10
0	428	10	10
0	430	10	10
0	432	10	10
0	434	10	10
0	436	10	10
0	438	10	10
0	440	10	10
0	442	10	10
0	444	10	10
0	446	10	10
0	448	10	10
0	450	10	10
0	452	10	10
0	454	10	10
0	456	10	10
0	458	10	10
0	459	10	10
0	461	10	10
0	463	10	10
0	465	10	10
0	467	10	10
0	469	10	10
0	471	10	10
0	473	10	10
0	475	10	10
0	477	10	10
0	479	10	10
0	481	10	10
0	483	10	10
0	485	10	10
0	487	10	10
0	489	10	10
0	491	10	10
0	493	10	10
0	495	10	10
0	497	10	10
0	498	10	10
0	500	10	10
0	502	10	10
0	504	10	10
0	506	10	10
0	508	10	10
0	510	10	10
0	512	10	10
0	514	10	10
0	514	10	10
0	516	10	10
0	518	10	10
0	520	10	10
0	522	10	10
0	524	10	10
0	526	10	10
0	527	10	10
0	529	10	10
0	531	10	10
0	533	10	10
0	535	10	10
0	537	10	10
0	539	10	10
0	541	10	10
0	543	10	10
0	545	10	10
0	547	10	10
0	549	10	10
0	551	10	10
0	553	10	10
0	555	10	10
0	557	10	10
0	559	10	10
0	561	10	10
0	563	10	10
0	565	10	10
0	566	10	10
0	568	10	10
0	568	10	10
0	570	10	10
0	572	10	10
0	574	10	10
0	576	10	10
0	578	10	10
0	580	10	10
0	582	10	10
0	584	10	10
0	586	10	10
0	588	10	10
0	590	10	10
0	591	10	10
0	593	10	10
0	595	10	10
0	597	10	10
0	599	10	10
0	601	10	10
0	603	10	10
0	605	10	10
0	607	10	10
0	609	10	10
0	611	10	10
0	613	10	10
0	615	10	10
0	617	10	10
0	619	10	10
0	621	10	10
0	622	10	10
0	624	10	10
0	626	10	10
0	628	10	10
0	630	10	10
0	632	10	10
0	636	10	10
0	639	10	10
0	641	10	10
0	643	10	10
0	645	10	10
0	647	10	10
0	649	10	10
0	651	10	10
0	654	10	10
0	656	10	10
0	655	10	10
0	657	10	10
0	659	10	10
0	661	10	10
0	663	10	10
0	665	10	10
0	666	10	10
0	668	10	10
0	670	10	10
0	670	10	10
0	670	10	10
0	669	10	10
0	671	10	10
0	673	10	10
0	675	10	10
0	677	10	10
0	679	10	10
0	679	10	10
0	679	10	10
0	681	10	10
0	682	10	10
0	684	10	10
0	686	10	10
0	688	10	10
0	690	10	10
0	692	10	10
0	694	10	10
0	696	10	10
0	698	10	10
0	699	10	10
0	701	10	10
0	703	10	10
0	705	10	10
0	707	10	10
0	707	10	10
0	707	10	10
0	706	10	10
0	706	10	10
0	706	10	10
0	706	10	10
0	708	10	10
0	707	10	10
0	707	10	10
0	707	10	10
0	707	10	10
0	707	10	10
0	706	10	10
0	706	10	10
0	706	10	10
0	705	10	10
0	705	10	10
0	705	10	10
0	707	10	10
0	706	10	10
0	706	10	10
0	706	10	10
0	705	10	10
0	707	10	10
0	709	10	10
0	709	10	10
0	709	10	10
0	709	10	10
0	709	10	10
0	710	10	10
0	709	10	10
0	710	10	10
0	710	10	10
0	709	10	10
0	710	10	10
0	710	10	10
0	709	10	10
0	710	10	10
0	710	10	10
0	710	10	10
0	710	10	10
0	710	10	10
0	710	10	10
0	710	10	10
0	710	10	10
0	710	10	10
0	710	10	10
0	710	10	10
0	710	10	10
0	710	10	10
0	710	10	10
0	710	10	10
0	710	10	10
0	710	10	10
0	710	10	10
0	710	10	10
0	710	10	10
0	710	10	10
0	710	10	10
0	710	10	10
0	710	10	10
0	710	10	10
0	710	10	10
0	710	10	10
0	710	10	10
0	710	10	10
0	710	10	10
0	710	10	10
0	710	10	10
0	710	10	10
0	710	10	10
0	710	10	10
0	710	10	10
0	710	10	10
0	710	10	10
0	710	10	10
0	710	10	10
0	710	10	10
0	710	10	10
0	710	10	10
0	710	10	10
0	710	10	10
0	710	10	10
0	710	10	10
0	710	10	10
0	710	10	10
0	710	10	10
0	710	10	10
0	710	10	10
0	710	10	10
0	710	10	10
0	710	10	10
0	710	10	10
0	710	10	10
0	710	10	10
0	710	10	10
0	710	10	10
0	710	10	10
0	710	10	10
0	710	10	10
0	710	10	10
0	710	10	10
0	710	10	10
0	710	10	10
0	710	10	10
0	710	10	10
0	710	10	10
0	710	10	10
0	710	10	10
0	710	10	10
0	710	10	10
0	710	10	10
0	710	10	10
0	710	10	10
0	710	10	10
0	710	10	10
0	710	10	10
0	710	10	10
0	710	10	10
0	710	10	10
0	710	10	10
0	710	10	10
0	710	10	10
0	710	10	10
0	710	10	10
0	710	10	10
0	710	10	10
0	710	10	10
0	710	10	10
0	710	10	10
0	710	10	10
0	710	10	10
0	710	10	10
0	710	10	10
0	710	10	10
0	710	10	10
0	710	10	10
0	710	10	10
0	710	10	10
0	710	10	10
0	710	10	10
0	710	10	10
0	710	10	10
0	710	10	10
0	710	10	10
0	710	10	10
0	710	10	10
0	710	10	10
0	710	10	10
0	710	10	10
0	710	10	10
0	710	10	10
0	710	10	10
0	710	10	10
0	710	10	10
0	710	10	10
0	710	10	10
0	710	10	10
0	710	10	10
0	710	10	10
0	710	10	10
0	710	10	10
0	710	10	10
0	710	10	10
0	710	10	10
0	710	10	10
0	710	10	10
0	710	10	10
0	710	10	10
0	710	10	10
0	710	10	10
0	710	10	10
0	710	10	10
0	710	10	10
0	710	10	10
0	710	10	10
0	710	10	10
0	710	10	10
0	710	10	10
0	710	10	10
0	710	10	10
0	710	10	10
0	710	10	10
0	710	10	10
0	710	10	10
0	710	10	10
0	710	10	10
0	710	10	10
0	710	10	10
0	710	10	10
0	710	10	10
0	710	10	10
0	710	10	10
0	710	10	10
0	710	10	10
0	710	10	10
0	710	10	10
0	710	10	10
0	710	10	10
0	710	10	10
0	710	10	10
0	710	10	10
0	710	10	10
0	710	10	10
0	710	10	10
0	709	10	10
0	710	10	10
0	710	10	10
0	710	10	10
0	710	10	10
0	710	10	10
0	710	10	10
0	710	10	10
0	710	10	10
0	710	10	10
0	710	10	10
0	710	10	10
0	710	10	10
0	709	10	10
0	710	10	10
0	710	10	10
0	710	10	10
0	710	10	10
0	710	10	10
0	710	10	10
0	710	10	10
0	710	10	10
0	710	10	10
0	710	10	10
0	710	10	10
0	710	10	10
0	710	10	10
0	709	10	10
0	710	10	10
0	710	10	10
0	710	10	10
0	710	10	10
0	710	10	10
0	710	10	10
0	710	10	10
0	710	10	10
0	710	10	10
0	710	10	10
0	710	10	10
0	710	10	10
0	710	10	10
0	710	10	10
0	710	10	10
0	710	10	10
0	710	10	10
0	710	10	10
0	710	10	10
0	710	10	10
0	710	10	10
0	710	10	10
0	710	10	10
0	710	10	10
0	710	10	10
0	710	10	10
0	710	10	10
0	710	10	10
0	710	10	10
0	710	10	10
0	710	10	10
0	710	10	10
0	710	10	10
0	710	10	10
0	710	10	10
0	710	10	10
0	710	10	10
0	710	10	10
0	710	10	10
0	710	10	10
0	710	10	10
0	710	10	10
0	710	10	10
0	710	10	10
0	710	10	10
0	710	10	10
0	710	10	10
0	710	10	10
0	710	10	10
0	710	10	10
0	710	10	10
0	710	10	10
0	710	10	10
0	710	10	10
0	710	10	10
0	710	10	10
0	710	10	10
0	710	10	10
0	710	10	10
0	710	10	10
0	710	10	10
0	710	10	10
0	710	10	10
0	710	10	10
0	710	10	10
0	710	10	10
0	710	10	10
0	710	10	10
0	710	10	10
0	710	10	10
0	710	10	10
0	710	10	10
0	710	10	10
0	710	10	10
0	710	10	10
0	710	10	10
0	710	10	10
0	710	10	10
0	710	10	10
0	710	10	10
0	710	10	10
0	710	10	10
0	710	10	10
0	710	10	10
0	710	10	10
0	710	10	10
0	710	10	10
0	710	10	10
0	710	10	10
0	710	10	10
0	710	10	10
0	710	10	10
0	710	10	10
0	710	10	10
0	710	10	10
0	710	10	10
0	710	10	10
0	709	10	10
0	710	10	10
0	710	10	10
0	710	10	10
0	710	10	10
0	709	10	10
0	710	10	10
0	710	10	10
0	710	10	10
0	710	10	10
0	710	10	10
0	710	10	10
0	710	10	10
0	710	10	10
0	710	10	10
0	710	10	10
0	710	10	10
0	710	10	10
0	710	10	10
0	710	10	10
0	710	10	10
0	710	10	10
0	709	10	10
0	710	10	10
0	710	10	10
0	710	10	10
0	710	10	10
0	709	10	10
0	709	10	10
0	709	10	10
0	709	10	10
0	710	10	10
0	710	10	10
0	710	10	10
0	710	10	10
0	710	10	10
0	710	10	10
0	710	10	10
0	710	10	10
0	710	10	10
0	710	10	10
0	710	10	10
0	710	10	10
0	710	10	10
0	710	10	10
0	710	10	10
0	710	10	10
0	710	10	10
0	710	10	10
0	710	10	10
0	710	10	10
0	710	10	10
0	710	10	10
0	710	10	10
0	710	10	10
0	710	10	10
0	710	10	10
0	710	10	10
0	710	10	10
0	710	10	10
0	710	10	10
0	710	10	10
0	710	10	10
0	710	10	10
0	710	10	10
0	710	10	10
0	710	10	10
0	710	10	10
0	710	10	10
0	710	10	10
0	710	10	10
0	710	10	10
0	710	10	10
0	710	10	10
0	710	10	10
0	710	10	10
0	710	10	10
0	710	10	10
0	710	10	10
0	710	10	10
0	710	10	10
0	710	10	10
0	710	10	10
0	710	10	10
0	710	10	10
0	710	10	10
0	710	10	10
0	710	10	10
0	710	10	10
0	710	10	10
0	710	10	10
0	710	10	10
0	710	10	10
0	710	10	10
0	710	10	10
0	710	10	10
0	710	10	10
0	710	10	10
0	710	10	10
0	710	10	10
0	710	10	10
0	710	10	10
0	710	10	10
0	710	10	10
0	710	10	10
0	710	10	10
0	710	10	10
0	710	10	10
0	710	10	10
0	710	10	10
0	710	10	10
0	710	10	10
0	710	10	10
0	710	10	10
0	710	10	10
0	710	10	10
0	710	10	10
0	710	10	10
0	710	10	10
0	710	10	10
0	710	10	10
0	710	10	10
0	710	10	10
0	710	10	10
0	710	10	10
0	710	10	10
0	710	10	10
0	710	10	10
0	710	10	10
0	710	10	10
0	710	10	10
0	710	10	10
0	710	10	10
0	710	10	10
0	710	10	10
0	710	10	10
0	710	10	10
0	710	10	10
0	710	10	10
0	710	10	10
0	710	10	10
0	710	10	10
0	710	10	10
0	710	10	10
0	710	10	10
0	710	10	10
0	710	10	10
0	710	10	10
0	710	10	10
0	710	10	10
0	710	10	10
0	710	10	10
0	710	10	10
0	710	10	10
0	710	10	10
0	710	10	10
0	710	10	10
0	710	10	10
0	710	10	10
0	710	10	10
0	710	10	10
0	710	10	10
0	710	10	10
0	710	10	10
0	710	10	10
0	710	10	10
0	710	10	10
0	710	10	10
0	710	10	10
0	710	10	10
0	710	10	10
0	709	10	10
0	710	10	10
0	710	10	10
0	710	10	10
0	710	10	10
0	710	10	10
0	710	10	10
0	710	10	10
0	710	10	10
0	710	10	10
0	710	10	10
0	710	10	10
0	710	10	10
0	710	10	10
0	710	10	10
0	710	10	10
0	710	10	10
0	710	10	10
0	709	10	10
0	710	10	10
0	710	10	10
0	710	10	10
0	710	10	10
0	710	10	10
0	710	10	10
0	710	10	10
0	709	10	10
0	710	10	10
0	710	10	10
0	710	10	10
0	710	10	10
0	710	10	10
0	710	10	10
0	710	10	10
0	710	10	10
0	710	10	10
0	710	10	10
0	710	10	10
0	710	10	10
0	710	10	10
0	710	10	10
0	710	10	10
0	710	10	10
0	710	10	10
0	710	10	10
0	710	10	10
0	710	10	10
0	710	10	10
0	710	10	10
0	710	10	10
0	710	10	10
0	710	10	10
0	710	10	10
0	710	10	10
0	710	10	10
0	710	10	10
0	710	10	10
0	710	10	10
0	710	10	10
0	709	10	10
0	709	10	10
0	709	10	10
0	709	10	10
0	708	10	10
0	708	10	10
0	708	10	10
0	709	10	10
0	709	10	10
0	710	10	10
0	710	10	10
0	710	10	10
0	710	10	10
0	710	10	10
0	710	10	10
0	710	10	10
0	710	10	10
0	710	10	10
0	710	10	10
0	710	10	10
0	710	10	10
0	710	10	10
0	710	10	10
0	710	10	10
0	710	10	10
0	710	10	10
0	710	10	10
0	710	10	10
0	710	10	10
0	710	10	10
0	710	10	10
0	710	10	10
0	710	10	10
0	710	10	10
0	710	10	10
0	710	10	10
0	710	10	10
0	710	10	10
0	710	10	10
0	710	10	10
0	710	10	10
0	710	10	10
0	710	10	10
0	710	10	10
0	710	10	10
0	710	10	10
0	710	10	10
0	710	10	10
0	710	10	10
0	710	10	10
0	710	10	10
0	710	10	10
0	710	10	10
0	710	10	10
0	710	10	10
0	710	10	10
0	710	10	10
0	710	10	10
0	710	10	10
0	710	10	10
0	710	10	10
0	710	10	10
0	710	10	10
0	710	10	10
0	710	10	10
0	710	10	10
0	710	10	10
0	710	10	10
0	710	10	10
0	710	10	10
0	710	10	10
0	710	10	10
0	710	10	10
0	710	10	10
0	710	10	10
0	710	10	10
0	710	10	10
0	710	10	10
0	710	10	10
0	710	10	10
0	709	10	10
0	709	10	10
0	709	10	10
0	710	10	10
0	710	10	10
0	709	10	10
0	709	10	10
0	709	10	10
0	709	10	10
0	709	10	10
0	709	10	10
0	710	10	10
0	709	10	10
0	710	10	10
0	710	10	10
0	709	10	10
0	710	10	10
0	709	10	10
0	710	10	10
0	709	10	10
0	709	10	10
0	710	10	10
0	710	10	10
0	710	10	10
0	710	10	10
0	710	10	10
0	710	10	10
0	710	10	10
0	710	10	10
0	709	10	10
0	710	10	10
0	709	10	10
0	710	10	10
0	710	10	10
0	710	10	10
0	710	10	10
0	710	10	10
0	710	10	10
0	709	10	10
0	710	10	10
0	710	10	10
0	710	10	10
0	710	10	10
0	710	10	10
0	710	10	10
0	709	10	10
0	710	10	10
0	710	10	10
0	710	10	10
0	709	10	10
0	710	10	10
0	710	10	10
0	710	10	10
0	710	10	10
0	709	10	10
0	710	10	10
0	710	10	10
0	710	10	10
0	710	10	10
0	710	10	10
0	710	10	10
0	710	10	10
0	710	10	10
0	710	10	10
0	710	10	10
0	710	10	10
0	710	10	10
0	710	10	10
0	710	10	10
0	710	10	10
0	710	10	10
0	710	10	10
0	710	10	10
0	710	10	10
0	710	10	10
0	710	10	10
0	710	10	10
0	710	10	10
0	710	10	10
0	710	10	10
0	710	10	10
0	710	10	10
0	710	10	10
0	710	10	10
0	710	10	10
0	710	10	10
0	710	10	10
0	710	10	10
0	710	10	10
0	710	10	10
0	710	10	10
0	710	10	10
0	710	10	10
0	710	10	10
0	710	10	10
0	710	10	10
0	710	10	10
0	710	10	10
0	710	10	10
0	710	10	10
0	709	10	10
0	710	10	10
0	710	10	10
0	710	10	10
0	710	10	10
0	709	10	10
0	710	10	10
0	710	10	10
0	710	10	10
0	710	10	10
0	710	10	10
0	710	10	10
0	710	10	10
0	710	10	10
0	709	10	10
0	710	10	10
0	710	10	10
0	710	10	10
0	710	10	10
0	710	10	10
0	710	10	10
0	710	10	10
0	710	10	10
0	710	10	10
0	710	10	10
0	710	10	10
0	710	10	10
0	710	10	10
0	710	10	10
0	710	10	10
0	710	10	10
0	710	10	10
0	710	10	10
0	710	10	10
0	710	10	10
0	710	10	10
0	710	10	10
0	710	10	10
0	710	10	10
0	710	10	10
0	710	10	10
0	710	10	10
0	710	10	10
0	710	10	10
0	710	10	10
0	710	10	10
0	710	10	10
0	710	10	10
0	710	10	10
0	710	10	10
0	710	10	10
0	710	10	10
0	710	10	10
0	710	10	10
0	710	10	10
0	710	10	10
0	710	10	10
0	710	10	10
0	710	10	10
0	710	10	10
0	710	10	10
0	710	10	10
0	710	10	10
0	710	10	10
0	710	10	10
0	710	10	10
0	710	10	10
0	710	10	10
0	710	10	10
0	710	10	10
0	710	10	10
0	710	10	10
0	710	10	10
0	710	10	10
0	710	10	10
0	710	10	10
0	710	10	10
0	710	10	10
0	710	10	10
0	710	10	10
0	710	10	10
0	710	10	10
0	710	10	10
0	710	10	10
0	710	10	10
0	710	10	10
0	710	10	10
0	710	10	10
0	710	10	10
0	710	10	10
0	710	10	10
0	710	10	10
0	710	10	10
0	710	10	10
0	710	10	10
0	710	10	10
0	710	10	10
0	710	10	10
0	710	10	10
0	710	10	10
0	710	10	10
0	710	10	10
0	710	10	10
0	710	10	10
0	710	10	10
0	710	10	10
0	710	10	10
0	710	10	10
0	710	10	10
0	710	10	10
0	710	10	10
0	710	10	10
0	710	10	10
0	710	10	10
0	710	10	10
0	710	10	10
0	710	10	10
0	710	10	10
0	710	10	10
0	710	10	10
0	710	10	10
0	710	10	10
0	710	10	10
0	710	10	10
0	710	10	10
0	710	10	10
0	710	10	10
0	710	10	10
0	710	10	10
0	710	10	10
0	710	10	10
0	710	10	10
0	710	10	10
0	709	10	10
0	709	10	10
0	709	10	10
0	710	10	10
0	710	10	10
0	710	10	10
0	710	10	10
0	710	10	10
0	710	10	10
0	710	10	10
0	710	10	10
0	710	10	10
0	710	10	10
0	710	10	10
0	710	10	10
0	710	10	10
0	710	10	10
0	710	10	10
0	710	10	10
0	710	10	10
0	710	10	10
0	710	10	10
0	710	10	10
0	710	10	10
0	710	10	10
0	710	10	10
0	709	10	10
0	710	10	10
0	710	10	10
0	710	10	10
0	710	10	10
0	710	10	10
0	710	10	10
0	709	10	10
0	710	10	10
0	710	10	10
0	709	10	10
0	710	10	10
0	710	10	10
0	710	10	10
0	710	10	10
0	710	10	10
0	710	10	10
0	710	10	10
0	710	10	10
0	710	10	10
0	709	10	10
0	710	10	10
0	710	10	10
0	710	10	10
0	710	10	10
0	710	10	10
0	710	10	10
0	710	10	10
0	710	10	10
0	710	10	10
0	710	10	10
0	710	10	10
0	710	10	10
0	710	10	10
0	710	10	10
0	710	10	10
0	710	10	10
0	710	10	10
0	710	10	10
0	710	10	10
0	710	10	10
0	709	10	10
0	709	10	10
0	709	10	10
0	710	10	10
0	709	10	10
0	710	10	10
0	710	10	10
0	710	10	10
0	710	10	10
0	710	10	10
0	710	10	10
0	710	10	10
0	710	10	10
0	710	10	10
0	710	10	10
0	710	10	10
0	710	10	10
0	710	10	10
0	709	10	10
0	710	10	10
0	710	10	10
0	710	10	10
0	710	10	10
0	710	10	10
0	710	10	10
0	710	10	10
0	710	10	10
0	710	10	10
0	710	10	10
0	710	10	10
0	709	10	10
0	710	10	10
0	710	10	10
0	710	10	10
0	710	10	10
0	710	10	10
0	709	10	10
0	710	10	10
0	710	10	10
0	710	10	10
0	710	10	10
0	710	10	10
0	709	10	10
0	710	10	10
0	710	10	10
0	710	10	10
0	710	10	10
0	710	10	10
0	710	10	10
0	710	10	10
0	710	10	10
0	710	10	10
0	710	10	10
0	710	10	10
0	710	10	10
0	710	10	10
0	710	10	10
0	710	10	10
0	710	10	10
0	710	10	10
0	710	10	10
0	710	10	10
0	710	10	10
0	710	10	10
0	710	10	10
0	710	10	10
0	710	10	10
0	710	10	10
0	710	10	10
0	710	10	10
0	710	10	10
0	710	10	10
0	710	10	10
0	710	10	10
0	710	10	10
0	710	10	10
0	710	10	10
0	710	10	10
0	710	10	10
0	710	10	10
0	710	10	10
0	710	10	10
0	710	10	10
0	710	10	10
0	710	10	10
0	710	10	10
0	710	10	10
0	710	10	10
0	710	10	10
0	710	10	10
0	710	10	10
0	710	10	10
0	710	10	10
0	710	10	10
0	710	10	10
0	710	10	10
0	710	10	10
0	710	10	10
0	710	10	10
0	710	10	10
0	710	10	10
0	710	10	10
0	710	10	10
0	710	10	10
0	710	10	10
0	710	10	10
0	710	10	10
0	710	10	10
0	710	10	10
0	710	10	10
0	710	10	10
0	710	10	10
0	710	10	10
0	710	10	10
0	710	10	10
0	710	10	10
0	710	10	10
0	710	10	10
0	710	10	10
0	710	10	10
0	710	10	10
0	710	10	10
0	710	10	10
0	710	10	10
0	710	10	10
0	710	10	10
0	710	10	10
0	710	10	10
0	710	10	10
0	710	10	10
0	710	10	10
0	710	10	10
0	710	10	10
0	710	10	10
0	710	10	10
0	710	10	10
0	710	10	10
0	710	10	10
0	710	10	10
0	710	10	10
0	710	10	10
0	710	10	10
0	710	10	10
0	710	10	10
0	710	10	10
0	710	10	10
0	710	10	10
0	710	10	10
0	710	10	10
0	710	10	10
0	710	10	10
0	710	10	10
0	710	10	10
0	710	10	10
0	710	10	10
0	710	10	10
0	710	10	10
0	710	10	10
0	710	10	10
0	710	10	10
0	710	10	10
0	710	10	10
0	710	10	10
0	710	10	10
0	710	10	10
0	710	10	10
0	710	10	10
0	710	10	10
0	710	10	10
0	710	10	10
0	710	10	10
0	710	10	10
0	710	10	10
0	710	10	10
0	710	10	10
0	710	10	10
0	710	10	10
0	710	10	10
0	710	10	10
0	710	10	10
0	710	10	10
0	710	10	10
0	710	10	10
0	710	10	10
0	710	10	10
0	710	10	10
0	710	10	10
0	710	10	10
0	710	10	10
0	710	10	10
0	710	10	10
0	710	10	10
0	710	10	10
0	710	10	10
0	710	10	10
0	710	10	10
0	710	10	10
0	710	10	10
0	710	10	10
0	710	10	10
0	710	10	10
0	710	10	10
0	709	10	10
0	709	10	10
0	709	10	10
0	709	10	10
0	708	10	10
0	708	10	10
0	708	10	10
0	710	10	10
0	710	10	10
0	710	10	10
0	710	10	10
0	710	10	10
0	710	10	10
0	710	10	10
0	710	10	10
0	710	10	10
0	710	10	10
0	710	10	10
0	710	10	10
0	710	10	10
0	710	10	10
0	710	10	10
0	710	10	10
0	710	10	10
0	710	10	10
0	710	10	10
0	710	10	10
0	710	10	10
0	710	10	10
0	710	10	10
0	710	10	10
0	709	10	10
0	709	10	10
0	709	10	10
0	709	10	10
0	710	10	10
0	710	10	10
0	710	10	10
0	710	10	10
0	710	10	10
0	710	10	10
0	710	10	10
0	710	10	10
0	710	10	10
0	710	10	10
0	710	10	10
0	710	10	10
0	710	10	10
0	710	10	10
0	710	10	10
0	710	10	10
0	710	10	10
0	710	10	10
0	710	10	10
0	710	10	10
0	710	10	10
0	710	10	10
0	710	10	10
0	710	10	10
0	710	10	10
0	710	10	10
0	710	10	10
0	710	10	10
0	709	10	10
0	709	10	10
0	709	10	10
0	710	10	10
0	710	10	10
0	709	10	10
0	710	10	10
0	710	10	10
0	710	10	10
0	710	10	10
0	710	10	10
0	710	10	10
0	710	10	10
0	710	10	10
0	710	10	10
0	710	10	10
0	710	10	10
0	710	10	10
0	710	10	10
0	710	10	10
0	710	10	10
0	710	10	10
0	710	10	10
0	710	10	10
0	710	10	10
0	710	10	10
0	710	10	10
0	710	10	10
0	710	10	10
0	710	10	10
0	710	10	10
0	710	10	10
0	710	10	10
0	710	10	10
0	710	10	10
0	710	10	10
0	710	10	10
0	710	10	10
0	710	10	10
0	710	10	10
0	710	10	10
0	710	10	10
0	710	10	10
0	710	10	10
0	710	10	10
0	710	10	10
0	710	10	10
0	710	10	10
0	710	10	10
0	710	10	10
0	710	10	10
0	710	10	10
0	710	10	10
0	710	10	10
0	710	10	10
0	710	10	10
0	710	10	10
0	710	10	10
0	710	10	10
0	710	10	10
0	710	10	10
0	710	10	10
0	710	10	10
0	710	10	10
0	710	10	10
0	710	10	10
0	710	10	10
0	710	10	10
0	710	10	10
0	710	10	10
0	710	10	10
0	710	10	10
0	710	10	10
0	710	10	10
0	710	10	10
0	710	10	10
0	710	10	10
0	710	10	10
0	710	10	10
0	710	10	10
0	710	10	10
0	710	10	10
0	710	10	10
0	710	10	10
0	710	10	10
0	710	10	10
0	710	10	10
0	710	10	10
0	710	10	10
0	710	10	10
0	710	10	10
0	710	10	10
0	710	10	10
0	710	10	10
0	710	10	10
0	710	10	10
0	710	10	10
0	710	10	10
0	710	10	10
0	710	10	10
0	710	10	10
0	710	10	10
0	710	10	10
0	710	10	10
0	710	10	10
0	710	10	10
0	710	10	10
0	710	10	10
0	710	10	10
0	710	10	10
0	710	10	10
0	710	10	10
0	710	10	10
0	710	10	10
0	710	10	10
0	710	10	10
0	710	10	10
0	710	10	10
0	710	10	10
0	710	10	10
0	710	10	10
0	710	10	10
0	710	10	10
0	710	10	10
0	710	10	10
0	710	10	10
0	710	10	10
0	710	10	10
0	710	10	10
0	710	10	10
0	710	10	10
0	710	10	10
0	710	10	10
0	710	10	10
0	710	10	10
0	710	10	10
0	710	10	10
0	710	10	10
0	710	10	10
0	710	10	10
0	710	10	10
0	710	10	10
0	710	10	10
0	710	10	10
0	710	10	10
0	710	10	10
0	710	10	10
0	710	10	10
0	710	10	10
0	710	10	10
0	710	10	10
0	710	10	10
0	710	10	10
0	710	10	10
0	710	10	10
0	710	10	10
0	710	10	10
0	710	10	10
0	710	10	10
0	710	10	10
0	710	10	10
0	710	10	10
0	710	10	10
0	710	10	10
0	710	10	10
0	710	10	10
0	710	10	10
0	710	10	10
0	710	10	10
0	710	10	10
0	710	10	10
0	710	10	10
0	710	10	10
0	710	10	10
0	710	10	10
0	710	10	10
0	710	10	10
0	710	10	10
0	710	10	10
0	710	10	10
0	710	10	10
0	710	10	10
0	710	10	10
0	710	10	10
0	710	10	10
0	710	10	10
0	710	10	10
0	710	10	10
0	710	10	10
0	710	10	10
0	710	10	10
0	710	10	10
0	710	10	10
0	710	10	10
0	710	10	10
0	710	10	10
0	710	10	10
0	710	10	10
0	710	10	10
0	710	10	10
0	710	10	10
0	710	10	10
0	710	10	10
0	710	10	10
0	710	10	10
0	710	10	10
0	710	10	10
0	710	10	10
0	710	10	10
0	710	10	10
0	710	10	10
0	710	10	10
0	710	10	10
0	710	10	10
0	710	10	10
0	710	10	10
0	710	10	10
0	710	10	10
0	710	10	10
0	710	10	10
0	710	10	10
0	710	10	10
0	710	10	10
0	710	10	10
0	710	10	10
0	710	10	10
0	710	10	10
0	710	10	10
0	710	10	10
0	710	10	10
0	710	10	10
0	710	10	10
0	710	10	10
0	710	10	10
0	710	10	10
0	710	10	10
0	710	10	10
0	710	10	10
0	710	10	10
0	710	10	10
0	710	10	10
0	710	10	10
0	710	10	10
0	710	10	10
0	710	10	10
0	710	10	10
0	710	10	10
0	710	10	10
0	710	10	10
0	710	10	10
0	710	10	10
0	710	10	10
0	710	10	10
0	710	10	10
0	710	10	10
0	710	10	10
0	710	10	10
0	710	10	10
0	710	10	10
0	710	10	10
0	710	10	10
0	710	10	10
0	710	10	10
0	710	10	10
0	710	10	10
0	710	10	10
0	710	10	10
0	710	10	10
0	710	10	10
0	710	10	10
0	710	10	10
0	710	10	10
0	710	10	10
0	710	10	10
0	710	10	10
0	710	10	10
0	710	10	10
0	710	10	10
0	710	10	10
0	710	10	10
0	710	10	10
0	710	10	10
0	710	10	10
0	710	10	10
0	710	10	10
0	710	10	10
0	710	10	10
0	710	10	10
0	710	10	10
0	710	10	10
0	710	10	10
0	710	10	10
0	710	10	10
0	710	10	10
0	710	10	10
0	710	10	10
0	710	10	10
0	710	10	10
0	710	10	10
0	710	10	10
0	710	10	10
0	710	10	10
0	710	10	10
0	710	10	10
0	710	10	10
0	710	10	10
0	710	10	10
0	710	10	10
0	710	10	10
0	710	10	10
0	710	10	10
0	710	10	10
0	710	10	10
0	710	10	10
0	710	10	10
0	710	10	10
0	710	10	10
0	710	10	10
0	710	10	10
0	710	10	10
0	710	10	10
0	710	10	10
0	710	10	10
0	710	10	10
0	710	10	10
0	710	10	10
0	710	10	10
0	710	10	10
0	710	10	10
0	709	10	10
0	709	10	10
0	709	10	10
0	709	10	10
0	710	10	10
0	710	10	10
0	710	10	10
0	710	10	10
0	709	10	10
0	710	10	10
0	710	10	10
0	709	10	10
0	709	10	10
0	709	10	10
0	708	10	10
0	708	10	10
0	708	10	10
0	710	10	10
0	710	10	10
0	710	10	10
0	709	10	10
0	710	10	10
0	710	10	10
0	709	10	10
0	710	10	10
0	709	10	10
0	710	10	10
0	710	10	10
0	709	10	10
0	710	10	10
0	709	10	10
0	710	10	10
0	710	10	10
0	709	10	10
0	709	10	10
0	709	10	10
0	710	10	10
0	710	10	10
0	710	10	10
0	709	10	10
0	710	10	10
0	710	10	10
0	710	10	10
0	710	10	10
0	709	10	10
0	710	10	10
0	710	10	10
0	709	10	10
0	710	10	10
0	710	10	10
0	709	10	10
0	710	10	10
0	710	10	10
0	710	10	10
0	710	10	10
0	710	10	10
0	710	10	10
0	710	10	10
0	710	10	10
0	710	10	10
0	710	10	10
0	710	10	10
0	710	10	10
0	710	10	10
0	710	10	10
0	710	10	10
0	710	10	10
0	710	10	10
0	710	10	10
0	710	10	10
0	710	10	10
0	710	10	10
0	710	10	10
0	710	10	10
0	710	10	10
0	710	10	10
0	709	10	10
0	710	10	10
0	710	10	10
0	710	10	10
0	710	10	10
0	710	10	10
0	709	10	10
0	710	10	10
0	710	10	10
0	710	10	10
0	709	10	10
0	710	10	10
0	710	10	10
0	710	10	10
0	710	10	10
0	710	10	10
0	710	10	10
0	710	10	10
0	710	10	10
0	710	10	10
0	710	10	10
0	710	10	10
0	710	10	10
0	710	10	10
0	710	10	10
0	710	10	10
0	710	10	10
0	710	10	10
0	710	10	10
0	710	10	10
0	710	10	10
0	710	10	10
0	710	10	10
0	710	10	10
0	710	10	10
0	709	10	10
0	710	10	10
0	710	10	10
0	710	10	10
0	710	10	10
0	709	10	10
0	710	10	10
0	710	10	10
0	709	10	10
0	710	10	10
0	709	10	10
0	709	10	10
0	709	10	10
0	708	10	10
0	708	10	10
0	709	10	10
0	708	10	10
0	708	10	10
0	710	10	10
0	709	10	10
0	710	10	10
0	709	10	10
0	710	10	10
0	710	10	10
0	710	10	10
0	710	10	10
0	710	10	10
0	710	10	10
0	709	10	10
0	710	10	10
0	710	10	10
0	710	10	10
0	709	10	10
0	710	10	10
0	710	10	10
0	710	10	10
0	709	10	10
0	710	10	10
0	710	10	10
0	709	10	10
0	710	10	10
0	709	10	10
0	710	10	10
0	710	10	10
0	710	10	10
0	710	10	10
0	710	10	10
0	709	10	10
0	709	10	10
0	709	10	10
0	708	10	10
0	708	10	10
0	708	10	10
0	708	10	10
0	709	10	10
0	708	10	10
0	708	10	10
0	708	10	10
0	708	10	10
0	708	10	10
0	709	10	10
0	709	10	10
0	709	10	10
0	709	10	10
0	709	10	10
0	709	10	10
0	710	10	10
0	709	10	10
0	710	10	10
0	709	10	10
0	709	10	10
0	710	10	10
0	710	10	10
0	710	10	10
0	709	10	10
0	709	10	10
0	709	10	10
0	709	10	10
0	710	10	10
0	710	10	10
0	710	10	10
0	710	10	10
0	710	10	10
0	710	10	10
0	709	10	10
0	709	10	10
0	709	10	10
0	709	10	10
0	709	10	10
0	708	10	10
0	708	10	10
0	708	10	10
0	710	10	10
0	709	10	10
0	709	10	10
0	709	10	10
0	709	10	10
0	709	10	10
0	709	10	10
0	708	10	10
0	708	10	10
0	710	10	10
0	710	10	10
0	710	10	10
0	710	10	10
0	710	10	10
0	709	10	10
0	710	10	10
0	710	10	10
0	710	10	10
0	710	10	10
0	710	10	10
0	710	10	10
0	710	10	10
0	710	10	10
0	709	10	10
0	710	10	10
0	710	10	10
0	710	10	10
0	709	10	10
0	710	10	10
0	710	10	10
0	710	10	10
0	710	10	10
0	710	10	10
0	710	10	10
0	710	10	10
0	710	10	10
0	710	10	10
0	710	10	10
0	710	10	10
0	710	10	10
0	709	10	10
0	710	10	10
0	710	10	10
0	710	10	10
0	710	10	10
0	710	10	10
0	710	10	10
0	710	10	10
0	710	10	10
0	710	10	10
0	710	10	10
0	710	10	10
0	710	10	10
0	710	10	10
0	709	10	10
0	710	10	10
0	710	10	10
0	710	10	10
0	710	10	10
0	709	10	10
0	710	10	10
0	710	10	10
0	709	10	10
0	710	10	10
0	710	10	10
0	710	10	10
0	709	10	10
0	709	10	10
0	709	10	10
0	709	10	10
0	709	10	10
0	709	10	10
0	710	10	10
0	710	10	10
0	710	10	10
0	709	10	10
0	709	10	10
0	709	10	10
0	710	10	10
0	710	10	10
0	710	10	10
0	710	10	10
0	710	10	10
0	710	10	10
0	710	10	10
0	710	10	10
0	710	10	10
0	709	10	10
0	709	10	10
0	710	10	10
0	710	10	10
0	709	10	10
0	710	10	10
0	710	10	10
0	709	10	10
0	710	10	10
0	710	10	10
0	710	10	10
0	710	10	10
0	710	10	10
0	710	10	10
0	710	10	10
0	710	10	10
0	710	10	10
0	710	10	10
0	710	10	10
0	710	10	10
0	710	10	10
0	710	10	10
0	710	10	10
0	710	10	10
0	710	10	10
0	709	10	10
0	710	10	10
0	710	10	10
0	710	10	10
0	710	10	10
0	710	10	10
0	710	10	10
0	710	10	10
0	710	10	10
0	709	10	10
0	709	10	10
0	708	10	10
0	709	10	10
0	710	10	10
0	710	10	10
0	709	10	10
0	710	10	10
0	710	10	10
0	710	10	10
0	710	10	10
0	710	10	10
0	710	10	10
0	710	10	10
0	710	10	10
0	710	10	10
0	710	10	10
0	710	10	10
0	710	10	10
0	710	10	10
0	710	10	10
0	710	10	10
0	710	10	10
0	710	10	10
0	710	10	10
0	710	10	10
0	710	10	10
0	710	10	10
0	710	10	10
0	710	10	10
0	710	10	10
0	710	10	10
0	710	10	10
0	710	10	10
0	710	10	10
0	710	10	10
0	710	10	10
0	710	10	10
0	710	10	10
0	710	10	10
0	710	10	10
0	710	10	10
0	710	10	10
0	710	10	10
0	710	10	10
0	710	10	10
0	710	10	10
0	710	10	10
0	710	10	10
0	710	10	10
0	710	10	10
0	709	10	10
0	709	10	10
0	710	10	10
0	709	10	10
0	710	10	10
0	710	10	10
0	710	10	10
0	710	10	10
0	710	10	10
0	710	10	10
0	710	10	10
0	710	10	10
0	710	10	10
0	710	10	10
0	710	10	10
0	709	10	10
0	710	10	10
0	710	10	10
0	709	10	10
0	710	10	10
0	710	10	10
0	710	10	10
0	709	10	10
0	709	10	10
0	709	10	10
0	710	10	10
0	710	10	10
0	710	10	10
0	710	10	10
0	710	10	10
0	710	10	10
0	709	10	10
0	710	10	10
0	710	10	10
0	709	10	10
0	709	10	10
0	709	10	10
0	710	10	10
0	710	10	10
0	710	10	10
0	710	10	10
0	710	10	10
0	710	10	10
0	710	10	10
0	710	10	10
0	710	10	10
0	710	10	10
0	709	10	10
0	710	10	10
0	710	10	10
0	710	10	10
0	705	10	10
0	697	10	10
0	696	10	10
0	696	10	10
0	698	10	10
0	700	10	10
0	702	10	10
0	704	10	10
0	706	10	10
0	708	10	10
0	710	10	10
0	710	10	10
0	710	10	10
0	709	10	10
0	710	10	10
0	710	10	10
0	709	10	10
0	710	10	10
0	710	10	10
0	710	10	10
0	710	10	10
0	710	10	10
0	709	10	10
0	710	10	10
0	710	10	10
0	710	10	10
0	709	10	10
0	709	10	10
0	709	10	10
0	709	10	10
0	709	10	10
0	709	10	10
0	709	10	10
0	709	10	10
0	709	10	10
0	709	10	10
0	710	10	10
0	709	10	10
0	710	10	10
0	709	10	10
0	710	10	10
0	709	10	10
0	710	10	10
0	710	10	10
0	710	10	10
0	709	10	10
0	710	10	10
0	710	10	10
0	710	10	10
0	710	10	10
0	709	10	10
0	710	10	10
0	710	10	10
0	710	10	10
0	710	10	10
0	709	10	10
0	709	10	10
0	709	10	10
0	710	10	10
0	710	10	10
0	710	10	10
0	710	10	10
0	710	10	10
0	710	10	10
0	710	10	10
0	710	10	10
0	710	10	10
0	710	10	10
0	710	10	10
0	710	10	10
0	710	10	10
0	710	10	10
0	709	10	10
0	710	10	10
0	710	10	10
0	710	10	10
0	710	10	10
0	710	10	10
0	710	10	10
0	710	10	10
0	710	10	10
0	710	10	10
0	709	10	10
0	709	10	10
0	709	10	10
0	709	10	10
0	709	10	10
0	709	10	10
0	710	10	10
0	710	10	10
0	710	10	10
0	710	10	10
0	710	10	10
0	710	10	10
0	709	10	10
0	710	10	10
0	710	10	10
0	710	10	10
0	710	10	10
0	710	10	10
0	710	10	10
0	710	10	10
0	710	10	10
0	710	10	10
0	710	10	10
0	709	10	10
0	710	10	10
0	709	10	10
0	709	10	10
0	709	10	10
0	709	10	10
0	709	10	10
0	709	10	10
0	709	10	10
0	709	10	10
0	709	10	10
0	709	10	10
0	710	10	10
0	710	10	10
0	710	10	10
0	710	10	10
0	710	10	10
0	710	10	10
0	709	10	10
0	710	10	10
0	710	10	10
0	710	10	10
0	710	10	10
0	710	10	10
0	710	10	10
0	710	10	10
0	710	10	10
0	710	10	10
0	710	10	10
0	710	10	10
0	709	10	10
