178	501	252	217
227	454	208	265
255	462	210	257
284	442	209	274
309	452	215	267
324	449	215	270
350	446	193	273
382	443	184	276
398	444	181	275
425	459	179	260
418	458	173	261
458	471	171	248
485	470	165	249
511	449	163	270
534	469	168	250
525	469	165	250
550	471	163	248
575	472	161	247
601	474	134	245
624	487	133	232
623	506	118	213
647	482	127	237
673	505	116	214
702	516	116	203
718	490	103	229
710	504	102	215
725	511	109	208
747	514	101	205
767	510	96	209
756	510	104	209
768	505	99	214
773	504	107	215
773	503	111	216
787	508	104	211
776	487	109	232
782	497	117	222
778	500	108	219
791	507	103	212
797	514	109	205
796	516	94	203
801	519	102	200
797	517	96	202
807	503	93	216
799	506	95	213
801	494	95	221
803	508	97	211
799	495	91	223
799	495	95	208
795	505	89	206
802	502	91	198
796	486	90	215
787	502	94	217
779	497	96	208
784	490	104	206
779	489	98	227
777	492	120	200
780	488	98	226
775	485	94	217
767	476	96	222
768	489	98	214
771	472	97	232
765	497	95	201
768	483	93	215
763	489	89	190
763	490	75	202
767	460	83	215
763	480	76	208
753	490	85	202
760	480	87	210
754	473	86	211
754	482	90	209
748	487	87	184
752	489	84	197
734	464	81	207
738	471	104	208
736	460	93	215
731	473	90	207
732	470	92	199
732	455	77	217
730	461	87	221
727	463	79	203
726	481	85	197
730	472	82	201
728	478	73	206
727	476	90	198
727	461	76	214
731	476	73	199
727	473	69	194
716	476	78	202
713	470	101	201
711	484	90	191
697	467	105	210
704	465	109	200
704	466	93	216
712	456	95	221
711	459	83	233
699	460	94	217
709	457	90	209
704	448	87	213
713	471	86	199
708	463	83	204
699	454	87	208
716	461	85	209
729	485	76	179
712	445	74	212
717	466	79	201
722	456	85	203
726	472	83	204
719	463	82	209
725	455	88	210
716	460	91	218
723	452	95	220
731	465	97	211
727	452	91	223
736	452	90	208
731	455	86	219
739	466	87	214
732	456	86	219
746	467	92	185
744	470	82	209
758	480	88	176
760	476	71	200
749	462	80	191
763	474	83	198
761	489	73	199
759	460	81	210
758	471	88	203
765	462	90	208
757	468	92	213
768	465	88	204
763	468	85	216
768	460	91	217
762	452	89	219
776	458	94	224
774	467	83	225
763	460	92	219
774	483	104	190
783	454	72	206
786	474	81	195
780	464	80	202
793	474	85	197
788	472	82	189
802	482	84	200
800	453	74	207
806	475	78	193
799	466	80	198
804	475	85	196
802	466	76	200
795	475	78	198
800	471	84	194
795	459	80	204
800	476	86	187
796	461	80	204
801	477	86	187
806	465	80	198
813	481	72	196
813	461	75	191
819	477	69	187
812	474	72	182
823	480	76	184
821	474	68	185
826	490	73	180
823	485	67	178
814	473	73	191
825	488	79	190
810	460	73	197
814	477	80	192
806	481	83	199
800	474	81	200
806	474	85	187
803	491	80	169
794	479	85	181
789	487	83	182
783	479	82	180
786	473	81	178
776	460	88	193
757	463	87	203
758	455	89	179
737	454	93	197
750	455	99	181
729	464	90	180
735	462	93	171
711	442	93	197
720	443	91	181
712	463	94	172
706	457	93	171
700	466	93	169
689	450	101	183
683	444	100	182
672	453	108	181
672	442	112	188
654	431	92	195
671	447	89	179
650	460	82	170
662	459	87	159
660	454	79	157
657	458	75	163
651	460	74	148
655	458	70	141
660	458	65	155
653	452	67	156
655	461	67	150
652	451	63	160
656	464	68	147
656	454	58	156
635	451	64	152
648	468	72	132
648	450	62	157
654	458	62	153
643	454	63	152
648	453	79	144
648	460	67	143
652	454	56	144
655	452	53	140
649	458	58	138
647	453	51	139
656	461	55	114
657	454	45	138
657	439	47	138
659	453	46	129
656	451	44	124
664	445	47	129
657	457	52	125
655	450	48	130
666	457	45	126
662	442	45	148
660	456	51	131
663	445	48	143
660	446	53	134
661	452	55	131
671	448	53	132
669	442	50	135
670	450	52	110
681	456	43	101
671	445	38	115
683	442	38	130
689	457	41	110
686	443	38	131
686	452	41	111
694	438	39	132
685	432	41	136
686	438	43	117
683	441	41	104
689	453	42	88
696	437	40	126
690	442	46	110
697	458	46	96
695	437	43	131
693	440	49	117
697	435	45	118
703	442	47	114
709	436	43	118
703	436	41	111
708	443	38	91
709	424	38	115
716	427	38	104
724	428	36	123
705	426	38	122
719	430	44	106
722	446	39	92
718	430	34	117
723	445	37	81
726	426	32	114
728	443	39	94
728	439	39	95
727	424	36	120
733	427	38	106
739	437	37	111
738	427	42	123
746	437	41	96
745	427	36	123
751	434	39	104
759	423	36	99
766	432	34	97
773	427	33	121
758	417	36	116
770	424	37	118
774	433	38	107
771	416	36	116
775	426	37	105
778	426	39	113
784	425	42	108
787	433	39	108
794	425	41	118
785	425	39	126
793	428	47	113
798	422	46	117
805	431	42	118
814	430	40	113
805	421	38	122
820	436	39	110
823	434	42	106
829	438	38	107
834	428	36	103
828	433	35	107
842	441	35	107
847	442	32	99
851	436	32	104
858	442	33	106
854	438	34	109
861	434	35	111
868	442	35	108
876	443	35	100
874	453	34	96
871	435	34	109
881	445	35	111
882	447	36	100
887	441	34	121
874	429	36	86
898	440	32	110
858	426	33	59
888	406	29	94
900	398	30	106
829	364	36	36
798	349	24	24
833	372	19	19
845	376	26	15
853	378	13	13
842	365	10	10
844	354	10	10
835	344	10	10
829	335	10	10
824	330	10	10
818	324	10	10
813	313	10	10
807	304	10	10
802	305	10	10
796	301	10	10
791	296	10	10
785	284	10	10
780	279	10	10
775	274	10	10
762	269	10	10
757	263	10	10
752	258	10	10
746	253	10	10
741	248	10	10
736	242	10	10
730	230	10	10
718	219	10	10
713	207	10	10
708	196	10	10
703	184	10	10
691	173	10	10
686	162	10	10
690	156	10	10
684	145	10	10
688	139	10	10
683	134	10	10
687	129	10	10
681	123	10	10
685	118	10	10
685	112	10	10
689	107	10	10
684	102	10	10
678	96	10	10
682	91	10	10
682	80	10	10
682	74	10	10
682	69	10	10
681	57	10	10
681	52	10	10
681	49	10	10
681	43	10	10
675	38	10	10
679	32	10	10
674	27	10	10
668	31	10	10
672	26	10	10
667	30	10	10
661	24	10	10
656	21	10	10
650	17	10	10
645	11	10	10
639	0	10	10
634	0	10	10
628	0	10	10
623	0	10	10
618	0	10	10
612	0	10	10
607	0	10	10
602	0	10	10
596	0	10	10
591	0	10	10
585	0	10	10
580	0	10	10
574	0	10	10
569	0	10	10
564	0	10	10
558	0	10	10
553	0	10	10
548	1	10	10
542	0	10	10
537	0	10	10
531	0	10	10
526	0	10	10
520	0	10	10
515	3	10	10
509	0	10	10
504	0	10	10
498	0	10	10
493	0	10	10
487	3	10	10
482	4	10	10
476	4	10	10
470	4	10	10
458	7	10	10
449	10	10	10
439	6	10	10
433	2	10	10
436	5	10	10
433	8	10	10
424	11	10	10
414	12	10	10
404	15	10	10
396	7	10	10
399	9	10	10
391	1	10	20
379	8	10	10
393	0	10	32
409	27	11	11
412	10	10	47
412	29	14	14
400	17	10	10
400	3	10	40
401	18	11	13
390	7	10	10
382	0	10	34
383	17	10	12
382	18	10	10
377	4	10	40
378	20	11	13
365	10	10	10
367	11	10	10
359	0	10	37
358	14	12	12
360	2	10	10
351	7	10	10
353	0	10	33
355	13	10	10
367	0	10	39
341	15	13	13
330	17	10	10
333	6	10	10
334	11	10	10
324	12	10	20
326	19	10	10
318	5	10	40
296	38	13	13
300	4	10	53
274	9	15	48
276	28	15	15
280	0	10	57
254	29	15	15
260	6	10	62
240	27	16	21
249	1	12	76
210	31	17	20
213	25	12	44
211	0	15	79
211	30	19	22
216	11	14	18
220	0	10	53
191	20	13	15
193	0	10	57
192	0	15	81
147	31	20	23
129	9	14	14
122	14	10	10
115	4	10	10
109	8	10	10
103	4	10	10
97	8	10	10
91	1	10	10
86	5	10	10
80	9	10	10
74	9	10	10
66	5	10	10
69	8	10	10
63	8	10	10
57	4	10	10
52	4	10	10
46	0	10	10
41	0	10	10
35	0	10	10
30	0	10	10
24	0	10	10
19	0	10	10
13	0	10	10
8	3	10	10
2	7	10	10
0	11	10	10
0	8	10	10
0	12	10	10
0	6	10	10
0	10	10	10
0	6	10	10
0	10	10	10
3	5	10	10
3	9	10	10
0	13	10	10
3	4	10	10
7	8	10	10
2	12	10	10
2	8	10	10
6	12	10	10
2	3	10	10
2	7	10	10
1	10	10	10
5	7	10	10
0	11	10	10
4	7	10	10
0	8	10	10
0	7	10	10
0	2	10	10
0	6	10	10
0	10	10	10
0	4	10	10
0	8	10	10
0	5	10	10
0	9	10	10
0	5	10	10
3	9	10	10
7	5	10	10
2	8	10	10
6	12	10	10
0	4	10	10
0	8	10	10
0	4	10	10
0	4	10	10
0	4	10	10
0	4	10	10
0	4	10	10
0	4	10	10
3	5	10	10
0	5	10	10
0	0	10	10
0	0	10	10
0	0	10	10
0	0	10	10
0	0	10	10
0	0	10	10
0	0	10	10
0	0	10	10
0	0	10	10
0	1	10	10
0	1	10	10
0	1	10	10
0	1	10	10
0	1	10	10
0	1	10	10
0	1	10	10
0	1	10	10
0	1	10	10
0	1	10	10
0	1	10	10
0	1	10	10
0	1	10	10
0	2	10	10
0	2	10	10
0	2	10	10
0	2	10	10
0	2	10	10
0	2	10	10
0	2	10	10
0	2	10	10
0	2	10	10
0	2	10	10
0	2	10	10
0	2	10	10
0	3	10	10
0	3	10	10
0	3	10	10
0	3	10	10
0	3	10	10
0	3	10	10
0	3	10	10
0	3	10	10
0	3	10	10
0	3	10	10
0	3	10	10
0	3	10	10
0	3	10	10
0	4	10	10
0	4	10	10
0	4	10	10
0	4	10	10
0	4	10	10
0	4	10	10
0	4	10	10
0	4	10	10
0	4	10	10
0	4	10	10
0	4	10	10
0	4	10	10
0	4	10	10
0	5	10	10
0	5	10	10
0	5	10	10
0	5	10	10
0	5	10	10
0	5	10	10
0	5	10	10
0	0	10	10
0	0	10	10
0	0	10	10
0	0	10	10
0	0	10	10
0	0	10	10
0	0	10	10
0	0	10	10
0	0	10	10
0	1	10	10
0	1	10	10
0	1	10	10
0	1	10	10
0	1	10	10
0	1	10	10
0	1	10	10
0	1	10	10
0	1	10	10
0	1	10	10
0	1	10	10
0	1	10	10
0	1	10	10
0	2	10	10
0	2	10	10
0	2	10	10
0	2	10	10
0	2	10	10
0	2	10	10
0	2	10	10
0	2	10	10
0	2	10	10
0	2	10	10
0	2	10	10
0	2	10	10
0	2	10	10
0	3	10	10
0	3	10	10
0	3	10	10
0	3	10	10
0	3	10	10
0	3	10	10
0	3	10	10
0	3	10	10
0	3	10	10
0	3	10	10
0	3	10	10
0	3	10	10
0	4	10	10
0	4	10	10
0	4	10	10
0	4	10	10
0	4	10	10
0	4	10	10
0	4	10	10
0	4	10	10
0	4	10	10
0	4	10	10
0	4	10	10
0	4	10	10
0	4	10	10
0	5	10	10
0	5	10	10
0	5	10	10
0	5	10	10
0	5	10	10
0	5	10	10
0	5	10	10
0	0	10	10
0	0	10	10
0	0	10	10
0	0	10	10
0	0	10	10
0	0	10	10
0	0	10	10
0	0	10	10
0	0	10	10
0	0	10	10
0	1	10	10
0	1	10	10
0	1	10	10
0	1	10	10
0	1	10	10
0	1	10	10
0	1	10	10
0	1	10	10
0	1	10	10
0	1	10	10
0	1	10	10
0	1	10	10
0	2	10	10
0	2	10	10
0	2	10	10
0	2	10	10
0	2	10	10
0	2	10	10
0	2	10	10
0	2	10	10
0	2	10	10
0	2	10	10
0	2	10	10
0	2	10	10
0	2	10	10
0	3	10	10
0	3	10	10
0	3	10	10
0	3	10	10
0	3	10	10
0	3	10	10
0	3	10	10
0	3	10	10
0	3	10	10
0	3	10	10
0	3	10	10
0	3	10	10
0	3	10	10
0	4	10	10
0	4	10	10
0	4	10	10
0	4	10	10
0	4	10	10
0	4	10	10
0	4	10	10
0	4	10	10
0	4	10	10
0	4	10	10
0	4	10	10
0	4	10	10
0	5	10	10
0	5	10	10
0	5	10	10
0	5	10	10
0	5	10	10
0	5	10	10
0	5	10	10
0	5	10	10
0	5	10	10
0	5	10	10
0	5	10	10
0	0	10	10
0	0	10	10
0	0	10	10
0	0	10	10
0	0	10	10
0	0	10	10
0	0	10	10
0	0	10	10
0	0	10	10
0	0	10	10
0	0	10	10
0	0	10	10
0	0	10	10
0	0	10	10
3	1	10	10
7	1	10	10
11	0	10	10
6	5	10	10
6	5	10	10
0	5	10	10
4	5	10	10
8	5	10	10
2	8	10	10
0	5	10	10
3	5	10	10
0	8	10	10
0	3	10	10
0	7	10	10
0	1	10	10
0	2	10	10
0	2	10	10
0	2	10	10
0	6	10	10
0	6	10	10
0	1	10	10
0	1	10	10
0	1	10	10
0	1	10	10
0	1	10	10
0	1	10	10
0	1	10	10
0	1	10	10
0	1	10	10
3	4	10	10
0	4	10	10
0	4	10	10
0	4	10	10
0	4	10	10
0	4	10	10
0	4	10	10
0	4	10	10
0	4	10	10
0	3	10	10
0	3	10	10
0	3	10	10
0	3	10	10
0	3	10	10
0	3	10	10
0	3	10	10
0	3	10	10
0	3	10	10
0	3	10	10
0	4	10	10
0	4	10	10
0	4	10	10
0	4	10	10
0	4	10	10
0	4	10	10
0	4	10	10
0	4	10	10
0	4	10	10
0	4	10	10
0	4	10	10
0	4	10	10
0	5	10	10
0	5	10	10
0	5	10	10
0	5	10	10
0	5	10	10
0	5	10	10
0	5	10	10
0	5	10	10
0	0	10	10
0	0	10	10
0	0	10	10
0	0	10	10
0	0	10	10
0	0	10	10
0	0	10	10
0	0	10	10
0	0	10	10
0	0	10	10
0	0	10	10
0	0	10	10
0	0	10	10
0	0	10	10
0	0	10	10
0	0	10	10
0	0	10	10
0	0	10	10
0	0	10	10
0	0	10	10
0	0	10	10
0	4	10	10
0	4	10	10
0	4	10	10
0	8	10	10
0	5	10	10
0	9	10	10
3	6	10	10
7	10	10	10
2	14	10	10
6	10	10	10
0	15	10	10
4	9	10	10
0	6	10	10
0	6	10	10
0	6	10	10
0	1	10	10
0	1	10	10
0	1	10	10
0	1	10	10
0	1	10	10
0	1	10	10
0	1	10	10
0	1	10	10
0	1	10	10
0	1	10	10
0	1	10	10
0	1	10	10
0	1	10	10
0	1	10	10
0	1	10	10
0	1	10	10
0	1	10	10
0	1	10	10
0	1	10	10
0	1	10	10
0	1	10	10
0	1	10	10
0	1	10	10
0	1	10	10
0	1	10	10
0	1	10	10
0	1	10	10
0	1	10	10
0	1	10	10
0	1	10	10
0	1	10	10
0	1	10	10
0	1	10	10
0	2	10	10
0	2	10	10
0	2	10	10
0	2	10	10
0	2	10	10
0	2	10	10
0	2	10	10
0	2	10	10
0	2	10	10
0	2	10	10
0	2	10	10
0	2	10	10
0	3	10	10
0	3	10	10
0	3	10	10
0	3	10	10
0	3	10	10
0	3	10	10
0	0	10	10
0	0	10	10
0	0	10	10
0	0	10	10
0	4	10	10
0	3	10	10
0	3	10	10
0	3	10	10
0	3	10	10
0	3	10	10
0	3	10	10
0	3	10	10
0	3	10	10
0	4	10	10
0	4	10	10
0	4	10	10
0	4	10	10
0	4	10	10
0	4	10	10
0	4	10	10
0	4	10	10
0	4	10	10
0	4	10	10
0	4	10	10
0	4	10	10
0	4	10	10
0	8	10	10
0	3	10	10
0	3	10	10
0	7	10	10
0	4	10	10
0	9	10	10
0	3	10	10
0	3	10	10
0	3	10	10
0	3	10	10
0	3	10	10
0	4	10	10
0	4	10	10
0	4	10	10
0	4	10	10
0	4	10	10
0	4	10	10
0	4	10	10
0	4	10	10
0	4	10	10
0	4	10	10
0	4	10	10
0	4	10	10
0	0	10	10
3	0	10	10
3	0	10	10
0	0	10	10
0	0	10	10
0	0	10	10
0	0	10	10
0	0	10	10
0	0	10	10
0	0	10	10
0	0	10	10
0	0	10	10
0	0	10	10
0	0	10	10
0	0	10	10
0	4	10	10
0	4	10	10
0	4	10	10
0	8	10	10
0	5	10	10
3	9	10	10
0	3	10	10
0	3	10	10
0	3	10	10
0	3	10	10
0	3	10	10
0	3	10	10
0	3	10	10
0	3	10	10
0	3	10	10
0	4	10	10
0	4	10	10
0	4	10	10
0	4	10	10
0	4	10	10
0	4	10	10
0	8	10	10
0	12	10	10
0	8	10	10
0	12	10	10
0	7	10	10
0	11	10	10
0	11	10	10
0	15	10	10
0	11	10	10
0	15	10	10
0	9	10	10
0	13	10	10
0	10	10	10
0	14	10	10
0	10	10	10
0	6	10	10
0	10	10	10
0	6	10	10
0	11	10	10
3	15	10	10
0	11	10	10
3	15	10	10
0	11	10	10
3	5	10	10
0	2	10	10
0	0	10	10
0	0	10	10
0	0	10	10
3	0	10	10
0	0	10	10
0	0	10	10
0	0	10	10
0	4	10	10
0	4	10	10
0	8	10	10
0	5	10	10
0	9	10	10
0	3	10	10
0	3	10	10
0	7	10	10
0	2	10	10
0	2	10	10
0	2	10	10
0	2	10	10
3	6	10	10
0	11	10	10
3	5	10	10
0	10	10	10
0	4	10	10
0	4	10	10
0	4	10	10
0	4	10	10
0	5	10	10
0	5	10	10
0	5	10	10
0	5	10	10
0	5	10	10
0	5	10	10
0	5	10	10
0	0	10	10
0	0	10	10
0	0	10	10
0	0	10	10
0	0	10	10
0	0	10	10
0	0	10	10
0	0	10	10
0	0	10	10
0	0	10	10
0	1	10	10
0	1	10	10
0	1	10	10
0	1	10	10
0	1	10	10
0	1	10	10
0	1	10	10
0	1	10	10
0	1	10	10
0	1	10	10
0	1	10	10
0	1	10	10
0	2	10	10
0	2	10	10
0	2	10	10
0	2	10	10
0	2	10	10
0	2	10	10
0	2	10	10
0	2	10	10
0	2	10	10
0	2	10	10
0	2	10	10
0	2	10	10
0	2	10	10
0	3	10	10
0	3	10	10
0	3	10	10
0	3	10	10
0	3	10	10
0	3	10	10
0	3	10	10
0	3	10	10
0	3	10	10
0	3	10	10
0	3	10	10
0	3	10	10
0	8	10	10
0	2	10	10
0	3	10	10
0	3	10	10
0	3	10	10
0	3	10	10
0	3	10	10
0	3	10	10
0	3	10	10
0	3	10	10
0	3	10	10
0	3	10	10
0	7	10	10
0	2	10	10
0	6	10	10
0	1	10	10
0	1	10	10
0	1	10	10
0	2	10	10
0	2	10	10
0	2	10	10
0	2	10	10
0	2	10	10
0	2	10	10
0	2	10	10
0	2	10	10
0	2	10	10
0	2	10	10
0	2	10	10
0	2	10	10
0	2	10	10
0	3	10	10
0	3	10	10
0	3	10	10
0	3	10	10
0	3	10	10
0	3	10	10
0	3	10	10
0	3	10	10
0	3	10	10
0	3	10	10
0	3	10	10
0	3	10	10
0	3	10	10
0	4	10	10
0	4	10	10
0	4	10	10
0	4	10	10
0	4	10	10
0	4	10	10
0	4	10	10
0	4	10	10
0	4	10	10
0	4	10	10
0	4	10	10
0	4	10	10
0	5	10	10
0	5	10	10
0	5	10	10
0	5	10	10
0	5	10	10
0	5	10	10
0	5	10	10
0	5	10	10
0	0	10	10
0	0	10	10
0	0	10	10
0	0	10	10
0	0	10	10
0	0	10	10
0	0	10	10
0	0	10	10
0	0	10	10
0	1	10	10
0	1	10	10
0	1	10	10
0	1	10	10
0	1	10	10
0	1	10	10
0	1	10	10
0	1	10	10
0	1	10	10
0	1	10	10
0	1	10	10
0	1	10	10
0	1	10	10
0	2	10	10
0	2	10	10
0	2	10	10
0	2	10	10
0	2	10	10
0	2	10	10
0	2	10	10
0	2	10	10
0	2	10	10
0	2	10	10
0	2	10	10
0	2	10	10
0	3	10	10
0	3	10	10
0	3	10	10
0	3	10	10
0	3	10	10
0	3	10	10
0	3	10	10
0	3	10	10
0	3	10	10
0	3	10	10
0	3	10	10
0	3	10	10
0	3	10	10
0	4	10	10
0	4	10	10
0	4	10	10
0	4	10	10
0	4	10	10
0	4	10	10
0	4	10	10
0	4	10	10
0	4	10	10
0	4	10	10
0	4	10	10
0	4	10	10
0	8	10	10
0	12	10	10
2	16	10	10
0	7	10	10
0	12	10	10
3	8	10	10
0	12	10	10
0	8	10	10
4	4	10	10
0	8	10	10
3	3	10	10
0	3	10	10
0	3	10	10
0	3	10	10
3	2	10	10
3	2	10	10
3	2	10	10
7	6	10	10
10	0	10	34
12	15	10	10
3	8	10	10
6	12	10	10
0	9	10	10
0	6	10	10
0	5	10	10
0	10	10	10
0	9	10	10
3	14	10	10
0	10	10	10
0	0	10	36
17	30	12	12
11	23	25	50
38	23	20	23
20	0	14	80
19	32	19	19
0	12	12	12
3	16	10	10
6	19	10	10
0	15	10	10
4	10	10	10
7	12	10	10
21	0	10	33
20	18	12	10
22	5	10	10
15	8	10	10
5	1	10	10
9	4	10	10
3	8	10	10
6	13	10	10
0	13	10	10
12	17	10	10
9	0	10	37
36	7	12	46
26	11	15	57
64	2	24	122
59	0	35	186
61	74	46	53
61	0	32	168
26	56	42	48
14	9	29	82
17	47	23	27
6	24	25	54
70	36	17	37
72	45	16	22
79	58	26	12
74	59	12	11
77	47	10	10
68	37	10	10
58	24	10	10
48	0	10	39
27	13	80	13
46	41	43	26
36	43	45	21
36	43	42	20
36	38	19	19
38	28	16	12
28	6	10	58
26	33	15	15
45	0	10	57
44	0	14	82
46	33	16	19
50	15	11	11
39	3	10	10
33	7	10	10
24	3	10	10
14	7	10	10
4	9	10	10
5	6	10	10
0	10	10	10
3	7	10	10
0	11	10	10
0	7	10	10
0	12	10	10
0	16	10	10
0	4	10	10
0	4	10	10
0	4	10	10
0	8	10	10
0	3	10	10
0	3	10	10
0	3	10	10
0	3	10	10
0	3	10	10
0	3	10	10
0	3	10	10
0	3	10	10
0	3	10	10
0	3	10	10
0	8	10	10
3	11	10	10
6	3	10	10
9	9	10	10
3	0	10	10
0	4	10	10
0	8	10	10
0	4	10	10
0	8	10	10
3	5	10	10
0	5	10	10
4	5	10	10
0	5	10	10
0	5	10	10
0	5	10	10
0	5	10	10
0	0	10	10
0	0	10	10
0	0	10	10
0	0	10	10
0	0	10	10
0	0	10	10
0	0	10	10
0	0	10	10
0	0	10	10
0	0	10	10
0	1	10	10
0	1	10	10
0	1	10	10
0	1	10	10
0	5	10	10
3	0	10	10
7	4	10	10
2	3	10	10
2	3	10	10
0	7	10	10
3	2	10	10
0	1	10	10
3	2	10	10
0	5	10	10
0	3	10	10
0	3	10	10
0	3	10	10
3	4	10	10
7	4	10	10
2	8	10	10
0	4	10	10
0	4	10	10
0	4	10	10
0	4	10	10
0	8	10	10
0	3	10	10
0	7	10	10
3	11	10	10
7	15	10	10
10	5	10	10
5	5	10	10
0	9	10	10
3	3	10	10
0	3	10	10
0	4	10	10
0	4	10	10
0	4	10	10
0	4	10	10
0	4	10	10
0	4	10	10
0	4	10	10
0	4	10	10
0	4	10	10
0	4	10	10
0	4	10	10
3	8	10	10
7	4	10	10
11	8	10	10
4	11	10	10
4	1	10	10
0	7	10	10
0	10	10	10
2	2	10	10
6	6	10	10
9	9	10	10
12	14	10	10
14	16	10	10
6	8	10	10
0	5	10	10
0	5	10	10
0	8	10	10
0	12	10	10
3	3	10	10
0	7	10	10
0	2	10	10
0	6	10	10
0	6	10	10
0	6	10	10
0	6	10	10
0	7	10	10
0	7	10	10
0	7	10	10
0	7	10	10
0	7	10	10
0	7	10	10
0	7	10	10
0	7	10	10
0	7	10	10
0	7	10	10
0	2	10	10
0	2	10	10
0	2	10	10
3	2	10	10
0	6	10	10
0	6	10	10
0	6	10	10
0	6	10	10
0	6	10	10
0	6	10	10
0	6	10	10
0	6	10	10
0	7	10	10
0	7	10	10
0	7	10	10
0	11	10	10
0	5	10	10
0	9	10	10
0	4	10	10
0	8	10	10
0	8	10	10
0	8	10	10
0	8	10	10
0	8	10	10
0	8	10	10
0	12	10	10
0	8	10	10
0	12	10	10
0	7	10	10
3	11	10	10
3	13	10	10
0	4	10	10
4	8	10	10
0	12	10	10
3	8	10	10
0	4	10	10
0	8	10	10
0	4	10	10
0	8	10	10
0	5	10	10
0	5	10	10
0	5	10	10
0	4	10	10
0	8	10	10
2	10	10	10
4	12	10	10
6	16	10	10
7	4	10	40
10	21	10	11
22	4	10	43
14	21	13	13
18	14	10	10
18	11	10	20
12	14	10	14
4	4	10	10
0	8	10	10
1	2	10	10
1	3	10	10
1	7	10	10
0	4	10	10
0	8	10	10
0	7	10	10
0	3	10	10
0	7	10	10
3	11	10	10
7	10	10	10
10	9	10	10
3	1	10	10
15	7	10	10
10	4	10	10
4	8	10	10
0	12	10	10
3	8	10	10
3	12	10	10
0	3	10	10
0	7	10	10
0	2	10	10
0	2	10	10
0	2	10	10
0	6	10	10
3	10	10	10
6	5	10	10
9	9	10	10
12	12	10	10
15	2	10	10
9	5	10	10
12	8	10	10
14	0	10	10
18	4	10	10
12	7	10	10
7	11	10	10
1	2	10	10
1	5	10	10
2	9	10	10
2	6	10	10
0	10	10	10
0	6	10	10
0	10	10	10
0	6	10	10
0	6	10	10
0	6	10	10
0	6	10	10
0	6	10	10
0	6	10	10
3	10	10	10
0	7	10	10
0	11	10	10
0	7	10	10
0	7	10	10
0	3	10	10
0	4	10	10
0	3	10	10
0	3	10	10
0	3	10	10
0	3	10	10
0	3	10	10
3	7	10	10
0	3	10	10
0	7	10	10
0	4	10	10
0	8	10	10
3	11	10	10
0	8	10	10
3	12	10	10
0	3	10	10
3	6	10	10
0	10	10	10
0	5	10	10
0	9	10	10
0	5	10	10
0	9	10	10
0	4	10	10
0	8	10	10
0	4	10	10
0	8	10	10
0	9	10	10
0	9	10	10
0	9	10	10
0	9	10	10
0	9	10	10
0	4	10	10
0	8	10	10
0	6	10	10
0	6	10	10
0	6	10	10
0	10	10	10
4	7	10	10
0	11	10	10
0	6	10	10
0	6	10	10
0	6	10	10
0	6	10	10
0	1	10	10
0	1	10	10
0	1	10	10
0	1	10	10
0	1	10	10
0	1	10	10
0	1	10	10
0	1	10	10
0	1	10	10
0	1	10	10
0	1	10	10
0	1	10	10
0	1	10	10
0	2	10	10
0	2	10	10
0	2	10	10
0	6	10	10
0	1	10	10
0	1	10	10
0	1	10	10
0	1	10	10
0	1	10	10
0	1	10	10
0	1	10	10
0	1	10	10
0	1	10	10
0	1	10	10
0	2	10	10
0	2	10	10
0	2	10	10
0	2	10	10
0	2	10	10
0	6	10	10
0	1	10	10
0	1	10	10
0	1	10	10
0	1	10	10
0	1	10	10
0	1	10	10
0	1	10	10
0	1	10	10
0	1	10	10
0	2	10	10
0	2	10	10
0	2	10	10
0	2	10	10
0	2	10	10
0	2	10	10
0	2	10	10
0	2	10	10
0	6	10	10
0	1	10	10
0	1	10	10
0	5	10	10
0	6	10	10
0	10	10	10
0	4	10	10
0	4	10	10
0	5	10	10
0	5	10	10
0	5	10	10
0	5	10	10
0	5	10	10
0	5	10	10
0	5	10	10
0	0	10	10
0	0	10	10
0	0	10	10
0	0	10	10
0	0	10	10
0	0	10	10
0	0	10	10
0	0	10	10
0	0	10	10
0	1	10	10
0	1	10	10
0	1	10	10
0	1	10	10
0	1	10	10
0	1	10	10
0	1	10	10
0	5	10	10
0	0	10	10
0	0	10	10
0	0	10	10
0	0	10	10
0	0	10	10
0	0	10	10
0	1	10	10
0	1	10	10
0	1	10	10
0	1	10	10
0	1	10	10
4	5	10	10
8	9	10	10
2	6	10	10
0	6	10	10
0	6	10	10
0	10	10	10
0	7	10	10
0	1	10	10
0	1	10	10
0	1	10	10
0	2	10	10
0	2	10	10
0	2	10	10
0	2	10	10
0	2	10	10
0	2	10	10
0	2	10	10
0	2	10	10
0	2	10	10
0	2	10	10
0	2	10	10
0	2	10	10
0	3	10	10
0	3	10	10
0	3	10	10
0	3	10	10
0	3	10	10
0	3	10	10
0	3	10	10
0	3	10	10
0	7	10	10
0	2	10	10
0	2	10	10
0	2	10	10
0	2	10	10
0	2	10	10
0	2	10	10
0	3	10	10
0	3	10	10
0	3	10	10
0	3	10	10
0	3	10	10
0	3	10	10
0	3	10	10
0	3	10	10
0	3	10	10
0	3	10	10
0	3	10	10
0	3	10	10
0	4	10	10
0	4	10	10
0	4	10	10
0	4	10	10
0	4	10	10
0	4	10	10
0	4	10	10
0	4	10	10
0	4	10	10
0	4	10	10
0	4	10	10
0	4	10	10
0	4	10	10
0	5	10	10
0	5	10	10
0	5	10	10
0	5	10	10
0	5	10	10
0	5	10	10
0	5	10	10
0	5	10	10
0	0	10	10
0	0	10	10
0	0	10	10
0	0	10	10
0	0	10	10
0	0	10	10
0	0	10	10
0	0	10	10
0	0	10	10
0	1	10	10
0	1	10	10
0	1	10	10
0	1	10	10
0	1	10	10
0	1	10	10
0	1	10	10
0	1	10	10
0	1	10	10
0	1	10	10
0	1	10	10
0	1	10	10
0	2	10	10
0	2	10	10
0	2	10	10
0	2	10	10
0	2	10	10
0	2	10	10
0	2	10	10
0	2	10	10
0	2	10	10
0	2	10	10
0	2	10	10
0	2	10	10
0	2	10	10
0	3	10	10
0	3	10	10
0	3	10	10
0	3	10	10
0	3	10	10
0	3	10	10
0	3	10	10
0	3	10	10
0	3	10	10
0	3	10	10
0	3	10	10
0	3	10	10
0	3	10	10
0	4	10	10
0	4	10	10
0	4	10	10
0	4	10	10
0	4	10	10
0	4	10	10
0	4	10	10
0	4	10	10
0	4	10	10
0	4	10	10
0	4	10	10
0	4	10	10
0	5	10	10
0	5	10	10
0	5	10	10
0	5	10	10
0	5	10	10
0	5	10	10
0	5	10	10
0	5	10	10
0	0	10	10
0	0	10	10
0	0	10	10
0	0	10	10
0	0	10	10
0	0	10	10
0	0	10	10
0	0	10	10
0	0	10	10
0	1	10	10
0	1	10	10
0	1	10	10
0	1	10	10
0	1	10	10
0	1	10	10
0	1	10	10
0	1	10	10
0	1	10	10
0	1	10	10
0	1	10	10
0	1	10	10
0	1	10	10
0	2	10	10
0	2	10	10
0	2	10	10
0	2	10	10
0	2	10	10
0	2	10	10
0	2	10	10
0	2	10	10
0	2	10	10
0	2	10	10
0	2	10	10
0	2	10	10
0	3	10	10
0	3	10	10
0	3	10	10
0	3	10	10
0	3	10	10
0	3	10	10
0	3	10	10
0	3	10	10
0	3	10	10
0	3	10	10
0	3	10	10
0	3	10	10
0	3	10	10
0	4	10	10
0	4	10	10
0	4	10	10
0	4	10	10
0	4	10	10
0	4	10	10
0	4	10	10
0	4	10	10
0	4	10	10
0	4	10	10
0	4	10	10
0	4	10	10
0	4	10	10
0	5	10	10
0	5	10	10
0	5	10	10
0	5	10	10
0	5	10	10
0	5	10	10
0	5	10	10
0	0	10	10
0	0	10	10
0	0	10	10
0	0	10	10
0	0	10	10
0	0	10	10
0	0	10	10
0	0	10	10
0	0	10	10
0	1	10	10
0	1	10	10
0	1	10	10
0	1	10	10
0	1	10	10
0	1	10	10
0	1	10	10
0	1	10	10
0	1	10	10
0	1	10	10
0	1	10	10
0	1	10	10
0	1	10	10
0	2	10	10
0	2	10	10
0	2	10	10
0	2	10	10
0	2	10	10
0	2	10	10
0	2	10	10
0	2	10	10
0	2	10	10
0	2	10	10
0	2	10	10
0	2	10	10
0	2	10	10
0	3	10	10
0	3	10	10
0	3	10	10
0	3	10	10
0	3	10	10
0	3	10	10
0	3	10	10
0	3	10	10
0	3	10	10
0	3	10	10
0	3	10	10
0	3	10	10
0	4	10	10
0	4	10	10
0	4	10	10
0	4	10	10
0	4	10	10
0	4	10	10
0	4	10	10
0	4	10	10
0	4	10	10
0	4	10	10
0	4	10	10
0	4	10	10
0	4	10	10
0	5	10	10
0	5	10	10
0	5	10	10
0	5	10	10
0	5	10	10
0	5	10	10
0	5	10	10
0	5	10	10
0	5	10	10
0	9	10	10
0	4	10	10
0	4	10	10
0	4	10	10
0	4	10	10
0	5	10	10
0	5	10	10
0	5	10	10
0	5	10	10
0	5	10	10
0	5	10	10
0	5	10	10
0	5	10	10
0	5	10	10
0	5	10	10
0	5	10	10
0	5	10	10
0	5	10	10
0	5	10	10
0	5	10	10
0	5	10	10
0	5	10	10
0	5	10	10
0	5	10	10
0	5	10	10
0	5	10	10
0	5	10	10
0	5	10	10
0	5	10	10
0	6	10	10
0	6	10	10
0	6	10	10
0	6	10	10
0	6	10	10
0	6	10	10
0	6	10	10
0	6	10	10
0	6	10	10
0	1	10	10
0	1	10	10
0	1	10	10
0	1	10	10
0	1	10	10
0	1	10	10
0	1	10	10
0	2	10	10
0	2	10	10
0	2	10	10
0	2	10	10
0	2	10	10
0	2	10	10
0	2	10	10
0	2	10	10
0	2	10	10
0	2	10	10
0	2	10	10
0	2	10	10
0	2	10	10
0	3	10	10
0	3	10	10
0	3	10	10
0	3	10	10
0	3	10	10
0	3	10	10
0	3	10	10
0	3	10	10
0	3	10	10
0	3	10	10
0	3	10	10
0	3	10	10
0	4	10	10
0	4	10	10
0	4	10	10
0	4	10	10
0	4	10	10
0	3	10	10
0	3	10	10
0	4	10	10
0	4	10	10
0	4	10	10
0	4	10	10
0	4	10	10
0	4	10	10
0	4	10	10
0	4	10	10
0	4	10	10
0	4	10	10
0	4	10	10
0	4	10	10
0	4	10	10
0	5	10	10
0	5	10	10
0	5	10	10
0	5	10	10
0	5	10	10
0	5	10	10
0	5	10	10
0	5	10	10
0	5	10	10
0	5	10	10
3	9	10	10
7	8	10	10
0	8	10	10
3	12	10	10
6	15	10	10
9	5	10	10
12	8	10	10
2	11	10	10
5	14	10	10
9	4	10	10
13	7	10	10
15	10	10	10
18	13	10	10
30	16	10	10
33	2	10	40
33	24	10	11
35	9	10	43
54	0	11	74
59	31	16	16
64	18	10	10
56	9	10	10
60	0	10	35
67	14	10	10
56	4	10	10
58	0	10	30
60	11	10	10
62	0	10	37
64	17	10	11
66	0	10	34
69	13	10	10
70	0	10	40
77	16	11	11
65	7	10	10
68	10	10	10
71	0	10	36
70	17	10	10
72	1	10	44
71	19	11	11
73	0	10	37
73	21	11	11
86	4	10	45
99	22	12	12
103	10	10	10
93	2	10	10
85	5	10	10
88	8	10	10
91	11	10	10
81	4	10	10
84	7	10	10
87	10	10	10
89	13	10	10
91	4	10	10
88	7	10	10
90	11	10	10
93	14	10	10
86	4	10	10
88	7	10	10
82	10	10	10
85	2	10	10
88	5	10	10
91	7	10	10
94	11	10	10
97	1	10	10
92	5	10	10
94	8	10	10
97	11	10	10
100	14	10	10
103	4	10	10
106	7	10	10
109	11	10	10
112	14	10	10
104	4	10	10
107	7	10	10
109	0	10	33
112	12	10	10
114	2	10	10
117	5	10	10
119	8	10	10
122	10	10	10
124	1	10	10
119	4	10	10
113	4	10	10
108	4	10	10
103	4	10	10
97	4	10	10
92	5	10	10
87	9	10	10
82	9	10	10
77	9	10	10
71	9	10	10
66	4	10	10
61	8	10	10
56	8	10	10
50	8	10	10
45	8	10	10
40	8	10	10
35	8	10	10
30	9	10	10
24	9	10	10
19	9	10	10
14	9	10	10
9	9	10	10
3	9	10	10
0	9	10	10
0	4	10	10
0	4	10	10
0	4	10	10
0	4	10	10
0	4	10	10
0	4	10	10
0	4	10	10
0	4	10	10
0	4	10	10
0	4	10	10
0	4	10	10
0	4	10	10
0	5	10	10
0	5	10	10
0	5	10	10
0	5	10	10
0	5	10	10
0	5	10	10
0	5	10	10
0	5	10	10
0	5	10	10
0	5	10	10
0	5	10	10
0	5	10	10
3	10	10	10
0	4	10	10
0	5	10	10
0	5	10	10
0	5	10	10
0	5	10	10
0	5	10	10
0	5	10	10
0	5	10	10
0	5	10	10
0	5	10	10
0	5	10	10
0	5	10	10
0	5	10	10
0	5	10	10
0	6	10	10
0	6	10	10
0	6	10	10
0	6	10	10
0	6	10	10
0	6	10	10
0	1	10	10
0	1	10	10
0	1	10	10
0	1	10	10
0	5	10	10
0	5	10	10
0	5	10	10
0	5	10	10
0	5	10	10
0	5	10	10
0	5	10	10
0	5	10	10
0	5	10	10
0	6	10	10
0	6	10	10
0	6	10	10
0	6	10	10
0	6	10	10
0	10	10	10
0	5	10	10
0	9	10	10
0	4	10	10
0	8	10	10
0	8	10	10
0	8	10	10
0	8	10	10
0	9	10	10
0	9	10	10
0	9	10	10
0	13	10	10
0	8	10	10
0	12	10	10
0	7	10	10
0	11	10	10
0	6	10	10
0	10	10	10
0	5	10	10
0	9	10	10
0	4	10	10
0	8	10	10
0	8	10	10
0	8	10	10
0	8	10	10
0	8	10	10
0	8	10	10
0	9	10	10
0	9	10	10
0	9	10	10
0	9	10	10
0	9	10	10
0	9	10	10
0	9	10	10
0	9	10	10
0	4	10	10
0	8	10	10
0	8	10	10
0	8	10	10
0	8	10	10
0	8	10	10
0	8	10	10
0	9	10	10
0	9	10	10
0	9	10	10
0	9	10	10
0	9	10	10
0	9	10	10
0	9	10	10
0	4	10	10
0	8	10	10
0	8	10	10
0	8	10	10
0	8	10	10
0	8	10	10
0	8	10	10
0	9	10	10
0	9	10	10
0	9	10	10
0	9	10	10
0	9	10	10
0	9	10	10
0	13	10	10
0	7	10	10
0	7	10	10
0	2	10	10
0	6	10	10
0	6	10	10
0	6	10	10
0	6	10	10
0	7	10	10
0	7	10	10
0	7	10	10
0	7	10	10
0	7	10	10
0	7	10	10
0	7	10	10
0	2	10	10
0	6	10	10
0	6	10	10
0	6	10	10
0	6	10	10
0	6	10	10
0	6	10	10
0	7	10	10
0	11	10	10
0	5	10	10
0	10	10	10
0	4	10	10
0	9	10	10
0	9	10	10
0	4	10	10
0	8	10	10
0	3	10	10
0	7	10	10
0	7	10	10
0	11	10	10
0	6	10	10
0	10	10	10
0	5	10	10
0	9	10	10
0	4	10	10
0	8	10	10
0	8	10	10
0	8	10	10
0	8	10	10
0	13	10	10
0	7	10	10
0	2	10	10
0	6	10	10
0	10	10	10
3	7	10	10
7	11	10	10
2	7	10	10
2	11	10	10
2	7	10	10
6	7	10	10
0	11	10	10
4	7	10	10
0	2	10	10
0	6	10	10
0	6	10	10
0	6	10	10
0	6	10	10
0	6	10	10
0	6	10	10
0	6	10	10
0	7	10	10
0	7	10	10
0	7	10	10
0	7	10	10
0	7	10	10
0	11	10	10
0	8	10	10
0	12	10	10
0	6	10	10
0	11	10	10
0	7	10	10
0	11	10	10
0	6	10	10
0	6	10	10
0	6	10	10
0	6	10	10
0	7	10	10
0	7	10	10
0	7	10	10
0	7	10	10
0	10	10	10
0	7	10	10
0	7	10	10
0	7	10	10
0	5	10	10
0	4	10	10
0	4	10	10
3	8	10	10
7	12	10	10
3	8	10	10
0	12	10	10
3	6	10	10
7	10	10	10
10	0	10	35
28	0	10	60
33	25	12	14
18	0	10	43
18	0	10	72
17	0	12	93
39	0	16	120
39	50	21	25
29	25	13	19
33	0	10	51
34	27	11	12
21	0	10	45
22	24	10	12
13	0	10	41
20	0	10	69
22	28	13	15
7	0	10	50
14	0	10	78
15	32	13	16
0	35	10	12
5	7	10	46
13	26	10	12
2	15	10	10
4	18	10	10
6	8	10	10
10	11	10	10
2	15	10	10
4	18	10	10
7	8	10	10
11	12	10	10
3	15	10	10
6	10	10	10
9	13	10	10
2	4	10	10
6	10	10	10
9	13	10	10
0	3	10	10
6	12	10	10
2	0	10	25
9	12	10	10
12	0	10	37
15	19	10	10
23	5	10	40
24	0	10	67
29	27	12	14
37	0	10	46
39	19	10	12
51	3	10	45
53	0	10	70
20	29	15	15
19	0	10	49
21	21	10	10
23	7	10	40
33	22	10	11
36	0	10	39
37	20	10	11
49	0	10	40
51	0	10	68
53	28	12	14
56	0	10	46
58	24	10	12
61	0	10	42
63	17	10	11
67	0	10	32
69	15	10	10
77	0	10	30
79	16	10	10
78	0	10	29
80	13	10	10
78	0	10	28
81	10	10	10
80	0	10	36
82	19	10	10
85	0	10	33
80	17	10	10
83	0	10	31
84	16	10	10
87	0	10	30
89	16	10	10
80	0	10	29
83	13	10	10
88	0	10	26
89	24	10	10
81	10	10	40
82	11	11	11
86	15	10	10
89	1	10	40
76	16	10	11
77	1	10	43
50	19	10	11
53	9	10	10
56	12	10	10
59	2	10	10
62	6	10	10
65	9	10	10
68	12	10	10
60	2	10	10
64	8	10	10
58	11	10	10
61	14	10	10
64	5	10	10
67	8	10	10
70	0	10	10
64	4	10	10
68	7	10	10
70	10	10	10
73	14	10	10
76	3	10	10
71	7	10	10
74	10	10	10
77	13	10	10
80	16	10	10
81	18	10	10
84	20	10	10
74	16	10	10
78	9	10	10
82	13	10	10
85	16	10	10
79	15	10	10
83	8	10	10
86	11	10	10
90	14	10	10
93	13	10	10
95	17	10	10
97	18	10	10
88	17	10	10
91	8	10	10
95	11	10	10
98	14	10	10
101	16	10	10
104	13	10	10
98	16	10	10
110	8	10	10
99	11	10	10
102	14	10	10
105	10	10	10
107	13	10	10
110	12	10	10
101	11	10	10
104	8	10	10
108	11	10	10
111	11	10	10
115	11	10	10
119	10	10	10
115	13	10	10
118	12	10	10
120	14	10	10
122	14	10	10
125	16	10	10
128	16	10	10
129	18	10	10
144	19	10	10
147	21	10	10
148	23	10	10
139	26	10	10
142	18	10	10
145	21	10	10
135	24	10	10
139	16	10	10
141	20	10	10
144	23	10	10
147	26	10	10
150	29	10	10
141	28	10	10
143	27	10	10
145	31	10	10
148	33	10	10
150	36	10	10
153	39	10	10
156	42	10	10
146	33	10	10
149	22	10	10
139	25	10	10
143	17	10	10
133	20	10	10
135	21	10	10
138	11	10	10
153	1	10	10
156	0	10	33
156	17	10	10
158	2	10	42
160	20	10	11
162	4	10	44
163	22	10	11
154	6	10	45
155	24	12	12
142	0	10	42
145	22	10	11
147	7	10	44
134	24	11	11
122	13	10	10
125	0	10	39
113	21	10	11
117	6	10	43
118	23	11	11
105	0	10	38
107	20	10	11
110	0	10	36
97	19	10	10
99	4	10	42
93	21	11	11
96	0	10	38
97	20	10	11
88	0	10	34
90	18	10	10
79	0	10	32
81	17	10	10
83	0	10	32
79	17	10	10
81	0	10	33
61	17	10	10
63	0	10	31
66	16	10	10
68	6	10	10
71	9	10	10
61	12	10	10
51	2	10	10
54	9	10	10
45	12	10	10
47	2	10	10
40	8	10	10
44	10	10	10
46	2	10	10
38	4	10	10
41	7	10	10
33	10	10	10
36	0	10	36
38	19	10	10
41	11	10	10
36	0	10	37
39	21	10	10
29	11	10	10
20	0	10	26
22	15	10	10
25	0	10	28
27	12	10	10
18	2	10	10
20	0	10	31
21	16	10	10
33	6	10	10
37	10	10	10
27	0	10	10
21	4	10	10
24	8	10	10
27	11	10	10
30	2	10	10
26	5	10	10
29	8	10	10
32	0	10	34
33	18	10	10
35	0	10	32
38	14	10	10
40	17	10	10
32	7	10	10
36	10	10	10
32	2	10	10
36	6	10	10
32	9	10	10
35	0	10	10
30	4	10	10
33	8	10	10
45	11	10	10
48	1	10	10
42	5	10	10
46	7	10	10
49	10	10	10
52	14	10	10
55	17	10	10
47	20	10	10
39	10	10	10
42	2	10	10
45	6	10	10
48	9	10	10
52	1	10	10
55	5	10	10
59	9	10	10
53	13	10	10
53	4	10	10
57	8	10	10
53	12	10	10
57	9	10	10
51	8	10	10
55	12	10	10
59	8	10	10
63	7	10	10
57	11	10	10
61	7	10	10
65	7	10	10
69	7	10	10
65	11	10	10
69	8	10	10
73	8	10	10
67	8	10	10
71	5	10	10
75	9	10	10
79	6	10	10
83	9	10	10
77	6	10	10
81	10	10	10
75	7	10	10
70	11	10	10
64	2	10	10
59	5	10	10
53	9	10	10
48	4	10	10
42	8	10	10
37	3	10	10
32	0	10	10
27	0	10	10
21	0	10	10
16	0	10	10
11	0	10	10
5	0	10	10
0	0	10	10
4	0	10	10
0	0	10	10
3	0	10	10
0	0	10	10
3	0	10	10
0	4	10	10
3	8	10	10
7	4	10	10
2	8	10	10
6	12	10	10
0	7	10	10
4	11	10	10
0	14	10	10
0	5	10	10
4	9	10	10
0	9	10	10
3	3	10	10
0	7	10	10
3	2	10	10
0	6	10	10
3	10	10	10
0	4	10	10
0	8	10	10
0	3	10	10
0	7	10	10
0	11	10	10
0	15	10	10
0	9	10	10
0	4	10	10
0	8	10	10
0	2	10	10
0	2	10	10
0	2	10	10
0	2	10	10
0	2	10	10
0	7	10	10
0	11	10	10
0	7	10	10
0	4	10	10
0	8	10	10
0	5	10	10
0	9	10	10
0	4	10	10
0	8	10	10
0	3	10	10
0	7	10	10
0	11	10	10
0	5	10	10
0	9	10	10
0	4	10	10
0	8	10	10
0	4	10	10
0	8	10	10
0	4	10	10
0	8	10	10
0	5	10	10
0	9	10	10
0	5	10	10
0	9	10	10
0	6	10	10
0	10	10	10
0	6	10	10
0	11	10	10
0	1	10	10
0	5	10	10
3	9	10	10
7	0	10	10
11	0	10	10
14	4	10	10
18	8	10	10
13	12	10	10
7	16	10	10
1	10	10	10
5	14	10	10
0	10	10	10
4	14	10	10
0	13	10	10
3	9	10	10
0	13	10	10
0	8	10	10
0	12	10	10
0	7	10	10
0	7	10	10
0	7	10	10
0	7	10	10
0	7	10	10
0	7	10	10
0	7	10	10
0	7	10	10
0	7	10	10
0	2	10	10
0	6	10	10
0	10	10	10
0	5	10	10
0	9	10	10
0	3	10	10
0	3	10	10
0	3	10	10
0	3	10	10
0	3	10	10
0	4	10	10
0	4	10	10
0	8	10	10
0	2	10	10
0	2	10	10
0	3	10	10
0	3	10	10
0	3	10	10
0	3	10	10
0	3	10	10
0	3	10	10
0	3	10	10
0	3	10	10
0	3	10	10
0	3	10	10
0	3	10	10
0	3	10	10
0	3	10	10
0	3	10	10
0	3	10	10
0	3	10	10
0	3	10	10
0	3	10	10
0	3	10	10
0	3	10	10
0	3	10	10
0	3	10	10
0	3	10	10
0	3	10	10
0	3	10	10
0	2	10	10
0	2	10	10
0	2	10	10
0	2	10	10
0	2	10	10
0	2	10	10
0	2	10	10
0	2	10	10
0	1	10	10
3	1	10	10
3	5	10	10
3	9	10	10
7	3	10	10
1	7	10	10
4	11	10	10
8	4	10	10
2	8	10	10
5	8	10	10
0	11	10	10
3	2	10	10
3	6	10	10
7	10	10	10
11	13	10	10
11	28	10	10
1	20	10	10
5	10	10	10
9	13	10	10
8	3	10	10
3	10	10	10
4	0	10	35
5	17	10	10
8	7	10	10
5	9	10	10
5	12	10	10
7	4	10	10
11	8	10	10
1	11	10	10
5	2	10	10
0	6	10	10
0	9	10	10
2	7	10	10
6	10	10	10
1	2	10	10
1	6	10	10
4	6	10	10
0	10	10	10
0	4	10	10
0	8	10	10
3	5	10	10
3	5	10	10
0	5	10	10
0	5	10	10
0	5	10	10
0	9	10	10
3	5	10	10
0	8	10	10
3	9	10	10
7	12	10	10
23	0	10	31
2	12	10	10
0	9	10	10
0	13	10	10
0	9	10	10
0	3	10	10
3	6	10	10
0	10	10	10
3	4	10	10
7	7	10	10
1	7	10	10
5	11	10	10
0	7	10	10
0	4	10	10
0	7	10	10
3	7	10	10
7	10	10	10
2	5	10	10
0	9	10	10
0	4	10	10
3	8	10	10
18	10	10	10
12	10	10	10
7	1	10	10
1	5	10	10
0	9	10	10
0	9	10	10
0	4	10	10
0	8	10	10
0	2	10	10
3	6	10	10
6	9	10	10
8	0	10	38
15	15	10	11
4	6	10	10
4	13	10	10
0	7	10	10
0	2	10	10
0	2	10	10
0	2	10	10
0	6	10	10
5	18	10	10
0	13	10	10
0	8	10	10
0	8	10	10
0	2	10	10
0	2	10	10
0	3	10	10
0	3	10	10
0	3	10	10
0	3	10	10
0	7	10	10
0	2	10	10
0	2	10	10
0	6	10	10
0	6	10	10
0	6	10	10
0	6	10	10
3	10	10	10
0	5	10	10
0	5	10	10
0	9	10	10
3	13	10	10
6	16	10	10
9	19	10	10
0	9	10	10
3	12	10	10
0	3	10	10
0	8	10	10
0	7	10	10
0	2	10	10
0	2	10	10
0	2	10	10
0	2	10	10
0	2	10	10
0	3	10	10
0	3	10	10
0	7	10	10
0	11	10	10
0	15	10	10
0	9	10	10
0	4	10	10
0	3	10	10
0	4	10	10
0	4	10	10
0	4	10	10
0	4	10	10
0	4	10	10
0	4	10	10
0	4	10	10
0	8	10	10
0	8	10	10
3	3	10	10
7	3	10	10
11	3	10	10
2	6	10	10
0	10	10	10
0	6	10	10
0	10	10	10
0	4	10	10
0	4	10	10
0	4	10	10
0	4	10	10
0	4	10	10
0	3	10	10
11	0	10	38
12	20	11	11
6	14	10	10
9	0	10	40
8	15	11	13
10	19	10	10
3	9	10	10
3	12	10	10
6	3	10	10
9	6	10	10
5	4	10	20
20	11	10	10
