214	192	86	74
187	177	107	94
185	169	101	101
190	174	116	81
185	171	97	97
195	176	112	78
179	167	107	107
198	172	96	86
186	174	91	104
191	172	118	98
180	166	108	108
186	171	108	87
187	172	97	97
191	167	112	98
189	169	105	105
184	170	106	94
192	167	100	89
190	170	95	95
192	165	95	95
180	171	110	96
178	162	103	103
201	167	83	83
190	169	95	98
184	165	97	97
179	171	97	97
196	165	87	98
189	179	93	93
184	174	93	93
195	169	94	94
183	180	108	94
187	172	90	101
188	170	85	96
191	171	91	104
182	169	98	98
189	171	87	98
182	179	93	93
204	174	83	93
190	166	101	101
185	164	102	102
193	170	82	102
208	175	73	105
181	172	101	101
201	167	81	101
192	171	91	104
200	169	78	98
201	173	78	100
200	168	71	102
203	174	68	100
206	171	66	98
202	175	65	101
201	174	65	93
200	177	69	97
195	175	82	94
208	177	78	101
198	171	89	102
190	169	96	96
211	164	77	97
193	173	87	99
201	172	75	93
192	176	84	96
195	174	80	90
194	172	85	85
190	176	86	98
188	174	92	92
189	169	93	93
200	175	93	93
186	173	94	94
206	179	75	94
189	183	85	97
206	175	73	104
203	172	70	100
206	170	75	96
201	175	76	97
191	169	86	99
209	178	74	93
191	181	83	98
208	180	73	91
199	179	82	101
199	173	73	104
206	177	70	88
197	184	79	93
195	177	86	98
199	169	82	106
198	163	75	107
201	171	80	103
196	166	81	104
194	171	74	106
198	175	71	89
195	178	80	91
196	171	68	98
198	168	73	94
189	173	83	95
193	171	80	90
186	173	85	97
203	171	73	91
186	175	82	94
202	167	70	100
183	174	84	96
199	166	72	104
193	164	77	100
183	158	88	101
200	167	76	95
191	171	85	97
192	170	81	91
185	168	87	87
186	167	87	100
185	165	94	94
180	164	94	108
188	167	81	90
184	169	86	98
183	167	92	92
184	172	92	92
183	167	93	93
184	166	93	107
186	164	80	100
186	169	90	103
188	167	77	97
184	171	87	100
183	162	94	107
184	160	80	101
190	165	80	103
180	159	92	105
198	162	79	113
185	166	94	94
180	154	95	108
177	162	91	117
194	164	82	103
184	164	93	93
184	163	83	106
185	164	84	94
183	166	79	102
184	167	80	91
177	169	86	98
194	167	74	92
177	171	83	95
194	173	71	102
182	170	86	98
186	169	82	92
179	170	87	100
182	172	83	94
181	170	89	89
183	169	89	102
184	167	77	96
198	171	69	98
187	169	66	94
190	174	79	93
187	167	77	99
177	172	88	100
189	170	75	94
174	174	97	97
185	169	78	98
182	169	88	88
177	168	88	101
195	172	76	84
175	176	92	94
185	172	75	93
176	176	84	96
189	174	80	90
182	176	85	98
179	174	81	92
192	166	77	99
182	171	88	101
174	169	95	95
189	174	76	95
180	169	85	98
188	178	92	92
174	166	92	105
192	164	79	99
183	174	89	102
180	172	85	95
193	163	80	103
183	174	92	105
184	172	79	98
185	176	88	101
182	174	84	95
185	172	90	90
180	171	90	103
188	169	78	97
185	173	87	100
177	172	94	94
188	167	84	94
181	168	89	102
189	166	77	96
179	170	86	98
197	169	74	93
188	176	83	98
180	175	91	91
199	170	73	91
183	174	82	94
199	166	70	100
188	173	84	96
192	172	72	91
189	176	81	93
187	174	78	87
199	175	74	95
194	171	74	96
185	175	85	97
192	174	73	91
189	177	82	94
190	176	78	88
183	177	83	95
200	182	71	90
196	176	72	92
187	172	82	93
199	164	78	100
189	168	89	102
186	167	85	95
194	168	72	103
188	182	87	87
188	177	78	87
209	169	66	95
191	175	80	94
197	174	77	87
184	175	94	94
195	170	76	95
186	174	85	97
203	173	73	91
195	172	82	102
197	173	82	92
189	174	87	100
197	172	75	94
191	176	84	96
195	175	80	90
194	167	86	98
192	169	92	105
189	167	88	99
207	175	75	93
198	179	84	96
191	178	90	90
201	183	91	91
187	171	91	104
206	170	78	98
196	179	88	100
200	177	84	94
193	179	89	102
205	177	77	96
202	181	86	99
199	179	82	93
198	186	88	100
206	190	75	84
213	191	80	91
210	183	76	98
201	184	87	87
215	183	70	100
203	181	84	96
211	179	72	90
216	188	81	93
214	180	77	100
215	181	78	88
214	182	84	96
211	181	80	90
223	182	76	97
205	177	86	99
222	179	74	93
213	181	83	98
205	181	91	91
220	169	73	104
214	176	88	100
215	175	75	94
220	184	75	97
211	179	86	98
228	170	74	106
216	178	89	101
213	176	84	95
225	183	72	103
224	187	77	87
217	187	82	97
224	186	71	90
216	190	81	92
232	182	69	99
221	189	83	95
218	187	79	89
234	189	67	97
223	187	81	93
216	189	87	100
233	187	75	94
224	183	84	99
221	175	82	105
220	180	74	106
232	184	71	102
225	182	76	98
216	186	87	100
233	185	75	94
224	187	84	99
225	186	73	92
225	190	82	94
223	188	79	89
222	190	84	96
229	188	72	90
221	192	81	92
228	184	69	99
226	191	83	95
223	183	80	102
229	178	73	104
222	185	78	100
227	180	71	101
229	187	76	97
220	182	86	99
221	184	74	106
233	182	71	102
222	189	86	98
219	188	82	92
227	189	69	100
215	187	84	96
223	189	72	103
226	186	69	99
219	192	74	97
224	188	68	98
222	194	82	96
218	186	79	102
224	184	72	103
221	182	69	99
228	193	74	98
210	188	86	98
227	183	73	105
215	191	88	101
212	189	84	95
220	191	72	103
223	195	69	86
215	202	78	91
230	201	67	85
214	196	76	87
226	188	73	94
216	196	83	97
217	195	72	90
223	190	81	93
215	192	87	100
217	190	75	94
217	194	84	96
214	192	80	90
218	184	76	98
208	189	87	99
226	187	75	93
217	195	84	99
218	194	73	91
223	188	82	94
215	190	88	101
217	189	76	95
208	192	85	97
216	191	73	91
221	195	82	94
222	187	70	101
211	194	85	97
219	192	73	91
219	190	82	93
212	192	88	100
207	190	94	94
214	192	84	95
213	193	90	90
208	188	90	90
222	187	72	104
210	184	87	100
228	193	75	94
211	197	84	96
227	195	72	90
211	189	81	95
227	191	70	101
207	189	85	97
224	188	73	91
215	195	82	96
222	194	71	89
213	189	80	92
221	190	76	98
211	185	87	100
219	177	75	107
215	190	72	103
227	187	69	99
216	185	83	95
217	187	79	102
213	188	91	91
219	187	81	104
217	188	82	92
210	190	88	100
228	181	75	108
216	179	90	103
213	174	86	111
215	175	79	113
228	183	75	108
221	181	80	104
226	185	73	105
214	183	88	101
216	185	76	108
235	189	59	91
224	194	74	99
219	197	76	86
230	189	72	93
218	193	73	94
231	189	66	95
220	194	80	94
221	193	69	87
226	195	78	92
223	188	76	98
218	183	77	99
214	181	88	100
222	176	75	108
219	184	72	104
231	180	69	102
219	192	85	100
223	191	74	92
214	195	83	95
231	193	71	89
214	195	80	94
230	195	70	87
218	197	70	92
232	193	72	92
215	188	82	93
213	186	88	100
217	191	84	94
218	189	79	89
217	190	84	96
209	189	91	91
220	184	73	91
217	191	82	96
213	190	79	89
221	182	75	96
211	188	85	106
227	188	76	96
218	192	86	98
215	190	82	92
208	185	88	100
226	183	75	108
223	181	72	103
216	188	77	99
217	183	78	101
216	188	71	102
227	186	68	98
221	191	73	97
217	187	85	97
209	179	91	104
217	170	78	112
220	183	75	108
223	181	72	103
216	188	77	99
230	193	70	101
228	191	67	97
220	198	81	93
217	196	78	87
233	188	66	95
222	192	80	106
216	194	82	92
233	186	70	100
221	198	84	96
223	196	72	90
220	197	81	81
218	196	82	93
214	194	88	88
224	189	78	101
214	201	89	89
225	196	72	90
225	200	81	92
223	192	77	99
216	193	88	88
217	192	88	101
225	190	76	95
216	194	85	97
233	192	73	91
216	195	82	97
223	194	71	90
215	197	81	92
231	190	69	99
220	197	83	95
217	189	79	102
210	183	91	104
218	185	78	97
209	189	87	100
227	181	75	107
214	188	90	103
222	187	86	97
215	188	92	105
223	187	79	99
219	194	79	104
223	196	73	91
220	200	82	94
219	192	88	100
211	187	94	108
219	185	81	101
219	190	73	104
231	202	70	100
224	200	75	96
214	195	85	97
222	200	73	91
213	194	82	94
226	196	78	101
221	191	79	102
211	186	91	104
216	195	78	97
226	189	78	100
216	194	89	101
214	192	84	95
217	194	80	103
213	188	91	104
219	187	78	98
209	184	88	101
214	186	76	108
223	194	81	104
217	189	82	105
223	187	75	107
216	194	80	102
221	189	73	104
221	196	70	100
210	194	84	96
217	196	72	103
229	194	69	99
210	199	83	98
226	192	72	104
214	199	87	100
216	198	75	94
221	201	67	96
214	199	72	92
228	202	65	96
205	200	80	94
226	202	69	87
222	198	70	105
224	197	68	98
221	204	66	94
224	200	63	93
223	206	62	91
217	204	67	89
229	207	62	91
218	202	75	94
224	196	67	96
221	199	65	101
231	198	65	95
220	204	79	93
216	195	76	101
221	191	71	101
224	198	68	97
217	204	73	96
221	199	67	96
215	193	72	100
218	200	68	98
221	196	65	97
218	204	64	92
215	200	68	90
219	195	63	93
218	203	61	96
220	203	61	88
219	196	66	99
221	198	65	93
218	205	69	89
222	201	63	90
217	206	76	89
209	199	83	94
226	191	71	102
206	198	85	98
221	196	73	92
204	199	82	97
220	198	72	90
205	198	72	100
207	195	68	97
210	202	65	94
207	200	63	90
216	207	60	94
212	212	60	75
222	211	54	86
218	205	55	92
206	199	63	95
203	206	62	92
195	203	76	89
196	202	83	95
182	200	102	89
184	203	110	96
182	194	103	103
177	200	103	103
174	200	122	92
176	192	107	107
171	194	107	107
169	205	123	96
163	200	125	97
164	206	111	99
186	203	93	93
185	198	107	94
188	201	90	101
202	199	85	96
195	205	91	104
203	197	78	111
206	205	75	107
209	202	72	103
206	206	69	115
216	212	71	102
199	219	86	98
201	210	74	106
204	207	71	105
198	216	87	108
204	209	77	111
201	206	74	106
194	210	79	111
197	213	75	94
196	203	75	105
200	198	71	114
195	203	73	116
189	203	74	105
203	195	79	113
190	207	95	111
181	199	103	118
182	203	89	99
201	208	75	110
213	206	91	104
198	193	112	122
196	197	104	117
187	199	111	127
209	210	95	119
208	214	86	126
212	213	68	139
209	213	63	130
216	218	73	141
213	216	68	136
227	214	63	129
246	220	58	139
234	234	73	125
244	222	76	137
253	228	82	131
248	236	83	123
261	229	102	116
252	237	109	122
275	241	116	103
277	232	125	110
274	261	146	94
294	243	135	94
299	260	151	99
319	268	141	91
338	258	130	101
304	270	153	89
349	262	117	94
332	258	141	101
336	276	120	80
359	262	98	97
340	249	125	110
338	259	118	94
357	254	106	94
347	250	115	109
343	242	113	113
356	249	113	110
347	242	128	112
345	232	120	120
338	231	121	128
335	226	143	125
323	237	154	120
305	222	136	136
286	222	122	122
279	228	122	131
276	223	102	127
264	230	114	129
254	232	122	127
259	248	100	111
241	257	94	102
266	264	63	78
277	285	57	71
268	203	41	64
276	165	33	51
268	204	27	56
272	205	25	60
274	193	25	71
262	177	28	68
232	168	28	70
236	171	29	60
239	177	27	56
242	173	25	61
202	179	25	53
249	171	29	72
230	189	30	46
188	189	24	77
142	188	28	44
102	169	23	35
93	183	18	29
94	144	19	94
54	169	43	43
18	175	28	28
23	162	18	59
21	150	21	70
19	170	25	39
18	152	31	58
22	171	28	28
14	158	28	59
15	177	27	27
16	161	27	57
17	172	25	39
22	172	21	43
24	150	19	63
0	173	10	35
18	150	19	78
15	172	25	39
21	179	20	31
14	170	34	54
20	179	28	28
25	182	18	28
49	162	14	48
20	176	17	27
18	168	22	46
22	169	20	32
7	157	16	54
40	161	30	40
1	161	23	35
3	163	18	38
10	172	17	22
4	168	20	42
5	172	19	39
8	178	18	27
8	167	22	47
6	171	32	32
6	169	33	44
12	179	24	30
18	165	18	58
13	176	32	32
13	169	32	43
63	174	30	38
24	174	27	34
2	173	30	41
59	174	23	35
22	171	29	38
23	177	27	33
23	172	30	40
8	172	47	35
21	181	26	26
19	161	36	56
19	174	36	36
22	158	36	48
88	163	34	34
47	165	34	34
0	167	65	34
17	168	31	38
15	174	34	34
19	176	35	35
21	172	35	35
0	174	52	35
16	175	28	28
3	178	51	37
86	178	28	35
46	178	32	32
0	180	59	32
86	172	28	39
50	173	33	33
0	175	68	34
3	170	31	38
9	171	22	22
0	160	46	48
0	173	47	31
8	176	38	31
13	176	35	35
16	178	35	35
23	180	23	35
6	178	18	28
5	170	54	48
12	173	51	33
24	174	27	27
19	176	36	27
53	172	42	32
18	160	24	37
4	145	40	40
15	147	26	40
18	146	27	43
18	148	35	35
5	150	35	35
50	142	35	47
43	157	26	26
2	170	55	36
18	169	29	29
1	155	61	53
3	164	46	37
3	177	41	33
9	173	37	37
12	180	37	37
15	176	38	38
18	178	38	38
28	187	25	25
17	188	52	33
32	173	27	27
37	183	23	27
24	173	53	53
37	173	34	34
33	187	46	35
31	191	54	40
47	190	30	37
23	206	70	34
24	203	49	49
10	220	32	39
1	230	36	48
0	238	41	47
2	231	44	44
11	222	36	45
13	225	40	40
11	224	40	51
6	225	46	46
15	227	37	46
10	228	41	41
8	225	42	42
13	217	33	53
9	226	42	42
14	220	43	49
10	219	46	46
16	225	46	46
11	222	46	46
8	222	47	47
14	227	47	47
11	225	47	47
12	224	47	47
20	221	38	48
23	218	34	49
27	213	33	55
28	213	34	55
13	210	35	55
20	219	44	44
30	213	44	51
104	209	43	55
98	203	49	62
83	199	74	63
82	193	69	69
78	193	69	61
77	190	65	75
71	189	70	70
74	197	56	71
67	198	63	63
64	188	64	81
91	189	47	72
82	195	58	74
75	191	66	76
65	192	57	91
59	198	72	72
55	194	72	72
59	194	58	90
77	194	47	83
83	197	50	84
63	205	65	77
64	191	57	82
61	195	55	92
53	196	57	82
34	195	68	92
32	197	63	80
37	196	71	91
28	194	65	93
25	205	62	89
28	206	66	86
16	210	60	87
34	211	58	83
9	210	80	94
6	219	77	87
0	211	82	94
0	225	81	89
0	225	79	85
0	232	76	82
0	233	68	71
0	242	65	62
0	240	61	73
0	244	63	60
0	254	50	62
8	254	45	56
8	258	40	67
4	268	42	52
5	268	30	63
16	221	44	68
8	225	55	55
19	219	44	55
21	225	50	50
26	206	50	67
19	218	58	58
14	215	46	58
16	215	52	52
6	212	52	70
7	205	61	61
23	218	61	49
29	213	44	55
9	213	63	66
8	217	52	52
5	214	52	52
10	217	52	52
23	215	42	52
6	203	38	73
4	220	42	34
51	210	30	51
34	223	40	53
47	224	37	46
37	212	41	55
31	213	48	48
29	211	48	48
38	219	39	49
34	206	44	58
44	207	33	51
37	208	55	55
46	208	44	49
42	212	46	46
45	215	47	47
43	212	47	47
34	203	47	47
31	192	47	63
38	201	44	74
12	234	46	121
18	289	48	48
31	308	31	49
50	304	25	53
74	318	24	37
99	315	17	40
115	319	17	40
134	320	17	39
155	321	17	38
180	321	16	34
205	315	15	44
227	304	17	55
251	300	18	59
279	296	18	63
304	288	22	71
328	282	23	77
350	274	24	77
365	265	28	91
370	254	33	105
401	272	33	38
421	254	23	74
441	239	27	88
381	252	49	103
379	269	60	71
323	243	147	116
303	236	175	117
325	239	154	115
360	237	119	107
368	254	111	105
389	247	90	108
380	246	99	99
391	251	88	108
381	251	98	98
408	246	64	98
422	240	51	80
433	236	42	64
441	249	34	44
447	262	25	25
454	225	16	102
437	196	26	163
433	191	43	139
421	194	50	103
419	187	47	152
404	205	68	113
399	204	70	136
390	202	79	131
390	199	82	127
385	199	82	117
377	187	87	131
372	186	86	123
358	188	103	131
357	181	93	134
326	178	112	128
336	189	80	120
343	188	79	113
330	181	95	117
314	177	94	121
302	183	107	123
293	181	115	115
286	175	116	116
280	161	116	133
257	172	125	125
258	166	111	125
248	163	119	119
255	165	119	119
249	150	120	137
251	170	103	128
239	170	115	115
232	164	116	116
253	162	103	116
236	160	126	126
250	169	112	112
236	163	129	113
241	173	108	121
238	171	102	115
241	176	109	109
236	162	109	125
226	160	117	117
226	165	105	135
213	167	119	119
226	186	106	96
224	171	101	116
215	181	109	109
209	175	109	109
203	174	110	110
197	180	110	110
202	174	89	111
203	175	100	100
198	174	100	115
195	172	96	108
198	181	102	102
198	175	91	102
190	177	97	111
181	175	104	104
198	174	84	120
190	171	89	115
184	177	90	116
183	178	82	103
184	182	92	106
175	181	99	99
170	187	100	100
165	181	100	100
166	193	101	89
157	185	109	95
155	183	102	102
156	189	91	103
148	177	97	97
143	176	98	112
140	174	93	105
135	183	100	100
130	178	100	100
124	184	101	101
119	178	101	101
131	173	81	102
121	183	91	104
129	181	78	98
120	185	88	101
128	183	76	95
133	181	68	97
136	188	65	94
145	186	51	90
149	193	44	91
157	196	41	73
159	202	44	73
152	198	45	76
152	193	47	79
149	194	61	72
150	188	67	77
147	187	82	72
139	189	91	78
141	186	97	75
147	194	106	68
138	181	114	86
145	179	114	79
160	176	95	76
166	182	86	76
174	179	81	72
185	182	77	77
181	172	77	88
201	171	54	83
199	178	60	84
202	176	57	81
204	172	68	87
217	173	62	77
221	179	69	82
209	173	87	87
218	177	100	69
216	169	96	96
215	170	96	85
223	162	91	91
221	167	105	92
220	166	98	98
214	170	99	79
230	161	89	89
232	165	89	102
223	163	96	96
235	174	97	86
223	160	92	105
227	165	87	98
223	163	93	93
229	169	94	94
224	164	94	94
229	175	95	95
224	170	95	95
230	165	96	96
218	160	110	96
227	168	103	92
231	160	87	98
227	168	93	93
231	164	74	93
230	173	96	84
222	166	103	90
221	174	97	86
229	171	92	81
220	174	99	87
219	166	93	93
214	166	94	83
232	178	89	71
223	169	99	80
217	170	102	89
215	172	96	77
219	172	99	86
218	169	93	82
209	172	100	88
211	169	108	84
213	175	96	85
204	167	104	91
213	180	97	78
208	170	100	87
199	178	107	83
198	168	121	95
181	179	123	86
196	175	118	83
183	169	114	99
192	170	122	85
196	174	102	91
187	166	111	97
197	167	104	83
191	173	107	94
182	170	115	89
193	169	117	81
188	173	98	98
192	172	113	79
190	169	108	108
184	174	108	87
196	174	97	78
182	173	117	100
180	182	108	87
191	177	111	86
192	172	99	99
180	173	113	88
185	172	100	80
194	171	103	103
174	183	104	92
194	180	98	87
186	173	106	93
184	164	100	100
185	163	100	100
197	169	81	101
191	173	91	104
198	171	78	97
194	175	87	100
186	179	94	83
194	181	89	89
190	177	89	89
196	175	80	103
195	177	73	91
205	185	82	94
191	184	100	88
199	176	75	94
193	180	85	97
212	178	59	91
201	183	74	99
214	185	68	86
206	189	77	88
203	187	73	83
218	187	62	92
207	191	76	76
211	182	61	88
218	181	65	98
214	180	64	92
212	183	62	96
221	183	62	88
218	188	59	87
208	187	72	83
223	180	62	89
206	189	66	88
218	185	61	88
208	183	74	84
214	179	63	91
212	185	61	87
214	183	58	84
212	186	56	88
220	182	56	88
203	187	63	88
206	184	59	85
216	182	57	82
211	181	61	92
212	189	60	86
207	187	64	83
211	183	58	84
208	174	56	94
209	177	73	98
207	173	68	97
218	180	65	94
221	177	63	90
211	180	75	94
216	180	67	85
213	177	76	102
218	172	70	101
206	170	85	97
202	168	91	91
212	173	73	105
207	170	88	101
198	169	95	95
209	163	76	95
224	179	68	85
211	179	76	95
217	173	68	98
206	176	83	103
212	176	74	92
213	180	74	95
218	175	67	96
212	178	72	100
201	175	85	97
204	167	81	104
209	172	74	106
206	182	71	89
203	180	80	91
211	172	68	98
213	179	66	94
212	177	70	91
217	177	64	100
225	177	64	92
203	176	77	103
199	178	90	90
204	167	90	103
206	162	77	111
218	175	74	106
210	179	71	89
212	174	71	92
208	177	81	96
215	176	71	89
217	172	71	106
219	177	69	87
215	176	70	100
218	174	67	96
217	177	71	100
220	174	68	97
219	178	72	98
223	174	67	97
216	172	65	93
210	175	69	97
205	172	82	94
212	181	71	89
211	175	63	91
214	177	61	97
211	175	69	93
210	181	64	92
209	175	69	96
198	172	82	93
185	164	100	100
196	166	80	101
193	163	90	103
201	165	78	111
188	169	93	93
183	171	94	94
204	165	75	108
197	173	80	104
196	174	73	92
193	178	83	94
194	176	71	89
185	180	91	91
180	175	92	92
182	170	92	92
192	176	74	93
189	170	83	95
197	162	71	102
200	174	69	98
202	178	66	83
199	175	66	99
201	174	65	93
203	175	62	99
223	181	63	79
205	178	71	95
203	180	66	82
199	176	66	99
201	181	65	81
183	177	73	97
194	179	67	85
186	179	76	94
192	180	68	85
189	175	76	87
186	176	73	94
183	172	83	95
175	163	89	102
173	155	96	110
198	170	67	103
194	179	67	84
199	179	60	93
206	179	60	86
204	186	57	89
185	191	57	72
203	173	52	82
199	182	52	87
205	184	54	78
203	187	52	87
208	193	54	68
205	183	54	81
190	191	59	83
192	188	56	81
195	186	54	78
202	186	52	87
198	190	54	86
187	189	68	82
192	183	60	86
202	179	58	92
191	187	73	94
196	180	66	83
188	176	75	100
186	178	69	87
181	169	78	97
178	163	87	100
176	165	94	94
187	169	75	108
190	173	72	91
192	163	72	103
195	171	77	108
192	175	73	92
197	167	66	99
195	171	72	101
193	174	68	86
189	170	68	103
183	175	84	84
192	174	67	85
184	170	76	102
180	172	88	88
181	171	89	89
191	172	71	89
196	172	64	100
192	172	64	92
200	182	77	91
192	181	84	84
196	179	67	85
209	181	61	91
194	185	60	75
196	186	60	90
197	185	59	84
200	183	56	81
208	186	54	91
192	188	70	81
198	181	60	87
207	184	58	73
207	185	52	87
192	186	68	78
210	180	58	83
194	186	62	87
203	184	59	85
189	187	71	81
202	180	61	87
188	178	73	84
195	179	63	90
197	183	60	76
194	184	60	91
196	175	59	85
193	179	57	96
199	180	59	85
184	184	63	95
185	180	62	78
182	181	62	94
184	180	61	88
186	178	59	84
181	182	71	95
185	184	66	82
185	178	59	92
179	178	74	85
166	169	91	94
167	169	93	106
165	167	100	100
184	171	65	80
177	172	72	97
167	168	84	96
165	176	91	91
154	171	104	91
159	163	98	98
180	175	79	98
171	175	88	88
172	171	89	89
168	176	89	89
169	171	90	90
174	176	90	90
185	171	73	91
193	175	65	93
183	182	78	90
196	180	54	84
201	184	54	84
202	178	54	91
190	185	70	94
207	181	53	94
206	182	56	83
200	182	61	92
208	181	49	86
208	189	42	87
206	188	39	81
213	188	37	76
212	181	34	85
217	184	35	73
211	186	41	82
214	185	37	77
208	179	43	84
213	178	48	81
209	180	50	84
209	175	65	87
200	170	76	89
202	163	83	95
194	162	89	89
205	172	90	80
206	165	97	85
205	168	91	91
204	163	105	92
213	171	98	87
211	163	93	93
206	174	94	83
203	167	110	89
203	173	99	88
205	166	107	94
203	174	101	90
205	166	109	96
215	163	103	91
212	172	97	86
212	164	108	92
211	172	100	89
202	164	109	95
230	161	91	91
225	172	91	91
211	160	110	105
218	159	86	96
245	178	73	81
233	179	88	88
222	168	102	102
217	162	102	102
229	157	82	103
240	168	82	92
233	169	87	100
234	167	75	94
219	171	96	96
230	166	86	97
223	164	92	92
218	163	92	106
220	161	99	99
215	167	100	100
227	167	100	89
225	170	95	95
223	165	121	95
247	176	86	86
236	181	99	87
225	173	112	93
242	174	103	82
251	175	108	92
242	165	115	100
240	174	108	97
242	171	117	91
255	173	104	92
253	171	98	98
252	175	113	88
253	181	100	89
260	173	108	95
258	177	102	91
260	169	111	97
270	177	104	93
260	169	113	99
270	166	106	94
261	170	115	89
266	164	117	91
260	170	119	92
266	169	120	84
263	173	115	89
254	167	122	91
250	172	121	84
247	175	116	90
241	169	117	91
235	175	119	93
236	169	106	94
227	178	115	89
221	172	116	90
215	166	117	91
227	172	119	83
205	164	133	89
203	172	125	87
208	163	105	93
210	161	114	88
204	167	115	90
198	161	117	91
203	171	118	83
212	163	114	88
206	158	115	89
212	169	117	91
206	164	118	92
200	170	119	93
206	168	121	84
203	172	116	90
208	166	117	92
202	171	119	93
196	177	121	94
190	171	123	95
191	170	109	87
195	176	112	87
187	165	119	99
178	168	125	98
187	179	111	89
181	185	114	89
186	180	116	90
180	185	117	91
182	180	104	92
181	177	118	87
176	182	117	91
170	176	118	92
164	181	119	93
170	180	121	85
167	184	117	91
161	178	118	92
173	177	119	83
170	174	115	100
168	188	108	86
179	178	111	97
169	169	119	104
167	171	112	89
172	171	115	100
151	180	123	97
164	179	125	88
161	182	121	94
155	176	122	95
160	187	124	86
158	179	119	92
170	178	120	84
167	187	115	90
172	176	117	102
170	167	110	88
181	179	113	87
175	184	114	88
181	179	115	90
175	173	117	91
179	172	122	83
177	174	115	89
171	163	117	102
169	165	109	87
172	171	115	87
167	159	115	101
176	161	124	87
163	164	119	93
182	163	105	84
176	164	108	95
167	161	116	90
161	166	118	91
173	165	119	83
170	168	115	89
164	162	116	91
169	168	118	82
165	172	117	88
177	165	117	91
161	171	119	92
173	170	120	84
170	173	115	89
183	172	102	81
172	173	114	92
177	167	117	92
178	166	104	83
181	178	110	83
187	172	110	85
181	166	111	86
187	172	113	88
192	171	114	80
188	174	113	85
207	172	99	79
193	163	118	89
207	178	103	82
210	168	109	92
213	165	115	89
207	177	117	91
218	160	118	92
220	166	104	93
222	179	113	79
219	167	108	95
221	158	117	102
219	167	109	87
231	178	98	78
235	162	101	101
236	174	90	81
248	177	86	86
237	172	98	86
266	164	74	93
258	168	83	95
261	166	79	89
272	170	67	85
268	165	68	87
281	169	61	88
260	181	74	74
256	172	74	85
269	170	64	80
285	165	57	82
266	167	69	88
265	168	62	78
263	163	70	80
268	166	75	67
256	168	71	71
257	164	72	72
268	163	64	72
262	157	68	78
256	158	73	73
256	154	73	73
257	158	74	84
236	156	91	79
234	159	85	76
247	157	81	72
249	164	76	76
245	160	77	77
246	160	77	69
249	154	73	73
250	163	73	73
257	159	59	74
262	175	66	66
255	172	66	66
251	176	67	67
259	172	67	67
256	169	67	67
256	180	60	60
248	177	69	60
252	172	65	65
253	168	65	65
253	183	58	52
255	184	55	55
245	181	63	55
223	176	60	60
238	173	60	60
235	177	60	60
223	178	60	60
220	174	61	61
206	174	81	61
199	165	81	71
198	171	76	61
193	169	78	68
181	172	73	65
180	174	69	69
181	179	70	62
174	181	76	66
173	184	71	63
174	182	77	60
178	193	78	54
181	188	65	58
190	185	62	62
187	186	62	62
194	182	62	62
191	181	63	63
188	181	63	72
184	179	68	68
176	176	78	68
164	185	73	58
180	182	65	58
165	172	71	71
151	181	71	57
166	185	64	64
158	182	74	64
147	180	69	69
164	184	69	55
151	173	71	71
137	179	71	57
157	179	64	64
149	176	74	64
140	174	69	69
157	183	62	69
139	181	77	66
128	179	91	64
145	185	77	61
137	181	86	61
135	180	83	73
127	173	90	78
126	184	84	67
113	176	86	75
111	177	93	65
115	184	78	69
108	182	85	66
103	187	86	67
99	178	87	76
92	176	94	73
93	184	83	66
88	179	85	74
87	189	80	64
92	181	72	72
76	190	82	72
95	191	62	62
81	183	71	71
77	179	71	71
74	184	72	72
70	180	72	72
78	183	58	83
74	186	69	69
70	180	70	80
47	187	86	75
73	181	64	81
53	188	83	83
48	188	83	74
52	186	79	70
43	189	74	74
52	185	75	75
42	194	86	75
35	187	92	81
53	194	77	69
46	188	84	73
39	185	90	79
37	187	85	85
47	187	85	76
45	180	81	81
55	190	81	81
60	186	82	82
65	186	82	73
84	185	62	78
89	180	70	80
91	179	75	75
99	188	60	75
97	186	68	78
103	184	58	73
93	180	65	75
101	169	56	89
110	178	57	82
100	178	68	78
83	187	59	94
88	193	48	75
108	180	39	94
107	177	49	95
105	183	68	91
79	179	79	91
71	177	85	98
80	169	59	105
89	183	51	106
94	183	59	99
89	184	61	88
97	175	59	99
73	182	76	102
41	173	71	102
63	175	68	109
59	177	69	115
84	171	58	120
76	190	67	112
65	183	56	116
96	174	53	126
92	189	53	127
87	184	53	128
102	187	54	132
95	183	67	131
57	167	95	126
94	177	88	147
106	190	91	134
94	183	111	138
103	174	124	142
106	172	133	133
113	180	153	134
110	167	144	144
108	160	165	144
112	173	178	138
131	164	157	140
134	177	170	132
153	168	151	134
155	157	164	143
142	152	176	138
180	161	156	139
163	149	174	148
189	143	161	143
175	156	175	136
213	147	155	137
199	152	167	146
223	138	157	157
203	157	180	140
233	148	160	142
247	144	151	134
233	157	164	143
248	128	154	154
240	155	154	137
261	143	146	146
254	141	146	146
262	150	147	147
263	142	131	147
275	139	140	140
268	147	140	140
293	148	125	125
286	141	126	126
294	149	126	126
287	142	127	127
280	150	127	127
308	143	102	128
285	135	115	131
274	133	123	123
288	139	99	141
279	136	105	136
286	151	96	120
293	152	86	108
292	145	77	111
289	157	74	110
285	147	72	121
303	130	61	126
294	134	70	109
304	130	70	109
303	125	70	109
314	125	70	100
302	123	84	96
320	137	91	91
295	125	104	104
318	138	84	84
302	119	107	96
289	122	102	102
312	127	82	82
282	131	110	94
280	132	102	81
274	127	105	81
279	127	118	93
275	116	84	105
291	127	75	94
278	124	68	97
258	122	65	93
267	120	62	90
265	130	60	89
244	128	73	84
258	124	63	90
237	135	76	87
216	128	93	93
204	116	107	107
199	133	108	86
192	123	111	97
190	137	104	93
181	129	113	99
171	138	121	94
173	132	107	95
163	130	116	90
158	135	117	91
159	124	104	104
154	118	104	104
148	130	105	93
146	128	99	88
137	120	108	94
135	128	101	90
137	133	110	85
131	133	111	97
129	129	104	93
127	125	99	99
122	120	99	99
122	142	89	80
120	129	85	97
112	137	91	91
107	133	91	91
111	138	82	92
104	139	87	87
114	138	70	88
110	145	70	92
100	141	81	92
107	133	69	99
105	141	66	103
112	150	54	95
107	154	57	96
102	156	60	86
100	155	57	96
95	159	59	85
108	150	46	96
92	162	53	89
97	156	45	93
102	152	52	100
91	150	58	97
91	153	60	101
78	147	78	104
92	142	72	104
80	148	87	102
88	141	76	108
82	144	91	104
80	139	98	112
78	137	105	105
91	143	106	106
85	142	106	121
94	140	101	114
96	150	123	108
86	140	133	116
105	142	124	99
110	135	128	128
103	155	128	102
124	143	115	115
109	137	132	116
112	147	142	110
127	146	144	100
123	143	138	121
112	161	148	115
150	160	131	105
142	147	135	118
131	144	145	113
162	157	128	102
155	145	132	115
166	162	124	110
155	152	134	117
175	149	126	112
163	147	136	119
161	148	128	114
192	151	121	97
185	143	125	125
178	144	125	111
175	142	119	119
197	147	119	106
194	142	113	113
201	136	113	113
206	143	91	114
219	136	102	117
210	146	110	110
204	140	110	110
211	147	111	111
205	141	111	111
196	148	142	112
198	141	127	113
216	138	120	107
197	129	145	114
236	150	83	103
227	143	124	106
225	133	116	116
219	126	116	116
213	147	117	104
221	138	126	110
207	128	119	119
233	136	95	106
215	126	121	115
211	139	119	119
212	133	119	119
218	126	96	120
225	138	107	123
215	136	115	115
221	143	93	116
217	143	104	104
222	138	84	105
228	138	94	107
210	133	101	115
230	131	87	108
219	136	97	121
227	143	87	97
235	149	82	105
224	144	93	107
237	142	80	100
243	147	72	112
234	146	80	106
248	141	74	106
236	147	71	105
244	143	77	104
238	147	80	108
252	143	74	106
245	149	79	105
243	144	73	105
246	147	70	110
252	146	70	104
248	155	69	107
250	146	76	115
241	145	84	108
240	146	76	95
246	142	68	114
242	154	79	102
241	149	72	103
253	152	69	108
244	152	69	99
255	147	66	106
237	160	84	101
244	159	93	93
246	154	93	93
257	149	94	94
252	154	94	108
254	152	101	101
249	146	102	102
261	134	82	117
274	142	78	112
267	146	84	108
256	147	96	96
277	135	77	110
265	147	92	109
272	150	80	101
278	154	72	103
266	151	87	99
278	143	75	107
271	149	80	105
276	145	74	105
269	156	79	104
264	151	91	104
272	149	78	98
263	159	88	100
271	150	75	108
274	158	72	104
277	156	69	100
276	166	74	98
274	161	76	101
278	156	70	101
290	162	68	100
283	159	73	97
283	168	75	100
284	162	77	102
288	169	71	111
280	169	80	102
285	154	73	104
292	158	70	117
292	176	72	104
268	173	87	100
276	171	75	107
279	169	72	103
282	177	69	107
277	171	69	86
277	158	62	104
277	171	64	108
286	171	67	98
271	170	65	93
265	156	69	89
256	158	79	106
270	164	73	105
267	175	70	104
269	189	69	115
260	202	89	111
264	202	80	100
264	183	90	103
261	168	86	97
284	136	73	105
265	149	78	118
274	178	64	120
266	181	70	104
244	192	68	115
244	210	71	111
255	197	71	102
244	201	86	114
248	189	79	99
275	152	58	102
251	148	77	103
255	135	72	103
253	156	86	99
261	154	74	93
246	155	95	111
244	160	103	92
258	169	98	98
253	174	98	98
248	169	99	99
252	187	88	99
248	194	108	108
224	201	124	108
248	191	103	116
239	194	110	98
229	198	119	104
219	194	128	99
251	212	91	91
240	201	104	104
234	205	105	93
236	201	113	113
230	214	114	101
246	205	108	108
240	200	108	108
247	201	109	109
241	214	109	97
243	205	119	104
241	215	111	99
243	210	121	105
233	200	129	113
230	210	122	108
224	220	132	92
233	229	127	88
242	219	121	106
221	215	130	101
227	222	132	92
224	215	127	111
222	216	119	95
225	218	126	95
227	211	110	98
243	203	104	104
230	201	120	105
220	206	129	100
226	199	130	101
227	218	115	92
232	212	119	92
226	208	120	105
216	212	129	100
209	224	131	91
225	221	126	110
223	236	118	94
214	243	125	94
221	248	125	97
203	254	127	98
209	248	128	100
203	235	130	114
205	237	140	98
202	233	134	94
199	237	129	100
214	248	114	91
207	255	117	91
213	261	119	83
210	264	114	88
221	258	115	90
227	264	117	91
204	265	122	92
211	275	121	84
226	261	116	98
217	262	122	85
229	261	123	91
225	254	122	95
218	266	123	93
232	268	123	86
227	267	121	92
234	261	121	94
228	263	123	86
236	261	118	98
228	266	123	86
237	263	119	96
249	258	107	95
229	256	116	90
235	244	117	103
225	258	126	88
234	250	121	94
213	255	123	96
233	250	109	97
230	252	103	82
224	242	106	93
226	233	114	100
235	264	86	86
222	260	86	86
227	236	87	99
219	235	93	93
219	240	83	94
212	238	89	89
201	244	102	89
221	241	85	85
210	245	98	98
201	245	113	87
225	239	88	88
221	238	89	89
210	239	102	89
208	231	96	96
225	238	97	86
207	224	105	105
219	247	84	84
215	236	85	97
222	238	73	104
234	242	70	87
215	246	78	90
242	230	54	96
245	231	58	86
254	229	57	84
259	226	55	82
256	226	54	90
252	228	56	80
261	219	54	77
256	216	57	76
259	206	53	89
250	201	69	92
249	198	64	92
238	192	77	95
253	207	69	86
245	200	77	91
237	200	84	84
242	186	85	85
240	185	85	98
233	177	92	105
262	192	79	98
258	203	88	88
253	198	89	89
255	197	89	102
263	204	96	85
261	207	91	91
281	193	73	92
280	196	94	94
295	182	76	95
280	186	97	97
275	180	98	98
275	186	87	98
284	184	93	93
282	179	94	94
288	185	94	94
288	180	84	95
301	187	80	102
291	188	91	91
296	187	91	104
299	185	98	98
294	196	99	88
288	189	107	93
314	201	80	80
323	191	81	92
316	190	87	87
321	185	87	87
313	174	100	100
325	176	80	101
331	186	90	90
319	181	104	91
338	190	78	98
329	190	88	88
324	186	88	88
313	181	101	89
322	184	95	95
317	179	96	96
312	184	96	96
307	179	97	97
318	179	97	86
310	188	105	92
301	179	113	99
299	176	106	94
297	180	101	89
298	172	109	95
296	169	102	91
298	162	111	97
289	159	119	93
290	152	105	94
281	150	115	89
275	156	116	90
286	154	117	82
284	158	113	88
285	147	100	100
273	147	115	89
291	141	102	90
282	144	110	96
280	135	104	104
275	147	104	93
277	145	113	88
271	145	114	100
281	141	107	95
271	150	116	90
265	149	118	82
274	152	113	88
275	146	100	90
277	155	109	84
252	160	129	86
251	159	121	84
248	163	116	90
242	157	117	91
226	151	119	92
227	162	105	84
233	157	84	84
229	147	84	96
221	145	91	91
225	161	73	81
240	162	61	88
238	159	59	87
217	162	72	89
209	156	81	93
230	155	69	87
218	158	62	90
216	154	60	90
