197	216	106	39
182	218	109	35
171	193	105	40
170	179	107	42
138	182	96	36
111	165	107	46
87	166	94	45
85	169	101	42
71	184	101	35
71	180	102	44
71	190	104	36
91	196	101	37
101	206	104	39
107	228	92	35
103	245	103	37
118	252	102	33
125	259	100	32
127	265	97	31
126	263	110	36
138	263	98	38
150	253	96	33
156	254	97	31
158	241	93	35
156	242	97	34
157	241	95	37
144	244	99	32
145	242	97	36
135	244	92	32
135	244	93	35
121	244	97	34
121	246	98	31
123	244	95	36
131	244	100	38
145	245	95	36
147	248	91	32
148	235	89	35
147	235	93	36
148	226	91	31
149	224	91	34
151	224	87	36
152	213	87	36
149	213	96	36
148	215	98	32
154	222	87	31
155	226	86	33
153	226	91	34
152	232	93	33
157	231	95	36
157	234	97	32
168	234	86	33
186	236	83	29
187	235	82	32
186	235	85	33
188	235	90	34
194	237	80	30
196	228	76	29
194	227	81	30
194	227	83	32
195	227	80	33
190	228	69	31
187	229	77	30
178	234	74	31
179	234	74	31
161	239	74	31
162	239	74	31
162	244	74	31
163	244	74	31
164	245	81	31
188	246	67	30
208	224	64	29
212	225	71	28
215	215	69	28
215	216	69	28
216	207	69	28
216	207	69	28
209	207	64	28
193	208	66	27
196	208	61	27
195	209	64	27
195	209	65	27
198	209	61	28
200	214	55	27
184	212	61	30
186	214	57	27
188	216	53	31
179	220	54	31
179	220	55	32
179	220	56	32
179	220	57	33
169	223	58	28
171	207	55	31
171	207	56	32
171	188	57	33
171	188	58	33
174	179	52	33
172	180	56	32
176	171	50	33
174	170	55	35
166	171	52	34
164	172	56	33
151	172	51	33
153	171	49	35
153	172	49	35
137	172	50	36
138	172	50	36
138	172	50	36
148	173	46	36
150	177	48	37
169	176	45	39
187	180	45	39
197	185	45	38
205	185	45	38
209	184	45	42
214	186	43	39
217	189	44	41
222	190	43	39
224	191	41	37
224	190	42	39
223	192	44	38
223	182	44	41
224	181	43	43
224	181	43	43
215	183	43	40
217	183	42	42
208	183	42	42
208	183	42	42
208	183	42	42
208	184	43	43
200	190	43	38
201	189	41	41
205	189	41	41
205	181	41	41
207	181	38	41
206	173	40	40
198	167	40	37
199	158	39	39
198	158	42	39
202	158	41	41
212	148	41	44
215	147	43	46
221	148	39	44
222	148	39	45
220	148	42	45
220	148	44	47
219	147	46	49
222	148	40	47
214	149	39	47
212	153	43	46
204	159	42	45
203	162	43	46
197	167	38	45
194	171	45	46
194	174	46	49
196	180	42	47
197	184	40	48
195	188	44	47
197	188	41	49
198	193	40	49
204	198	44	47
211	197	39	50
209	198	45	48
208	199	46	46
209	198	47	50
208	197	48	52
210	198	45	50
212	190	43	48
211	190	45	49
210	191	47	47
210	191	47	47
213	191	42	48
205	191	40	48
201	194	48	44
204	193	43	47
197	197	40	48
195	198	44	47
194	203	46	46
195	204	46	46
203	208	47	47
215	208	43	47
215	210	45	45
232	214	39	46
244	215	42	45
255	209	41	37
255	208	42	42
259	208	42	42
257	210	45	38
259	211	42	37
260	212	42	36
260	212	42	36
260	214	42	33
261	215	40	32
255	216	39	31
243	218	37	27
236	218	37	27
223	219	38	24
210	225	41	20
199	227	39	21
199	231	38	19
191	233	36	20
190	229	39	17
189	220	41	17
198	214	44	17
220	210	39	15
236	204	40	15
249	199	41	16
260	199	41	16
272	193	37	17
280	194	37	17
281	193	40	19
288	194	37	18
298	193	38	20
301	193	37	21
304	186	38	22
304	186	39	22
304	176	39	22
295	176	36	23
274	176	39	23
273	178	41	26
265	188	35	26
251	197	37	25
228	206	41	26
217	209	35	28
206	208	34	29
206	209	34	29
193	208	38	32
193	208	37	31
193	184	39	34
202	169	43	37
204	161	40	37
207	160	41	39
207	147	43	36
208	146	42	39
209	146	41	41
209	155	41	41
209	159	41	41
209	158	42	45
209	163	43	43
201	171	40	44
185	176	42	42
185	178	42	45
179	178	37	47
177	179	42	45
178	179	41	47
179	179	39	47
187	177	43	51
206	161	44	51
222	161	42	51
233	152	41	50
242	150	45	53
248	153	42	50
254	158	46	49
258	158	40	51
263	157	39	54
262	159	41	49
263	160	40	48
264	161	39	47
236	153	37	46
208	151	37	49
180	155	36	51
161	175	37	46
147	189	35	44
139	204	35	47
131	207	35	55
111	219	37	47
112	222	36	50
112	222	36	50
117	219	36	57
131	221	35	54
140	206	33	51
145	204	32	56
143	207	36	50
145	207	33	51
137	209	32	48
138	207	30	53
138	214	31	47
145	213	25	51
144	218	28	49
150	217	28	50
154	217	29	51
160	217	30	52
166	220	26	46
169	220	27	47
177	223	27	42
184	224	25	40
190	226	25	43
190	228	25	39
186	232	21	37
185	237	24	33
190	237	19	38
188	241	22	31
190	241	21	36
190	246	21	37
184	254	21	33
179	252	20	26
160	238	20	27
148	225	15	36
138	217	18	37
127	215	19	40
108	215	18	40
93	215	17	42
92	208	21	39
83	208	18	38
83	207	17	41
84	207	20	42
94	209	19	39
102	209	21	43
107	212	20	43
109	217	23	40
111	222	20	40
110	229	22	38
99	233	22	39
99	238	22	39
99	241	23	40
112	241	23	41
126	227	20	42
139	228	25	40
156	227	24	43
173	230	25	44
183	235	25	44
173	240	22	41
151	250	26	41
151	254	25	44
150	260	28	45
137	264	27	42
141	266	28	41
144	266	28	40
147	259	29	40
155	236	29	40
155	229	29	41
155	229	29	41
155	218	30	37
156	218	28	39
155	221	31	40
155	220	31	42
159	223	31	43
167	229	31	39
171	231	30	41
171	237	31	42
171	242	32	39
164	247	32	42
164	252	33	39
162	251	36	42
168	243	33	42
169	232	32	37
169	233	32	37
169	211	32	35
176	198	33	36
188	185	32	37
194	185	35	37
195	186	33	36
196	178	32	38
190	180	31	35
190	190	31	36
179	205	30	33
178	217	32	34
179	228	30	35
178	237	33	33
179	239	31	35
179	244	30	33
179	244	32	34
173	246	31	31
173	235	31	31
173	235	31	31
166	229	31	29
167	222	30	30
170	216	31	31
170	210	31	31
159	211	31	29
159	210	30	30
159	201	32	28
153	201	30	27
134	202	31	26
122	202	30	26
122	202	30	26
122	193	30	25
123	193	30	25
123	193	29	24
126	189	29	23
143	188	30	24
158	189	29	23
170	194	28	22
171	199	30	21
176	199	30	21
179	202	27	22
179	210	29	21
179	210	33	21
183	209	31	22
188	200	31	21
188	200	30	22
194	200	31	22
194	191	32	22
197	186	32	21
188	181	31	21
169	181	34	21
150	181	36	21
132	175	34	22
133	174	33	23
117	175	33	22
112	183	32	23
104	183	37	23
105	183	35	23
106	198	33	23
104	224	37	22
103	243	39	25
105	251	37	26
108	252	37	27
108	252	37	27
108	245	38	27
111	239	38	27
119	232	37	27
122	220	38	27
120	223	44	29
121	234	42	29
121	234	43	30
121	235	42	28
115	235	41	30
114	227	43	31
106	226	43	33
106	211	44	32
106	210	45	34
97	202	46	33
98	202	46	33
98	190	47	30
96	190	51	30
108	186	46	39
106	189	50	33
105	190	55	31
108	189	56	35
120	191	53	40
134	195	54	41
144	203	50	42
142	205	54	39
142	209	55	39
143	210	55	40
143	208	55	43
145	189	53	45
142	192	58	42
135	178	53	49
123	180	55	46
113	162	54	46
100	164	59	43
101	160	60	51
101	161	59	49
91	163	58	46
108	161	61	52
125	167	61	50
132	174	60	56
136	181	62	53
134	184	68	49
143	185	62	49
144	185	59	51
145	186	59	49
134	186	58	50
135	166	58	50
132	167	64	50
134	168	61	48
136	154	58	54
136	158	60	48
142	157	58	50
143	146	58	50
140	147	64	50
142	125	60	52
143	126	60	52
144	128	60	47
145	117	57	49
134	119	57	45
133	116	60	51
143	118	60	50
149	118	59	49
155	119	58	48
161	119	57	49
166	122	57	45
168	121	54	47
168	128	54	43
167	132	57	45
158	138	54	43
157	142	57	45
159	147	54	45
160	152	53	44
165	153	52	43
164	161	56	44
177	167	53	42
193	175	51	44
207	180	51	43
210	184	55	43
212	190	53	42
211	198	56	43
217	198	53	44
218	199	52	43
223	204	51	42
224	202	50	46
224	204	52	44
226	188	48	41
226	187	48	45
227	178	46	43
217	179	48	41
219	161	45	45
219	164	45	42
219	165	47	40
219	171	47	44
220	182	45	42
221	191	44	40
222	203	42	42
223	213	43	43
223	217	43	43
223	217	43	43
226	202	39	43
229	194	41	41
233	186	41	41
235	186	37	42
236	186	36	42
238	186	33	42
237	194	35	40
238	203	33	40
239	208	33	43
231	209	32	41
232	212	31	43
225	215	31	43
225	222	31	43
226	222	28	50
226	226	29	45
227	224	28	49
228	224	27	50
236	224	24	50
240	226	23	47
245	227	25	44
247	220	21	45
251	219	20	49
254	219	25	49
256	220	22	47
256	220	22	47
255	224	25	46
247	228	26	45
247	227	27	46
238	227	30	47
238	229	32	51
230	231	31	48
221	224	33	46
212	227	35	42
212	219	35	41
203	219	38	41
202	212	40	40
194	212	40	40
186	212	40	40
186	214	41	37
177	207	42	36
177	205	42	39
186	207	43	37
187	208	43	36
188	209	43	34
190	214	45	32
194	218	45	32
197	218	47	33
201	219	46	31
206	219	45	31
207	220	44	30
208	221	49	29
208	221	51	29
207	221	52	30
207	223	53	25
209	225	49	23
204	218	46	22
204	222	46	20
195	221	51	23
190	222	47	22
180	210	54	23
183	203	48	23
180	204	55	21
184	204	54	22
188	197	46	22
190	201	43	20
187	202	49	19
193	195	49	20
192	195	52	20
193	196	50	19
194	189	49	20
196	192	45	20
195	193	47	19
197	208	43	19
196	218	45	19
197	221	45	19
192	224	42	19
190	227	47	18
194	229	45	19
197	223	39	19
196	205	43	20
196	199	42	19
196	193	44	19
196	187	44	18
197	188	41	18
198	182	40	18
193	194	38	17
187	202	41	17
189	203	38	20
179	203	37	21
179	203	38	21
164	204	39	18
164	188	38	20
153	170	40	18
154	156	39	20
149	155	37	21
149	149	38	21
143	151	39	18
143	150	38	20
153	177	38	18
161	194	37	19
169	214	38	17
173	235	35	20
173	251	35	17
182	257	39	19
194	259	37	21
197	263	37	18
199	265	37	20
200	266	36	17
189	273	36	16
190	276	35	18
190	283	34	16
191	290	34	18
190	292	36	19
191	296	35	17
196	297	41	19
198	300	37	18
199	301	35	16
198	301	37	17
200	302	34	16
199	296	38	18
200	297	35	17
195	293	35	16
187	288	34	15
187	287	35	17
176	283	36	16
171	283	34	15
167	278	33	15
161	274	36	15
163	274	33	15
156	265	37	17
158	266	34	16
159	261	32	15
158	262	34	14
159	256	32	17
163	257	34	15
169	251	33	18
173	252	33	16
178	246	31	17
183	248	32	15
187	242	35	17
188	243	33	16
191	244	33	15
193	244	32	14
193	246	33	14
194	253	31	14
194	256	33	13
195	258	30	13
186	258	34	13
188	258	31	14
183	258	32	13
182	257	33	16
183	253	31	15
176	254	31	14
175	248	32	16
176	249	31	14
176	242	31	14
178	242	28	13
177	238	30	14
183	238	32	14
183	234	33	13
188	238	30	14
189	238	30	13
192	237	33	15
197	238	31	14
204	238	31	14
205	238	30	14
208	238	30	16
209	242	30	14
211	246	30	13
212	250	29	13
211	253	30	15
212	256	29	14
211	256	31	14
213	258	29	14
212	258	31	15
213	258	29	14
213	259	29	13
211	258	32	15
213	254	29	14
214	254	27	16
209	254	28	16
208	254	30	16
209	253	30	17
209	253	31	17
208	253	31	18
208	255	32	16
209	254	30	17
209	254	31	17
209	255	32	15
210	256	30	14
210	259	30	13
210	260	31	15
211	261	30	14
204	262	28	16
204	262	28	16
199	263	29	14
199	264	29	15
200	268	29	14
197	269	27	15
196	271	27	16
196	273	28	16
196	276	28	14
197	275	27	15
197	277	27	15
197	280	28	13
198	280	26	15
198	280	27	15
197	275	28	16
199	275	28	16
199	276	29	15
203	271	29	16
203	272	29	14
206	272	27	15
206	271	28	16
208	271	28	16
208	271	29	16
208	271	30	17
210	272	27	16
204	272	28	16
204	272	29	16
204	272	30	17
201	272	27	17
200	272	29	18
199	272	31	18
196	275	28	18
195	277	30	17
195	277	31	18
196	283	28	15
197	284	28	16
196	284	29	18
197	279	31	18
199	279	32	18
204	279	28	18
206	266	31	18
206	267	32	15
210	262	30	17
210	262	31	17
211	262	28	18
210	262	30	17
210	262	31	17
207	262	28	18
208	263	26	17
207	267	29	14
203	266	27	15
203	266	28	16
203	268	28	16
203	268	29	16
203	268	29	16
200	270	26	14
200	270	26	15
195	270	27	15
195	270	27	16
195	270	28	16
195	270	29	16
197	270	26	17
196	270	28	16
196	266	29	16
197	266	26	17
196	262	28	16
196	257	29	16
198	257	26	17
200	250	25	16
207	249	25	17
210	245	28	18
216	245	24	17
216	241	27	17
219	242	26	17
222	244	25	16
222	251	25	16
221	257	27	15
221	263	27	16
216	267	28	16
218	270	25	16
213	273	27	15
214	276	24	13
215	278	24	14
214	279	25	14
210	279	26	14
210	272	26	12
210	267	26	14
211	263	26	14
210	260	26	12
211	250	24	12
212	250	23	11
211	244	25	10
211	244	25	10
213	240	23	11
213	241	23	10
212	241	24	10
214	244	21	10
214	246	21	10
213	249	23	10
213	249	23	10
215	249	20	10
212	250	20	10
213	245	19	10
214	245	21	10
215	241	20	11
216	241	20	11
216	234	21	10
218	234	20	11
219	229	17	10
219	229	18	11
222	230	15	11
222	231	15	11
222	232	15	11
219	232	16	11
219	232	15	11
219	232	16	12
219	230	16	11
220	230	16	11
223	223	16	14
223	221	16	11
223	219	18	11
226	216	16	11
225	210	18	11
225	210	17	11
226	205	15	12
226	205	16	11
224	205	15	12
223	208	16	11
220	208	16	11
220	207	16	12
217	207	17	13
218	207	16	13
217	202	17	13
218	201	16	14
221	197	16	16
224	194	15	15
225	194	16	15
224	191	17	16
230	190	17	18
230	190	18	18
230	189	18	19
229	189	19	20
230	191	17	19
230	194	18	18
230	197	19	19
226	199	19	19
226	201	19	19
223	201	16	19
222	204	18	19
216	206	17	19
216	209	18	20
212	211	18	20
208	212	17	20
208	214	19	19
200	214	19	19
200	214	19	19
201	214	18	20
201	213	19	20
204	214	20	20
207	214	18	20
207	214	19	21
209	210	18	20
209	210	19	21
212	210	20	20
216	206	20	20
216	206	21	21
217	206	19	21
216	208	20	20
217	210	19	20
217	212	20	20
217	214	20	20
217	216	20	20
217	218	21	21
217	221	21	18
218	223	20	18
214	225	19	19
214	227	19	19
214	229	20	20
214	230	20	20
214	231	20	20
216	231	20	20
220	233	21	21
223	233	21	21
225	233	21	21
229	233	21	21
232	234	20	20
234	229	20	20
236	229	20	20
237	230	19	21
238	226	20	20
240	227	20	18
241	227	19	18
241	227	19	19
242	227	20	19
243	227	20	20
243	227	20	18
243	227	21	19
245	229	20	20
245	231	20	20
247	231	21	21
249	233	21	21
256	233	21	21
259	234	21	19
262	234	20	20
266	234	21	21
268	234	21	21
271	235	21	19
274	234	20	20
274	234	21	21
274	234	21	21
270	234	19	21
265	231	20	20
255	231	21	21
246	231	21	21
241	226	21	21
232	226	21	21
223	226	22	22
215	228	22	22
215	228	22	22
206	229	22	21
207	229	22	22
208	229	20	22
203	229	21	23
198	229	22	22
198	228	22	24
199	224	21	23
193	224	23	24
195	224	20	24
190	228	20	23
181	232	22	23
182	234	21	24
177	236	21	24
178	237	20	24
170	240	21	26
170	240	20	25
170	240	20	27
171	242	20	28
171	242	20	28
173	243	20	26
178	243	19	27
180	243	20	27
182	243	20	28
188	238	19	28
191	236	21	31
192	233	20	28
192	233	20	28
192	231	20	32
192	226	22	30
192	226	22	30
187	227	20	31
190	227	19	30
190	228	20	28
190	228	21	30
185	228	21	29
188	226	20	34
194	227	20	32
199	226	22	34
208	227	21	33
209	228	20	31
208	233	21	34
210	239	23	32
213	237	23	37
220	241	23	35
223	241	22	34
225	240	23	37
226	242	22	35
225	241	24	38
225	242	25	35
225	244	26	32
226	243	25	34
226	243	25	35
226	237	25	35
225	237	27	35
226	236	27	37
229	230	27	37
228	230	28	38
229	229	28	39
236	230	28	39
236	230	28	39
237	230	28	40
243	232	29	36
248	231	30	38
248	232	30	36
254	233	31	36
257	233	30	36
264	234	28	35
262	233	32	37
263	233	31	37
263	227	31	36
271	227	29	36
269	226	32	38
270	226	31	38
269	220	35	37
274	219	31	39
273	218	35	41
273	211	34	41
274	212	33	40
275	212	31	39
268	213	32	37
268	214	32	37
259	201	35	37
260	201	34	39
254	201	31	39
247	202	31	37
234	195	31	36
227	196	31	36
228	183	31	36
229	184	30	36
217	184	30	36
215	185	33	35
215	188	34	36
215	187	36	38
225	187	31	40
234	188	30	38
245	189	30	36
253	190	30	36
257	190	33	35
265	197	30	34
267	200	32	35
266	201	34	34
267	201	34	34
267	203	34	31
262	202	29	33
262	203	31	31
252	203	29	31
240	198	30	30
229	198	31	31
222	199	31	28
210	190	30	25
201	189	28	28
201	189	28	28
195	185	28	25
196	189	27	27
191	191	27	27
191	199	27	27
199	208	27	27
208	210	28	28
214	211	28	28
217	211	28	28
219	212	28	26
223	213	27	24
224	209	26	23
226	209	27	22
226	201	26	22
227	201	26	21
227	201	25	21
228	202	24	20
220	205	24	19
221	210	23	18
220	215	24	17
223	222	22	18
223	228	23	17
225	230	24	17
232	234	22	17
236	234	23	17
239	235	23	17
239	235	24	16
242	235	23	15
242	232	23	15
242	232	22	15
243	232	22	15
243	228	22	14
239	229	21	14
235	223	23	13
232	223	22	14
231	216	23	14
226	217	21	14
226	217	21	14
221	216	23	14
221	216	25	15
221	216	24	16
220	216	27	17
221	216	26	17
230	216	26	18
234	218	25	16
235	218	28	18
241	224	26	17
242	226	29	16
243	231	26	14
244	236	26	16
243	238	28	16
243	240	29	16
243	244	29	14
239	247	27	15
239	248	27	13
232	247	27	14
233	244	27	13
234	245	25	12
226	234	29	13
227	230	27	13
232	229	29	14
233	230	28	13
234	230	26	12
241	230	26	14
246	231	26	15
246	234	27	13
248	238	26	15
248	241	26	13
253	242	29	14
254	242	27	15
254	245	28	13
255	246	26	15
247	246	27	15
246	246	29	16
245	247	31	14
239	249	28	14
239	249	28	15
239	250	28	16
239	254	29	16
239	259	29	14
247	260	27	16
246	264	28	16
246	264	28	16
246	264	29	16
246	260	29	16
246	252	29	16
242	244	29	17
242	236	30	17
243	222	28	14
243	221	27	16
243	214	28	16
239	213	29	16
238	207	29	14
235	202	27	16
235	202	28	16
230	197	29	16
225	197	29	17
222	194	26	14
218	193	26	15
215	184	25	16
214	176	27	15
219	164	27	16
231	164	28	16
240	159	29	17
253	159	26	17
262	160	25	16
271	160	24	16
274	162	27	15
281	173	24	16
282	179	27	15
287	188	22	16
288	195	25	16
291	202	24	16
293	207	23	15
292	213	25	14
292	214	26	16
295	210	25	16
288	196	23	16
281	190	23	15
273	189	25	16
267	185	24	16
252	185	26	17
249	185	25	16
240	185	27	16
238	186	23	16
232	190	26	15
229	196	24	16
228	202	26	15
222	206	24	15
217	211	26	15
213	215	27	15
212	217	27	16
208	223	28	14
209	224	26	15
215	226	27	16
218	230	28	16
218	232	28	16
222	235	29	14
229	237	27	16
230	238	28	16
231	241	29	14
231	241	29	15
231	245	29	16
231	245	29	16
235	245	30	17
237	249	30	15
240	251	29	14
248	252	27	17
253	254	29	16
255	256	30	17
259	258	30	17
261	260	31	17
266	264	29	18
269	265	31	17
270	266	31	15
271	269	30	14
272	268	28	16
271	268	30	16
266	268	30	17
258	268	31	17
244	269	28	15
230	270	28	13
219	263	27	15
215	252	27	15
210	241	28	13
209	228	30	15
210	214	29	14
210	209	28	15
211	210	28	13
210	206	30	13
212	205	27	15
212	202	27	14
208	204	26	13
208	208	27	14
208	211	26	12
209	216	25	14
211	222	26	15
211	233	26	15
210	241	27	14
211	248	27	13
212	254	25	14
211	261	26	15
211	265	26	13
214	268	25	14
224	269	26	16
235	269	24	16
246	269	23	16
254	262	23	15
260	263	23	15
259	256	26	15
261	256	23	15
256	252	25	15
253	252	23	15
249	253	22	14
242	247	24	14
243	246	22	16
243	240	22	14
243	239	22	15
244	236	22	14
240	236	21	15
237	236	19	15
231	242	20	14
225	249	19	14
218	254	20	14
216	257	18	14
215	259	19	14
224	258	20	15
228	259	18	15
232	259	18	15
234	255	17	15
234	249	17	14
229	243	16	13
227	243	15	14
227	239	14	13
231	233	14	14
233	234	12	13
233	229	13	13
239	230	10	13
243	231	11	12
245	231	10	12
246	229	10	11
246	230	10	10
243	227	11	11
244	227	11	12
246	227	10	12
245	229	12	11
245	231	13	10
240	232	14	12
241	235	13	13
235	237	13	12
234	238	14	14
232	239	14	12
227	242	13	13
224	247	14	13
224	253	14	14
224	260	14	12
224	268	14	13
214	275	15	12
209	278	15	14
200	281	14	14
194	281	15	15
191	282	15	15
191	281	15	16
199	281	16	17
203	281	17	17
203	281	16	17
200	279	15	15
206	278	15	16
210	271	16	17
210	268	17	17
205	262	15	17
201	251	15	16
203	238	16	16
212	225	17	16
213	218	15	17
214	215	16	16
220	208	17	16
232	202	17	17
241	203	17	16
242	199	18	15
243	204	17	17
240	205	17	15
239	206	18	14
240	205	17	16
240	205	17	15
234	208	17	14
233	207	19	17
233	209	20	15
227	211	18	15
227	211	19	14
222	211	18	14
215	208	19	13
212	205	19	14
207	205	17	14
203	199	19	13
197	200	19	12
194	201	18	17
190	202	18	15
186	202	19	14
189	202	17	15
192	203	17	14
195	203	17	13
199	203	18	13
206	203	17	14
208	200	18	13
215	200	18	13
226	194	19	13
245	194	19	14
263	190	17	10
270	195	18	12
277	205	18	11
280	214	17	11
279	221	19	12
280	226	18	13
280	226	18	13
280	226	18	13
281	226	17	13
274	226	16	13
265	226	17	12
262	226	18	13
253	226	16	13
244	227	17	12
238	224	18	11
236	224	17	12
225	226	17	11
217	229	17	11
210	234	19	10
206	236	18	10
199	239	18	10
196	239	18	10
190	240	18	10
190	241	18	10
185	235	18	10
184	228	19	10
185	224	19	10
194	220	18	10
213	213	16	10
221	212	18	10
228	207	18	10
228	209	20	10
228	205	19	10
229	205	18	10
232	204	18	10
235	202	18	10
237	203	18	10
242	207	18	10
245	213	18	10
248	221	18	10
251	227	18	10
250	229	19	10
252	230	19	10
255	231	18	10
256	233	18	10
258	231	18	10
259	232	18	10
258	233	19	10
245	231	19	10
234	229	18	10
229	228	18	10
224	217	19	10
216	215	19	10
213	210	18	10
210	208	19	10
205	203	19	10
204	204	21	10
197	204	19	10
197	206	19	10
194	210	20	10
194	212	19	10
195	213	18	10
194	213	21	10
203	213	19	11
211	208	20	10
216	209	19	10
217	204	21	10
221	205	19	10
223	200	19	10
224	200	18	10
223	200	21	10
220	201	20	10
221	200	19	11
221	197	19	11
221	198	20	10
221	194	19	11
221	191	20	11
221	191	20	11
221	191	21	12
222	191	19	12
222	188	21	13
225	188	20	13
224	184	21	13
228	181	20	13
230	180	20	14
231	181	20	13
233	181	19	14
233	181	20	14
233	181	20	14
233	181	20	14
233	181	20	15
234	181	19	15
230	182	20	14
226	182	20	14
221	182	19	15
217	178	20	15
217	178	20	15
211	178	19	16
210	174	20	17
210	174	20	17
211	174	20	17
211	174	20	17
210	179	22	17
215	179	20	20
221	181	20	20
227	181	21	20
229	182	21	19
231	182	20	20
234	182	22	21
238	181	23	22
240	182	23	21
243	182	22	22
245	182	22	22
248	182	21	22
247	182	22	22
249	182	22	22
249	182	22	22
250	182	22	24
249	182	23	23
246	182	20	24
245	182	23	23
245	182	24	24
241	182	20	24
241	183	22	24
241	182	21	25
241	183	21	25
245	183	23	25
248	187	24	26
258	189	21	27
266	192	20	26
267	196	23	25
270	197	24	28
272	200	22	28
273	200	25	27
277	202	22	28
276	203	25	27
277	206	22	26
268	209	22	26
263	208	22	29
247	208	22	30
246	212	23	26
242	215	22	26
237	214	21	28
236	215	23	27
232	215	22	27
231	216	24	26
226	216	22	25
227	216	22	26
227	217	22	26
229	217	22	26
230	217	21	26
231	217	24	25
232	217	22	26
234	220	24	26
238	219	21	27
236	222	24	26
237	222	22	27
238	224	21	29
239	227	21	27
240	230	24	26
240	230	23	27
241	230	22	27
243	231	22	26
242	234	24	24
242	235	25	23
243	235	24	24
238	236	24	22
239	231	23	23
239	232	24	22
239	232	23	21
240	232	22	22
239	233	24	21
240	233	22	21
236	233	22	22
235	235	23	18
231	230	23	19
232	226	22	18
228	222	22	17
227	222	23	18
227	218	24	17
228	219	22	16
224	219	23	16
224	215	23	17
224	218	23	15
220	218	23	15
221	218	22	15
221	220	22	14
221	222	21	14
222	227	20	13
221	229	22	13
222	232	20	13
224	235	22	12
226	237	23	11
226	237	21	12
228	232	22	11
231	229	21	10
233	228	20	11
236	229	21	10
241	228	21	11
242	229	21	10
246	230	23	10
248	230	21	10
250	231	23	10
253	232	21	11
256	233	22	10
257	233	23	10
259	234	23	10
261	234	23	10
261	234	23	10
257	233	21	12
257	234	21	13
246	235	20	11
238	236	20	10
233	235	21	11
233	235	21	13
227	235	20	12
223	235	21	12
217	235	22	12
217	237	23	13
217	238	23	13
218	238	21	14
218	240	21	13
215	240	20	14
215	242	20	15
215	242	21	15
217	237	21	16
217	237	22	16
219	234	20	16
224	234	19	15
227	234	21	16
234	229	22	19
242	231	20	18
246	232	21	16
251	232	20	16
253	232	20	16
255	233	21	18
257	233	21	18
257	235	21	20
258	234	21	21
258	237	21	19
248	240	20	19
244	239	20	20
240	243	20	20
233	243	20	20
233	245	20	20
225	245	21	21
225	245	21	21
221	245	21	21
221	245	21	21
221	246	22	20
217	241	21	21
216	242	23	19
217	237	21	21
213	238	21	20
213	237	22	21
213	237	22	22
213	237	22	22
213	237	22	22
215	238	22	21
218	238	22	22
218	238	22	22
218	239	22	20
219	240	21	19
220	241	22	20
221	242	21	20
221	241	22	21
220	242	23	20
221	241	22	22
217	237	22	20
212	237	23	21
208	238	22	20
203	238	23	20
198	238	23	20
199	238	23	20
194	238	23	21
195	238	22	21
191	233	22	22
190	233	23	22
185	234	23	20
186	234	22	22
185	230	23	20
186	229	23	22
181	230	23	20
181	230	23	22
181	230	24	23
181	230	24	22
184	230	23	23
192	230	23	23
198	230	23	23
202	230	24	24
204	230	24	24
206	230	24	24
208	230	24	24
211	231	25	23
214	231	24	24
216	231	24	24
218	231	24	24
218	231	25	25
218	222	25	25
218	223	25	23
214	217	24	24
214	212	25	25
209	212	25	25
199	203	25	25
200	203	23	25
191	204	25	25
191	204	25	25
186	199	25	25
186	198	25	27
187	198	23	26
186	198	25	27
187	199	24	26
187	198	25	27
187	199	24	26
187	199	26	27
187	198	27	28
187	199	26	28
188	199	25	29
191	201	25	29
192	202	27	29
197	204	24	30
196	205	25	29
199	205	25	29
199	204	25	32
200	205	24	30
200	207	25	32
200	208	24	30
200	209	25	29
201	209	24	29
201	208	23	31
201	208	25	32
201	207	24	33
202	209	24	31
202	208	23	32
195	211	25	33
196	211	26	34
190	211	25	35
190	215	25	32
180	216	24	31
180	215	25	33
174	216	26	31
166	215	28	33
166	216	29	33
155	216	29	33
157	216	26	33
149	215	30	35
150	216	28	35
138	217	29	34
139	217	28	34
140	217	27	33
138	218	30	32
138	211	32	34
139	211	30	33
144	211	32	34
149	212	33	33
155	212	33	33
161	212	34	34
169	211	34	36
176	212	33	35
175	213	34	34
175	213	34	34
176	213	35	35
176	213	35	35
176	213	35	35
168	215	35	33
169	214	34	34
170	214	34	34
170	214	35	35
170	215	35	35
161	215	38	35
162	214	37	37
161	214	39	37
162	214	38	38
166	213	39	41
165	214	40	40
169	214	40	40
173	205	41	41
177	206	41	41
181	206	41	41
185	205	41	44
188	205	43	43
193	206	43	43
197	206	44	44
197	206	44	44
197	197	44	44
197	197	44	44
198	197	45	45
196	198	48	45
197	197	47	47
197	199	47	43
197	199	48	45
198	200	47	43
198	201	48	42
182	201	48	42
182	202	48	42
175	202	45	42
174	200	47	47
175	202	47	43
165	203	48	42
165	202	48	45
169	203	50	43
169	201	50	47
169	201	52	49
179	203	51	45
187	202	52	48
193	208	50	46
197	209	52	45
201	208	52	48
201	212	54	50
207	214	52	48
211	217	54	43
223	214	52	48
231	203	54	50
232	204	62	48
234	204	59	51
235	195	59	47
242	192	56	53
241	194	58	49
242	192	57	54
243	184	56	47
241	185	61	48
248	186	58	46
259	186	61	46
270	185	57	49
280	186	57	47
293	189	56	52
301	192	58	48
314	198	57	47
327	203	56	47
340	209	61	46
352	210	62	45
364	215	63	45
376	216	63	45
386	218	63	42
392	218	61	44
397	220	62	40
403	222	67	38
412	222	67	39
411	222	68	40
400	225	70	33
392	228	65	37
392	236	66	31
378	242	61	29
363	250	61	28
346	251	64	33
338	257	62	30
338	256	62	33
329	259	61	29
307	260	70	28
291	260	63	28
277	261	61	27
267	261	65	27
252	262	65	27
237	262	65	27
226	262	70	27
230	262	62	28
214	267	65	27
214	267	65	27
206	271	65	27
208	276	60	27
190	280	67	26
192	281	65	25
182	281	69	26
184	273	65	23
170	273	66	25
160	266	68	22
161	256	66	25
148	258	64	22
149	257	62	24
140	249	64	25
141	249	62	26
142	250	62	24
143	250	60	25
135	254	60	25
138	254	56	25
137	255	58	24
137	259	58	24
139	259	53	24
139	263	55	23
139	263	55	23
126	264	55	23
126	256	55	23
116	260	51	23
115	261	54	22
115	261	54	22
115	254	53	22
115	254	54	22
117	254	57	22
126	246	51	23
131	250	54	22
137	254	50	22
146	260	52	22
162	263	48	22
181	270	52	21
203	273	52	21
224	283	56	21
250	291	47	22
269	297	53	21
287	300	53	22
309	303	46	22
324	304	43	21
333	297	50	23
333	298	49	22
318	291	51	21
320	291	47	22
320	285	54	21
329	285	48	22
330	276	47	25
330	278	47	22
331	279	46	21
330	271	49	24
319	272	46	23
312	272	47	24
301	272	45	25
289	264	45	25
276	264	46	26
263	266	47	23
256	265	47	25
257	265	46	27
265	265	47	27
268	259	48	24
271	260	49	22
281	251	45	26
281	254	46	22
283	248	43	21
285	248	43	20
296	249	39	19
306	250	37	18
313	258	40	17
321	269	35	17
330	278	35	19
338	297	35	17
347	320	35	16
353	343	28	15
356	348	10	10
356	350	10	10
355	350	10	10
355	350	10	10
355	350	10	10
354	350	10	10
354	350	10	10
354	350	10	10
353	350	10	10
353	350	10	10
353	350	10	10
352	350	10	10
352	350	10	10
352	350	10	10
351	350	10	10
351	350	10	10
351	350	10	10
350	350	10	10
350	350	10	10
350	350	10	10
349	350	10	10
349	350	10	10
349	350	10	10
349	350	10	10
348	350	10	10
348	350	10	10
348	350	10	10
347	350	10	10
347	350	10	10
347	350	10	10
346	350	10	10
346	350	10	10
346	350	10	10
345	350	10	10
345	350	10	10
345	350	10	10
348	350	10	10
348	350	10	10
347	350	10	10
347	350	10	10
347	350	10	10
346	350	10	10
346	350	10	10
346	350	10	10
345	350	10	10
345	350	10	10
345	350	10	10
345	350	10	10
344	350	10	10
344	350	10	10
344	350	10	10
343	350	10	10
343	350	10	10
343	350	10	10
342	350	10	10
342	350	10	10
342	350	10	10
341	350	10	10
341	350	10	10
341	350	10	10
340	350	10	10
340	350	10	10
340	350	10	10
339	350	10	10
339	350	10	10
339	350	10	10
338	350	10	10
338	350	10	10
338	350	10	10
337	350	10	10
337	350	10	10
337	350	10	10
336	350	10	10
336	350	10	10
336	350	10	10
336	350	10	10
335	350	10	10
335	350	10	10
335	350	10	10
334	350	10	10
334	350	10	10
334	350	10	10
333	350	10	10
333	350	10	10
333	350	10	10
332	350	10	10
332	350	10	10
332	350	10	10
331	350	10	10
331	350	10	10
331	350	10	10
330	350	10	10
330	350	10	10
330	350	10	10
329	350	10	10
329	350	10	10
329	350	10	10
328	350	10	10
328	350	10	10
328	350	10	10
327	350	10	10
327	350	10	10
327	350	10	10
327	350	10	10
326	350	10	10
326	350	10	10
326	350	10	10
325	350	10	10
325	350	10	10
325	350	10	10
324	350	10	10
324	350	10	10
324	350	10	10
323	350	10	10
323	350	10	10
323	350	10	10
322	350	10	10
322	350	10	10
322	350	10	10
321	350	10	10
321	350	10	10
321	350	10	10
320	350	10	10
320	350	10	10
320	350	10	10
319	350	10	10
319	350	10	10
319	350	10	10
318	350	10	10
318	350	10	10
318	350	10	10
318	350	10	10
317	350	10	10
317	350	10	10
317	350	10	10
316	350	10	10
316	350	10	10
316	350	10	10
315	350	10	10
315	350	10	10
315	350	10	10
314	350	10	10
314	350	10	10
314	350	10	10
313	350	10	10
313	350	10	10
313	350	10	10
312	350	10	10
312	350	10	10
312	350	10	10
311	350	10	10
311	350	10	10
311	350	10	10
310	350	10	10
310	350	10	10
310	350	10	10
309	350	10	10
309	350	10	10
309	350	10	10
309	350	10	10
308	350	10	10
308	350	10	10
308	350	10	10
307	350	10	10
307	350	10	10
307	350	10	10
306	350	10	10
306	350	10	10
306	350	10	10
305	350	10	10
305	350	10	10
305	350	10	10
304	350	10	10
304	350	10	10
304	350	10	10
303	350	10	10
303	350	10	10
303	350	10	10
302	350	10	10
302	350	10	10
302	350	10	10
301	350	10	10
301	350	10	10
301	350	10	10
300	350	10	10
300	350	10	10
300	350	10	10
300	350	10	10
299	350	10	10
299	350	10	10
299	350	10	10
298	350	10	10
298	350	10	10
298	350	10	10
297	350	10	10
297	350	10	10
297	350	10	10
296	350	10	10
296	350	10	10
296	350	10	10
295	350	10	10
295	350	10	10
295	350	10	10
294	350	10	10
294	350	10	10
294	350	10	10
293	350	10	10
293	350	10	10
293	350	10	10
292	350	10	10
292	350	10	10
292	350	10	10
291	350	10	10
291	350	10	10
291	350	10	10
291	350	10	10
290	350	10	10
290	350	10	10
290	350	10	10
289	350	10	10
289	350	10	10
289	350	10	10
288	350	10	10
288	350	10	10
288	350	10	10
287	350	10	10
287	350	10	10
287	350	10	10
286	350	10	10
286	350	10	10
286	350	10	10
285	350	10	10
285	350	10	10
285	350	10	10
284	350	10	10
284	350	10	10
284	350	10	10
283	350	10	10
283	350	10	10
283	350	10	10
282	350	10	10
282	350	10	10
282	350	10	10
282	350	10	10
281	350	10	10
281	350	10	10
281	350	10	10
280	350	10	10
280	350	10	10
280	350	10	10
279	350	10	10
279	350	10	10
279	350	10	10
278	350	10	10
278	350	10	10
278	350	10	10
277	350	10	10
277	350	10	10
277	350	10	10
276	350	10	10
276	350	10	10
276	350	10	10
275	350	10	10
275	350	10	10
275	350	10	10
274	350	10	10
274	350	10	10
274	350	10	10
273	350	10	10
273	350	10	10
273	350	10	10
273	350	10	10
272	350	10	10
272	350	10	10
272	350	10	10
271	350	10	10
271	350	10	10
271	350	10	10
270	350	10	10
270	350	10	10
270	350	10	10
269	350	10	10
269	350	10	10
269	350	10	10
268	350	10	10
268	350	10	10
268	350	10	10
267	350	10	10
267	350	10	10
267	350	10	10
266	350	10	10
266	350	10	10
266	350	10	10
265	350	10	10
265	350	10	10
265	350	10	10
264	350	10	10
264	350	10	10
264	350	10	10
264	350	10	10
263	350	10	10
263	350	10	10
263	350	10	10
262	350	10	10
262	350	10	10
262	350	10	10
261	350	10	10
261	350	10	10
261	350	10	10
260	350	10	10
260	350	10	10
260	350	10	10
259	350	10	10
259	350	10	10
259	350	10	10
258	350	10	10
258	350	10	10
258	350	10	10
257	350	10	10
257	350	10	10
257	350	10	10
256	350	10	10
256	350	10	10
256	350	10	10
255	350	10	10
255	350	10	10
255	350	10	10
255	350	10	10
254	350	10	10
254	350	10	10
254	350	10	10
253	350	10	10
253	350	10	10
253	350	10	10
252	350	10	10
252	350	10	10
252	350	10	10
251	350	10	10
251	350	10	10
251	350	10	10
250	350	10	10
250	350	10	10
250	350	10	10
249	350	10	10
249	350	10	10
249	350	10	10
248	350	10	10
248	350	10	10
248	350	10	10
247	350	10	10
247	350	10	10
247	350	10	10
246	350	10	10
246	350	10	10
246	350	10	10
246	350	10	10
245	350	10	10
245	350	10	10
245	350	10	10
244	350	10	10
244	350	10	10
244	350	10	10
243	350	10	10
243	350	10	10
243	350	10	10
242	350	10	10
242	350	10	10
242	350	10	10
241	350	10	10
241	350	10	10
241	350	10	10
240	350	10	10
240	350	10	10
240	350	10	10
239	350	10	10
239	350	10	10
239	350	10	10
238	350	10	10
238	350	10	10
238	350	10	10
238	350	10	10
237	350	10	10
237	350	10	10
237	350	10	10
236	350	10	10
236	350	10	10
236	350	10	10
235	350	10	10
235	350	10	10
235	350	10	10
234	350	10	10
234	350	10	10
234	350	10	10
233	350	10	10
233	350	10	10
233	350	10	10
232	350	10	10
232	350	10	10
232	350	10	10
231	350	10	10
231	350	10	10
231	350	10	10
230	350	10	10
230	350	10	10
230	350	10	10
229	350	10	10
229	350	10	10
229	350	10	10
229	350	10	10
228	350	10	10
228	350	10	10
228	350	10	10
227	350	10	10
227	350	10	10
227	350	10	10
226	350	10	10
226	350	10	10
226	350	10	10
225	350	10	10
225	350	10	10
225	350	10	10
224	350	10	10
224	350	10	10
224	350	10	10
223	350	10	10
223	350	10	10
223	350	10	10
222	350	10	10
222	350	10	10
222	350	10	10
221	350	10	10
221	350	10	10
221	350	10	10
220	350	10	10
220	350	10	10
220	350	10	10
220	350	10	10
219	350	10	10
219	350	10	10
219	350	10	10
218	350	10	10
218	350	10	10
218	350	10	10
217	350	10	10
217	350	10	10
217	350	10	10
216	350	10	10
216	350	10	10
216	350	10	10
215	350	10	10
215	350	10	10
215	350	10	10
214	350	10	10
214	350	10	10
214	350	10	10
213	350	10	10
213	350	10	10
213	350	10	10
212	350	10	10
212	350	10	10
212	350	10	10
211	350	10	10
211	350	10	10
211	350	10	10
211	350	10	10
210	350	10	10
210	350	10	10
210	350	10	10
209	350	10	10
209	350	10	10
209	350	10	10
208	350	10	10
208	350	10	10
208	350	10	10
207	350	10	10
207	350	10	10
207	350	10	10
206	350	10	10
206	350	10	10
206	350	10	10
205	350	10	10
205	350	10	10
205	350	10	10
204	350	10	10
204	350	10	10
204	350	10	10
203	350	10	10
203	350	10	10
203	350	10	10
202	350	10	10
202	350	10	10
202	350	10	10
202	350	10	10
201	350	10	10
201	350	10	10
201	350	10	10
200	350	10	10
200	350	10	10
200	350	10	10
199	350	10	10
199	350	10	10
199	350	10	10
198	350	10	10
198	350	10	10
198	350	10	10
197	350	10	10
197	350	10	10
197	350	10	10
196	350	10	10
196	350	10	10
196	350	10	10
195	350	10	10
195	350	10	10
195	350	10	10
194	350	10	10
194	350	10	10
194	350	10	10
193	350	10	10
193	350	10	10
193	350	10	10
193	350	10	10
192	350	10	10
192	350	10	10
192	350	10	10
191	350	10	10
191	350	10	10
191	350	10	10
190	350	10	10
190	350	10	10
190	350	10	10
189	350	10	10
189	350	10	10
189	350	10	10
188	350	10	10
188	350	10	10
188	350	10	10
187	350	10	10
187	350	10	10
187	350	10	10
186	350	10	10
186	350	10	10
186	350	10	10
185	350	10	10
185	350	10	10
185	350	10	10
184	350	10	10
184	350	10	10
184	350	10	10
184	350	10	10
183	350	10	10
183	350	10	10
183	350	10	10
182	350	10	10
182	350	10	10
182	350	10	10
181	350	10	10
181	350	10	10
181	350	10	10
180	350	10	10
180	350	10	10
180	350	10	10
179	350	10	10
179	350	10	10
179	350	10	10
178	350	10	10
178	350	10	10
178	350	10	10
177	350	10	10
177	350	10	10
177	350	10	10
176	350	10	10
176	350	10	10
176	350	10	10
175	350	10	10
175	350	10	10
175	350	10	10
175	350	10	10
174	350	10	10
174	350	10	10
174	350	10	10
173	350	10	10
173	350	10	10
173	350	10	10
172	350	10	10
172	350	10	10
172	350	10	10
171	350	10	10
171	350	10	10
171	350	10	10
170	350	10	10
170	350	10	10
170	350	10	10
169	350	10	10
169	350	10	10
169	350	10	10
168	350	10	10
168	350	10	10
168	350	10	10
167	350	10	10
167	350	10	10
167	350	10	10
166	350	10	10
166	350	10	10
166	350	10	10
166	350	10	10
165	350	10	10
165	350	10	10
165	350	10	10
164	350	10	10
164	350	10	10
164	350	10	10
163	350	10	10
163	350	10	10
163	350	10	10
162	350	10	10
162	350	10	10
162	350	10	10
161	350	10	10
161	350	10	10
161	350	10	10
160	350	10	10
160	350	10	10
160	350	10	10
159	350	10	10
159	350	10	10
159	350	10	10
158	350	10	10
158	350	10	10
158	350	10	10
157	350	10	10
157	350	10	10
157	350	10	10
157	350	10	10
156	350	10	10
156	350	10	10
156	350	10	10
155	350	10	10
155	350	10	10
155	350	10	10
154	350	10	10
154	350	10	10
154	350	10	10
153	350	10	10
153	350	10	10
153	350	10	10
152	350	10	10
152	350	10	10
152	350	10	10
151	350	10	10
151	350	10	10
151	350	10	10
150	350	10	10
150	350	10	10
150	350	10	10
149	350	10	10
149	350	10	10
149	350	10	10
148	350	10	10
148	350	10	10
148	350	10	10
148	350	10	10
147	350	10	10
147	350	10	10
147	350	10	10
146	350	10	10
146	350	10	10
146	350	10	10
145	350	10	10
145	350	10	10
145	350	10	10
144	350	10	10
144	350	10	10
144	350	10	10
143	350	10	10
143	350	10	10
143	350	10	10
142	350	10	10
142	350	10	10
142	350	10	10
141	350	10	10
141	350	10	10
141	350	10	10
140	350	10	10
140	350	10	10
140	350	10	10
139	350	10	10
139	350	10	10
139	350	10	10
139	350	10	10
138	350	10	10
138	350	10	10
138	350	10	10
137	350	10	10
137	350	10	10
137	350	10	10
136	350	10	10
136	350	10	10
136	350	10	10
135	350	10	10
135	350	10	10
135	350	10	10
134	350	10	10
134	350	10	10
134	350	10	10
133	350	10	10
133	350	10	10
133	350	10	10
132	350	10	10
132	350	10	10
132	350	10	10
131	350	10	10
131	350	10	10
131	350	10	10
130	350	10	10
130	350	10	10
130	350	10	10
130	350	10	10
129	350	10	10
129	350	10	10
129	350	10	10
128	350	10	10
128	350	10	10
128	350	10	10
127	350	10	10
127	350	10	10
127	350	10	10
126	350	10	10
126	350	10	10
126	350	10	10
125	350	10	10
125	350	10	10
125	350	10	10
124	350	10	10
124	350	10	10
124	350	10	10
123	350	10	10
123	350	10	10
123	350	10	10
122	350	10	10
122	350	10	10
122	350	10	10
122	350	10	10
121	350	10	10
121	350	10	10
121	350	10	10
120	350	10	10
120	350	10	10
120	350	10	10
119	350	10	10
119	350	10	10
119	350	10	10
118	350	10	10
118	350	10	10
118	350	10	10
117	350	10	10
117	350	10	10
117	350	10	10
116	350	10	10
116	350	10	10
116	350	10	10
115	350	10	10
115	350	10	10
115	350	10	10
114	350	10	10
114	350	10	10
114	350	10	10
113	350	10	10
113	350	10	10
113	350	10	10
113	350	10	10
112	350	10	10
112	350	10	10
112	350	10	10
111	350	10	10
111	350	10	10
111	350	10	10
110	350	10	10
110	350	10	10
110	350	10	10
109	350	10	10
109	350	10	10
109	350	10	10
108	350	10	10
108	350	10	10
108	350	10	10
107	350	10	10
107	350	10	10
107	350	10	10
106	350	10	10
106	350	10	10
106	350	10	10
105	350	10	10
105	350	10	10
105	350	10	10
104	350	10	10
104	350	10	10
104	350	10	10
104	350	10	10
103	350	10	10
103	350	10	10
103	350	10	10
102	350	10	10
102	350	10	10
102	350	10	10
101	350	10	10
101	350	10	10
101	350	10	10
100	350	10	10
100	350	10	10
100	350	10	10
99	350	10	10
99	350	10	10
99	350	10	10
98	350	10	10
98	350	10	10
98	350	10	10
97	350	10	10
97	350	10	10
97	350	10	10
96	350	10	10
96	350	10	10
96	350	10	10
95	350	10	10
95	350	10	10
95	350	10	10
95	350	10	10
94	350	10	10
94	350	10	10
94	350	10	10
93	350	10	10
93	350	10	10
93	350	10	10
92	350	10	10
92	350	10	10
92	350	10	10
91	350	10	10
91	350	10	10
91	350	10	10
90	350	10	10
90	350	10	10
90	350	10	10
89	350	10	10
89	350	10	10
89	350	10	10
88	350	10	10
88	350	10	10
88	350	10	10
87	350	10	10
87	350	10	10
87	350	10	10
86	350	10	10
86	350	10	10
86	350	10	10
86	350	10	10
85	350	10	10
85	350	10	10
85	350	10	10
84	350	10	10
84	350	10	10
84	350	10	10
83	350	10	10
83	350	10	10
83	350	10	10
82	350	10	10
82	350	10	10
82	350	10	10
81	350	10	10
81	350	10	10
81	350	10	10
80	350	10	10
80	350	10	10
80	350	10	10
79	350	10	10
79	350	10	10
79	350	10	10
78	350	10	10
78	350	10	10
78	350	10	10
77	350	10	10
77	350	10	10
77	350	10	10
77	350	10	10
76	350	10	10
76	350	10	10
76	350	10	10
75	350	10	10
75	350	10	10
75	350	10	10
74	350	10	10
74	350	10	10
74	350	10	10
73	350	10	10
73	350	10	10
73	350	10	10
72	350	10	10
72	350	10	10
72	350	10	10
71	350	10	10
71	350	10	10
71	350	10	10
70	350	10	10
70	350	10	10
70	350	10	10
69	350	10	10
69	350	10	10
69	350	10	10
68	350	10	10
68	350	10	10
68	350	10	10
68	350	10	10
67	350	10	10
67	350	10	10
67	350	10	10
66	350	10	10
66	350	10	10
66	350	10	10
65	350	10	10
65	350	10	10
65	350	10	10
64	350	10	10
64	350	10	10
64	350	10	10
63	350	10	10
63	350	10	10
63	350	10	10
62	350	10	10
62	350	10	10
62	350	10	10
61	350	10	10
61	350	10	10
61	350	10	10
60	350	10	10
60	350	10	10
60	350	10	10
59	350	10	10
59	350	10	10
59	350	10	10
59	350	10	10
58	350	10	10
58	350	10	10
58	350	10	10
57	350	10	10
57	350	10	10
57	350	10	10
56	350	10	10
56	350	10	10
56	350	10	10
55	350	10	10
55	350	10	10
55	350	10	10
54	350	10	10
54	350	10	10
54	350	10	10
53	350	10	10
53	350	10	10
53	350	10	10
52	350	10	10
52	350	10	10
52	350	10	10
51	350	10	10
51	350	10	10
51	350	10	10
50	350	10	10
50	350	10	10
50	350	10	10
50	350	10	10
49	350	10	10
49	350	10	10
49	350	10	10
48	350	10	10
48	350	10	10
48	350	10	10
47	350	10	10
47	350	10	10
47	350	10	10
46	350	10	10
46	350	10	10
46	350	10	10
45	350	10	10
45	350	10	10
45	350	10	10
44	350	10	10
44	350	10	10
44	350	10	10
43	350	10	10
43	350	10	10
43	350	10	10
42	350	10	10
42	350	10	10
42	350	10	10
41	350	10	10
41	350	10	10
41	350	10	10
41	350	10	10
40	350	10	10
40	350	10	10
40	350	10	10
39	350	10	10
39	350	10	10
39	350	10	10
38	350	10	10
38	350	10	10
38	350	10	10
37	350	10	10
37	350	10	10
37	350	10	10
36	350	10	10
36	350	10	10
36	350	10	10
35	350	10	10
35	350	10	10
35	350	10	10
34	350	10	10
34	350	10	10
34	350	10	10
33	350	10	10
33	350	10	10
33	350	10	10
32	350	10	10
32	350	10	10
32	350	10	10
32	350	10	10
31	350	10	10
31	350	10	10
31	350	10	10
30	350	10	10
30	350	10	10
30	350	10	10
29	350	10	10
29	350	10	10
29	350	10	10
28	350	10	10
28	350	10	10
28	350	10	10
27	350	10	10
27	350	10	10
27	350	10	10
26	350	10	10
26	350	10	10
26	350	10	10
25	350	10	10
25	350	10	10
25	350	10	10
24	350	10	10
24	350	10	10
24	350	10	10
23	350	10	10
23	350	10	10
23	350	10	10
23	350	10	10
22	350	10	10
22	350	10	10
22	350	10	10
21	350	10	10
21	350	10	10
21	350	10	10
20	350	10	10
20	350	10	10
20	350	10	10
19	350	10	10
19	350	10	10
19	350	10	10
18	350	10	10
18	350	10	10
18	350	10	10
17	350	10	10
17	350	10	10
17	350	10	10
16	350	10	10
16	350	10	10
16	350	10	10
15	350	10	10
15	350	10	10
15	350	10	10
14	350	10	10
14	350	10	10
14	350	10	10
17	350	10	10
17	350	10	10
17	350	10	10
16	350	10	10
16	350	10	10
16	350	10	10
15	350	10	10
15	350	10	10
15	350	10	10
14	350	10	10
14	350	10	10
14	350	10	10
17	350	10	10
17	350	10	10
16	350	10	10
16	350	10	10
16	350	10	10
15	350	10	10
15	350	10	10
15	350	10	10
15	350	10	10
14	350	10	10
14	350	10	10
14	350	10	10
13	350	10	10
13	350	10	10
16	350	10	10
16	350	10	10
16	350	10	10
15	350	10	10
15	350	10	10
15	350	10	10
14	350	10	10
14	350	10	10
14	350	10	10
17	350	10	10
17	350	10	10
16	350	10	10
16	350	10	10
16	350	10	10
15	350	10	10
15	350	10	10
15	350	10	10
15	350	10	10
14	350	10	10
14	350	10	10
17	350	10	10
17	350	10	10
17	350	10	10
16	350	10	10
16	350	10	10
16	350	10	10
15	350	10	10
15	350	10	10
15	350	10	10
14	350	10	10
14	350	10	10
14	350	10	10
17	350	10	10
17	350	10	10
16	350	10	10
16	350	10	10
16	350	10	10
15	350	10	10
15	350	10	10
15	350	10	10
15	350	10	10
14	350	10	10
14	350	10	10
17	350	10	10
17	350	10	10
17	350	10	10
16	350	10	10
16	350	10	10
16	350	10	10
15	350	10	10
15	350	10	10
15	350	10	10
14	350	10	10
14	350	10	10
14	350	10	10
17	350	10	10
17	350	10	10
16	350	10	10
16	350	10	10
16	350	10	10
16	350	10	10
15	350	10	10
15	350	10	10
15	350	10	10
14	350	10	10
14	350	10	10
17	350	10	10
17	350	10	10
17	350	10	10
16	350	10	10
16	350	10	10
16	350	10	10
15	350	10	10
15	350	10	10
15	350	10	10
14	350	10	10
14	350	10	10
14	350	10	10
17	350	10	10
17	350	10	10
16	350	10	10
16	350	10	10
16	350	10	10
16	350	10	10
15	350	10	10
15	350	10	10
15	350	10	10
14	350	10	10
14	350	10	10
17	350	10	10
17	350	10	10
17	350	10	10
16	350	10	10
16	350	10	10
16	350	10	10
15	350	10	10
15	350	10	10
15	350	10	10
14	350	10	10
14	350	10	10
14	350	10	10
13	350	10	10
17	350	10	10
16	350	10	10
16	350	10	10
16	350	10	10
16	350	10	10
15	350	10	10
15	350	10	10
15	350	10	10
14	350	10	10
14	350	10	10
17	350	10	10
17	350	10	10
17	350	10	10
16	350	10	10
16	350	10	10
16	350	10	10
15	350	10	10
15	350	10	10
15	350	10	10
14	350	10	10
14	350	10	10
17	350	10	10
17	350	10	10
17	350	10	10
17	350	10	10
16	350	10	10
16	350	10	10
16	350	10	10
15	350	10	10
15	350	10	10
15	350	10	10
14	350	10	10
14	350	10	10
17	350	10	10
17	350	10	10
17	350	10	10
16	350	10	10
16	350	10	10
16	350	10	10
15	350	10	10
15	350	10	10
15	350	10	10
14	350	10	10
14	350	10	10
14	350	10	10
17	350	10	10
17	350	10	10
17	350	10	10
16	350	10	10
16	350	10	10
16	350	10	10
15	350	10	10
15	350	10	10
15	350	10	10
14	350	10	10
14	350	10	10
17	350	10	10
17	350	10	10
17	350	10	10
16	350	10	10
16	350	10	10
16	350	10	10
15	350	10	10
15	350	10	10
15	350	10	10
14	350	10	10
14	350	10	10
14	350	10	10
13	350	10	10
13	350	10	10
17	350	10	10
16	350	10	10
16	350	10	10
16	350	10	10
15	350	10	10
15	350	10	10
15	350	10	10
14	350	10	10
14	350	10	10
17	350	10	10
17	350	10	10
17	350	10	10
16	350	10	10
16	350	10	10
16	350	10	10
15	350	10	10
15	350	10	10
15	350	10	10
14	350	10	10
14	350	10	10
14	350	10	10
17	350	10	10
17	350	10	10
17	350	10	10
16	350	10	10
16	350	10	10
16	350	10	10
15	350	10	10
15	350	10	10
15	350	10	10
14	350	10	10
14	350	10	10
17	350	10	10
17	350	10	10
17	350	10	10
16	350	10	10
16	350	10	10
16	350	10	10
15	350	10	10
15	350	10	10
15	350	10	10
14	350	10	10
14	350	10	10
14	350	10	10
17	350	10	10
17	350	10	10
17	350	10	10
16	350	10	10
16	350	10	10
16	350	10	10
15	350	10	10
15	350	10	10
15	350	10	10
14	350	10	10
14	350	10	10
17	350	10	10
17	350	10	10
17	350	10	10
16	350	10	10
16	350	10	10
16	350	10	10
15	350	10	10
15	350	10	10
15	350	10	10
14	350	10	10
14	350	10	10
14	350	10	10
17	350	10	10
17	350	10	10
17	350	10	10
16	350	10	10
16	350	10	10
16	350	10	10
15	350	10	10
15	350	10	10
15	350	10	10
14	350	10	10
14	350	10	10
17	350	10	10
17	350	10	10
17	350	10	10
16	350	10	10
16	350	10	10
16	350	10	10
15	350	10	10
15	350	10	10
15	350	10	10
14	350	10	10
14	350	10	10
14	350	10	10
17	350	10	10
17	350	10	10
17	350	10	10
16	350	10	10
16	350	10	10
16	350	10	10
15	350	10	10
15	350	10	10
15	350	10	10
14	350	10	10
14	350	10	10
14	350	10	10
13	350	10	10
17	350	10	10
16	350	10	10
16	350	10	10
16	350	10	10
15	350	10	10
15	350	10	10
15	350	10	10
14	350	10	10
14	350	10	10
14	350	10	10
17	350	10	10
17	350	10	10
17	350	10	10
16	350	10	10
16	350	10	10
16	350	10	10
15	350	10	10
15	350	10	10
15	350	10	10
14	350	10	10
14	350	10	10
14	350	10	10
17	350	10	10
17	350	10	10
16	350	10	10
16	350	10	10
16	350	10	10
15	350	10	10
15	350	10	10
15	350	10	10
14	350	10	10
14	350	10	10
14	350	10	10
17	350	10	10
17	350	10	10
17	350	10	10
16	350	10	10
16	350	10	10
16	350	10	10
15	350	10	10
15	350	10	10
15	350	10	10
14	350	10	10
14	350	10	10
14	350	10	10
17	350	10	10
17	350	10	10
16	350	10	10
16	350	10	10
16	350	10	10
15	350	10	10
15	350	10	10
15	350	10	10
15	350	10	10
14	350	10	10
14	350	10	10
17	350	10	10
17	350	10	10
17	350	10	10
16	350	10	10
16	350	10	10
16	350	10	10
15	350	10	10
15	350	10	10
15	350	10	10
14	350	10	10
14	350	10	10
14	350	10	10
17	350	10	10
17	350	10	10
16	350	10	10
16	350	10	10
16	350	10	10
15	350	10	10
15	350	10	10
15	350	10	10
15	350	10	10
14	350	10	10
14	350	10	10
17	350	10	10
17	350	10	10
17	350	10	10
16	350	10	10
16	350	10	10
16	350	10	10
15	350	10	10
15	350	10	10
15	350	10	10
14	350	10	10
14	350	10	10
14	350	10	10
17	350	10	10
17	350	10	10
16	350	10	10
16	350	10	10
16	350	10	10
15	350	10	10
15	350	10	10
15	350	10	10
15	350	10	10
14	350	10	10
14	350	10	10
14	350	10	10
13	350	10	10
13	350	10	10
13	350	10	10
12	350	10	10
12	350	10	10
15	350	10	10
15	350	10	10
15	350	10	10
14	350	10	10
14	350	10	10
14	350	10	10
17	350	10	10
17	350	10	10
16	350	10	10
16	350	10	10
16	350	10	10
16	350	10	10
15	350	10	10
15	350	10	10
15	350	10	10
14	350	10	10
14	350	10	10
17	350	10	10
17	350	10	10
17	350	10	10
16	350	10	10
16	350	10	10
16	350	10	10
15	350	10	10
15	350	10	10
15	350	10	10
14	350	10	10
14	350	10	10
14	350	10	10
17	350	10	10
17	350	10	10
16	350	10	10
16	350	10	10
16	350	10	10
16	350	10	10
15	350	10	10
15	350	10	10
15	350	10	10
14	350	10	10
14	350	10	10
17	350	10	10
17	350	10	10
17	350	10	10
16	350	10	10
16	350	10	10
16	350	10	10
15	350	10	10
15	350	10	10
15	350	10	10
14	350	10	10
14	350	10	10
14	350	10	10
17	350	10	10
17	350	10	10
16	350	10	10
16	350	10	10
16	350	10	10
16	350	10	10
15	350	10	10
15	350	10	10
15	350	10	10
14	350	10	10
14	350	10	10
17	350	10	10
17	350	10	10
17	350	10	10
16	350	10	10
16	350	10	10
16	350	10	10
15	350	10	10
15	350	10	10
15	350	10	10
14	350	10	10
14	350	10	10
14	350	10	10
13	350	10	10
17	350	10	10
17	350	10	10
16	350	10	10
16	350	10	10
16	350	10	10
15	350	10	10
15	350	10	10
15	350	10	10
14	350	10	10
14	350	10	10
17	350	10	10
17	350	10	10
17	350	10	10
16	350	10	10
16	350	10	10
16	350	10	10
15	350	10	10
15	350	10	10
15	350	10	10
14	350	10	10
14	350	10	10
14	350	10	10
17	350	10	10
17	350	10	10
17	350	10	10
16	350	10	10
16	350	10	10
16	350	10	10
15	350	10	10
15	350	10	10
15	350	10	10
14	350	10	10
14	350	10	10
14	350	10	10
13	350	10	10
13	350	10	10
16	350	10	10
16	350	10	10
16	350	10	10
15	350	10	10
15	350	10	10
15	350	10	10
14	350	10	10
14	350	10	10
14	350	10	10
17	350	10	10
17	350	10	10
17	350	10	10
16	350	10	10
16	350	10	10
16	350	10	10
15	350	10	10
15	350	10	10
15	350	10	10
14	350	10	10
14	350	10	10
17	350	10	10
17	350	10	10
17	350	10	10
16	350	10	10
16	350	10	10
16	350	10	10
15	350	10	10
15	350	10	10
15	350	10	10
14	350	10	10
14	350	10	10
14	350	10	10
13	350	10	10
13	350	10	10
17	350	10	10
16	350	10	10
16	350	10	10
16	350	10	10
15	350	10	10
15	350	10	10
15	350	10	10
14	350	10	10
14	350	10	10
17	350	10	10
17	350	10	10
17	350	10	10
16	350	10	10
16	350	10	10
16	350	10	10
15	350	10	10
15	350	10	10
15	350	10	10
14	350	10	10
14	350	10	10
14	350	10	10
17	350	10	10
17	350	10	10
17	350	10	10
16	350	10	10
16	350	10	10
16	350	10	10
15	350	10	10
15	350	10	10
15	350	10	10
14	350	10	10
14	350	10	10
14	350	10	10
13	350	10	10
13	350	10	10
13	350	10	10
12	350	10	10
12	350	10	10
12	350	10	10
15	350	10	10
15	350	10	10
14	350	10	10
14	350	10	10
14	350	10	10
17	350	10	10
17	350	10	10
17	350	10	10
16	350	10	10
16	350	10	10
16	350	10	10
15	350	10	10
15	350	10	10
15	350	10	10
14	350	10	10
14	350	10	10
14	350	10	10
13	350	10	10
13	350	10	10
13	350	10	10
16	350	10	10
16	350	10	10
15	350	10	10
15	350	10	10
15	350	10	10
14	350	10	10
14	350	10	10
14	350	10	10
14	350	10	10
13	350	10	10
13	350	10	10
13	350	10	10
12	350	10	10
12	350	10	10
15	350	10	10
15	350	10	10
15	350	10	10
14	350	10	10
14	350	10	10
14	350	10	10
13	350	10	10
13	350	10	10
13	350	10	10
12	350	10	10
12	350	10	10
12	350	10	10
11	350	10	10
11	350	10	10
14	350	10	10
14	350	10	10
14	350	10	10
17	350	10	10
17	350	10	10
17	350	10	10
16	350	10	10
16	350	10	10
16	350	10	10
15	350	10	10
15	350	10	10
15	350	10	10
14	350	10	10
14	350	10	10
14	350	10	10
17	350	10	10
17	350	10	10
16	350	10	10
16	350	10	10
16	350	10	10
15	350	10	10
15	350	10	10
15	350	10	10
15	350	10	10
14	350	10	10
14	350	10	10
17	350	10	10
17	350	10	10
17	350	10	10
16	350	10	10
16	350	10	10
16	350	10	10
15	350	10	10
15	350	10	10
15	350	10	10
14	350	10	10
14	350	10	10
14	350	10	10
13	350	10	10
13	350	10	10
13	350	10	10
12	350	10	10
16	350	10	10
15	350	10	10
15	350	10	10
15	350	10	10
15	350	10	10
14	350	10	10
14	350	10	10
14	350	10	10
13	350	10	10
13	350	10	10
13	350	10	10
16	350	10	10
16	350	10	10
15	350	10	10
15	350	10	10
15	350	10	10
14	350	10	10
14	350	10	10
14	350	10	10
17	350	10	10
17	350	10	10
16	350	10	10
16	350	10	10
16	350	10	10
15	350	10	10
15	350	10	10
15	350	10	10
15	350	10	10
14	350	10	10
14	350	10	10
17	350	10	10
17	350	10	10
17	350	10	10
16	350	10	10
16	350	10	10
16	350	10	10
15	350	10	10
15	350	10	10
15	350	10	10
14	350	10	10
14	350	10	10
14	350	10	10
13	350	10	10
13	350	10	10
13	350	10	10
12	350	10	10
12	350	10	10
12	350	10	10
15	350	10	10
15	350	10	10
15	350	10	10
14	350	10	10
14	350	10	10
14	350	10	10
13	350	10	10
17	350	10	10
16	350	10	10
16	350	10	10
16	350	10	10
15	350	10	10
15	350	10	10
15	350	10	10
14	350	10	10
14	350	10	10
14	350	10	10
17	350	10	10
17	350	10	10
16	350	10	10
16	350	10	10
16	350	10	10
16	350	10	10
15	350	10	10
15	350	10	10
15	350	10	10
14	350	10	10
14	350	10	10
14	350	10	10
13	350	10	10
13	350	10	10
16	350	10	10
16	350	10	10
16	350	10	10
15	350	10	10
15	350	10	10
15	350	10	10
14	350	10	10
14	350	10	10
14	350	10	10
17	350	10	10
17	350	10	10
16	350	10	10
16	350	10	10
16	350	10	10
16	350	10	10
15	350	10	10
15	350	10	10
15	350	10	10
14	350	10	10
14	350	10	10
17	350	10	10
17	350	10	10
17	350	10	10
16	350	10	10
16	350	10	10
16	350	10	10
15	350	10	10
15	350	10	10
15	350	10	10
14	350	10	10
14	350	10	10
14	350	10	10
17	350	10	10
17	350	10	10
16	350	10	10
16	350	10	10
16	350	10	10
16	350	10	10
15	350	10	10
15	350	10	10
15	350	10	10
14	350	10	10
14	350	10	10
17	350	10	10
17	350	10	10
17	350	10	10
16	350	10	10
16	350	10	10
16	350	10	10
15	350	10	10
15	350	10	10
15	350	10	10
14	350	10	10
14	350	10	10
14	350	10	10
17	350	10	10
17	350	10	10
17	350	10	10
16	350	10	10
16	350	10	10
16	350	10	10
15	350	10	10
15	350	10	10
15	350	10	10
14	350	10	10
14	350	10	10
17	350	10	10
17	350	10	10
17	350	10	10
16	350	10	10
16	350	10	10
16	350	10	10
15	350	10	10
15	350	10	10
15	350	10	10
14	350	10	10
14	350	10	10
14	350	10	10
17	350	10	10
17	350	10	10
17	350	10	10
16	350	10	10
16	350	10	10
16	350	10	10
15	350	10	10
15	350	10	10
15	350	10	10
14	350	10	10
14	350	10	10
17	350	10	10
17	350	10	10
17	350	10	10
16	350	10	10
16	350	10	10
16	350	10	10
15	350	10	10
15	350	10	10
15	350	10	10
14	350	10	10
14	350	10	10
14	350	10	10
17	350	10	10
17	350	10	10
17	350	10	10
16	350	10	10
16	350	10	10
16	350	10	10
15	350	10	10
15	350	10	10
15	350	10	10
14	350	10	10
14	350	10	10
17	350	10	10
17	350	10	10
17	350	10	10
16	350	10	10
16	350	10	10
16	350	10	10
15	350	10	10
15	350	10	10
15	350	10	10
14	350	10	10
14	350	10	10
14	350	10	10
17	350	10	10
17	350	10	10
17	350	10	10
16	350	10	10
16	350	10	10
16	350	10	10
15	350	10	10
15	350	10	10
15	350	10	10
14	350	10	10
14	350	10	10
17	350	10	10
17	350	10	10
17	350	10	10
16	350	10	10
16	350	10	10
16	350	10	10
15	350	10	10
15	350	10	10
15	350	10	10
14	350	10	10
14	350	10	10
14	350	10	10
17	350	10	10
17	350	10	10
17	350	10	10
16	350	10	10
16	350	10	10
16	350	10	10
15	350	10	10
15	350	10	10
15	350	10	10
14	350	10	10
14	350	10	10
17	350	10	10
17	350	10	10
17	350	10	10
16	350	10	10
16	350	10	10
16	350	10	10
15	350	10	10
15	350	10	10
15	350	10	10
14	350	10	10
14	350	10	10
14	350	10	10
14	350	10	10
13	350	10	10
13	350	10	10
13	350	10	10
12	350	10	10
12	350	10	10
12	350	10	10
11	350	10	10
11	350	10	10
14	350	10	10
14	350	10	10
14	350	10	10
13	350	10	10
13	350	10	10
13	350	10	10
12	350	10	10
12	350	10	10
12	350	10	10
11	350	10	10
11	350	10	10
11	350	10	10
10	350	10	10
10	350	10	10
10	350	10	10
9	350	10	10
9	350	10	10
9	350	10	10
9	350	10	10
8	350	10	10
8	350	10	10
8	350	10	10
7	350	10	10
7	350	10	10
6	350	10	10
6	350	10	10
6	350	10	10
6	350	10	10
5	350	10	10
5	350	10	10
5	350	10	10
4	350	10	10
4	350	10	10
4	350	10	10
3	350	10	10
3	350	10	10
3	350	10	10
2	350	10	10
2	350	10	10
2	350	10	10
1	350	10	10
1	350	10	10
1	350	10	10
0	350	10	10
0	350	10	10
0	350	10	10
0	350	10	10
0	350	10	10
0	350	10	10
0	350	10	10
0	350	10	10
0	350	10	10
0	350	10	10
0	350	10	10
0	350	10	10
0	350	10	10
0	350	10	10
0	350	10	10
0	350	10	10
0	350	10	10
0	350	10	10
0	350	10	10
0	350	10	10
0	350	10	10
0	350	10	10
0	350	10	10
0	350	10	10
0	350	10	10
0	350	10	10
0	350	10	10
0	350	10	10
0	350	10	10
0	350	10	10
0	350	10	10
0	350	10	10
0	350	10	10
0	350	10	10
0	350	10	10
0	350	10	10
0	350	10	10
0	350	10	10
0	350	10	10
0	350	10	10
0	350	10	10
0	350	10	10
0	350	10	10
0	350	10	10
0	350	10	10
0	350	10	10
0	350	10	10
0	350	10	10
0	350	10	10
0	350	10	10
0	350	10	10
0	350	10	10
0	350	10	10
0	350	10	10
0	350	10	10
0	350	10	10
0	350	10	10
0	350	10	10
0	350	10	10
0	350	10	10
0	350	10	10
0	350	10	10
0	350	10	10
0	350	10	10
0	350	10	10
0	350	10	10
0	350	10	10
0	350	10	10
0	350	10	10
0	350	10	10
0	350	10	10
0	350	10	10
0	350	10	10
0	350	10	10
0	350	10	10
0	350	10	10
0	350	10	10
0	350	10	10
0	350	10	10
0	350	10	10
0	350	10	10
0	350	10	10
0	350	10	10
0	350	10	10
0	350	10	10
0	350	10	10
0	350	10	10
0	350	10	10
0	350	10	10
0	350	10	10
0	350	10	10
0	350	10	10
0	350	10	10
0	350	10	10
0	350	10	10
0	350	10	10
0	350	10	10
0	350	10	10
0	350	10	10
0	350	10	10
0	350	10	10
0	350	10	10
0	350	10	10
0	350	10	10
0	350	10	10
0	350	10	10
0	350	10	10
0	350	10	10
0	350	10	10
0	350	10	10
0	350	10	10
0	350	10	10
0	350	10	10
0	350	10	10
0	350	10	10
0	350	10	10
0	350	10	10
0	350	10	10
0	350	10	10
0	350	10	10
0	350	10	10
0	350	10	10
0	350	10	10
0	350	10	10
0	350	10	10
0	350	10	10
0	350	10	10
0	350	10	10
0	350	10	10
0	350	10	10
0	350	10	10
0	350	10	10
0	350	10	10
0	350	10	10
0	350	10	10
0	350	10	10
0	350	10	10
0	350	10	10
0	350	10	10
0	350	10	10
0	350	10	10
0	350	10	10
0	350	10	10
0	350	10	10
0	350	10	10
0	350	10	10
0	350	10	10
0	350	10	10
0	350	10	10
0	350	10	10
0	350	10	10
0	350	10	10
0	350	10	10
0	350	10	10
0	350	10	10
0	350	10	10
0	350	10	10
0	350	10	10
0	350	10	10
0	350	10	10
0	350	10	10
0	350	10	10
0	350	10	10
0	350	10	10
0	350	10	10
0	350	10	10
0	350	10	10
0	350	10	10
0	350	10	10
0	350	10	10
0	350	10	10
0	350	10	10
0	350	10	10
0	350	10	10
0	350	10	10
0	350	10	10
0	350	10	10
0	350	10	10
0	350	10	10
0	350	10	10
0	350	10	10
0	350	10	10
0	350	10	10
0	350	10	10
0	350	10	10
0	350	10	10
0	350	10	10
0	350	10	10
0	350	10	10
0	350	10	10
0	350	10	10
0	350	10	10
0	350	10	10
0	350	10	10
0	350	10	10
0	350	10	10
0	350	10	10
0	350	10	10
0	350	10	10
0	350	10	10
0	350	10	10
0	350	10	10
0	350	10	10
0	350	10	10
0	350	10	10
0	350	10	10
0	350	10	10
0	350	10	10
0	350	10	10
0	350	10	10
0	350	10	10
0	350	10	10
0	350	10	10
0	350	10	10
0	350	10	10
0	350	10	10
0	350	10	10
0	350	10	10
0	350	10	10
0	350	10	10
0	350	10	10
0	350	10	10
0	350	10	10
0	350	10	10
0	350	10	10
0	350	10	10
0	350	10	10
0	350	10	10
0	350	10	10
0	350	10	10
0	350	10	10
0	350	10	10
0	350	10	10
0	350	10	10
0	350	10	10
0	350	10	10
0	350	10	10
0	350	10	10
0	350	10	10
0	350	10	10
0	350	10	10
0	350	10	10
0	350	10	10
0	350	10	10
0	350	10	10
0	350	10	10
0	350	10	10
0	350	10	10
0	350	10	10
0	350	10	10
0	350	10	10
0	350	10	10
0	350	10	10
0	350	10	10
0	350	10	10
0	350	10	10
0	350	10	10
0	350	10	10
0	350	10	10
0	350	10	10
0	350	10	10
0	350	10	10
0	350	10	10
0	350	10	10
0	350	10	10
0	350	10	10
0	350	10	10
0	350	10	10
0	350	10	10
0	350	10	10
0	350	10	10
0	350	10	10
0	350	10	10
0	350	10	10
0	350	10	10
0	350	10	10
0	350	10	10
0	350	10	10
0	350	10	10
0	350	10	10
0	350	10	10
0	350	10	10
0	350	10	10
0	350	10	10
0	350	10	10
0	350	10	10
0	350	10	10
0	350	10	10
0	350	10	10
0	350	10	10
0	350	10	10
0	350	10	10
0	350	10	10
0	350	10	10
0	350	10	10
0	350	10	10
0	350	10	10
0	350	10	10
0	350	10	10
0	350	10	10
0	350	10	10
0	350	10	10
0	350	10	10
0	350	10	10
0	350	10	10
0	350	10	10
0	350	10	10
0	350	10	10
0	350	10	10
0	350	10	10
0	350	10	10
0	350	10	10
0	350	10	10
0	350	10	10
0	350	10	10
0	350	10	10
0	350	10	10
0	350	10	10
0	350	10	10
0	350	10	10
0	350	10	10
0	350	10	10
0	350	10	10
0	350	10	10
0	350	10	10
0	350	10	10
0	350	10	10
0	350	10	10
0	350	10	10
0	350	10	10
0	350	10	10
0	350	10	10
0	350	10	10
0	350	10	10
0	350	10	10
0	350	10	10
0	350	10	10
0	350	10	10
0	350	10	10
0	350	10	10
0	350	10	10
0	350	10	10
0	350	10	10
0	350	10	10
0	350	10	10
0	350	10	10
0	350	10	10
0	350	10	10
0	350	10	10
0	350	10	10
0	350	10	10
0	350	10	10
0	350	10	10
0	350	10	10
0	350	10	10
0	350	10	10
0	350	10	10
0	350	10	10
0	350	10	10
0	350	10	10
0	350	10	10
0	350	10	10
0	350	10	10
0	350	10	10
0	350	10	10
0	350	10	10
0	350	10	10
0	350	10	10
0	350	10	10
0	350	10	10
0	350	10	10
0	350	10	10
0	350	10	10
0	350	10	10
0	350	10	10
0	350	10	10
0	350	10	10
0	350	10	10
0	350	10	10
0	350	10	10
0	350	10	10
0	350	10	10
0	350	10	10
0	350	10	10
0	350	10	10
0	350	10	10
0	350	10	10
0	350	10	10
0	350	10	10
0	350	10	10
0	350	10	10
0	350	10	10
0	350	10	10
0	350	10	10
0	350	10	10
0	350	10	10
0	350	10	10
0	350	10	10
0	350	10	10
0	350	10	10
0	350	10	10
0	350	10	10
0	350	10	10
0	350	10	10
0	350	10	10
0	350	10	10
0	350	10	10
0	350	10	10
0	350	10	10
0	350	10	10
0	350	10	10
0	350	10	10
0	350	10	10
0	350	10	10
0	350	10	10
0	350	10	10
0	350	10	10
0	350	10	10
0	350	10	10
0	350	10	10
0	350	10	10
0	350	10	10
0	350	10	10
0	350	10	10
0	350	10	10
0	350	10	10
0	350	10	10
0	350	10	10
0	350	10	10
0	350	10	10
0	350	10	10
0	350	10	10
0	350	10	10
0	350	10	10
0	350	10	10
0	350	10	10
0	350	10	10
0	350	10	10
0	350	10	10
0	350	10	10
0	350	10	10
0	350	10	10
0	350	10	10
0	350	10	10
0	350	10	10
0	350	10	10
0	350	10	10
0	350	10	10
0	350	10	10
0	350	10	10
0	350	10	10
0	350	10	10
0	350	10	10
0	350	10	10
0	350	10	10
0	350	10	10
0	350	10	10
0	350	10	10
0	350	10	10
0	350	10	10
0	350	10	10
0	350	10	10
0	350	10	10
0	350	10	10
0	350	10	10
0	350	10	10
0	350	10	10
0	350	10	10
0	350	10	10
0	350	10	10
0	350	10	10
0	350	10	10
0	350	10	10
0	350	10	10
0	350	10	10
0	350	10	10
0	350	10	10
0	350	10	10
0	350	10	10
0	350	10	10
0	350	10	10
0	350	10	10
0	350	10	10
0	350	10	10
0	350	10	10
0	350	10	10
0	350	10	10
0	350	10	10
0	350	10	10
0	350	10	10
0	350	10	10
0	350	10	10
0	350	10	10
0	350	10	10
0	350	10	10
0	350	10	10
0	350	10	10
0	350	10	10
0	350	10	10
0	350	10	10
0	350	10	10
0	350	10	10
0	350	10	10
0	350	10	10
0	350	10	10
0	350	10	10
0	350	10	10
0	350	10	10
0	350	10	10
0	350	10	10
0	350	10	10
0	350	10	10
0	350	10	10
0	350	10	10
0	350	10	10
0	350	10	10
0	350	10	10
0	350	10	10
0	350	10	10
0	350	10	10
0	350	10	10
0	350	10	10
0	350	10	10
0	350	10	10
0	350	10	10
0	350	10	10
0	350	10	10
0	350	10	10
0	350	10	10
0	350	10	10
0	350	10	10
0	350	10	10
0	350	10	10
0	350	10	10
0	350	10	10
0	350	10	10
0	350	10	10
0	350	10	10
0	350	10	10
0	350	10	10
0	350	10	10
0	350	10	10
0	350	10	10
0	350	10	10
0	350	10	10
0	350	10	10
0	350	10	10
0	350	10	10
0	350	10	10
0	350	10	10
0	350	10	10
0	350	10	10
0	350	10	10
0	350	10	10
0	350	10	10
0	350	10	10
0	350	10	10
0	350	10	10
0	350	10	10
0	350	10	10
0	350	10	10
0	350	10	10
0	350	10	10
0	350	10	10
0	350	10	10
0	350	10	10
0	350	10	10
0	350	10	10
0	350	10	10
0	350	10	10
0	350	10	10
0	350	10	10
0	350	10	10
0	350	10	10
0	350	10	10
0	350	10	10
0	350	10	10
0	350	10	10
0	350	10	10
0	350	10	10
0	350	10	10
0	350	10	10
0	350	10	10
0	350	10	10
0	350	10	10
0	350	10	10
0	350	10	10
