1.536725
3.989738
0.161054
0.162687
0.161672
0.162303
0.152287
0.149847
0.151426
0.150774
0.149033
0.149033
0.148630
0.149400
0.150033
0.148757
0.160106
0.163036
0.130944
0.158347
0.141240
0.127049
0.127383
0.154290
0.161054
0.164359
0.165940
0.168767
0.173125
0.172344
0.163236
0.162652
0.163141
0.157654
0.152480
0.149557
0.154681
0.150628
0.150689
0.122843
0.149849
0.157910
0.162575
0.164645
0.165367
0.167468
0.168961
0.171273
0.163221
0.157428
0.151746
0.149200
0.151824
0.149662
0.150383
0.148443
0.150249
0.151617
0.143550
0.162562
0.150508
0.157357
0.165329
0.163337
0.168214
0.167350
0.168248
0.166860
0.173366
0.164160
0.158114
0.153163
0.155886
0.151826
0.149641
0.149436
0.150088
0.142663
0.148796
0.156317
0.161375
0.163499
0.166002
0.168167
0.171348
0.173351
0.166037
0.157200
0.152990
0.133412
0.152513
0.153609
0.151211
0.151527
0.149676
0.150707
0.159875
0.166030
0.167613
0.170750
0.171498
0.174511
0.165326
0.157428
0.154450
0.149340
0.151601
0.149539
0.163405
0.155341
0.151834
0.149447
0.151061
0.152034
0.151763
0.147353
0.150096
0.151019
0.150129
0.149879
0.153223
0.153128
0.157937
0.162081
0.166468
0.166152
0.159785
0.150460
0.147575
0.151294
0.148771
0.135275
0.163540
0.163818
0.170036
0.171472
0.167089
0.156233
0.149147
0.148388
0.149190
0.149038
0.148190
0.149490
0.148212
0.157577
0.165438
0.165638
0.166594
0.170149
0.172307
0.160830
0.154469
0.138447
0.148722
0.149864
0.150057
0.149869
0.161551
0.164019
0.165623
0.168788
0.162777
0.168258
0.168876
0.173750
0.160557
0.152458
0.147237
0.148003
0.150033
0.148435
0.130950
0.154646
0.161719
0.165940
0.169039
0.173542
0.165307
0.159657
0.161083
0.157101
0.151426
0.153646
0.152755
0.151459
0.151173
0.150440
0.152343
0.157840
0.162420
0.162628
0.170330
0.175748
0.166683
0.158783
0.154280
0.151600
0.160256
0.158118
0.152648
0.152140
0.152670
0.152044
0.152011
0.140346
0.166460
0.166055
0.166606
0.169782
0.169038
0.178341
0.164036
0.158037
0.151223
0.152013
0.155356
0.152400
0.153237
0.152817
0.153798
0.152378
0.152830
0.158094
0.164145
0.166077
0.166053
0.168788
0.168221
0.171756
0.169908
0.170038
0.169984
0.170180
0.163453
0.167843
0.167779
0.168156
0.170195
0.168729
0.171962
0.173564
0.169303
0.160746
0.157449
0.152374
0.154148
0.153863
0.139014
0.153260
0.153792
0.155053
0.155373
0.154166
0.156450
0.153430
0.162662
0.164312
0.166039
0.168334
0.167971
0.167491
0.168173
0.169009
0.170443
0.177879
0.170441
0.151586
0.154281
0.151024
0.160843
0.157725
0.154722
0.152931
0.153034
0.155397
0.155353
0.153754
0.154943
0.154698
0.156580
0.162200
0.163968
0.166115
0.165524
0.143597
0.171459
0.168751
0.162036
0.164083
0.165307
0.167067
0.168371
0.171332
0.172016
0.170242
0.172169
0.169669
0.171404
0.177372
0.171891
0.166438
0.160514
0.157291
0.143032
0.157732
0.170931
0.170138
0.172795
0.172406
0.169679
0.173211
0.171532
0.162716
0.161101
0.157705
0.155017
0.155331
0.155955
0.156836
0.156237
0.154230
0.132217
0.168241
0.167121
0.164471
0.166138
0.167445
0.166150
0.168087
0.169442
0.170187
0.170045
0.170258
0.170388
0.172131
0.169296
0.173452
0.174870
0.174158
0.166161
0.148392
0.162846
0.162348
0.159130
0.156034
0.156362
0.157395
0.156278
0.154932
0.156048
0.158165
0.157992
0.155490
0.156459
0.158088
0.157146
0.156714
0.155440
0.158470
0.158196
0.156967
0.169324
0.172085
0.170804
0.172666
0.172132
0.170125
0.175914
0.175090
0.169524
0.167115
0.162279
0.160513
0.156690
0.156270
0.156035
0.158038
0.149019
0.156106
0.156347
0.156034
0.155742
0.156111
0.156723
0.156267
0.156729
0.155672
0.156025
0.161249
0.165685
0.165528
0.156712
0.156761
0.157185
0.159951
0.142278
0.158070
0.162258
0.165356
0.168066
0.168486
0.169823
0.169399
0.169221
0.168862
0.171134
0.171038
0.168711
0.172440
0.169898
0.172234
0.174263
0.173501
0.168051
0.172817
0.164933
0.161586
0.158330
0.155697
0.158161
0.157310
0.155460
0.155471
0.156039
0.156522
0.156762
0.158074
0.156503
0.159467
0.167986
0.166955
0.156465
0.150172
0.175601
0.175524
0.171567
0.164481
0.161850
0.160310
0.157509
0.156448
0.155964
0.155733
0.157327
0.155941
0.156555
0.155985
0.154251
0.158363
0.157219
0.155378
0.156421
0.172392
0.168870
0.170146
0.174399
0.170877
0.170095
0.175020
0.175623
0.176397
0.173363
0.168514
0.163281
0.158774
0.156780
0.157553
0.165523
0.161495
0.157801
0.153034
0.156824
0.157957
0.157136
0.156440
0.157379
0.157383
0.157679
0.156121
0.157941
0.157606
0.157917
0.155717
0.157063
0.156528
0.158238
0.157935
0.156183
0.154427
0.170106
0.166332
0.166770
0.168129
0.169216
0.170304
0.170975
0.170503
0.159204
0.162681
0.165803
0.165769
0.168582
0.169329
0.159718
0.159034
0.158115
0.143060
0.162002
0.165248
0.166998
0.166169
0.167079
0.168025
0.167843
0.169493
0.168380
0.169840
0.169712
0.167109
0.167932
0.169048
0.161920
0.166058
0.165665
0.163496
0.173424
0.175356
0.174316
0.166968
0.161441
0.160605
0.157999
0.158830
0.158601
0.158918
0.157079
0.156176
0.157780
0.158159
0.160106
0.158230
0.156226
0.158271
0.134289
0.170600
0.168945
0.170828
0.169722
0.172348
0.172911
0.170322
0.170820
0.175117
0.174288
0.168761
0.171950
0.169111
0.166100
0.165644
0.167434
0.167509
0.167150
0.170807
0.169667
0.172197
0.170791
0.170222
0.170671
0.170425
0.171116
0.173249
0.174020
0.170999
0.171503
0.172997
0.165025
0.165796
0.165498
0.166675
0.166494
0.172020
0.172371
0.171311
0.173581
0.174968
0.172400
0.171482
0.167214
0.161036
0.158610
0.156144
0.157075
0.158234
0.161054
0.157089
0.156035
0.156501
0.157670
0.154715
0.157818
0.157407
0.157035
0.157187
0.157459
0.157696
0.159122
0.158369
0.164583
0.165465
0.166668
0.168852
0.157996
0.157293
0.155922
0.156607
0.158254
0.153657
0.176389
0.173375
0.177621
0.173038
0.165951
0.164283
0.167381
0.165442
0.162726
0.158358
0.155787
0.157744
0.158727
0.158602
0.156759
0.158113
0.157065
0.158626
0.134829
0.168097
0.168365
0.168652
0.169265
0.170366
0.169941
0.169504
0.167313
0.173287
0.174494
0.175673
0.162083
0.166729
0.166574
0.167708
0.168635
0.168618
0.167632
0.172381
0.172660
0.174291
0.171319
0.171703
0.173361
0.173265
0.173587
0.174061
0.171104
0.174853
0.172569
0.169697
0.171038
0.171572
0.169947
0.171220
0.168406
0.171193
0.171230
0.166399
0.163153
0.160483
0.155942
0.157493
0.157793
0.156946
0.156181
0.157555
0.158505
0.158109
0.157466
0.157048
0.157898
0.157912
0.156535
0.152789
0.159195
0.157357
0.162401
0.165128
0.166629
0.166870
0.164854
0.179132
0.170474
0.166163
0.167033
0.162053
0.160515
0.157791
0.157344
0.157564
0.158598
0.155759
0.140046
0.157587
0.158388
0.157092
0.163105
0.167552
0.167685
0.166978
0.168980
0.168618
0.163296
0.165825
0.167046
0.166926
0.169597
0.169360
0.168394
0.167692
0.166858
0.172039
0.175534
0.174395
0.176968
0.178470
0.169455
0.165286
0.160296
0.159411
0.161835
0.159226
0.155949
0.158035
0.156760
0.159432
0.157023
0.156991
0.157900
0.136473
0.169037
0.167321
0.169874
0.162879
0.172438
0.174165
0.173574
0.178152
0.177741
0.178532
0.174685
0.167485
0.163027
0.157317
0.158275
0.158616
0.158295
0.156832
0.131663
0.156463
0.158354
0.159159
0.164351
0.162761
0.174968
0.175026
0.156596
0.158348
0.162084
0.166696
0.168071
0.168165
0.167956
0.167930
0.170071
0.170739
0.168836
0.171429
0.171169
0.170975
0.171652
0.172572
0.173646
0.173005
0.162562
0.166065
0.167292
0.168166
0.168937
0.168737
0.168669
0.169411
0.170347
0.171002
0.167514
0.177176
0.175122
0.171266
0.165696
0.162722
0.157241
0.157314
0.158073
0.155208
0.154691
0.155576
0.156685
0.157965
0.159043
0.158313
0.158113
0.158727
0.163453
0.163099
0.171449
0.175040
0.168096
0.172144
0.167331
0.162036
0.162103
0.159216
0.158981
0.158110
0.157113
0.158145
0.156752
0.158035
0.158879
0.137427
0.165453
0.168207
0.165019
0.170720
0.172536
0.172584
0.175104
0.170827
0.169382
0.169839
0.170697
0.173558
0.170826
0.172389
0.173050
0.172041
0.172399
0.175040
0.178205
0.177984
0.168820
0.137139
0.157032
0.157132
0.157680
0.157035
0.161116
0.155765
0.156738
0.156922
0.158815
0.159157
0.156997
0.156341
0.157414
0.156504
0.165155
0.164794
0.168089
0.166015
0.138142
0.162640
0.159263
0.158889
0.175126
0.167576
0.162206
0.159683
0.156771
0.158095
0.157434
0.156356
0.157896
0.156133
0.157547
0.157294
0.158968
0.156600
0.151939
0.178622
0.171020
0.166522
0.174603
0.166349
0.162327
0.158070
0.156548
0.157871
0.156707
0.157802
0.157925
0.156850
0.156084
0.158414
0.159198
0.157795
0.164375
0.160434
0.157744
0.157853
0.161050
0.159369
0.157863
0.158452
0.157750
0.160394
0.160311
0.158719
0.158157
0.159842
0.157524
0.159718
0.156222
0.172738
0.169630
0.166333
0.175886
0.168613
0.173330
0.166569
0.166930
0.163530
0.160360
0.157290
0.159415
0.159643
0.159488
0.159742
0.158652
0.159938
0.159216
0.157663
0.156044
0.156789
0.153013
0.170350
0.157745
0.161575
0.166072
0.166356
0.168564
0.171151
0.169326
0.173321
0.172241
0.172140
0.175824
0.173156
0.178710
0.175651
0.166407
0.164042
0.163649
0.141024
0.158329
0.156687
0.157190
0.157144
0.159460
0.158329
0.159528
0.156764
0.160356
0.157201
0.157531
0.158777
0.155447
0.157713
0.157701
0.161649
0.166854
0.163783
0.171052
0.168245
0.161708
0.159803
0.156300
0.158417
0.157979
0.158040
0.156393
0.158113
0.156284
0.160520
0.157853
0.156842
0.159761
0.164694
0.165380
0.170884
0.150388
0.167588
0.168539
0.168487
0.167663
0.169310
0.169917
0.168950
0.169441
0.169549
0.171128
0.169719
0.170452
0.171668
0.168231
0.178071
0.172450
0.165130
0.166737
0.148051
0.158760
0.158667
0.158400
0.157879
0.157854
0.157866
0.156724
0.158082
0.157303
0.157145
0.157702
0.158040
0.158476
0.156379
0.160085
0.165460
0.159597
0.156484
0.172367
0.173526
0.173924
0.174824
0.173229
0.176069
0.175783
0.177673
0.179699
0.169832
0.165722
0.162006
0.158514
0.124125
0.158596
0.159480
0.159002
0.157160
0.146924
0.163295
0.167666
0.167942
0.168584
0.169012
0.171107
0.168398
0.171169
0.166960
0.168688
0.168233
0.171112
0.174058
0.175283
0.172758
0.173356
0.171283
0.169610
0.179393
0.174328
0.166180
0.163091
0.158678
0.157208
0.157267
0.158192
0.159372
0.157287
0.156458
0.156344
0.157821
0.158386
0.159200
0.159337
0.156727
0.157597
0.157757
0.168453
0.169090
0.171271
0.170269
0.169351
0.170140
0.172882
0.173068
0.172327
0.173234
0.173261
0.172719
0.176393
0.173768
0.171705
0.171354
0.172379
0.170144
0.173342
0.174189
0.173529
0.177221
0.174354
0.166848
0.163659
0.160552
0.156873
0.158799
0.158411
0.156796
0.157544
0.158739
0.159161
0.156950
0.156764
0.158196
0.158870
0.160288
0.137928
0.175862
0.169320
0.162580
0.159311
0.157612
0.159482
0.158131
0.157439
0.157567
0.157522
0.155046
0.158969
0.158788
0.156804
0.157311
0.158488
0.158035
0.165697
0.166082
0.168779
0.167532
0.169538
0.169746
0.170871
0.171535
0.170374
0.173048
0.171638
0.170977
0.156930
0.156772
0.164400
0.167678
0.167949
0.167969
0.168911
0.169045
0.169693
0.172012
0.167461
0.169480
0.170472
0.170463
0.170984
0.172674
0.171594
0.174402
0.170700
0.167331
0.169715
0.173343
0.171934
0.172297
0.172197
0.172150
0.171880
0.173739
0.171049
0.158975
0.162419
0.166072
0.167138
0.170298
0.165401
0.175877
0.172941
0.173340
0.172317
0.172560
0.174612
0.174225
0.171477
0.174695
0.175112
0.176093
0.171763
0.174175
0.175607
0.179919
0.157053
0.159724
0.155769
0.171190
0.175424
0.176166
0.175307
0.174139
0.173453
0.178921
0.175427
0.175868
0.174255
0.179040
0.169644
0.166906
0.161520
0.156805
0.158331
0.160559
0.159825
0.158534
0.158548
0.157355
0.156718
0.158402
0.158263
0.158472
0.157781
0.156034
0.156035
0.155034
0.158450
0.154404
0.161036
0.167453
0.170178
0.157035
0.158678
0.162102
0.159771
0.157153
0.157205
0.158508
0.157084
0.162768
0.166326
0.166323
0.168037
0.169161
0.168154
0.170026
0.170504
0.169801
0.170116
0.170567
0.171469
0.171213
0.158683
0.160747
0.165332
0.169171
0.166907
0.169116
0.170827
0.168720
0.169202
0.170284
0.171168
0.170740
0.170173
0.173038
0.172682
0.168873
0.170341
0.172306
0.158269
0.157035
0.164036
0.167037
0.167703
0.170128
0.168352
0.170597
0.169038
0.169038
0.168934
0.170038
0.169038
0.169242
0.170373
0.169287
0.166844
0.171295
0.161046
0.165176
0.168145
0.167490
0.170273
0.168196
0.168037
0.169200
0.170239
0.169349
0.168299
0.168037
0.168320
0.170038
0.168321
0.170147
0.170038
0.169198
0.159246
0.158035
0.159035
0.160930
0.167037
0.165395
0.166132
0.168470
0.169037
0.168467
0.172039
0.163718
0.170362
0.160503
0.157204
0.158049
0.159209
0.158243
0.160634
0.159034
0.159734
0.158779
0.158141
0.158385
0.160036
0.159297
0.159292
0.158518
0.159477
0.158242
0.158175
0.164433
0.166156
0.167346
0.169615
0.168037
0.159424
0.159201
0.164377
0.166487
0.168037
0.167037
0.168344
0.166705
0.170038
0.168538
0.170111
0.168037
0.168417
0.168037
0.167160
0.170691
0.167547
0.168509
0.162254
0.167037
0.165894
0.167354
0.168129
0.170038
0.167596
0.166490
0.171133
0.167851
0.169136
0.167582
0.169186
0.168203
0.168666
0.168138
0.168134
0.168037
0.159631
0.158319
0.159411
0.165151
0.167274
0.167696
0.168225
0.169300
0.169596
0.167967
0.168153
0.168358
0.168159
0.169582
0.168477
0.168349
0.168588
0.169037
0.159377
0.159035
0.161617
0.164292
0.167371
0.167288
0.167268
0.167175
0.167979
0.168035
0.169460
0.170259
0.169686
0.168050
0.167400
0.169218
0.168564
0.168165
0.159319
0.159459
0.161196
0.165116
0.167787
0.168799
0.172356
0.164785
0.168297
0.168181
0.169105
0.170038
0.167480
0.168038
0.170369
0.168037
0.170897
0.170534
0.159264
0.157136
0.165746
0.166378
0.168184
0.167661
0.168181
0.168071
0.167128
0.169286
0.169334
0.167521
0.168037
0.168780
0.169728
0.169712
0.168252
0.170414
0.158587
0.158103
0.159901
0.166212
0.166657
0.169800
0.167455
0.167346
0.168511
0.170095
0.168120
0.170171
0.167119
0.167908
0.168852
0.167513
0.169133
0.167905
0.160342
0.158113
0.166173
0.168096
0.168304
0.168970
0.167943
0.166586
0.170387
0.168150
0.168344
0.168298
0.170139
0.167037
0.170084
0.170038
0.168137
0.170171
0.159035
0.161767
0.166470
0.168016
0.166609
0.168940
0.167038
0.170139
0.169037
0.169629
0.168425
0.169197
0.168066
0.169255
0.167902
0.168715
0.168949
0.168277
0.159611
0.158287
0.159967
0.159064
0.159636
0.166706
0.166469
0.168287
0.167707
0.166734
0.170145
0.169789
0.169574
0.168818
0.169389
0.170115
0.169191
0.171076
0.158173
0.159984
0.167125
0.166487
0.168271
0.169425
0.168655
0.167546
0.168208
0.168209
0.166873
0.171038
0.169944
0.168273
0.170038
0.169389
0.158147
0.155233
0.160295
0.158610
0.158816
0.158921
0.156789
0.159263
0.165773
0.166959
0.168645
0.168544
0.156976
0.158573
0.159794
0.165075
0.165037
0.166427
0.167127
0.169159
0.159818
0.158540
0.159182
0.161417
0.172038
0.176415
0.173495
0.175215
0.170724
0.175531
0.160854
0.158035
0.154295
0.158816
0.158035
0.159366
0.163121
0.165171
0.158541
0.159766
0.162356
0.167260
0.166121
0.168070
0.167602
0.168037
0.171039
0.168517
0.169171
0.168037
0.168315
0.168392
0.168583
0.170280
0.168917
0.169377
0.158871
0.158527
0.161907
0.164290
0.167948
0.168266
0.167857
0.169238
0.167037
0.170038
0.169710
0.168144
0.168906
0.168324
0.167737
0.169680
0.166994
0.171530
0.159200
0.159166
0.159145
0.158827
0.160320
0.165830
0.167422
0.168125
0.168710
0.165867
0.172221
0.173222
0.171697
0.171157
0.173082
0.173519
0.173442
0.172338
0.152434
0.167943
0.169528
0.170489
0.170071
0.168081
0.168446
0.168923
0.169616
0.169231
0.168865
0.169196
0.167618
0.170083
0.169202
0.168394
0.170406
0.168596
0.161783
0.165450
0.168305
0.167803
0.168352
0.169141
0.167979
0.169128
0.169929
0.167982
0.166467
0.175978
0.177167
0.173323
0.175992
0.175641
0.178865
0.174784
0.169651
0.174021
0.174683
0.174880
0.173794
0.173578
0.172552
0.176050
0.172382
0.173353
0.174566
0.173221
0.171496
0.172045
0.174616
0.171504
0.174759
0.173906
0.164366
0.165411
0.167584
0.168859
0.169292
0.169403
0.169327
0.168364
0.167356
0.168304
0.169418
0.167969
0.168700
0.168372
0.169997
0.169975
0.169489
0.167914
0.159985
0.159127
0.158455
0.163553
0.165607
0.168308
0.168923
0.167968
0.168603
0.170702
0.169603
0.170045
0.170169
0.169811
0.170671
0.168972
0.169849
0.161214
0.158619
0.158511
0.157705
0.166037
0.165172
0.170398
0.166314
0.169038
0.172038
0.171204
0.170171
0.170300
0.165037
0.167725
0.171285
0.168201
0.168819
0.166296
0.166332
0.167107
0.166596
0.170038
0.168175
0.167670
0.162709
0.176979
0.173066
0.167998
0.163959
0.160557
0.164037
0.161421
0.159944
0.160336
0.158273
0.159974
0.163579
0.159353
0.160439
0.159506
0.158128
0.159162
0.159606
0.160372
0.160074
0.160278
0.160106
0.157444
0.158880
0.159243
0.159254
0.159738
0.165832
0.166201
0.162710
0.167099
0.170158
0.169037
0.161629
0.172152
0.171038
0.169264
0.170803
0.170063
0.170614
0.171163
0.173038
0.171968
0.172165
0.169577
0.170972
0.174892
0.159279
0.158682
0.161356
0.161965
0.178257
0.169819
0.168985
0.170699
0.168019
0.168980
0.168451
0.168795
0.169069
0.167875
0.168013
0.160235
0.159770
0.159643
0.160754
0.157871
0.159847
0.159630
0.160657
0.157474
0.163095
0.165865
0.167037
0.168089
0.167121
0.168693
0.169520
0.170035
0.168651
0.167960
0.169513
0.167938
0.160683
0.159614
0.158743
0.159204
0.159132
0.163036
0.166164
0.166660
0.166759
0.167616
0.168494
0.164697
0.165038
0.165151
0.167986
0.167733
0.168472
0.168584
0.159787
0.162411
0.166177
0.168038
0.168873
0.169149
0.169357
0.167683
0.169514
0.168592
0.169712
0.169380
0.169729
0.170119
0.170318
0.169327
0.169502
0.169595
0.162264
0.163241
0.165765
0.168326
0.168333
0.168591
0.167006
0.167503
0.169166
0.170299
0.170038
0.170167
0.168972
0.166783
0.177279
0.176339
0.175129
0.173089
0.159037
0.158029
0.165153
0.166522
0.167639
0.165515
0.167960
0.168037
0.168762
0.168219
0.169204
0.166402
0.167679
0.172038
0.169096
0.170597
0.170126
0.170177
0.157217
0.162513
0.166341
0.167751
0.167846
0.167358
0.166988
0.168517
0.167678
0.171211
0.170322
0.172766
0.168500
0.169753
0.170038
0.159216
0.157262
0.158572
0.160346
0.160182
0.156035
0.158114
0.160248
0.159643
0.161036
0.156039
0.158035
0.156966
0.163251
0.163322
0.167011
0.166238
0.166601
0.168695
0.168787
0.169541
0.160016
0.154827
0.166381
0.167717
0.159220
0.157937
0.160036
0.160669
0.164450
0.167037
0.166373
0.168823
0.167750
0.168236
0.167929
0.169566
0.169280
0.168186
0.160914
0.159585
0.162254
0.165833
0.167873
0.168277
0.168098
0.168987
0.167245
0.169289
0.169818
0.168405
0.169841
0.169694
0.169538
0.168065
0.169482
0.169539
0.159449
0.157854
0.162914
0.165037
0.166540
0.167408
0.167111
0.169386
0.167799
0.169189
0.167612
0.169011
0.168778
0.168436
0.170209
0.168298
0.169440
0.169372
0.159906
0.165223
0.166114
0.166367
0.170042
0.167325
0.165656
0.167388
0.168120
0.168945
0.172051
0.171308
0.171122
0.172976
0.170289
0.169336
0.172045
0.172115
0.157454
0.158847
0.162920
0.166919
0.168190
0.167248
0.168925
0.169719
0.167037
0.168502
0.168833
0.170373
0.169354
0.169888
0.168510
0.169623
0.168862
0.169511
0.159488
0.157092
0.159263
0.159420
0.157033
0.158763
0.156911
0.157495
0.159243
0.159307
0.157156
0.158974
0.157828
0.158773
0.158457
0.161719
0.166073
0.168242
0.158867
0.157035
0.160938
0.165514
0.165754
0.167228
0.167426
0.167951
0.169154
0.169707
0.167630
0.169295
0.168993
0.159355
0.160036
0.158123
0.157815
0.156343
0.161585
0.155431
0.155800
0.158035
0.158154
0.158163
0.157813
0.157350
0.158560
0.159097
0.160985
0.165069
0.167854
0.167381
0.169091
0.167115
0.168975
0.169418
0.165444
0.165956
0.167363
0.168649
0.168335
0.170511
0.170712
0.169980
0.170140
0.170409
0.172660
0.171332
0.172416
0.172038
0.173424
0.174574
0.173944
0.170384
0.158626
0.157402
0.160036
0.158404
0.163399
0.164617
0.165933
0.156694
0.158475
0.166109
0.163207
0.166044
0.168373
0.169037
0.170012
0.169650
0.168694
0.170329
0.160512
0.156557
0.156764
0.157479
0.157305
0.157073
0.155059
0.156394
0.159681
0.165134
0.167718
0.168901
0.167562
0.166586
0.164371
0.167581
0.169164
0.170865
0.169170
0.168602
0.167902
0.169089
0.169796
0.170051
0.171806
0.169140
0.171245
0.170583
0.173162
0.175987
0.175698
0.180181
0.174162
0.166208
0.108608
0.156893
0.158134
0.160322
0.157485
0.159969
0.159133
0.157269
0.164212
0.167661
0.167761
0.169368
0.169057
0.170998
0.170971
0.171345
0.169911
0.170856
0.170743
0.171036
0.159169
0.160141
0.161241
0.165796
0.167662
0.170851
0.172261
0.171038
0.167113
0.170472
0.170135
0.167763
0.167037
0.167195
0.162861
0.165262
0.167388
0.167285
0.159068
0.158035
0.154444
0.160329
0.159425
0.160383
0.158824
0.162062
0.159042
0.161160
0.166849
0.168202
0.169247
0.166668
0.177864
0.176558
0.175584
0.175168
0.161440
0.161213
0.164751
0.167540
0.170663
0.169356
0.171479
0.170303
0.167206
0.170729
0.168796
0.169442
0.168761
0.170153
0.169832
0.165422
0.172615
0.176142
0.165104
0.166133
0.167161
0.168557
0.170300
0.165619
0.176506
0.173172
0.177089
0.176336
0.179307
0.177039
0.174371
0.167282
0.164649
0.160036
0.157094
0.158077
0.160263
0.156054
0.159380
0.156349
0.157035
0.155034
0.157645
0.156338
0.157386
0.156809
0.156210
0.164393
0.159195
0.161172
0.166300
0.166955
0.169494
0.169455
0.156492
0.163319
0.167053
0.166366
0.167291
0.169874
0.171072
0.172064
0.171964
0.171262
0.173190
0.171527
0.172093
0.172590
0.173053
0.169788
0.173335
0.173465
0.160913
0.164262
0.167798
0.166705
0.170183
0.168830
0.170116
0.170644
0.174191
0.173094
0.175166
0.171533
0.173579
0.172927
0.171854
0.172142
0.173452
0.174381
0.158458
0.163523
0.167762
0.168021
0.167480
0.172634
0.169024
0.171695
0.172952
0.173577
0.172963
0.173062
0.176330
0.174505
0.177366
0.174396
0.171424
0.165602
0.171246
0.162718
0.159639
0.156235
0.158079
0.158515
0.154913
0.156150
0.155992
0.156771
0.156158
0.157108
0.156029
0.162418
0.166310
0.166511
0.169038
0.169061
0.157035
0.155610
0.164968
0.166131
0.167169
0.168037
0.168576
0.169212
0.170051
0.169038
0.170454
0.168833
0.170925
0.169597
0.169303
0.167919
0.171134
0.168590
0.158036
0.159629
0.165744
0.166037
0.168134
0.170271
0.168430
0.171338
0.168964
0.169409
0.169648
0.167679
0.168655
0.170538
0.167361
0.167037
0.168205
0.168037
0.161036
0.166070
0.166131
0.168734
0.166204
0.167792
0.168037
0.169103
0.169397
0.170038
0.170179
0.169993
0.170053
0.169917
0.170038
0.169161
0.170084
0.171052
0.163136
0.159618
0.158860
0.161029
0.161490
0.165624
0.168361
0.169038
0.169823
0.169232
0.172314
0.171717
0.156393
0.156044
0.160036
0.165036
0.167448
0.167037
0.157227
0.158825
0.164276
0.169038
0.168165
0.170018
0.166275
0.169038
0.171339
0.175039
0.170554
0.173040
0.174039
0.170244
0.165246
0.167283
0.168032
0.172697
0.159246
0.157035
0.157440
0.158035
0.162563
0.167037
0.168359
0.165036
0.169037
0.170038
0.170837
0.167037
0.165037
0.168037
0.169545
0.169046
0.171038
0.170280
0.158035
0.160036
0.165218
0.166036
0.168924
0.170156
0.170645
0.170248
0.170677
0.169475
0.172658
0.172816
0.168509
0.166037
0.172222
0.170038
0.170916
0.167654
0.156971
0.162036
0.166475
0.169835
0.165258
0.168401
0.174287
0.171171
0.168101
0.170446
0.171038
0.168475
0.170299
0.171244
0.170038
0.171189
0.169338
0.171229
0.160143
0.166499
0.167037
0.169131
0.169416
0.170371
0.170440
0.170597
0.169316
0.171608
0.171236
0.169038
0.170038
0.170976
0.169149
0.169510
0.169166
0.170038
0.159035
0.162465
0.166602
0.168200
0.168450
0.170062
0.170107
0.167165
0.169301
0.169352
0.169102
0.169414
0.167640
0.167171
0.167089
0.169852
0.168999
0.171092
0.159870
0.164029
0.165892
0.168744
0.167346
0.169282
0.170269
0.170497
0.168940
0.169211
0.170537
0.171889
0.170857
0.159037
0.157939
0.158661
0.161000
0.165521
0.162379
0.145149
0.157675
0.158450
0.157590
0.158873
0.155394
0.158170
0.158165
0.164948
0.167061
0.167865
0.169216
0.168401
0.168391
0.170632
0.169282
0.169038
0.163684
0.166501
0.167916
0.168701
0.168433
0.170457
0.169512
0.154729
0.159790
0.164350
0.167849
0.167383
0.168544
0.170320
0.169473
0.170971
0.157599
0.156394
0.159092
0.158410
0.157734
0.160455
0.160312
0.158035
0.161287
0.165263
0.168915
0.166180
0.158700
0.157192
0.159063
0.160192
0.158229
0.160729
0.166044
0.168284
0.159593
0.158777
0.161707
0.165346
0.166893
0.167687
0.169628
0.168205
0.170552
0.170964
0.171892
0.171452
0.171287
0.173245
0.170649
0.170724
0.170751
0.172315
0.162203
0.162730
0.164703
0.166841
0.167667
0.168391
0.169635
0.169399
0.167866
0.167800
0.168712
0.170198
0.170961
0.168973
0.168489
0.158041
0.159165
0.163521
0.161376
0.165345
0.166770
0.167402
0.166478
0.167703
0.169086
0.168165
0.169142
0.167646
0.169593
0.169242
0.168890
0.170538
0.171352
0.170773
0.168155
0.175222
0.160294
0.160634
0.161295
0.166867
0.169785
0.170022
0.169630
0.170910
0.170630
0.170396
0.169973
0.171187
0.171095
0.170903
0.170279
0.172161
0.171809
0.170901
0.164018
0.165784
0.168038
0.168207
0.170424
0.168358
0.169533
0.168523
0.168851
0.168592
0.170642
0.170091
0.170194
0.169530
0.168517
0.169347
0.169743
0.169661
0.159614
0.164576
0.167021
0.167171
0.168796
0.168609
0.168409
0.170097
0.169674
0.168110
0.168548
0.171795
0.167181
0.169604
0.168856
0.168631
0.170210
0.169287
0.157918
0.163508
0.166561
0.169096
0.168931
0.170123
0.168849
0.169573
0.171325
0.171504
0.169301
0.168589
0.170298
0.169909
0.172252
0.175298
0.174515
0.173895
0.165809
0.167660
0.168805
0.168873
0.169993
0.171248
0.169572
0.170442
0.168739
0.169822
0.169206
0.169717
0.169828
0.170439
0.171566
0.172681
0.172783
0.172139
0.168385
0.170418
0.170571
0.170058
0.169152
0.169898
0.168929
0.169670
0.159456
0.160824
0.158305
0.156562
0.161667
0.166597
0.168298
0.168660
0.168845
0.169240
0.171179
0.169178
0.170616
0.172590
0.172394
0.172762
0.171662
0.173275
0.172030
0.169673
0.171565
0.172525
0.171639
0.172436
0.170527
0.170464
