0.002000
0.164053
0.180040
0.174038
0.170038
0.175395
0.172037
0.163403
0.162036
0.161036
0.162036
0.160035
0.144491
0.158828
0.142767
0.158034
0.137404
0.167037
0.172038
0.165734
0.164036
0.163036
0.124027
0.139970
0.155033
0.160036
0.160035
0.158035
0.159035
0.158112
0.158300
0.157035
0.157348
0.159034
0.143031
0.157035
0.169038
0.165473
0.164825
0.164070
0.162035
0.161035
0.160035
0.160035
0.127028
0.138031
0.155054
0.160833
0.158235
0.159035
0.159036
0.159034
0.159035
0.159035
0.149033
0.154619
0.160035
0.155034
0.170037
0.172038
0.167055
0.168187
0.167037
0.167037
0.133029
0.145032
0.157034
0.160035
0.162036
0.175594
0.180242
0.176494
0.158760
0.119168
0.154137
0.159479
0.159238
0.156356
0.149551
0.157408
0.157521
0.146286
0.166587
0.180523
0.179445
0.178530
0.137191
0.132300
0.134175
0.148356
0.165959
0.160685
0.152862
0.179607
0.179435
0.180004
0.177026
0.178040
0.179873
0.177930
0.178327
0.155827
0.160689
0.158321
0.166625
0.122402
0.136905
0.153678
0.156981
0.158375
0.156660
0.144445
0.160901
0.157533
0.157661
0.158036
0.157179
0.157626
0.156965
0.157290
0.159002
0.157090
0.158370
0.150798
0.165686
0.180543
0.178889
0.181537
0.143063
0.159554
0.157137
0.128409
0.168593
0.165040
0.159423
0.158995
0.158331
0.123874
0.155413
0.158380
0.159725
0.156887
0.159080
0.158201
0.156361
0.158969
0.157922
0.159150
0.159842
0.159703
0.139024
0.150445
0.166635
0.163958
0.162717
0.157306
0.172080
0.164472
0.163687
0.159828
0.159214
0.158477
0.158487
0.157188
0.157693
0.117391
0.174330
0.181004
0.178347
0.140031
0.133940
0.136716
0.153727
0.148163
0.165563
0.161342
0.158427
0.157143
0.157152
0.157174
0.158357
0.158387
0.157681
0.157445
0.158820
0.159075
0.150562
0.167864
0.182197
0.178040
0.178382
0.178114
0.180703
0.176599
0.156849
0.090473
0.156353
0.170285
0.177349
0.180530
0.178570
0.180723
0.176216
0.179604
0.138417
0.103323
0.150249
0.162807
0.160823
0.162878
0.159510
0.171323
0.180180
0.177027
0.155696
0.129914
0.133182
0.150411
0.146830
0.165151
0.162850
0.163036
0.161114
0.161756
0.160677
0.160566
0.156832
0.175192
0.166654
0.178040
0.179776
0.158129
0.157403
0.118144
0.156788
0.159781
0.161244
0.160687
0.155437
0.156148
0.157469
0.157724
0.156035
0.151162
0.165468
0.170367
0.167257
0.170371
0.169233
0.165172
0.164162
0.161376
0.159782
0.159849
0.139518
0.163607
0.168855
0.165590
0.171909
0.171361
0.166673
0.162548
0.159988
0.156092
0.178160
0.188712
0.159788
0.125214
0.142243
0.153711
0.151646
0.155277
0.173531
0.178040
0.135421
0.130723
0.137037
0.154035
0.159428
0.161332
0.161834
0.160860
0.161235
0.156835
0.175507
0.180563
0.142352
0.112971
0.137027
0.158363
0.091958
0.158583
0.160973
0.160740
0.162494
0.157290
0.169694
0.182127
0.179313
0.143031
0.134542
0.143523
0.156914
0.156172
0.158718
0.145120
0.166079
0.164446
0.164467
0.161407
0.156361
0.170763
0.180541
0.179674
0.140190
0.132633
0.148495
0.155709
0.158163
0.153900
0.141803
0.168869
0.167402
0.158204
0.176316
0.176682
0.175666
0.174019
0.174097
0.172844
0.168172
0.164434
0.158251
0.147679
0.154209
0.158554
0.139974
0.153035
0.157330
0.158751
0.157482
0.157493
0.156561
0.157899
0.130145
0.166472
0.166751
0.162935
0.157087
0.168430
0.169693
0.165556
0.164147
0.162410
0.160032
0.154521
0.173850
0.170164
0.167950
0.164916
0.155946
0.177538
0.176022
0.175031
0.151733
0.123399
0.126041
0.163172
0.161328
0.160861
0.159074
0.159115
0.159849
0.154991
0.169877
0.178438
0.182135
0.146475
0.117935
0.139164
0.158151
0.158532
0.156686
0.158008
0.159146
0.136229
0.156829
0.159147
0.158226
0.152623
0.175142
0.178244
0.140148
0.137378
0.153113
0.159236
0.157664
0.158518
0.154099
0.138737
0.154224
0.157495
0.158309
0.159296
0.159048
0.158171
0.146993
0.172946
0.175616
0.176143
0.177435
0.118000
0.161737
0.135566
0.161561
0.161941
0.162690
0.164107
0.159752
0.159961
0.159188
0.157060
0.159968
0.154194
0.157392
0.160366
0.153561
0.177951
0.178095
0.179879
0.167603
0.164659
0.162296
0.160161
0.158672
0.157929
0.158769
0.158520
0.159208
0.159848
0.158633
0.125554
0.139604
0.156486
0.157515
0.160336
0.158478
0.159041
0.158991
0.158790
0.148534
0.165871
0.165426
0.161325
0.160403
0.159703
0.159779
0.159447
0.166579
0.177626
0.177841
0.174958
0.166978
0.180549
0.177992
0.177330
0.179040
0.176610
0.175369
0.178816
0.140648
0.131432
0.150116
0.155714
0.159222
0.152592
0.160035
0.160035
0.161069
0.160711
0.151281
0.166556
0.171538
0.179924
0.176146
0.153348
0.127086
0.131501
0.152227
0.148134
0.164404
0.177234
0.179356
0.143617
0.121285
0.143871
0.159854
0.161750
0.161258
0.160876
0.160616
0.161723
0.140460
0.179265
0.178131
0.177853
0.180207
0.173038
0.166551
0.157626
0.181721
0.180040
0.145032
0.117801
0.144039
0.156464
0.160158
0.159189
0.160355
0.149688
0.175362
0.169575
0.165857
0.163609
0.164686
0.160791
0.158266
0.168112
0.165217
0.164095
0.163338
0.162349
0.162559
0.161662
0.139483
0.171037
0.169835
0.167458
0.163037
0.161065
0.161168
0.162606
0.163109
0.169583
0.165008
0.161280
0.157540
0.173547
0.166774
0.175375
0.173836
0.166090
0.163432
0.160992
0.163869
0.163341
0.161568
0.161285
0.114350
0.150792
0.144992
0.177534
0.180328
0.179271
0.169656
0.169912
0.170222
0.166022
0.165622
0.158940
0.173253
0.181369
0.180487
0.170350
0.145264
0.125965
0.146614
0.157180
0.162018
0.161108
0.157381
0.150816
0.182587
0.181150
0.145183
0.123224
0.146266
0.156669
0.155068
0.157221
0.114681
0.156289
0.155994
0.155621
0.156226
0.157427
0.157207
0.152104
0.167124
0.179973
0.176879
0.179839
0.179283
0.182941
0.178138
0.179040
0.176039
0.178609
0.156780
0.115038
0.133129
0.156012
0.156165
0.158493
0.156448
0.182276
0.180391
0.146417
0.127693
0.147057
0.153358
0.157310
0.148643
0.174039
0.167741
0.167066
0.164807
0.163070
0.153342
0.180583
0.183326
0.178039
0.181175
0.176752
0.176208
0.170903
0.166389
0.171866
0.169531
0.166691
0.158502
0.174731
0.171268
0.166798
0.173373
0.172889
0.169484
0.163052
0.174802
0.171618
0.169748
0.167035
0.159125
0.179371
0.178040
0.159298
0.119436
0.143428
0.154393
0.155308
0.157449
0.154630
0.170307
0.180239
0.179435
0.180582
0.140829
0.141805
0.155789
0.158725
0.158296
0.157800
0.151066
0.155757
0.148099
0.154252
0.159550
0.161172
0.161945
0.154427
0.179241
0.180729
0.122381
0.141973
0.156056
0.157340
0.157845
0.158828
0.159147
0.149159
0.150566
0.183586
0.181185
0.176024
0.154012
0.131981
0.141488
0.154471
0.159512
0.159155
0.158466
0.159571
0.157653
0.149109
0.169309
0.164570
0.163672
0.162996
0.161488
0.157546
0.173554
0.174541
0.165258
0.180716
0.177531
0.182045
0.179163
0.159887
0.170907
0.147072
0.156438
0.159997
0.159509
0.157602
0.145921
0.155240
0.159560
0.159410
0.159923
0.144942
0.154284
0.158542
0.158839
0.158638
0.158010
0.145456
0.155742
0.159426
0.159063
0.158820
0.168187
0.166282
0.165899
0.162024
0.160300
0.159984
0.156312
0.168865
0.172357
0.134696
0.141723
0.156368
0.159724
0.157935
0.145577
0.155401
0.159144
0.157950
0.160511
0.149483
0.162553
0.160241
0.159531
0.159857
0.160094
0.153565
0.164761
0.176236
0.177505
0.175542
0.176367
0.178254
0.139970
0.120510
0.147765
0.158207
0.160985
0.160521
0.161009
0.154325
0.179693
0.183599
0.147120
0.159789
0.160457
0.160624
0.129812
0.144851
0.161358
0.160677
0.160711
0.161574
0.160160
0.142379
0.164843
0.163220
0.162645
0.161176
0.161615
0.160858
0.161828
0.160966
0.161356
0.138232
0.168322
0.174091
0.169751
0.163531
0.163203
0.164172
0.159631
0.159934
0.159542
0.143760
0.166271
0.181610
0.176275
0.175912
0.168942
0.158064
0.157716
0.162381
0.161346
0.148260
0.159070
0.161869
0.162180
0.161516
0.161054
0.162858
0.161298
0.124655
0.160755
0.162552
0.161062
0.138697
0.164058
0.162425
0.160503
0.160197
0.173564
0.169068
0.165279
0.163106
0.161387
0.161995
0.162465
0.154626
0.172579
0.181567
0.180562
0.177595
0.180040
0.179922
0.179526
0.175583
0.176763
0.154477
0.130657
0.134743
0.139636
0.158955
0.162392
0.162093
0.161369
0.158788
0.158850
0.159081
0.159646
0.150367
0.176560
0.177550
0.181960
0.142818
0.128731
0.131933
0.157026
0.163633
0.160190
0.153995
0.180146
0.179835
0.146152
0.124356
0.148521
0.160034
0.160762
0.156160
0.154507
0.167272
0.166149
0.163714
0.157944
0.155964
0.158362
0.153283
0.169954
0.179461
0.177115
0.176039
0.177957
0.178906
0.177185
0.175410
0.154067
0.157805
0.164271
0.162627
0.134737
0.155304
0.160187
0.158849
0.157553
0.158657
0.158525
0.150565
0.135418
0.153761
0.158971
0.159729
0.158006
0.156602
0.157477
0.160067
0.157066
0.158023
0.154883
0.174963
0.171544
0.169058
0.161147
0.171595
0.166406
0.165930
0.158315
0.171801
0.181798
0.176885
0.180567
0.176875
0.156895
0.114877
0.141060
0.157506
0.159911
0.149078
0.173671
0.175040
0.179510
0.176755
0.179471
0.157482
0.137296
0.150350
0.161141
0.159235
0.159212
0.159409
0.143831
0.154791
0.146401
0.182828
0.178384
0.181494
0.179123
0.179039
0.177905
0.182569
0.143496
0.119233
0.142655
0.153315
0.168552
0.167490
0.162931
0.155938
0.176742
0.181527
0.178672
0.181437
0.124340
0.154052
0.158452
0.158715
0.147060
0.155357
0.158617
0.158422
0.159276
0.157022
0.160106
0.147605
0.155981
0.159637
0.161091
0.155361
0.170170
0.178050
0.136346
0.135270
0.161035
0.162157
0.161036
0.161793
0.160475
0.159973
0.161835
0.142752
0.155699
0.153970
0.169288
0.163189
0.161488
0.162543
0.159217
0.161835
0.154896
0.177008
0.174879
0.175020
0.175651
0.170843
0.162661
0.116728
0.156454
0.160917
0.160415
0.161167
0.161727
0.160230
0.162256
0.160768
0.160335
0.139079
0.163941
0.164004
0.162150
0.163478
0.156697
0.173045
0.178257
0.167037
0.127444
0.147143
0.157339
0.161463
0.160921
0.161322
0.148202
0.156268
0.160496
0.161382
0.160580
0.156525
0.173898
0.179715
0.179001
0.175244
0.179567
0.177614
0.175679
0.178039
0.175737
0.153034
0.125517
0.135731
0.155051
0.161408
0.160125
0.154796
0.153030
0.181520
0.180639
0.178940
0.189997
0.183830
0.178768
0.180040
0.179094
0.181249
0.180012
0.179039
0.160919
0.125246
0.140475
0.139832
0.162036
0.159665
0.155984
0.159771
0.157158
0.157193
0.165564
0.161527
0.160214
0.162350
0.156594
0.174262
0.173248
0.161313
0.170784
0.174656
0.181899
0.180488
0.182286
0.180318
0.179809
0.182752
0.180450
0.181196
0.163094
0.162402
0.162310
0.162591
0.162880
0.161584
0.133304
0.156310
0.160285
0.160063
0.160037
0.159385
0.160123
0.160781
0.161139
0.154795
0.145919
0.159181
0.163623
0.154712
0.166447
0.178375
0.145994
0.156237
0.153619
0.155517
0.156290
0.158713
0.157127
0.141197
0.153388
0.138268
0.153918
0.147437
0.162881
0.163728
0.164217
0.163593
0.164061
0.161371
0.160991
0.160657
0.158734
0.153552
0.178531
0.175765
0.151474
0.123553
0.123257
0.166555
0.166431
0.163061
0.161778
0.155959
0.176584
0.178942
0.180248
0.179975
0.176518
0.153462
0.126718
0.157309
0.158636
0.140324
0.157508
0.159399
0.168571
0.163218
0.164331
0.162688
0.161255
0.161781
0.163637
0.154951
0.172650
0.175855
0.152226
0.124596
0.138548
0.156767
0.161510
0.154606
0.169339
0.159575
0.175527
0.175527
0.172150
0.170319
0.166101
0.173877
0.169537
0.171559
0.170771
0.167541
0.172771
0.169494
0.162378
0.170677
0.167137
0.164745
0.164561
0.160443
0.171166
0.166228
0.162061
0.161355
0.165152
0.163897
0.162699
0.156176
0.168237
0.177369
0.173226
0.168207
0.178213
0.177724
0.176018
0.171313
0.165392
0.170668
0.183059
0.147832
0.123068
0.146446
0.157933
0.160736
0.161671
0.147939
0.175298
0.182837
0.179582
0.141796
0.141344
0.157825
0.162889
0.161723
0.162256
0.161572
0.163052
0.160790
0.114813
0.181190
0.183890
0.184039
0.180040
0.177750
0.180213
0.139680
0.133410
0.153962
0.163364
0.163957
0.161017
0.159008
0.158679
0.160465
0.160642
0.159139
0.156247
0.138477
0.157515
0.158554
0.159208
0.159563
0.150035
0.161672
0.168885
0.179777
0.178728
0.179404
0.140336
0.124925
0.154257
0.156990
0.157725
0.157324
0.157682
0.158726
0.158499
0.148998
0.155148
0.145895
0.166109
0.165478
0.160032
0.160214
0.158363
0.158729
0.158921
0.158309
0.159908
0.155770
0.168480
0.179199
0.177322
0.074993
0.122784
0.156958
0.134317
0.156893
0.159310
0.160077
0.159925
0.159988
0.159038
0.161085
0.153028
0.168195
0.182579
0.181898
0.177871
0.184199
0.181828
0.179310
0.182576
0.180290
0.078775
0.170511
0.161292
0.170793
0.177140
0.180831
0.176158
0.178843
0.178323
0.177343
0.179945
0.180509
0.179601
0.096875
0.153617
0.158217
0.159330
0.160686
0.162946
0.162158
0.157266
0.155663
0.165974
0.164064
0.159760
0.159031
0.154858
0.168268
0.180990
0.180350
0.140482
0.136025
0.136337
0.154059
0.157856
0.156251
0.161213
0.162456
0.162580
0.160770
0.160770
0.161546
0.160224
0.161550
0.150169
0.161591
0.170386
0.179845
0.176124
0.176036
0.180432
0.179141
0.180525
0.139532
0.149085
0.156642
0.158180
0.160501
0.159289
0.159206
0.150354
0.144591
0.157035
0.161599
0.161921
0.160107
0.160810
0.156855
0.177359
0.176355
0.171257
0.167713
0.164697
0.165015
0.156767
0.179608
0.180611
0.164177
0.164488
0.158338
0.156843
0.158401
0.253448
0.304738
0.334288
0.330827
0.320071
0.333750
0.330496
0.300971
0.313582
0.136574
0.157836
0.161978
0.116435
0.138144
0.154596
0.157197
0.157707
0.156845
0.157803
0.158848
0.159291
0.158696
0.166991
0.177918
0.178409
0.154365
0.130544
0.135326
0.152510
0.154395
0.157158
0.155629
0.156893
0.149125
0.160706
0.159173
0.158481
0.159200
0.155672
0.166510
0.180876
0.178546
0.094938
0.144861
0.161243
0.154153
0.180051
0.177655
0.179082
0.174820
0.148264
0.119380
0.137945
0.158337
0.158301
0.157256
0.157516
0.146131
0.180475
0.139487
0.133127
0.136164
0.153393
0.156660
0.155179
0.158207
0.157696
0.161463
0.160022
0.162565
0.141921
0.163612
0.162681
0.139859
0.168293
0.167885
0.165478
0.164094
0.160733
0.161507
0.159056
0.157794
0.158017
0.157978
0.156145
0.168760
0.165308
0.168903
0.163076
0.166738
0.165485
0.164493
0.172941
0.167278
0.165446
0.161111
0.168027
0.168929
0.165576
0.162577
0.162735
0.159907
0.155378
0.175872
0.172943
0.165760
0.155918
0.128594
0.161970
0.166175
0.165473
0.161691
0.172584
0.169925
0.166855
0.154742
0.174115
0.178278
0.178040
0.179286
0.175636
0.150043
0.120485
0.148316
0.153529
0.158252
0.152515
0.160431
0.154731
0.179085
0.174726
0.148516
0.117420
0.157643
0.156130
0.149122
0.179371
0.141309
0.116956
0.135764
0.166067
0.178574
0.180526
0.178758
0.157429
0.134749
0.137327
0.153025
0.156428
0.158354
0.158084
0.156569
0.156882
0.158265
0.157131
0.144376
0.152755
0.178581
0.176199
0.178040
0.178097
0.154742
0.131313
0.136993
0.152756
0.156620
0.158417
0.158976
0.160677
0.143978
0.173142
0.165171
0.183376
0.176978
0.168425
0.169291
0.165278
0.164365
0.159319
0.147489
0.153387
0.157341
0.157043
0.141757
0.154375
0.156761
0.157831
0.149127
0.153581
0.155463
0.138286
0.157179
0.170449
0.171466
0.168422
0.164927
0.163018
0.159478
0.158193
0.159315
0.152034
0.154485
0.158805
0.115151
0.137316
0.163122
0.163419
0.162937
0.162811
0.163269
0.158645
0.158256
0.159145
0.157703
0.158915
0.153803
0.167819
0.162877
0.087692
0.183811
0.189550
0.177039
0.179041
0.176325
0.176928
0.178066
0.185322
0.177186
0.176026
0.179538
0.157804
0.135301
0.131299
0.136009
0.154883
0.180321
0.178540
0.180086
0.191137
0.178474
0.178645
0.178841
0.174851
0.176083
0.179114
0.176044
0.180788
0.175603
0.179942
0.177325
0.176395
0.176227
0.178039
0.178672
0.177367
0.176551
0.155665
0.162208
0.161271
0.159910
0.158769
0.159626
0.128757
0.155649
0.159197
0.159658
0.159261
0.159519
0.145354
0.155767
0.159298
0.153081
0.140915
0.161754
0.160992
0.159207
0.161597
0.159669
0.160223
0.158103
0.159360
0.160277
0.158458
0.169538
0.168691
0.164928
0.161800
0.153186
0.173086
0.169624
0.163505
0.161087
0.159897
0.160975
0.159806
0.160437
0.160008
0.161161
0.160126
0.135826
0.144898
0.157142
0.160875
0.161207
0.137838
0.161300
0.162281
0.159302
0.160350
0.162072
0.160803
0.161103
0.161742
0.161242
0.160042
0.161583
0.155015
0.173320
0.167182
0.166232
0.164208
0.163092
0.136903
0.144716
0.158129
0.161477
0.162218
0.160505
0.161303
0.161173
0.140682
0.160990
0.160401
0.161498
0.160031
0.160623
0.160677
0.161396
0.152991
0.182604
0.182451
0.183716
0.147028
0.120223
0.143130
0.156853
0.161136
0.162337
0.160208
0.161899
0.160781
0.137057
0.154511
0.173985
0.177781
0.182407
0.147561
0.160734
0.160330
0.122120
0.161225
0.159408
0.161098
0.160676
0.160916
0.161362
0.160601
0.161534
0.160745
0.160001
0.139030
0.163008
0.164865
0.158925
0.159559
0.158555
0.160351
0.158926
0.168271
0.162510
0.159798
0.160883
0.155980
0.176105
0.172251
0.170455
0.166738
0.165786
0.161344
0.159801
0.169652
0.168384
0.166598
0.163807
0.157008
0.176686
0.158166
0.136359
0.141315
0.153850
0.158135
0.159732
0.159429
0.158139
0.159108
0.159809
0.159214
0.159527
0.159839
0.136468
0.164072
0.161740
0.159827
0.161606
0.159987
0.154698
0.177149
0.181351
0.179387
0.179971
0.176734
0.155657
0.133386
0.141471
0.156809
0.158539
0.158801
0.158674
0.160659
0.153811
0.147401
0.165743
0.163543
0.160803
0.160666
0.159552
0.151013
0.174421
0.177782
0.141394
0.158059
0.125852
0.138532
0.154994
0.159708
0.159651
0.159743
0.160078
0.158069
0.159199
0.157782
0.157667
0.158835
0.140319
0.158088
0.168455
0.112420
0.155506
0.159821
0.168181
0.162395
0.161543
0.160899
0.162160
0.161795
0.143496
0.163905
0.166399
0.165799
0.162379
0.162650
0.163236
0.159567
0.177014
0.175292
0.171436
0.167343
0.166749
0.164261
0.161325
0.173904
0.170745
0.166624
0.166170
0.161271
0.170191
0.172724
0.172747
0.171648
0.170579
0.167596
0.165221
0.162957
0.162447
0.161353
0.163682
0.164353
0.162846
0.161889
0.160980
0.159980
0.161430
0.162097
0.160972
0.161991
0.161740
0.160607
0.162173
0.162160
0.161038
0.161932
0.161424
0.161834
0.165189
0.161057
0.162367
0.160746
0.162850
0.162953
0.160256
0.160591
0.161501
0.166429
0.164630
0.160785
0.161161
0.160776
0.160895
0.160976
0.162586
0.160557
0.160384
0.160822
0.160693
0.160078
0.161123
0.162579
0.160927
0.161397
0.164784
0.162973
0.161515
0.161503
0.162865
0.162395
0.160440
0.162038
0.159469
0.161937
0.159897
0.163447
0.161797
0.162132
0.161856
0.160726
0.160643
0.161991
0.161083
0.161990
0.159405
0.161383
0.160192
0.159792
0.160602
0.162789
0.162531
0.161473
0.162668
0.162429
0.161329
0.160883
0.162193
0.160775
0.162850
0.159709
0.159136
0.158722
0.159374
0.159414
0.159491
0.160060
0.158692
0.158983
0.160173
0.157919
0.158464
0.160192
0.158447
0.157748
0.160396
0.162448
0.163503
0.162194
0.162800
0.164129
0.163043
0.163351
0.162089
0.162630
0.163850
0.162412
0.163191
0.161291
0.157747
0.158368
0.157999
0.157829
0.156479
0.157255
0.156914
0.155796
0.158121
0.157354
0.157652
0.163467
0.163375
0.162859
0.163109
0.162250
0.158992
0.158862
0.158487
0.157972
0.157345
0.157964
0.160766
0.158535
0.157700
0.159138
0.158922
0.158442
0.157308
0.157625
0.158805
0.159734
0.158278
0.158693
0.158302
0.159599
0.160068
0.158623
0.159990
0.157385
0.159939
0.158190
0.158584
0.158228
0.157211
0.159677
0.138277
0.166735
0.163280
0.160915
0.160631
0.160819
0.161487
0.161486
0.161234
0.160035
0.161122
0.161561
0.159714
0.162240
0.161445
0.161492
0.161605
0.160882
0.161155
0.161968
0.160267
0.162651
0.162422
0.160556
0.161701
0.160557
0.160455
0.161277
0.160945
0.161305
0.161265
0.159620
0.162381
0.160561
0.161370
0.159827
0.162157
0.160387
0.161339
0.160027
0.154100
0.164225
0.163024
0.163762
0.162436
0.163316
0.162353
0.162938
0.163476
0.161316
0.163472
0.164174
0.162425
0.169058
0.167544
0.165239
0.163656
0.162925
0.162149
0.164036
0.161682
0.162662
0.162729
0.163243
0.162869
0.163011
0.162805
0.162088
0.162585
0.162522
0.162282
0.160215
0.162152
0.163548
0.162705
0.162408
0.164097
0.162026
0.161700
0.161644
0.162103
0.160095
0.160101
0.162148
0.161833
0.161000
0.160771
0.161666
0.160027
0.161801
0.160681
0.162076
0.162340
0.161575
0.161404
0.162130
0.160884
0.161782
0.162280
0.160179
0.160930
0.156858
0.161507
0.162368
0.161179
0.162427
0.162336
0.160879
0.160375
0.162333
0.161284
0.160662
0.161267
0.161559
0.161868
0.159035
0.160921
0.160491
0.161397
0.159947
0.161320
0.161878
0.160818
0.161963
0.159582
0.161045
0.160361
0.159712
0.161061
0.160316
0.160679
0.156898
0.156904
0.157571
0.158653
0.161149
0.159924
0.162848
0.161228
0.163194
0.163131
0.162245
0.163548
0.163040
0.163797
0.163276
0.163857
0.162682
0.160667
0.158437
0.159518
0.163894
0.163188
0.160962
0.161034
0.157151
0.158943
0.160049
0.162930
0.159837
0.159653
0.160618
0.159536
0.166594
0.164916
0.164146
0.161503
0.162117
0.160498
0.159431
0.159585
0.161647
0.159778
0.162332
0.160672
0.161813
0.160973
0.160842
0.160019
0.161083
0.162547
0.161098
0.159816
0.160636
0.160315
0.162219
0.159848
0.160087
0.161494
0.160841
0.161779
0.159270
0.159202
0.158973
0.158421
0.159457
0.158461
0.159995
0.157934
0.158882
0.159096
0.159736
0.161023
0.159194
0.159160
0.157876
0.158659
0.150036
0.165854
0.165901
0.164289
0.163808
0.160627
0.157745
0.170958
0.168649
0.163536
0.163341
0.159549
0.161057
0.158900
0.159772
0.161800
0.158134
0.160166
0.163386
0.161091
0.161802
0.161206
0.161703
0.159192
0.159738
0.161785
0.159300
0.160730
0.162274
0.164645
0.165048
0.161503
0.159695
0.160856
0.160473
0.160057
0.158984
0.171356
0.165892
0.164281
0.162350
0.160683
0.160256
0.159755
0.160754
0.160435
0.159861
0.160314
0.161691
0.161455
0.161520
0.159865
0.161385
0.159652
0.159884
0.159954
0.159921
0.160553
0.159369
0.160459
0.160948
0.159693
0.161021
0.160582
0.160675
0.161363
0.162029
0.159728
0.161066
0.159242
0.159782
0.160502
0.160830
0.160804
0.158203
0.162574
0.160169
0.159887
0.160184
0.157945
0.161225
0.161194
0.159552
0.160008
0.160063
0.159893
0.160068
0.160726
0.158419
0.158940
0.162122
0.159996
0.159793
0.159265
0.160262
0.160949
0.160488
0.159758
0.160025
0.160476
0.158578
0.159026
0.160068
0.160861
0.160033
0.160403
0.161180
0.158927
0.158380
0.161330
0.161500
0.161965
0.160616
0.160592
0.160625
0.160827
0.162356
0.161015
0.160025
0.159883
0.160137
0.159035
0.157413
0.160272
0.160036
0.160035
0.158091
0.176675
0.172194
0.169036
0.166214
0.163323
0.160139
0.160732
0.159652
0.158390
0.160624
0.165110
0.150166
0.181526
0.178849
0.178133
0.181267
0.178005
0.181093
0.182177
0.173718
0.179134
0.178300
0.179667
0.184174
0.184291
0.183350
0.183175
0.185382
0.184170
0.179828
0.179564
0.177554
0.180270
0.181320
0.176436
0.184058
0.179215
0.178347
0.174315
0.166425
0.163038
0.163325
0.159582
0.158883
0.157755
0.161414
0.157164
0.156448
0.122027
0.153093
0.156572
0.148377
0.155815
0.157275
0.155336
0.154627
0.156780
0.157311
0.156157
0.156356
0.157776
0.156378
0.157533
0.157549
0.157671
0.148112
0.077199
0.077646
0.074559
0.075016
0.084359
0.075897
0.078349
0.076821
0.076726
0.077541
0.076397
0.077017
0.077418
0.078521
0.076766
0.078017
0.078264
0.080540
0.077018
0.081098
0.081018
0.083687
0.081365
0.076758
0.075576
0.075984
0.077015
0.098057
0.086983
0.092693
0.250743
0.319172
0.304353
0.323873
0.330276
0.331188
0.348932
0.346244
0.186704
0.136799
0.130229
0.143383
0.158160
0.179824
0.177748
0.179177
0.174228
0.176610
0.169998
0.164595
0.161035
0.158553
0.155340
0.155472
0.155577
0.156460
0.123731
0.137030
0.154635
0.160216
0.160208
0.159155
0.156231
0.176824
0.176577
0.175588
0.176140
0.179424
0.156889
0.136704
0.150126
0.180174
0.178039
0.181040
0.180039
0.139030
0.130146
0.132029
0.152034
0.157035
0.159035
0.157328
0.158282
0.162035
0.159817
0.156398
0.167037
0.154155
0.157331
0.171039
0.164036
0.181040
0.178216
0.152034
0.104023
0.193043
0.243086
0.140599
0.139640
0.123400
0.150033
0.153033
0.157035
0.160035
0.154034
0.154034
0.177039
0.178039
0.180040
0.179039
0.173388
0.171065
0.164036
0.129028
0.131721
0.150033
0.154422
0.155607
0.155034
0.155396
0.152237
0.170484
0.170226
0.166036
0.163037
0.161753
0.155733
0.177055
0.176039
0.150033
0.093020
0.156212
0.157205
0.146333
0.169834
0.168063
0.165036
0.169037
0.170037
0.158655
0.179749
0.184038
0.179585
0.159035
0.121002
0.143032
0.152033
0.155034
0.155034
0.155034
0.153193
0.169544
0.179039
0.137577
0.134029
0.150180
0.155034
0.155425
0.155033
0.155734
0.158035
0.161036
0.162035
0.161035
0.158242
0.158139
0.148033
0.175039
0.168243
0.165531
0.163035
0.160035
0.156369
0.125374
0.139030
0.154033
0.156795
0.157034
0.157035
0.159348
0.160035
0.161035
0.160036
0.155034
0.174038
0.167437
0.173038
0.172038
0.168074
0.163036
0.171319
0.167770
0.167206
0.161756
0.173039
0.170357
0.167317
0.165529
0.164036
0.164143
0.164036
0.161556
0.161170
0.161406
0.162035
0.161450
0.157035
0.172399
0.171038
0.168037
0.165036
0.160156
0.169037
0.167695
0.172037
0.170349
0.163913
0.170447
0.168037
0.166409
0.164036
0.162036
0.161035
0.155034
0.177498
0.181559
0.157296
0.136030
0.153126
0.139030
0.154033
0.157551
0.142031
0.162035
0.160035
0.162452
0.161036
0.158034
0.160035
0.161036
0.159421
0.159752
0.161035
0.157189
0.160177
0.155509
0.176671
0.138337
0.136054
0.154034
0.158035
0.156034
0.141031
0.153032
0.157034
0.158035
0.159035
0.161694
0.163130
0.160035
0.161035
0.153355
0.181040
0.176038
0.175662
0.148017
0.126688
0.154813
0.149389
0.155034
0.158034
0.152034
0.173295
0.175039
0.148778
0.118026
0.154034
0.157581
0.160468
0.158035
0.158035
0.160035
0.153254
0.176208
0.179093
0.158035
0.120180
0.146536
0.160035
0.160506
0.159035
0.159035
0.154915
0.168037
0.159485
0.179039
0.146218
0.156130
0.154776
0.155034
0.158035
0.158034
0.158489
0.159035
0.133190
0.158306
0.158647
0.158035
0.158035
0.159259
0.157505
0.159421
0.142031
0.162409
0.162106
0.162036
0.163036
0.161036
0.163615
0.174038
0.178040
0.156471
0.116304
0.141032
0.154034
0.159618
0.160827
0.161036
0.161035
0.162508
0.161481
0.156035
0.170038
0.174622
0.148033
0.117025
0.151033
0.161292
0.158052
0.152034
0.174039
0.184980
0.147129
0.117489
0.135432
0.157035
0.156034
0.160098
0.163036
0.163765
0.167113
0.162100
0.161036
0.161036
0.161036
0.160035
0.154034
0.176038
0.179701
0.175039
0.151034
0.131046
0.149033
0.153033
0.151033
0.147427
0.182040
0.145242
0.121027
0.143050
0.158035
0.158035
0.158946
0.159946
0.160035
0.159718
0.160108
0.156134
0.176039
0.183215
0.148318
0.158742
0.158035
0.158168
0.156539
0.134031
0.156418
0.158035
0.159706
0.158035
0.159373
0.158038
0.158263
0.158034
0.158035
0.157034
0.149019
0.157034
0.162212
0.160033
0.164094
0.166257
0.160036
0.171037
0.167176
0.165060
0.163036
0.161035
0.160035
0.160035
0.159035
0.160040
0.157044
0.172038
0.169037
0.165186
0.165106
0.163510
0.162841
0.156034
0.178039
0.176039
0.075017
0.179408
0.181097
0.176037
0.177103
0.178833
0.179039
0.156034
0.133029
0.133083
0.155034
0.160939
0.159486
0.158416
0.151220
0.164365
0.178136
0.176097
0.150283
0.122028
0.156035
0.161606
0.162036
0.139247
0.173354
0.169578
0.161035
0.160459
0.158100
0.158035
0.159035
0.158034
0.157035
0.159035
0.159646
0.155483
0.168166
0.176070
0.176472
0.176039
0.180040
0.176214
0.182040
0.177039
0.178479
0.179039
0.177039
0.154055
0.133703
0.147033
0.157034
0.161381
0.160497
0.161562
0.162036
0.141942
0.162548
0.178123
0.169038
0.165036
0.157145
0.141031
0.154034
0.155129
0.155278
0.156034
0.156034
0.157034
0.161035
0.161035
0.159065
0.144369
0.156035
0.161115
0.158035
0.151033
0.150528
0.168488
0.176039
0.167037
0.169037
0.169038
0.164830
0.161534
0.167037
0.163035
0.163036
0.160310
0.174039
0.170038
0.177143
0.169354
0.087253
0.149033
0.181782
0.179375
0.179039
0.186062
0.179039
0.179040
0.177089
0.156713
0.137030
0.142031
0.156034
0.161022
0.160035
0.159035
0.160307
0.159035
0.159035
0.158034
0.160036
0.150033
0.150454
0.183040
0.175359
0.148033
0.157035
0.156034
0.156034
0.160035
