867	367	410	204
915	365	316	211
924	376	303	192
945	372	264	205
923	372	312	208
1035	393	227	170
838	400	263	158
544	394	174	174
518	341	155	155
579	375	156	183
573	383	169	169
575	376	200	186
511	388	172	164
579	380	169	184
504	357	193	157
727	387	206	204
482	356	242	183
668	354	325	230
649	354	367	233
555	349	345	249
585	366	344	218
539	372	244	211
562	391	203	176
499	360	168	161
562	381	279	220
467	358	185	166
654	369	235	205
471	376	241	196
521	378	218	194
509	351	159	165
534	373	190	177
502	385	156	156
506	372	209	185
525	382	175	167
467	394	153	146
523	380	200	177
442	350	145	160
598	367	205	180
395	377	227	164
541	374	211	172
435	377	170	170
490	384	201	158
433	351	151	151
541	371	203	166
400	377	184	156
503	381	200	151
383	384	155	148
480	376	179	166
423	350	133	147
491	366	188	166
393	375	150	150
478	369	177	164
397	343	114	145
538	380	173	152
366	385	192	145
481	381	183	155
359	353	150	143
517	363	174	174
393	374	190	155
446	376	172	153
402	357	145	138
446	363	167	155
396	373	120	137
471	368	140	172
388	389	100	132
446	359	116	196
379	362	128	128
433	389	86	140
386	362	102	118
401	389	73	120
409	389	94	154
406	362	102	121
445	382	112	149
391	365	110	130
452	371	160	160
338	347	176	143
447	367	187	159
354	371	174	154
437	377	179	146
379	379	177	144
429	381	175	143
374	382	173	141
423	369	172	172
387	379	172	153
435	375	178	163
403	382	171	152
429	378	177	162
408	349	151	151
422	359	151	135
427	349	143	157
388	361	150	134
429	364	155	155
438	374	139	139
447	383	124	124
437	372	145	146
451	373	146	146
407	349	130	136
549	369	134	157
362	353	195	130
520	375	160	142
362	349	202	134
474	358	195	147
403	370	113	126
565	364	131	141
371	375	149	121
564	357	147	159
378	373	167	130
519	365	173	148
349	372	215	136
489	384	172	114
370	357	154	112
557	354	155	144
388	367	164	120
564	371	154	141
364	349	161	125
537	348	191	156
374	358	231	138
438	362	196	133
396	375	162	108
405	364	145	133
399	362	186	139
412	379	162	108
356	385	177	98
485	362	176	144
355	372	175	128
436	362	201	150
344	369	155	139
531	359	197	161
370	381	195	119
400	365	153	153
415	366	153	153
423	367	168	154
320	392	161	107
395	374	176	144
405	388	160	119
365	350	138	138
366	368	139	152
414	372	159	146
361	395	153	102
388	379	125	137
375	377	175	143
377	370	173	159
382	395	167	111
365	355	101	137
415	356	158	158
408	356	173	159
421	366	181	142
345	385	119	107
418	363	124	151
389	371	184	137
381	354	261	174
340	352	214	181
463	383	216	158
318	342	202	165
430	350	300	214
337	357	255	203
352	384	228	152
374	368	187	187
375	361	188	205
372	366	197	197
364	367	216	198
370	364	207	207
371	392	208	154
426	366	240	210
477	389	225	167
355	346	213	173
508	347	210	210
335	375	211	156
503	364	298	243
373	379	200	216
370	320	209	186
485	358	264	231
412	341	184	165
376	360	130	130
451	331	142	213
394	365	129	149
403	347	139	186
366	360	216	162
467	340	250	204
418	354	227	181
476	344	272	204
422	353	236	189
470	371	231	157
452	387	127	127
424	347	209	209
497	383	229	140
403	383	180	143
486	368	215	176
458	392	130	130
389	344	174	131
522	335	203	203
460	362	203	151
475	351	176	176
499	381	131	118
407	333	111	125
518	338	118	158
395	349	183	137
535	339	245	213
478	371	250	153
437	384	214	131
437	353	112	124
488	357	158	158
503	358	159	159
445	385	160	106
433	346	104	131
520	336	137	192
469	379	121	108
430	376	115	115
487	340	154	189
495	373	171	127
428	362	110	99
548	345	122	171
405	336	145	129
583	334	149	183
562	352	194	148
568	360	185	136
496	358	213	142
481	372	116	116
463	353	156	156
534	347	209	171
450	363	126	141
555	325	179	219
435	363	158	147
546	348	236	179
459	370	137	137
502	348	233	184
486	372	139	139
455	366	228	152
514	350	204	187
477	373	174	145
498	352	213	188
458	381	149	134
494	354	239	189
544	379	142	142
420	328	156	143
537	339	245	175
418	351	208	154
531	362	240	133
428	359	209	143
418	374	232	116
445	378	180	110
450	382	188	104
451	365	188	141
472	382	178	109
486	361	152	152
495	362	204	153
502	331	194	142
489	320	222	167
490	309	258	193
454	332	224	149
540	325	245	200
482	327	243	198
515	355	220	147
472	349	197	160
500	342	238	178
441	363	207	138
538	349	226	170
406	369	167	131
535	337	199	199
527	349	218	177
469	360	215	158
477	379	202	123
434	363	173	158
489	352	271	181
446	356	198	178
543	352	251	188
405	360	238	175
535	347	273	205
445	363	237	176
545	361	274	182
421	359	224	190
422	387	226	138
502	360	290	194
465	380	238	159
479	388	213	145
414	337	235	176
568	342	273	204
418	352	258	189
545	349	296	197
425	360	216	180
525	363	264	176
418	373	192	160
491	351	298	206
464	373	221	166
480	361	257	192
499	376	223	165
499	375	225	171
433	389	215	146
546	366	302	195
404	375	265	180
547	369	293	195
424	373	223	192
479	378	277	185
434	357	202	151
528	354	234	191
392	373	157	157
555	347	172	211
380	336	209	170
543	343	291	223
380	362	279	189
488	356	308	205
386	314	224	187
468	343	339	224
441	365	246	185
476	363	286	190
376	356	273	208
450	356	319	213
375	360	233	209
448	355	341	221
410	366	301	205
349	359	272	221
404	362	288	219
330	390	252	168
417	362	337	225
265	360	277	235
406	365	341	227
274	362	237	237
407	353	388	260
346	312	255	212
436	363	380	254
331	360	341	265
417	374	352	241
224	399	260	195
476	365	302	266
239	327	310	227
414	369	410	266
352	372	332	265
277	346	229	198
429	340	286	286
194	363	287	243
481	356	354	265
252	360	307	261
397	353	405	284
271	371	341	253
365	375	393	250
259	369	315	267
374	370	388	269
325	314	288	249
386	366	444	269
349	388	308	231
202	346	248	206
490	338	267	303
512	370	333	242
583	373	336	242
610	374	286	243
183	330	264	224
492	354	287	326
279	352	307	205
388	343	450	275
329	365	353	235
225	356	386	257
407	346	451	281
345	357	357	265
444	355	412	275
555	365	398	260
594	373	323	248
616	373	284	252
569	382	316	239
169	328	234	234
495	361	251	277
105	334	265	224
480	307	245	326
576	346	379	252
598	343	338	263
570	350	400	254
612	344	320	271
577	345	395	274
582	344	388	280
584	346	389	281
517	342	390	295
514	347	401	289
516	349	402	290
548	352	343	291
564	365	317	269
555	371	391	260
565	368	377	271
566	364	377	285
538	369	439	279
26	302	298	271
473	298	254	336
17	356	248	225
120	330	237	279
5	320	282	304
120	341	294	320
398	335	336	336
0	394	279	225
106	340	274	335
463	371	358	332
0	334	247	266
402	321	257	343
0	380	217	230
89	349	224	299
403	371	278	306
0	352	207	225
0	358	10	255
60	445	37	83
12	464	92	56
11	444	96	96
11	445	97	97
0	421	125	97
12	415	148	111
16	407	140	129
20	405	135	135
15	406	148	135
19	427	142	95
0	432	10	86
3	478	70	59
11	455	106	106
0	469	54	79
0	465	71	87
0	470	18	79
14	472	62	76
0	488	10	46
4	468	43	86
0	470	76	81
0	485	10	52
0	470	44	92
0	495	10	42
0	477	38	83
0	500	10	38
1	481	32	79
0	508	10	26
0	482	16	66
0	483	10	65
0	509	10	13
0	504	10	23
0	506	10	10
0	509	10	10
0	512	10	10
0	515	10	10
0	518	10	10
0	521	10	10
0	524	10	10
0	527	10	10
0	530	10	10
0	532	10	10
0	535	10	10
0	538	10	10
0	541	10	10
0	544	10	10
0	547	10	10
0	550	10	10
0	553	10	10
0	556	10	10
0	559	10	10
0	562	10	10
0	565	10	10
0	568	10	10
0	571	10	10
0	573	10	10
0	576	10	10
0	579	10	10
0	582	10	10
0	585	10	10
0	588	10	10
0	591	10	10
0	594	10	10
0	597	10	10
0	600	10	10
0	603	10	10
0	606	10	10
0	609	10	10
0	612	10	10
0	614	10	10
0	617	10	10
0	620	10	10
0	623	10	10
0	626	10	10
0	629	10	10
0	632	10	10
0	635	10	10
0	638	10	10
0	641	10	10
0	644	10	10
0	647	10	10
0	650	10	10
0	653	10	10
0	656	10	10
0	658	10	10
0	661	10	10
0	664	10	10
0	667	10	10
0	670	10	10
0	673	10	10
0	676	10	10
0	679	10	10
0	682	10	10
0	685	10	10
0	688	10	10
0	691	10	10
0	694	10	10
0	697	10	10
0	699	10	10
0	702	10	10
0	705	10	10
0	708	10	10
0	710	10	10
0	710	10	10
0	710	10	10
0	710	10	10
0	710	10	10
0	710	10	10
0	710	10	10
0	710	10	10
0	710	10	10
0	710	10	10
0	710	10	10
0	710	10	10
0	710	10	10
0	710	10	10
0	710	10	10
0	710	10	10
0	710	10	10
0	710	10	10
0	710	10	10
0	710	10	10
0	710	10	10
0	710	10	10
0	710	10	10
0	710	10	10
0	710	10	10
0	710	10	10
0	710	10	10
0	710	10	10
0	710	10	10
0	710	10	10
0	710	10	10
0	710	10	10
0	710	10	10
0	710	10	10
0	710	10	10
0	710	10	10
0	710	10	10
0	710	10	10
0	710	10	10
0	710	10	10
0	710	10	10
0	710	10	10
0	710	10	10
0	710	10	10
0	710	10	10
0	710	10	10
0	710	10	10
0	710	10	10
0	710	10	10
0	710	10	10
0	710	10	10
0	710	10	10
0	710	10	10
0	710	10	10
0	710	10	10
0	710	10	10
0	710	10	10
0	710	10	10
0	710	10	10
0	710	10	10
0	710	10	10
0	710	10	10
0	710	10	10
0	710	10	10
0	710	10	10
0	710	10	10
0	710	10	10
0	710	10	10
0	710	10	10
0	710	10	10
0	710	10	10
0	710	10	10
0	710	10	10
0	710	10	10
0	710	10	10
0	710	10	10
0	710	10	10
0	710	10	10
0	710	10	10
0	710	10	10
0	710	10	10
0	710	10	10
0	710	10	10
0	710	10	10
0	710	10	10
0	710	10	10
0	710	10	10
0	710	10	10
0	710	10	10
0	710	10	10
0	710	10	10
0	710	10	10
0	710	10	10
0	710	10	10
0	710	10	10
0	710	10	10
0	710	10	10
0	710	10	10
0	710	10	10
0	710	10	10
0	710	10	10
0	710	10	10
0	710	10	10
0	710	10	10
0	710	10	10
0	710	10	10
0	710	10	10
0	710	10	10
0	710	10	10
0	710	10	10
0	710	10	10
0	710	10	10
0	710	10	10
0	710	10	10
0	710	10	10
0	710	10	10
0	710	10	10
0	710	10	10
0	710	10	10
0	710	10	10
0	710	10	10
0	710	10	10
0	710	10	10
0	710	10	10
0	710	10	10
0	710	10	10
0	710	10	10
0	710	10	10
0	710	10	10
0	710	10	10
0	710	10	10
0	710	10	10
0	710	10	10
0	710	10	10
0	710	10	10
0	710	10	10
0	710	10	10
0	710	10	10
0	710	10	10
0	710	10	10
0	710	10	10
0	710	10	10
0	710	10	10
0	710	10	10
0	710	10	10
0	710	10	10
0	710	10	10
0	710	10	10
0	710	10	10
0	710	10	10
0	710	10	10
0	710	10	10
0	710	10	10
0	710	10	10
0	710	10	10
0	710	10	10
0	710	10	10
0	710	10	10
0	710	10	10
0	710	10	10
0	710	10	10
0	710	10	10
0	710	10	10
0	710	10	10
0	710	10	10
0	710	10	10
0	710	10	10
0	710	10	10
0	710	10	10
0	710	10	10
0	710	10	10
0	710	10	10
0	710	10	10
0	710	10	10
0	710	10	10
0	710	10	10
0	710	10	10
0	710	10	10
0	710	10	10
0	710	10	10
0	710	10	10
0	710	10	10
0	710	10	10
0	710	10	10
0	710	10	10
0	710	10	10
0	710	10	10
0	710	10	10
0	710	10	10
0	710	10	10
0	710	10	10
0	710	10	10
0	710	10	10
0	710	10	10
0	710	10	10
0	710	10	10
0	710	10	10
0	710	10	10
0	710	10	10
0	710	10	10
0	710	10	10
0	710	10	10
0	710	10	10
0	710	10	10
0	709	10	10
0	710	10	10
0	710	10	10
0	710	10	10
0	710	10	10
0	710	10	10
0	710	10	10
0	710	10	10
0	710	10	10
0	710	10	10
0	710	10	10
0	710	10	10
0	710	10	10
0	710	10	10
0	710	10	10
0	710	10	10
0	710	10	10
0	710	10	10
0	710	10	10
0	710	10	10
0	710	10	10
0	710	10	10
0	710	10	10
0	710	10	10
0	710	10	10
0	710	10	10
0	710	10	10
0	710	10	10
0	710	10	10
0	710	10	10
0	710	10	10
0	710	10	10
0	710	10	10
0	710	10	10
0	710	10	10
0	710	10	10
0	710	10	10
0	710	10	10
0	710	10	10
0	710	10	10
0	710	10	10
0	710	10	10
0	710	10	10
0	710	10	10
0	710	10	10
0	710	10	10
0	710	10	10
0	710	10	10
0	710	10	10
0	710	10	10
0	710	10	10
0	710	10	10
0	710	10	10
0	710	10	10
0	710	10	10
0	710	10	10
0	710	10	10
0	710	10	10
0	710	10	10
0	710	10	10
0	710	10	10
0	710	10	10
0	710	10	10
0	710	10	10
0	710	10	10
0	710	10	10
0	710	10	10
0	710	10	10
0	710	10	10
0	710	10	10
0	710	10	10
0	710	10	10
0	710	10	10
0	710	10	10
0	710	10	10
0	710	10	10
0	710	10	10
0	710	10	10
0	710	10	10
0	710	10	10
0	710	10	10
0	710	10	10
0	710	10	10
0	710	10	10
0	710	10	10
0	710	10	10
0	710	10	10
0	710	10	10
0	710	10	10
0	710	10	10
0	710	10	10
0	710	10	10
0	710	10	10
0	710	10	10
0	710	10	10
0	710	10	10
0	710	10	10
0	710	10	10
0	710	10	10
0	710	10	10
0	710	10	10
0	710	10	10
0	710	10	10
0	710	10	10
0	710	10	10
0	710	10	10
0	710	10	10
0	710	10	10
0	710	10	10
0	710	10	10
0	710	10	10
0	710	10	10
0	710	10	10
0	710	10	10
0	710	10	10
0	710	10	10
0	710	10	10
0	710	10	10
0	710	10	10
0	710	10	10
0	710	10	10
0	710	10	10
0	710	10	10
0	710	10	10
0	710	10	10
0	710	10	10
0	710	10	10
0	710	10	10
0	710	10	10
0	710	10	10
0	710	10	10
0	710	10	10
0	710	10	10
0	710	10	10
0	710	10	10
0	710	10	10
0	710	10	10
0	710	10	10
0	710	10	10
0	710	10	10
0	710	10	10
0	710	10	10
0	710	10	10
0	710	10	10
0	710	10	10
0	710	10	10
0	710	10	10
0	710	10	10
0	710	10	10
0	710	10	10
0	710	10	10
0	710	10	10
0	710	10	10
0	710	10	10
0	710	10	10
0	710	10	10
0	710	10	10
0	710	10	10
0	710	10	10
0	710	10	10
0	710	10	10
0	710	10	10
0	710	10	10
0	710	10	10
0	710	10	10
0	710	10	10
0	710	10	10
0	710	10	10
0	710	10	10
0	710	10	10
0	710	10	10
0	710	10	10
0	710	10	10
0	710	10	10
0	710	10	10
0	710	10	10
0	710	10	10
0	710	10	10
0	710	10	10
0	710	10	10
0	710	10	10
0	710	10	10
0	710	10	10
0	710	10	10
0	710	10	10
0	710	10	10
0	710	10	10
0	710	10	10
0	710	10	10
0	710	10	10
0	710	10	10
0	710	10	10
0	710	10	10
0	710	10	10
0	710	10	10
0	710	10	10
0	710	10	10
0	710	10	10
0	710	10	10
0	710	10	10
0	710	10	10
0	710	10	10
0	710	10	10
0	710	10	10
0	710	10	10
0	710	10	10
0	710	10	10
0	710	10	10
0	710	10	10
0	710	10	10
0	710	10	10
0	710	10	10
0	710	10	10
0	710	10	10
0	710	10	10
0	710	10	10
0	710	10	10
0	710	10	10
0	710	10	10
0	710	10	10
0	710	10	10
0	710	10	10
0	710	10	10
0	710	10	10
0	710	10	10
0	710	10	10
0	710	10	10
0	710	10	10
0	710	10	10
0	710	10	10
0	710	10	10
0	710	10	10
0	710	10	10
0	710	10	10
0	710	10	10
0	710	10	10
0	710	10	10
0	710	10	10
0	710	10	10
0	710	10	10
0	710	10	10
0	710	10	10
0	710	10	10
0	710	10	10
0	710	10	10
0	710	10	10
0	710	10	10
0	710	10	10
0	710	10	10
0	710	10	10
0	710	10	10
0	710	10	10
0	710	10	10
0	710	10	10
0	710	10	10
0	710	10	10
0	710	10	10
0	710	10	10
0	710	10	10
0	710	10	10
0	710	10	10
0	710	10	10
0	710	10	10
0	710	10	10
0	710	10	10
0	710	10	10
0	710	10	10
0	710	10	10
0	710	10	10
0	710	10	10
0	710	10	10
0	710	10	10
0	710	10	10
0	710	10	10
0	710	10	10
0	710	10	10
0	710	10	10
0	710	10	10
0	710	10	10
0	710	10	10
0	710	10	10
0	710	10	10
0	710	10	10
0	710	10	10
0	710	10	10
0	710	10	10
0	710	10	10
0	710	10	10
0	710	10	10
0	710	10	10
0	710	10	10
0	710	10	10
0	710	10	10
0	710	10	10
0	710	10	10
0	710	10	10
0	710	10	10
0	710	10	10
0	710	10	10
0	710	10	10
0	710	10	10
0	710	10	10
0	710	10	10
0	710	10	10
0	710	10	10
0	710	10	10
0	710	10	10
0	710	10	10
0	710	10	10
0	710	10	10
0	710	10	10
0	710	10	10
0	710	10	10
0	710	10	10
0	710	10	10
0	710	10	10
0	710	10	10
0	709	10	10
0	710	10	10
0	710	10	10
0	710	10	10
0	710	10	10
0	710	10	10
0	710	10	10
0	710	10	10
15	701	10	13
0	705	10	10
0	708	10	10
0	710	10	10
0	710	10	10
0	710	10	10
0	710	10	10
0	710	10	10
0	710	10	10
0	710	10	10
0	710	10	10
0	710	10	10
0	710	10	10
0	710	10	10
0	710	10	10
0	710	10	10
0	710	10	10
0	710	10	10
0	710	10	10
0	710	10	10
0	710	10	10
0	710	10	10
0	710	10	10
0	710	10	10
0	710	10	10
0	710	10	10
0	710	10	10
0	710	10	10
0	710	10	10
0	710	10	10
0	710	10	10
0	710	10	10
0	710	10	10
0	710	10	10
0	710	10	10
0	710	10	10
0	710	10	10
0	710	10	10
0	710	10	10
0	710	10	10
0	710	10	10
0	710	10	10
0	710	10	10
0	710	10	10
0	710	10	10
0	710	10	10
0	710	10	10
0	710	10	10
0	710	10	10
0	710	10	10
0	710	10	10
0	710	10	10
0	710	10	10
0	710	10	10
0	710	10	10
0	710	10	10
0	710	10	10
0	710	10	10
0	710	10	10
0	710	10	10
0	710	10	10
0	710	10	10
0	710	10	10
0	710	10	10
0	710	10	10
0	710	10	10
0	710	10	10
0	710	10	10
0	710	10	10
0	710	10	10
0	710	10	10
0	710	10	10
0	710	10	10
0	710	10	10
0	710	10	10
0	710	10	10
0	710	10	10
0	710	10	10
0	710	10	10
0	710	10	10
0	710	10	10
0	710	10	10
0	710	10	10
0	710	10	10
0	710	10	10
0	710	10	10
0	710	10	10
0	710	10	10
0	710	10	10
0	710	10	10
0	710	10	10
0	710	10	10
0	710	10	10
0	710	10	10
0	710	10	10
0	710	10	10
0	710	10	10
0	710	10	10
0	710	10	10
0	710	10	10
0	710	10	10
0	710	10	10
0	710	10	10
0	710	10	10
0	710	10	10
0	710	10	10
0	710	10	10
0	710	10	10
0	710	10	10
0	710	10	10
0	710	10	10
0	710	10	10
0	710	10	10
0	710	10	10
0	710	10	10
0	710	10	10
0	710	10	10
0	710	10	10
0	710	10	10
0	710	10	10
0	710	10	10
0	710	10	10
0	710	10	10
0	710	10	10
0	710	10	10
0	710	10	10
0	710	10	10
0	710	10	10
0	710	10	10
0	710	10	10
0	710	10	10
0	710	10	10
0	710	10	10
0	710	10	10
0	710	10	10
0	710	10	10
0	710	10	10
0	710	10	10
0	710	10	10
0	710	10	10
0	710	10	10
0	710	10	10
0	710	10	10
0	710	10	10
0	710	10	10
0	710	10	10
0	710	10	10
0	710	10	10
0	710	10	10
0	710	10	10
0	710	10	10
0	710	10	10
0	710	10	10
0	710	10	10
0	710	10	10
0	710	10	10
0	710	10	10
0	710	10	10
0	710	10	10
0	710	10	10
0	710	10	10
0	710	10	10
0	710	10	10
0	710	10	10
0	710	10	10
0	710	10	10
0	710	10	10
0	710	10	10
0	710	10	10
0	710	10	10
0	710	10	10
0	710	10	10
0	710	10	10
0	710	10	10
0	710	10	10
0	710	10	10
0	710	10	10
0	710	10	10
0	710	10	10
0	710	10	10
0	710	10	10
0	710	10	10
0	710	10	10
0	710	10	10
0	710	10	10
0	710	10	10
0	710	10	10
0	710	10	10
0	710	10	10
0	710	10	10
0	710	10	10
0	710	10	10
0	710	10	10
0	710	10	10
0	710	10	10
0	710	10	10
0	710	10	10
0	710	10	10
0	710	10	10
0	710	10	10
0	710	10	10
0	710	10	10
0	710	10	10
0	710	10	10
0	710	10	10
0	710	10	10
0	710	10	10
0	710	10	10
0	710	10	10
0	710	10	10
0	710	10	10
0	710	10	10
0	710	10	10
0	710	10	10
0	710	10	10
0	710	10	10
0	710	10	10
0	710	10	10
0	710	10	10
0	710	10	10
0	710	10	10
0	710	10	10
0	710	10	10
0	710	10	10
0	710	10	10
0	710	10	10
0	710	10	10
0	710	10	10
0	710	10	10
0	710	10	10
0	710	10	10
0	710	10	10
0	710	10	10
0	710	10	10
0	710	10	10
0	710	10	10
0	710	10	10
0	710	10	10
0	710	10	10
0	710	10	10
0	710	10	10
0	710	10	10
0	710	10	10
0	710	10	10
0	710	10	10
0	710	10	10
0	710	10	10
0	710	10	10
0	710	10	10
0	710	10	10
0	710	10	10
0	710	10	10
0	710	10	10
0	710	10	10
0	710	10	10
0	710	10	10
0	710	10	10
0	710	10	10
0	710	10	10
0	710	10	10
0	710	10	10
0	710	10	10
0	710	10	10
0	710	10	10
0	710	10	10
0	710	10	10
0	710	10	10
0	710	10	10
0	710	10	10
0	710	10	10
0	710	10	10
0	710	10	10
0	710	10	10
0	710	10	10
0	710	10	10
0	710	10	10
0	710	10	10
0	710	10	10
0	710	10	10
0	710	10	10
0	710	10	10
0	710	10	10
0	710	10	10
0	710	10	10
0	710	10	10
0	710	10	10
0	710	10	10
0	710	10	10
0	710	10	10
0	710	10	10
0	710	10	10
0	710	10	10
0	710	10	10
0	710	10	10
0	710	10	10
0	710	10	10
0	710	10	10
0	710	10	10
0	710	10	10
0	710	10	10
0	710	10	10
0	710	10	10
0	710	10	10
0	710	10	10
0	710	10	10
0	710	10	10
0	710	10	10
0	710	10	10
0	710	10	10
0	710	10	10
0	710	10	10
0	710	10	10
0	710	10	10
0	710	10	10
0	710	10	10
0	710	10	10
0	710	10	10
0	710	10	10
0	710	10	10
0	710	10	10
0	710	10	10
0	710	10	10
0	710	10	10
0	710	10	10
0	710	10	10
0	710	10	10
0	710	10	10
0	710	10	10
0	710	10	10
0	710	10	10
0	710	10	10
0	710	10	10
0	710	10	10
0	710	10	10
0	710	10	10
0	710	10	10
0	710	10	10
0	710	10	10
0	710	10	10
0	710	10	10
0	710	10	10
0	710	10	10
0	710	10	10
0	710	10	10
0	710	10	10
0	710	10	10
0	710	10	10
0	710	10	10
0	710	10	10
0	710	10	10
0	710	10	10
0	710	10	10
0	710	10	10
0	710	10	10
0	710	10	10
0	710	10	10
0	710	10	10
0	710	10	10
0	710	10	10
0	710	10	10
0	710	10	10
0	710	10	10
0	710	10	10
0	710	10	10
0	710	10	10
0	710	10	10
0	710	10	10
0	710	10	10
0	710	10	10
0	710	10	10
0	710	10	10
0	710	10	10
0	710	10	10
0	710	10	10
0	710	10	10
0	710	10	10
0	710	10	10
0	710	10	10
0	710	10	10
0	710	10	10
0	710	10	10
0	710	10	10
0	710	10	10
0	710	10	10
0	710	10	10
0	710	10	10
0	710	10	10
0	710	10	10
0	710	10	10
0	710	10	10
0	710	10	10
0	710	10	10
0	710	10	10
0	710	10	10
0	710	10	10
0	710	10	10
0	710	10	10
0	710	10	10
0	710	10	10
0	710	10	10
0	710	10	10
0	710	10	10
0	710	10	10
0	710	10	10
0	710	10	10
0	710	10	10
0	710	10	10
0	710	10	10
0	710	10	10
0	710	10	10
0	710	10	10
0	710	10	10
0	710	10	10
0	710	10	10
0	710	10	10
0	710	10	10
0	710	10	10
0	710	10	10
0	710	10	10
0	710	10	10
0	710	10	10
0	710	10	10
0	710	10	10
0	710	10	10
0	710	10	10
0	710	10	10
0	710	10	10
0	710	10	10
0	710	10	10
0	710	10	10
0	710	10	10
0	710	10	10
0	710	10	10
0	710	10	10
0	710	10	10
0	710	10	10
0	710	10	10
0	710	10	10
0	710	10	10
0	710	10	10
0	710	10	10
0	710	10	10
0	710	10	10
0	710	10	10
0	710	10	10
0	710	10	10
0	710	10	10
0	710	10	10
0	710	10	10
0	710	10	10
0	710	10	10
0	710	10	10
0	710	10	10
0	710	10	10
0	710	10	10
0	710	10	10
0	710	10	10
0	710	10	10
0	710	10	10
0	710	10	10
0	710	10	10
0	710	10	10
0	710	10	10
0	710	10	10
0	710	10	10
0	710	10	10
0	710	10	10
0	710	10	10
0	710	10	10
0	710	10	10
0	710	10	10
0	710	10	10
0	710	10	10
0	710	10	10
0	710	10	10
0	710	10	10
0	710	10	10
0	710	10	10
0	710	10	10
0	710	10	10
0	710	10	10
0	710	10	10
0	710	10	10
0	710	10	10
0	710	10	10
0	710	10	10
0	710	10	10
0	710	10	10
0	710	10	10
0	710	10	10
0	710	10	10
0	710	10	10
0	710	10	10
0	710	10	10
0	710	10	10
0	710	10	10
0	710	10	10
0	710	10	10
0	710	10	10
0	710	10	10
0	710	10	10
0	710	10	10
0	710	10	10
0	710	10	10
0	710	10	10
0	710	10	10
0	710	10	10
0	710	10	10
0	710	10	10
0	710	10	10
0	710	10	10
0	710	10	10
0	710	10	10
0	710	10	10
0	710	10	10
0	710	10	10
0	710	10	10
0	710	10	10
0	710	10	10
0	710	10	10
0	710	10	10
0	710	10	10
0	710	10	10
0	710	10	10
0	710	10	10
0	710	10	10
0	710	10	10
0	710	10	10
0	710	10	10
0	710	10	10
0	710	10	10
0	710	10	10
0	710	10	10
0	710	10	10
0	710	10	10
0	710	10	10
0	710	10	10
0	710	10	10
0	710	10	10
0	710	10	10
0	710	10	10
0	710	10	10
0	710	10	10
0	710	10	10
0	710	10	10
0	710	10	10
0	710	10	10
0	709	10	10
0	710	10	10
0	710	10	10
0	710	10	10
0	710	10	10
0	710	10	10
0	710	10	10
0	710	10	10
0	710	10	10
0	710	10	10
0	710	10	10
0	710	10	10
0	710	10	10
0	710	10	10
0	710	10	10
0	710	10	10
0	710	10	10
0	710	10	10
0	710	10	10
0	710	10	10
0	710	10	10
0	710	10	10
0	710	10	10
0	710	10	10
0	710	10	10
0	710	10	10
0	710	10	10
0	710	10	10
0	710	10	10
0	710	10	10
0	710	10	10
0	710	10	10
0	710	10	10
0	710	10	10
0	710	10	10
0	710	10	10
0	710	10	10
0	710	10	10
0	710	10	10
0	710	10	10
0	710	10	10
0	710	10	10
0	710	10	10
0	710	10	10
0	710	10	10
0	710	10	10
0	710	10	10
0	710	10	10
0	710	10	10
0	710	10	10
0	710	10	10
0	710	10	10
0	710	10	10
0	710	10	10
0	710	10	10
0	710	10	10
0	710	10	10
0	710	10	10
0	710	10	10
0	710	10	10
0	710	10	10
0	710	10	10
0	710	10	10
0	710	10	10
0	710	10	10
0	710	10	10
0	710	10	10
0	710	10	10
0	710	10	10
0	710	10	10
0	710	10	10
0	710	10	10
0	710	10	10
0	710	10	10
0	710	10	10
0	710	10	10
0	710	10	10
0	710	10	10
0	710	10	10
0	710	10	10
0	710	10	10
0	710	10	10
0	710	10	10
0	710	10	10
0	710	10	10
0	710	10	10
0	710	10	10
0	710	10	10
0	710	10	10
0	710	10	10
0	710	10	10
0	710	10	10
0	710	10	10
0	710	10	10
0	710	10	10
0	710	10	10
0	710	10	10
0	710	10	10
0	710	10	10
0	710	10	10
0	710	10	10
0	710	10	10
0	710	10	10
0	710	10	10
0	710	10	10
0	710	10	10
0	710	10	10
0	710	10	10
0	710	10	10
0	710	10	10
0	710	10	10
0	710	10	10
0	710	10	10
0	710	10	10
0	710	10	10
0	710	10	10
0	710	10	10
0	710	10	10
0	710	10	10
0	710	10	10
0	710	10	10
0	710	10	10
0	710	10	10
0	710	10	10
0	710	10	10
0	710	10	10
0	710	10	10
0	710	10	10
0	710	10	10
0	710	10	10
0	710	10	10
0	710	10	10
0	710	10	10
0	710	10	10
0	710	10	10
0	710	10	10
0	710	10	10
0	710	10	10
0	710	10	10
0	710	10	10
0	710	10	10
0	710	10	10
0	710	10	10
0	710	10	10
0	710	10	10
0	710	10	10
0	710	10	10
0	710	10	10
0	710	10	10
0	710	10	10
0	710	10	10
0	710	10	10
0	710	10	10
0	710	10	10
0	710	10	10
0	710	10	10
0	710	10	10
0	710	10	10
0	710	10	10
0	710	10	10
0	710	10	10
0	710	10	10
0	710	10	10
0	710	10	10
0	710	10	10
0	710	10	10
0	710	10	10
0	710	10	10
0	710	10	10
0	710	10	10
0	710	10	10
0	710	10	10
0	710	10	10
0	710	10	10
0	710	10	10
0	710	10	10
0	710	10	10
0	710	10	10
0	710	10	10
0	710	10	10
0	710	10	10
0	710	10	10
0	710	10	10
0	710	10	10
0	710	10	10
0	710	10	10
0	710	10	10
0	710	10	10
0	710	10	10
0	710	10	10
0	710	10	10
0	710	10	10
0	710	10	10
0	710	10	10
0	710	10	10
0	710	10	10
0	710	10	10
0	710	10	10
0	710	10	10
0	710	10	10
0	710	10	10
0	710	10	10
0	710	10	10
0	710	10	10
0	710	10	10
0	710	10	10
0	710	10	10
0	710	10	10
0	710	10	10
0	710	10	10
0	710	10	10
0	710	10	10
0	710	10	10
0	710	10	10
0	710	10	10
0	710	10	10
0	710	10	10
0	710	10	10
0	710	10	10
0	710	10	10
0	710	10	10
0	710	10	10
0	710	10	10
0	710	10	10
0	710	10	10
0	710	10	10
0	710	10	10
0	710	10	10
0	710	10	10
0	710	10	10
0	710	10	10
0	710	10	10
0	710	10	10
0	710	10	10
0	710	10	10
0	710	10	10
0	710	10	10
0	710	10	10
0	710	10	10
0	710	10	10
0	710	10	10
0	710	10	10
0	710	10	10
0	710	10	10
0	710	10	10
0	710	10	10
0	710	10	10
0	710	10	10
0	710	10	10
0	710	10	10
0	710	10	10
0	710	10	10
0	710	10	10
0	710	10	10
0	710	10	10
0	710	10	10
0	710	10	10
0	710	10	10
0	710	10	10
0	710	10	10
0	710	10	10
0	710	10	10
0	710	10	10
0	710	10	10
0	710	10	10
0	710	10	10
0	710	10	10
0	710	10	10
0	710	10	10
0	710	10	10
0	710	10	10
0	710	10	10
0	710	10	10
0	710	10	10
0	710	10	10
0	710	10	10
0	710	10	10
0	710	10	10
0	710	10	10
0	710	10	10
0	710	10	10
0	710	10	10
0	710	10	10
0	710	10	10
0	710	10	10
0	710	10	10
0	710	10	10
0	710	10	10
0	710	10	10
0	710	10	10
0	710	10	10
0	710	10	10
0	710	10	10
0	710	10	10
0	710	10	10
0	710	10	10
0	710	10	10
0	710	10	10
0	710	10	10
0	710	10	10
0	710	10	10
0	710	10	10
0	710	10	10
0	710	10	10
0	710	10	10
0	710	10	10
0	710	10	10
0	710	10	10
0	710	10	10
0	710	10	10
0	710	10	10
0	710	10	10
0	710	10	10
0	710	10	10
0	710	10	10
0	710	10	10
0	710	10	10
0	710	10	10
0	710	10	10
0	710	10	10
0	710	10	10
0	710	10	10
0	710	10	10
0	710	10	10
0	710	10	10
0	710	10	10
0	710	10	10
0	710	10	10
0	710	10	10
0	710	10	10
0	710	10	10
0	710	10	10
0	710	10	10
0	710	10	10
0	710	10	10
0	710	10	10
0	710	10	10
0	710	10	10
0	710	10	10
0	709	10	10
0	710	10	10
0	710	10	10
0	710	10	10
0	710	10	10
0	710	10	10
0	710	10	10
0	710	10	10
0	710	10	10
0	710	10	10
0	710	10	10
0	710	10	10
0	710	10	10
0	710	10	10
0	710	10	10
0	710	10	10
0	710	10	10
0	710	10	10
0	710	10	10
0	710	10	10
0	710	10	10
0	710	10	10
0	710	10	10
0	710	10	10
0	710	10	10
0	710	10	10
0	710	10	10
0	710	10	10
0	710	10	10
0	710	10	10
0	710	10	10
0	710	10	10
0	710	10	10
0	710	10	10
0	710	10	10
0	710	10	10
0	710	10	10
0	710	10	10
0	710	10	10
0	710	10	10
0	710	10	10
0	710	10	10
0	710	10	10
0	710	10	10
0	710	10	10
0	710	10	10
0	710	10	10
0	710	10	10
0	710	10	10
0	710	10	10
0	710	10	10
0	710	10	10
0	710	10	10
0	710	10	10
0	710	10	10
0	710	10	10
0	710	10	10
0	710	10	10
0	710	10	10
0	710	10	10
0	710	10	10
0	710	10	10
0	710	10	10
0	710	10	10
0	709	10	10
0	710	10	10
0	710	10	10
0	710	10	10
0	710	10	10
0	710	10	10
0	710	10	10
0	710	10	10
0	710	10	10
0	710	10	10
0	710	10	10
0	710	10	10
0	710	10	10
0	710	10	10
0	710	10	10
0	710	10	10
0	710	10	10
0	710	10	10
0	710	10	10
0	710	10	10
0	710	10	10
0	710	10	10
0	710	10	10
0	710	10	10
0	710	10	10
0	710	10	10
0	710	10	10
0	710	10	10
0	710	10	10
0	710	10	10
0	710	10	10
0	710	10	10
0	710	10	10
0	710	10	10
0	710	10	10
0	710	10	10
0	710	10	10
0	710	10	10
0	710	10	10
0	710	10	10
0	710	10	10
0	710	10	10
0	710	10	10
0	710	10	10
0	710	10	10
0	710	10	10
0	710	10	10
0	710	10	10
0	710	10	10
0	710	10	10
0	710	10	10
0	710	10	10
0	710	10	10
0	710	10	10
0	710	10	10
0	710	10	10
0	710	10	10
0	710	10	10
0	710	10	10
0	710	10	10
0	710	10	10
0	710	10	10
0	710	10	10
0	708	10	10
0	710	10	10
0	710	10	10
0	710	10	10
0	710	10	10
0	710	10	10
0	710	10	10
0	710	10	10
0	710	10	10
0	710	10	10
0	710	10	10
0	710	10	10
0	710	10	10
0	710	10	10
0	710	10	10
0	710	10	10
0	710	10	10
0	710	10	10
0	710	10	10
0	710	10	10
0	710	10	10
0	710	10	10
0	710	10	10
0	710	10	10
0	710	10	10
0	710	10	10
0	710	10	10
0	710	10	10
0	710	10	10
0	710	10	10
0	710	10	10
0	710	10	10
0	710	10	10
0	710	10	10
0	710	10	10
0	710	10	10
0	710	10	10
0	710	10	10
0	710	10	10
0	710	10	10
0	710	10	10
0	709	10	10
0	710	10	10
0	710	10	10
0	710	10	10
0	710	10	10
0	710	10	10
0	710	10	10
0	710	10	10
0	710	10	10
0	710	10	10
0	710	10	10
0	710	10	10
0	710	10	10
0	710	10	10
0	710	10	10
0	710	10	10
0	710	10	10
0	710	10	10
0	710	10	10
0	710	10	10
0	710	10	10
0	710	10	10
0	710	10	10
0	710	10	10
0	710	10	10
0	710	10	10
0	710	10	10
0	710	10	10
0	710	10	10
0	710	10	10
0	710	10	10
0	710	10	10
0	710	10	10
0	710	10	10
0	710	10	10
0	710	10	10
0	710	10	10
0	710	10	10
0	710	10	10
0	710	10	10
0	710	10	10
0	710	10	10
0	710	10	10
0	710	10	10
0	710	10	10
0	710	10	10
0	710	10	10
0	710	10	10
0	710	10	10
0	710	10	10
0	710	10	10
0	710	10	10
0	710	10	10
0	710	10	10
0	710	10	10
0	710	10	10
0	710	10	10
0	710	10	10
0	710	10	10
0	710	10	10
0	710	10	10
0	710	10	10
0	710	10	10
0	710	10	10
0	710	10	10
0	710	10	10
0	710	10	10
0	710	10	10
0	710	10	10
0	710	10	10
0	710	10	10
0	710	10	10
0	710	10	10
0	710	10	10
0	710	10	10
0	710	10	10
0	710	10	10
0	710	10	10
0	710	10	10
0	710	10	10
0	710	10	10
0	710	10	10
0	710	10	10
0	710	10	10
0	710	10	10
0	710	10	10
0	710	10	10
0	710	10	10
0	710	10	10
0	710	10	10
0	710	10	10
0	710	10	10
0	710	10	10
0	710	10	10
0	710	10	10
0	710	10	10
0	710	10	10
0	710	10	10
0	710	10	10
0	710	10	10
0	710	10	10
0	710	10	10
0	710	10	10
0	710	10	10
0	710	10	10
0	710	10	10
0	710	10	10
0	710	10	10
0	710	10	10
0	710	10	10
0	710	10	10
0	710	10	10
0	710	10	10
0	710	10	10
0	710	10	10
0	710	10	10
0	710	10	10
0	710	10	10
0	710	10	10
0	710	10	10
0	710	10	10
0	710	10	10
0	710	10	10
0	710	10	10
0	710	10	10
0	710	10	10
0	710	10	10
0	710	10	10
0	710	10	10
0	710	10	10
0	710	10	10
0	710	10	10
0	710	10	10
0	710	10	10
0	710	10	10
0	710	10	10
0	710	10	10
0	710	10	10
0	710	10	10
0	710	10	10
0	710	10	10
0	710	10	10
0	710	10	10
0	710	10	10
0	710	10	10
0	710	10	10
0	710	10	10
0	710	10	10
0	710	10	10
0	710	10	10
0	710	10	10
0	710	10	10
0	710	10	10
0	710	10	10
0	710	10	10
0	710	10	10
0	710	10	10
0	710	10	10
0	710	10	10
0	710	10	10
0	710	10	10
0	710	10	10
0	710	10	10
0	710	10	10
0	710	10	10
0	710	10	10
0	710	10	10
0	710	10	10
0	710	10	10
0	710	10	10
0	710	10	10
0	710	10	10
0	710	10	10
0	710	10	10
0	710	10	10
0	710	10	10
0	710	10	10
0	710	10	10
0	710	10	10
0	710	10	10
0	710	10	10
0	710	10	10
0	710	10	10
0	710	10	10
0	710	10	10
0	710	10	10
0	710	10	10
0	710	10	10
0	710	10	10
0	710	10	10
0	710	10	10
0	710	10	10
0	710	10	10
0	710	10	10
0	710	10	10
0	710	10	10
0	710	10	10
0	710	10	10
0	710	10	10
0	710	10	10
0	710	10	10
0	710	10	10
0	710	10	10
0	710	10	10
0	710	10	10
0	710	10	10
0	710	10	10
0	710	10	10
0	710	10	10
0	710	10	10
0	710	10	10
0	710	10	10
0	710	10	10
0	710	10	10
0	710	10	10
0	710	10	10
0	710	10	10
0	710	10	10
0	710	10	10
0	710	10	10
0	710	10	10
0	710	10	10
0	710	10	10
0	710	10	10
0	710	10	10
0	710	10	10
0	710	10	10
0	710	10	10
0	710	10	10
0	710	10	10
0	710	10	10
0	710	10	10
0	710	10	10
0	710	10	10
0	710	10	10
0	710	10	10
0	710	10	10
0	710	10	10
0	710	10	10
0	710	10	10
0	710	10	10
0	710	10	10
0	710	10	10
0	710	10	10
0	710	10	10
0	710	10	10
0	694	10	10
0	694	10	11
0	697	10	10
0	700	10	10
0	703	10	10
0	706	10	10
0	709	10	10
0	710	10	10
0	710	10	10
0	710	10	10
0	710	10	10
0	710	10	10
0	710	10	10
0	710	10	10
0	710	10	10
0	710	10	10
0	710	10	10
0	710	10	10
0	710	10	10
0	710	10	10
0	710	10	10
0	710	10	10
0	710	10	10
0	710	10	10
0	710	10	10
0	710	10	10
0	710	10	10
0	710	10	10
0	710	10	10
0	710	10	10
0	710	10	10
0	710	10	10
0	710	10	10
0	707	10	10
0	710	10	10
0	710	10	10
0	710	10	10
0	710	10	10
0	710	10	10
0	710	10	10
0	710	10	10
0	710	10	10
0	710	10	10
0	710	10	10
0	710	10	10
0	710	10	10
0	710	10	10
0	710	10	10
0	710	10	10
0	710	10	10
0	710	10	10
0	710	10	10
0	710	10	10
0	710	10	10
0	710	10	10
0	710	10	10
0	710	10	10
0	710	10	10
0	710	10	10
0	710	10	10
0	710	10	10
0	710	10	10
0	710	10	10
0	710	10	10
0	710	10	10
0	710	10	10
0	710	10	10
0	710	10	10
0	710	10	10
0	710	10	10
0	710	10	10
0	710	10	10
0	710	10	10
0	710	10	10
0	710	10	10
0	710	10	10
0	710	10	10
0	710	10	10
0	710	10	10
0	710	10	10
0	710	10	10
0	710	10	10
0	710	10	10
0	710	10	10
0	710	10	10
0	710	10	10
0	710	10	10
0	710	10	10
0	710	10	10
0	710	10	10
0	710	10	10
0	710	10	10
0	710	10	10
0	710	10	10
0	710	10	10
0	710	10	10
0	710	10	10
0	710	10	10
0	710	10	10
0	710	10	10
0	710	10	10
0	710	10	10
0	710	10	10
0	710	10	10
0	710	10	10
0	710	10	10
0	710	10	10
0	710	10	10
0	710	10	10
0	710	10	10
0	710	10	10
0	710	10	10
0	710	10	10
0	710	10	10
0	710	10	10
0	710	10	10
0	710	10	10
0	710	10	10
0	710	10	10
0	710	10	10
0	710	10	10
0	710	10	10
0	710	10	10
0	710	10	10
0	710	10	10
0	710	10	10
0	710	10	10
0	710	10	10
0	710	10	10
0	710	10	10
0	710	10	10
0	710	10	10
0	710	10	10
0	710	10	10
0	710	10	10
0	710	10	10
