0.002001
0.167216
0.169037
0.176039
0.168036
0.168037
0.169037
0.170247
0.169037
0.169038
0.177039
0.170037
0.168593
0.170038
0.169037
0.170282
0.176039
0.170037
0.170038
0.170037
0.170038
0.168037
0.169037
0.171038
0.170038
0.170036
0.169037
0.180149
0.157205
0.171038
0.169434
0.170037
0.168037
0.179326
0.172269
0.167037
0.171129
0.171038
0.169037
0.171037
0.170037
0.170038
0.170163
0.170359
0.171037
0.173037
0.174038
0.171089
0.172039
0.176039
0.182113
0.181040
0.174038
0.169036
0.169037
0.139986
0.227052
0.170037
0.164036
0.161036
0.165036
0.170038
0.171038
0.169037
0.169827
0.170037
0.172297
0.177405
0.079115
0.077017
0.077017
0.077273
0.076212
0.073728
0.076302
0.077017
0.080163
0.078017
0.079017
0.078017
0.078016
0.078017
0.078017
0.079017
0.083018
0.096021
0.078017
0.077016
0.078017
0.080017
0.079016
0.077171
0.077950
0.076818
0.087064
0.097021
0.092064
0.166053
0.180040
0.171038
0.166037
0.172245
0.161036
0.122745
0.158402
0.160035
0.160035
0.160035
0.155034
0.135030
0.154597
0.142031
0.156034
0.134403
0.161036
0.178039
0.172428
0.169037
0.165036
0.160036
0.158311
0.159035
0.158079
0.158034
0.158034
0.157112
0.158087
0.158034
0.157348
0.159034
0.158035
0.160035
0.174259
0.172057
0.171827
0.168071
0.165036
0.164036
0.162035
0.161035
0.159360
0.159475
0.159080
0.157987
0.159035
0.160531
0.159466
0.158035
0.158035
0.159035
0.158619
0.159034
0.159035
0.167037
0.175039
0.173122
0.174188
0.173038
0.173039
0.162036
0.161036
0.161036
0.119026
0.153033
0.175594
0.180242
0.177494
0.169577
0.163025
0.167813
0.161238
0.157252
0.157459
0.158326
0.157182
0.156291
0.165929
0.178323
0.180445
0.180531
0.157996
0.157978
0.158930
0.161959
0.158996
0.159112
0.178945
0.180435
0.178003
0.177026
0.178039
0.180872
0.177930
0.176327
0.165134
0.163856
0.157190
0.173926
0.159637
0.158610
0.157835
0.156305
0.157241
0.157662
0.158793
0.157408
0.157893
0.157608
0.156556
0.158610
0.156782
0.156556
0.157989
0.156553
0.156844
0.157514
0.165337
0.182544
0.179889
0.181537
0.155738
0.159578
0.158975
0.167846
0.167612
0.161971
0.157778
0.158227
0.137155
0.160799
0.157782
0.158588
0.157522
0.157422
0.157472
0.158793
0.160040
0.158560
0.157269
0.156680
0.158099
0.158566
0.158435
0.163635
0.161301
0.160837
0.160015
0.163885
0.161633
0.161048
0.159958
0.158760
0.158837
0.159202
0.157582
0.124036
0.158191
0.171808
0.183004
0.180449
0.157528
0.159060
0.157865
0.158677
0.162410
0.159877
0.157422
0.157568
0.157774
0.158558
0.157426
0.158035
0.157148
0.158423
0.157595
0.158813
0.156829
0.167794
0.183197
0.179040
0.178382
0.176725
0.180435
0.178941
0.167665
0.162464
0.166499
0.178349
0.180529
0.180572
0.180723
0.175216
0.180604
0.152719
0.160242
0.159806
0.159188
0.162391
0.161733
0.169697
0.181180
0.177027
0.166264
0.158345
0.156332
0.159457
0.161613
0.161946
0.161592
0.161063
0.161031
0.160400
0.159715
0.161410
0.169192
0.166213
0.177039
0.179776
0.170132
0.165405
0.166864
0.163036
0.163925
0.164304
0.160777
0.159858
0.158510
0.158297
0.157560
0.157568
0.162870
0.165823
0.163616
0.165845
0.164567
0.163121
0.163075
0.162033
0.158988
0.160128
0.140007
0.163968
0.164160
0.163993
0.166935
0.164942
0.163893
0.159432
0.159644
0.160675
0.177160
0.187711
0.172058
0.161956
0.162240
0.161110
0.162082
0.169069
0.177040
0.156695
0.159107
0.164591
0.160619
0.161536
0.160870
0.161332
0.161339
0.161571
0.176738
0.182564
0.157541
0.163227
0.171418
0.163260
0.160854
0.161740
0.160563
0.161568
0.167325
0.181127
0.181315
0.156615
0.162684
0.161879
0.162476
0.161592
0.160074
0.163303
0.163362
0.162613
0.161512
0.160778
0.168207
0.180541
0.179674
0.157152
0.162028
0.162916
0.159003
0.158308
0.157476
0.164842
0.164018
0.161462
0.174317
0.176239
0.173306
0.173770
0.175236
0.176257
0.173778
0.171540
0.163520
0.159046
0.158696
0.158261
0.158475
0.159277
0.157609
0.157688
0.158332
0.159409
0.159793
0.156930
0.164649
0.161998
0.159593
0.159474
0.165094
0.164339
0.163037
0.161000
0.160642
0.158331
0.159053
0.167712
0.164507
0.162450
0.161978
0.160077
0.176538
0.175022
0.175031
0.161203
0.159631
0.161496
0.160053
0.158347
0.159309
0.158945
0.159225
0.158861
0.167848
0.178438
0.183135
0.159366
0.160092
0.136312
0.158780
0.157249
0.158454
0.158574
0.158264
0.159692
0.157577
0.158340
0.156731
0.173762
0.181245
0.158415
0.159226
0.158253
0.156242
0.157300
0.158796
0.159192
0.157695
0.158835
0.157465
0.158382
0.159102
0.158124
0.158452
0.172378
0.177617
0.176143
0.178778
0.166010
0.165473
0.163883
0.161728
0.162209
0.163880
0.160057
0.158950
0.158202
0.157431
0.158628
0.159281
0.148072
0.159488
0.158697
0.177502
0.179096
0.181880
0.176331
0.169960
0.165708
0.163047
0.159391
0.158366
0.157935
0.159704
0.159419
0.159966
0.158356
0.160304
0.161279
0.158464
0.160156
0.159246
0.159041
0.158982
0.159092
0.157840
0.162966
0.162102
0.159488
0.160062
0.159148
0.159126
0.160419
0.165434
0.176107
0.174106
0.168748
0.163621
0.180549
0.177992
0.176329
0.179040
0.176610
0.175369
0.178816
0.160799
0.164917
0.158987
0.160496
0.160547
0.158118
0.158035
0.158602
0.157479
0.157821
0.164473
0.170519
0.180922
0.176147
0.164579
0.157269
0.156998
0.157937
0.165604
0.174024
0.180356
0.158981
0.162246
0.160484
0.159462
0.159471
0.160896
0.159674
0.157998
0.158852
0.179265
0.178131
0.179852
0.178773
0.162050
0.162340
0.161103
0.182721
0.182040
0.159035
0.163501
0.159425
0.160789
0.158887
0.154713
0.158590
0.170073
0.162811
0.162177
0.160844
0.162103
0.159915
0.160600
0.163132
0.160772
0.160170
0.162056
0.162351
0.160557
0.161268
0.141603
0.168036
0.164651
0.164641
0.162036
0.160064
0.162169
0.161151
0.162414
0.164901
0.162207
0.159565
0.159320
0.167442
0.167686
0.174647
0.178619
0.172637
0.169703
0.162658
0.169434
0.167245
0.163478
0.162102
0.164568
0.161519
0.175534
0.180328
0.180271
0.163097
0.163545
0.166354
0.162916
0.162864
0.161859
0.169556
0.181369
0.182488
0.154212
0.161267
0.162545
0.161272
0.161266
0.161109
0.159035
0.161355
0.181588
0.184150
0.161159
0.162625
0.162848
0.160268
0.162620
0.094061
0.158432
0.158051
0.156477
0.155826
0.158228
0.157949
0.159750
0.165254
0.179972
0.176879
0.177838
0.179283
0.181941
0.178138
0.179040
0.175039
0.178609
0.167302
0.157035
0.156883
0.156295
0.157173
0.161947
0.179275
0.181391
0.162156
0.162124
0.160234
0.158347
0.157704
0.168037
0.164058
0.163377
0.161036
0.158840
0.157943
0.178569
0.180326
0.177039
0.179174
0.172751
0.170349
0.166493
0.162878
0.165073
0.164601
0.163035
0.161939
0.170869
0.165656
0.161906
0.169178
0.168394
0.163298
0.164503
0.167623
0.165896
0.164990
0.163402
0.162799
0.178371
0.179040
0.170389
0.161039
0.160135
0.161236
0.158783
0.158505
0.167729
0.179239
0.178434
0.180583
0.160517
0.159101
0.159422
0.159750
0.160441
0.159421
0.159555
0.161413
0.160561
0.160338
0.161086
0.161359
0.159923
0.179825
0.180728
0.161029
0.159623
0.159723
0.160646
0.159668
0.160229
0.159459
0.160842
0.176338
0.181185
0.176024
0.166250
0.159512
0.161030
0.160719
0.159080
0.159618
0.160755
0.160405
0.160200
0.165515
0.161083
0.161696
0.161159
0.160255
0.160857
0.170479
0.165910
0.164287
0.181715
0.178531
0.181045
0.178163
0.167335
0.172929
0.160468
0.159614
0.159827
0.159072
0.160240
0.159265
0.158873
0.159460
0.159248
0.159360
0.159654
0.159866
0.158446
0.159411
0.159851
0.160232
0.159945
0.159209
0.159421
0.159789
0.165427
0.162937
0.163217
0.160084
0.161052
0.160005
0.158760
0.168659
0.177803
0.161858
0.159230
0.159533
0.160346
0.159882
0.160519
0.160571
0.159426
0.160283
0.158617
0.161606
0.159507
0.158777
0.160322
0.158551
0.160182
0.158317
0.176236
0.178505
0.175542
0.175366
0.178254
0.159929
0.162297
0.161349
0.160470
0.161503
0.161006
0.159830
0.180694
0.183599
0.160494
0.160199
0.162431
0.161215
0.161018
0.160919
0.161351
0.161759
0.160421
0.159455
0.161702
0.164370
0.163058
0.161853
0.159925
0.161489
0.160764
0.161629
0.161211
0.143479
0.159337
0.175093
0.169525
0.163750
0.142908
0.163537
0.164976
0.161694
0.159305
0.160312
0.159611
0.165787
0.179944
0.175274
0.177488
0.175624
0.164734
0.160231
0.163547
0.162481
0.161430
0.159657
0.161017
0.161331
0.161484
0.160626
0.161188
0.161613
0.162226
0.161422
0.160719
0.161623
0.161917
0.163313
0.159941
0.160189
0.167342
0.164619
0.163249
0.162275
0.160779
0.160808
0.159978
0.161805
0.170594
0.181567
0.180562
0.178595
0.181040
0.178921
0.179526
0.175583
0.177885
0.166360
0.156932
0.158466
0.157815
0.159589
0.162534
0.162324
0.158872
0.157776
0.157412
0.157296
0.158518
0.176723
0.177550
0.181960
0.154453
0.157356
0.164869
0.166911
0.160940
0.160855
0.179927
0.180835
0.160274
0.163525
0.163265
0.161765
0.161094
0.159622
0.163348
0.163557
0.161831
0.158185
0.157355
0.157439
0.156629
0.167438
0.179461
0.176115
0.175039
0.178957
0.177906
0.176184
0.175410
0.163739
0.163231
0.164834
0.164907
0.159096
0.158863
0.157079
0.158345
0.157714
0.158627
0.157023
0.157653
0.159128
0.158650
0.157906
0.159782
0.159079
0.159062
0.159879
0.159851
0.157307
0.159424
0.169191
0.164128
0.163981
0.161196
0.165256
0.163146
0.162861
0.161074
0.169793
0.181798
0.176885
0.180567
0.175874
0.167083
0.161133
0.159786
0.158422
0.160235
0.170331
0.175040
0.179510
0.175755
0.178471
0.167484
0.162300
0.165780
0.162355
0.160086
0.159187
0.159445
0.159676
0.159277
0.182828
0.178383
0.180494
0.178123
0.177037
0.176904
0.181569
0.159428
0.161692
0.159813
0.164702
0.162530
0.159970
0.160266
0.176741
0.180527
0.177671
0.181437
0.161154
0.160904
0.159578
0.158626
0.159386
0.160659
0.159492
0.160461
0.160008
0.160808
0.159050
0.159103
0.159406
0.159991
0.158936
0.166169
0.179050
0.157966
0.162662
0.164708
0.160910
0.161928
0.162278
0.160845
0.161645
0.161463
0.162160
0.160814
0.164771
0.160625
0.160892
0.161134
0.160400
0.160628
0.158855
0.174764
0.171830
0.170641
0.168650
0.167178
0.164522
0.164442
0.161473
0.161507
0.161361
0.161722
0.162905
0.161601
0.162615
0.161357
0.161713
0.164218
0.161680
0.161960
0.161393
0.159274
0.168398
0.179258
0.170486
0.163206
0.163380
0.161327
0.161192
0.160380
0.163133
0.161908
0.162501
0.162500
0.161499
0.161383
0.169801
0.179715
0.175999
0.174243
0.178566
0.177852
0.174682
0.176039
0.176738
0.164321
0.158559
0.159089
0.162164
0.160954
0.161168
0.160737
0.181520
0.179641
0.178940
0.179468
0.182830
0.177768
0.179039
0.179094
0.182249
0.180012
0.180039
0.172641
0.161249
0.158010
0.159874
0.157987
0.157571
0.156830
0.157150
0.157243
0.165021
0.161859
0.160649
0.161192
0.161278
0.167833
0.166208
0.162021
0.167376
0.171853
0.181899
0.180488
0.181286
0.180787
0.180877
0.180752
0.179450
0.180196
0.171160
0.166892
0.165705
0.164865
0.164155
0.161793
0.163416
0.160888
0.162533
0.161949
0.161521
0.162135
0.162016
0.160886
0.162573
0.161791
0.161618
0.162153
0.158436
0.164140
0.179375
0.156607
0.156821
0.156633
0.157105
0.157643
0.159379
0.157429
0.158582
0.158386
0.157609
0.156718
0.161942
0.161888
0.162408
0.163005
0.161151
0.160662
0.160161
0.160168
0.159642
0.160541
0.180744
0.176133
0.162534
0.158134
0.163502
0.162568
0.160894
0.160672
0.159424
0.174281
0.174944
0.179247
0.178975
0.176518
0.163540
0.165298
0.167163
0.161566
0.158387
0.157570
0.166524
0.163169
0.163348
0.160670
0.161255
0.161440
0.163678
0.159533
0.168910
0.176855
0.163166
0.159734
0.159675
0.161672
0.162354
0.165599
0.162765
0.171244
0.171453
0.166099
0.166151
0.166724
0.171397
0.164747
0.165882
0.164313
0.165228
0.165872
0.165875
0.162437
0.165451
0.161721
0.161843
0.162400
0.162219
0.166522
0.161792
0.158624
0.158852
0.163907
0.163144
0.161406
0.160156
0.165829
0.171656
0.166928
0.167939
0.176506
0.174723
0.170707
0.165997
0.163179
0.168316
0.183059
0.160315
0.162779
0.161966
0.162120
0.162219
0.162328
0.173254
0.182837
0.178582
0.159875
0.160560
0.160815
0.161311
0.160959
0.162434
0.160825
0.160973
0.161772
0.181190
0.184891
0.184039
0.179039
0.177750
0.181237
0.157001
0.157588
0.160853
0.163105
0.162561
0.158903
0.159817
0.160522
0.160016
0.159496
0.159465
0.159833
0.159601
0.158070
0.159605
0.158702
0.159551
0.155455
0.167060
0.178777
0.178728
0.178404
0.153336
0.158531
0.158124
0.158869
0.158412
0.158237
0.157929
0.158966
0.158813
0.156816
0.158318
0.162128
0.160765
0.157957
0.158276
0.157464
0.158403
0.154920
0.157593
0.155993
0.162759
0.166431
0.178198
0.176322
0.158512
0.158121
0.161425
0.160615
0.161045
0.158874
0.162543
0.159403
0.162168
0.160227
0.167635
0.183578
0.180897
0.178871
0.183199
0.181828
0.178309
0.180574
0.179289
0.165841
0.160972
0.168411
0.176140
0.179831
0.176158
0.178843
0.176323
0.177343
0.178944
0.179509
0.176600
0.158917
0.158042
0.158037
0.161688
0.161973
0.160220
0.161238
0.163145
0.163188
0.163123
0.160094
0.158248
0.158914
0.166816
0.179990
0.180350
0.158046
0.158452
0.159993
0.158198
0.157048
0.158872
0.161061
0.161246
0.161566
0.160869
0.161313
0.161687
0.161390
0.160054
0.164056
0.170038
0.178844
0.175123
0.175035
0.179432
0.178141
0.179525
0.162563
0.166117
0.160035
0.161012
0.160016
0.161092
0.161229
0.162400
0.162199
0.160419
0.160609
0.160009
0.161485
0.161419
0.172405
0.168354
0.165132
0.163662
0.162809
0.162643
0.160319
0.180607
0.180611
0.172745
0.172169
0.162210
0.157779
0.159807
0.308227
0.289042
0.322210
0.316501
0.311251
0.317747
0.329697
0.302922
0.302750
0.157171
0.146449
0.163914
0.160473
0.159104
0.157921
0.156417
0.156861
0.158253
0.157619
0.157935
0.158091
0.163275
0.175917
0.178409
0.164552
0.158187
0.158254
0.157544
0.156884
0.158139
0.157737
0.155980
0.158183
0.157657
0.159146
0.158651
0.158135
0.164613
0.179875
0.177547
0.159546
0.159690
0.158696
0.181051
0.175654
0.178081
0.176140
0.160715
0.158744
0.157386
0.155794
0.157516
0.158516
0.155678
0.179475
0.157268
0.158810
0.160100
0.157067
0.159606
0.157739
0.158012
0.160172
0.157927
0.160469
0.141313
0.162564
0.160961
0.136600
0.164979
0.163851
0.161246
0.160575
0.158973
0.160365
0.159036
0.157618
0.157712
0.157393
0.158302
0.164469
0.161466
0.163465
0.160658
0.162618
0.162961
0.164455
0.167327
0.162926
0.161032
0.161757
0.164149
0.164112
0.162361
0.161587
0.159364
0.159127
0.159114
0.167499
0.165626
0.164656
0.116386
0.156231
0.160225
0.163818
0.163077
0.161750
0.167410
0.165354
0.164099
0.158733
0.172685
0.178278
0.176039
0.178286
0.175867
0.161397
0.162726
0.162680
0.158608
0.158752
0.159693
0.158744
0.178084
0.174745
0.158415
0.164328
0.166875
0.163509
0.179371
0.158229
0.157304
0.165034
0.177573
0.179526
0.177966
0.166857
0.158699
0.158320
0.159509
0.157299
0.156296
0.157814
0.158949
0.155665
0.157577
0.157218
0.158336
0.179581
0.175199
0.176039
0.178097
0.166006
0.158701
0.158919
0.158659
0.157316
0.156370
0.160517
0.161244
0.168376
0.166233
0.183376
0.178815
0.175015
0.174622
0.171651
0.166263
0.161540
0.156996
0.156834
0.157040
0.156209
0.160102
0.156675
0.156354
0.157555
0.155972
0.157007
0.157631
0.160143
0.165201
0.166694
0.163797
0.163239
0.161197
0.158922
0.157763
0.158177
0.156950
0.165051
0.161796
0.157465
0.160781
0.162500
0.162812
0.161088
0.163394
0.158330
0.158463
0.158198
0.157647
0.158164
0.157738
0.165443
0.171520
0.183233
0.187959
0.176039
0.178041
0.175325
0.175927
0.178065
0.175320
0.177186
0.175023
0.178537
0.167827
0.156282
0.157979
0.159559
0.177896
0.178540
0.180086
0.179040
0.177474
0.177618
0.177841
0.174851
0.175082
0.179114
0.176044
0.180788
0.174603
0.178944
0.175325
0.176395
0.175228
0.176039
0.178672
0.175366
0.175550
0.166342
0.164401
0.162608
0.161801
0.159136
0.158964
0.159355
0.157675
0.158699
0.158422
0.158041
0.158704
0.158701
0.158268
0.157299
0.159078
0.159725
0.158655
0.159499
0.159937
0.159733
0.159473
0.159153
0.158472
0.159625
0.158550
0.164789
0.163161
0.161362
0.159950
0.157964
0.175915
0.176365
0.169765
0.166456
0.164021
0.161952
0.159600
0.161574
0.160440
0.160819
0.157498
0.161600
0.162890
0.160866
0.160584
0.160481
0.162591
0.160126
0.160190
0.161361
0.160707
0.159731
0.160568
0.160686
0.160623
0.159088
0.160618
0.161324
0.170748
0.174701
0.172229
0.167842
0.165365
0.161276
0.162023
0.160044
0.160284
0.160939
0.160588
0.161751
0.161283
0.161555
0.161226
0.159136
0.161480
0.161545
0.158875
0.161566
0.159816
0.181189
0.183451
0.182716
0.159391
0.162005
0.162220
0.160987
0.159189
0.158225
0.160578
0.160615
0.138799
0.161322
0.169240
0.178781
0.181837
0.158546
0.161618
0.159863
0.161742
0.160438
0.160471
0.160676
0.161035
0.161506
0.161416
0.160018
0.159869
0.161649
0.162024
0.163169
0.162081
0.160607
0.157655
0.158263
0.160670
0.157842
0.162728
0.158669
0.159194
0.160571
0.159712
0.171272
0.167004
0.164844
0.163039
0.161980
0.159217
0.160249
0.163684
0.164191
0.163349
0.161838
0.161034
0.178962
0.167866
0.161112
0.159743
0.160664
0.159210
0.159440
0.159084
0.158860
0.159988
0.159112
0.159908
0.158020
0.157084
0.162360
0.159349
0.159118
0.160208
0.160201
0.159491
0.175148
0.181351
0.178388
0.178970
0.177734
0.165792
0.160111
0.159588
0.160167
0.159206
0.158717
0.159424
0.159793
0.158745
0.162868
0.161038
0.157902
0.157531
0.158066
0.158908
0.172972
0.176781
0.157938
0.157814
0.160437
0.159310
0.159115
0.156935
0.158549
0.158973
0.157963
0.138522
0.159213
0.159378
0.160311
0.160310
0.162142
0.173572
0.161956
0.159832
0.167467
0.164417
0.161577
0.162120
0.163133
0.161820
0.162962
0.164098
0.162769
0.162616
0.161755
0.161299
0.161819
0.162963
0.171651
0.168097
0.166680
0.165133
0.163677
0.162293
0.162327
0.167586
0.166147
0.163527
0.164093
0.164003
0.167150
0.167086
0.167872
0.167280
0.164944
0.163483
0.163769
0.161339
0.162184
0.162036
0.163064
0.162489
0.161934
0.162501
0.144567
0.161232
0.163285
0.163802
0.161385
0.162890
0.162575
0.163606
0.162173
0.160758
0.163149
0.163020
0.161905
0.162237
0.163361
0.160208
0.161366
0.161198
0.161744
0.162555
0.159398
0.159573
0.160623
0.164732
0.164904
0.159796
0.160196
0.160108
0.159730
0.160263
0.161239
0.159380
0.159909
0.160888
0.159300
0.158767
0.160617
0.161166
0.161577
0.160223
0.164140
0.161044
0.161282
0.160325
0.160848
0.161036
0.159959
0.160895
0.159806
0.160643
0.160419
0.160583
0.160152
0.159771
0.160649
0.159787
0.158928
0.161101
0.160478
0.160223
0.159760
0.159994
0.159477
0.159948
0.160241
0.161251
0.160216
0.160472
0.161361
0.160619
0.160455
0.160593
0.160726
0.160480
0.160933
0.140185
0.158764
0.159997
0.160182
0.160300
0.160726
0.159145
0.160357
0.158863
0.159884
0.159633
0.158777
0.159238
0.160200
0.160316
0.160948
0.140057
0.162671
0.163092
0.143571
0.162558
0.163353
0.162937
0.163656
0.163388
0.163059
0.161332
0.163029
0.162333
0.158681
0.158798
0.160052
0.158545
0.158029
0.158421
0.157156
0.158111
0.158963
0.155874
0.158478
0.161252
0.163311
0.163064
0.163988
0.163557
0.159523
0.158690
0.158720
0.158027
0.158345
0.159163
0.138781
0.159502
0.159298
0.159617
0.159832
0.159244
0.159855
0.158392
0.158527
0.138446
0.158957
0.159260
0.159395
0.158276
0.158151
0.159417
0.158923
0.158371
0.160233
0.158378
0.158657
0.159498
0.159748
0.158494
0.158406
0.163308
0.166558
0.160944
0.162551
0.155832
0.160306
0.161954
0.162204
0.161639
0.161036
0.160823
0.161823
0.160743
0.162166
0.161476
0.161931
0.162653
0.161041
0.160469
0.162765
0.161352
0.160988
0.162084
0.162196
0.161318
0.162176
0.161349
0.161607
0.162775
0.160966
0.160996
0.162218
0.162654
0.162234
0.162731
0.161068
0.160809
0.161381
0.161628
0.161965
0.163062
0.161698
0.161983
0.162382
0.162350
0.162902
0.161936
0.162314
0.161100
0.162521
0.162293
0.163179
0.165996
0.164477
0.162139
0.162376
0.162483
0.160768
0.163175
0.160539
0.161887
0.162521
0.161791
0.161692
0.162604
0.161471
0.161624
0.161927
0.162286
0.159492
0.161075
0.162184
0.162611
0.161705
0.162081
0.162439
0.162571
0.141655
0.161988
0.162333
0.160510
0.161140
0.161441
0.162598
0.162024
0.161422
0.160994
0.162399
0.161025
0.161372
0.162150
0.161277
0.161140
0.161490
0.160362
0.162269
0.161197
0.160210
0.161280
0.161725
0.161663
0.161681
0.159551
0.161037
0.159525
0.141662
0.161446
0.161108
0.160248
0.161359
0.162956
0.159055
0.161282
0.162301
0.161278
0.160255
0.162817
0.162043
0.163141
0.159937
0.160796
0.161480
0.160990
0.160578
0.161503
0.160876
0.161417
0.161205
0.162175
0.160883
0.159119
0.158645
0.157742
0.157587
0.161545
0.161644
0.161554
0.160963
0.162308
0.162212
0.162053
0.160886
0.162395
0.162639
0.161344
0.162553
0.162812
0.159321
0.157238
0.158113
0.162881
0.163603
0.160605
0.159574
0.157576
0.158960
0.159638
0.160042
0.160193
0.159590
0.160887
0.159648
0.163033
0.162293
0.161211
0.159621
0.160706
0.159091
0.159479
0.159909
0.159426
0.160532
0.160596
0.160297
0.161819
0.159886
0.160564
0.160057
0.160738
0.160324
0.160453
0.160606
0.161097
0.160860
0.160199
0.159871
0.159091
0.161337
0.160237
0.159672
0.159617
0.158728
0.142499
0.158798
0.159689
0.158920
0.159400
0.158839
0.159755
0.157724
0.160344
0.160592
0.160704
0.159410
0.159607
0.157971
0.160110
0.163348
0.162979
0.161703
0.161429
0.158387
0.160964
0.166801
0.164333
0.159788
0.161102
0.159634
0.159814
0.157168
0.160496
0.160403
0.157973
0.160468
0.161563
0.161055
0.159965
0.159739
0.161146
0.160215
0.160842
0.159817
0.159294
0.159939
0.161256
0.165229
0.164534
0.161916
0.159154
0.160354
0.160296
0.159789
0.160480
0.165723
0.162252
0.160618
0.128582
0.161983
0.160993
0.162061
0.158226
0.160134
0.160445
0.158814
0.160536
0.161251
0.161111
0.161414
0.162045
0.159964
0.159821
0.161254
0.160378
0.160961
0.161362
0.160739
0.161094
0.160967
0.161688
0.161593
0.160773
0.161801
0.160847
0.161112
0.161517
0.160633
0.161308
0.161447
0.160005
0.160671
0.161818
0.161020
0.161300
0.158775
0.161334
0.160790
0.161814
0.160948
0.160768
0.161338
0.160856
0.161266
0.160624
0.161487
0.161749
0.162283
0.161161
0.159249
0.161399
0.160393
0.159681
0.161089
0.160694
0.162067
0.156340
0.160752
0.160582
0.161360
0.160568
0.161718
0.160008
0.160828
0.160553
0.162337
0.161351
0.160569
0.160528
0.158331
0.158252
0.160872
0.159891
0.161554
0.158602
0.160845
0.159024
0.160869
0.160016
0.160157
0.159271
0.161207
0.159515
0.161036
0.161036
0.171674
0.165192
0.163036
0.161213
0.160228
0.160234
0.159539
0.158690
0.159703
0.160863
0.159108
0.154166
0.183526
0.177850
0.179133
0.180266
0.180005
0.179092
0.178960
0.177719
0.177134
0.177299
0.178669
0.185174
0.183290
0.185350
0.181174
0.185382
0.184170
0.180828
0.179564
0.177554
0.180270
0.181320
0.177437
0.183058
0.182215
0.182346
0.178315
0.174427
0.169613
0.166762
0.161156
0.158275
0.159802
0.163036
0.164166
0.152448
0.160095
0.158035
0.157916
0.155565
0.155408
0.155844
0.153864
0.157779
0.158158
0.156572
0.158379
0.158195
0.158756
0.160183
0.157356
0.157003
0.158164
