912	387	205	197
908	310	215	269
896	304	241	284
888	293	263	309
889	282	264	337
897	292	254	320
839	302	254	305
839	317	258	280
835	314	269	288
843	311	258	299
850	314	248	298
851	319	251	291
853	322	250	290
788	324	270	289
785	306	281	330
787	320	281	305
794	328	271	294
802	326	261	303
804	314	261	332
800	308	272	348
808	319	262	330
754	329	250	315
751	347	260	282
747	345	272	290
744	342	282	301
753	338	269	313
744	341	291	311
753	338	278	323
767	341	255	322
764	360	265	288
760	358	277	296
768	364	265	288
764	371	277	277
707	363	278	297
704	360	289	309
713	367	276	299
709	364	288	308
717	361	276	320
708	312	298	298
710	313	299	299
649	315	300	300
651	317	301	301
653	308	302	323
649	304	313	335
646	301	325	347
642	308	337	337
657	310	312	339
653	319	326	326
655	321	327	327
656	322	329	329
658	324	330	330
591	326	331	331
593	328	332	332
594	330	334	334
596	345	335	308
605	353	323	297
613	349	311	311
615	350	312	312
606	352	335	313
602	280	347	325
609	295	337	300
621	288	319	319
623	303	321	295
620	298	330	309
616	295	342	320
612	291	355	332
620	288	345	345
622	290	346	346
638	291	320	347
633	300	335	335
635	302	336	336
637	323	337	300
637	328	341	294
574	331	340	293
577	322	338	317
584	331	329	303
582	339	338	292
585	347	337	280
591	335	330	309
587	344	342	295
590	352	341	283
596	353	334	287
599	361	332	276
494	372	325	258
492	358	388	290
520	363	337	286
524	376	333	264
425	378	318	264
457	383	311	259
463	388	304	253
453	377	328	279
393	384	324	270
399	395	317	252
408	397	303	252
399	402	327	247
422	347	285	242
329	358	282	224
347	355	297	233
365	342	264	264
367	343	265	265
368	359	266	237
369	354	269	252
365	287	279	279
414	288	280	280
416	280	281	301
413	277	292	312
410	273	303	324
459	215	314	314
473	205	292	337
481	219	280	315
502	230	298	298
547	221	266	320
573	227	271	313
607	229	260	312
607	235	263	306
615	178	253	304
651	168	236	328
678	170	237	329
699	171	249	330
704	185	244	308
736	179	233	323
737	195	234	295
768	224	223	287
769	220	226	299
773	232	221	279
803	249	212	294
827	251	212	295
851	254	213	295
875	271	214	269
882	267	204	283
883	290	205	284
880	302	215	264
904	316	213	240
908	317	210	242
910	316	209	247
931	327	211	228
928	333	220	220
929	334	221	221
930	335	222	222
932	336	223	223
933	346	223	207
958	379	216	183
968	372	199	199
962	373	214	200
967	371	208	208
968	372	208	208
969	374	209	209
963	375	224	210
968	365	218	233
965	362	226	242
963	359	235	251
909	365	244	244
910	366	245	245
912	377	246	226
918	374	237	237
919	375	238	238
921	376	239	239
922	391	240	213
882	394	227	210
888	391	219	219
889	401	220	202
888	398	226	212
892	404	220	202
898	401	212	212
899	403	212	212
901	404	213	213
894	405	229	214
899	403	222	222
901	404	223	223
902	405	223	223
903	407	224	224
905	408	225	225
906	409	226	226
916	419	209	209
917	432	209	186
924	443	198	168
889	437	196	183
876	442	224	176
883	432	213	199
880	429	221	207
878	439	229	191
882	443	224	187
886	446	220	183
890	438	215	201
894	436	209	209
896	437	209	209
905	450	194	187
867	457	191	176
872	454	184	184
873	455	185	185
874	456	186	186
875	457	187	187
876	458	187	187
877	453	188	201
875	451	195	209
875	455	203	203
894	456	203	203
895	457	204	204
898	451	205	219
895	456	213	213
897	450	213	228
894	447	221	237
892	453	230	230
893	454	230	230
895	455	231	231
896	457	232	232
897	458	233	233
898	468	234	217
904	457	226	242
902	462	235	235
903	464	236	236
854	465	237	237
856	466	238	238
857	467	239	239
858	469	240	240
869	470	223	241
865	476	233	233
810	469	250	250
811	471	251	248
813	471	251	248
815	420	250	250
816	412	251	268
814	418	261	261
815	430	262	241
822	426	252	252
823	428	253	253
816	386	272	234
827	388	253	233
833	385	244	244
835	386	245	245
836	387	246	246
837	389	247	247
839	381	248	265
836	387	257	257
838	335	258	258
839	336	259	259
840	337	260	260
842	349	261	240
849	355	252	232
847	352	259	242
844	361	269	231
855	354	250	250
847	388	269	231
850	394	268	223
854	394	262	226
857	387	261	244
854	386	271	253
860	383	263	263
861	385	264	264
807	408	265	225
811	415	262	218
815	441	256	213
820	441	251	216
822	447	250	208
826	456	244	194
833	457	234	194
837	458	228	197
795	451	228	213
800	457	221	204
799	454	228	213
804	452	221	221
806	453	222	222
799	454	238	223
804	452	232	232
798	453	249	233
795	450	258	241
792	395	268	250
789	392	278	260
785	390	288	270
792	398	280	258
789	404	288	248
778	411	316	239
790	416	295	234
799	413	282	243
801	405	281	263
798	413	291	251
800	405	290	272
807	412	282	261
814	409	272	272
815	410	273	273
817	412	274	274
818	413	275	275
820	415	276	276
822	417	277	277
823	418	278	278
815	420	298	279
822	417	290	290
823	418	291	291
825	420	292	292
827	433	293	270
834	429	282	282
846	441	262	262
793	443	263	263
785	444	282	264
791	441	274	274
793	443	275	275
794	455	276	255
745	451	266	266
747	397	267	267
748	398	268	268
760	410	249	249
753	411	267	250
695	408	277	259
701	406	269	269
703	418	270	249
710	414	260	260
711	415	261	261
713	417	262	262
714	418	263	263
716	420	264	264
728	421	244	265
670	428	256	256
663	421	274	274
664	422	275	275
666	424	276	276
678	425	256	277
633	433	238	267
638	442	233	253
644	448	224	244
650	446	216	251
652	448	215	250
605	438	214	274
602	447	224	260
604	449	223	259
607	452	222	258
558	454	222	257
551	456	240	256
558	401	229	266
508	412	229	248
505	418	239	239
506	419	240	240
521	421	214	241
516	408	228	269
517	412	230	266
458	414	248	265
464	420	238	257
475	365	221	266
466	357	243	286
467	360	245	283
474	348	235	311
478	325	230	362
472	293	246	310
480	265	235	370
474	278	251	348
437	295	228	317
438	321	229	270
449	333	212	250
454	250	205	252
457	255	203	244
461	259	199	239
464	252	194	257
463	250	200	264
467	200	195	271
469	211	196	252
474	221	189	239
475	227	190	233
482	233	179	225
483	258	179	216
483	251	183	232
481	247	191	243
482	243	192	255
501	254	198	238
505	247	193	256
524	292	198	244
532	249	187	241
532	255	190	233
535	249	187	248
534	247	192	255
538	245	188	262
539	246	189	262
536	248	199	263
535	256	204	251
542	259	193	248
547	265	186	239
548	280	188	212
563	287	160	201
524	299	240	180
577	344	139	139
533	338	124	152
527	359	138	138
453	468	103	103
367	451	138	138
357	467	185	139
398	472	107	161
386	512	132	132
394	513	118	132
391	512	125	137
397	509	117	143
398	517	115	130
402	516	109	134
388	554	162	133
517	524	98	131
505	528	124	124
505	523	125	136
525	521	131	143
523	513	137	161
518	513	149	163
525	518	139	184
521	504	149	215
517	507	159	211
516	507	164	212
516	505	166	214
521	527	160	192
524	522	157	197
522	519	163	200
524	530	161	189
528	524	156	195
530	521	155	198
531	534	157	185
538	527	145	192
540	527	142	192
542	528	141	191
509	543	140	165
510	551	141	168
513	545	137	174
511	570	144	149
519	559	131	160
512	568	145	145
513	569	146	146
514	570	146	146
515	571	147	147
516	565	147	154
515	561	151	158
523	563	138	155
527	563	131	156
497	559	133	160
492	554	146	165
488	546	156	173
485	536	165	183
481	512	175	207
475	505	191	214
470	494	203	225
478	437	190	252
477	447	196	235
477	440	199	253
482	398	191	246
487	358	185	238
492	322	178	225
498	335	170	201
505	336	158	203
506	303	160	196
511	260	151	209
513	277	151	178
516	280	146	176
510	240	161	190
518	242	149	187
516	213	155	179
517	205	154	197
518	211	155	187
518	170	158	201
522	182	152	179
523	175	152	195
528	172	147	203
529	173	147	204
545	182	147	190
549	144	142	197
550	145	143	198
551	133	143	225
555	126	139	241
548	140	155	216
549	112	156	197
570	109	149	207
571	110	150	208
572	118	150	193
576	123	145	186
574	128	153	180
568	123	167	196
576	124	154	198
580	123	148	206
588	149	135	188
604	151	135	188
601	153	142	189
604	176	140	176
605	172	140	185
622	193	137	176
626	211	132	170
618	216	151	164
621	229	146	169
616	229	158	172
623	249	147	166
619	255	157	185
623	286	152	183
617	280	167	197
624	284	154	195
630	319	148	186
633	330	148	196
632	345	152	201
635	345	149	206
632	362	156	207
632	368	161	197
634	364	159	210
647	396	136	183
645	395	141	187
652	402	130	178
667	450	102	136
667	477	105	105
667	496	105	105
668	478	106	141
676	509	91	123
677	523	90	116
679	540	87	103
676	549	95	104
675	547	100	109
673	550	105	105
677	560	97	105
676	575	102	111
674	570	107	143
667	569	124	146
667	563	125	156
639	561	124	158
632	559	141	160
634	565	139	154
631	556	147	163
628	557	155	162
627	545	159	174
634	544	149	175
628	546	162	173
636	544	149	175
631	537	162	182
640	536	146	183
610	532	139	187
606	531	149	188
608	528	149	191
599	525	170	194
604	526	162	193
607	529	158	190
607	495	161	186
579	487	147	205
567	498	174	186
575	458	161	193
578	461	157	189
584	464	147	185
589	470	141	177
554	441	147	169
549	443	158	169
556	453	146	151
556	424	149	149
534	425	133	150
530	430	142	142
531	426	142	152
529	429	148	148
530	399	148	148
531	399	149	149
532	400	149	149
510	407	133	139
509	404	136	146
508	407	142	142
508	408	142	142
485	409	131	143
483	413	137	137
491	413	123	138
496	418	116	131
497	422	114	124
496	426	119	141
499	428	116	139
503	425	108	150
477	458	108	128
473	460	118	127
476	458	114	131
480	459	109	134
484	467	103	143
480	485	113	130
451	484	122	133
453	483	118	136
454	485	118	136
424	479	127	150
419	481	138	148
418	479	144	154
416	477	149	160
414	475	155	166
379	473	161	172
377	471	167	179
375	469	173	185
380	467	166	192
382	469	165	192
383	470	165	191
350	462	159	210
339	461	183	216
341	463	184	213
342	455	183	234
343	462	185	222
351	466	173	217
356	431	165	208
318	437	165	199
319	431	167	214
323	388	161	224
320	389	169	224
320	387	174	230
323	354	170	215
324	350	171	226
327	318	167	211
337	274	151	222
336	278	156	216
337	241	156	217
342	252	149	197
352	224	132	184
353	225	133	185
354	226	133	185
355	226	134	186
356	178	134	169
373	181	128	165
374	179	130	172
376	178	127	177
371	155	139	161
373	162	138	150
379	130	154	154
380	126	155	166
378	124	161	172
376	93	167	167
377	93	168	168
400	94	155	169
397	59	163	174
402	63	155	169
409	67	144	163
411	67	142	164
415	69	136	164
421	63	127	177
422	33	128	177
423	33	128	178
424	34	128	178
425	35	129	179
422	36	136	179
425	35	133	184
426	36	133	185
427	37	134	185
416	46	158	169
414	44	164	175
419	48	157	170
417	47	164	175
415	50	170	170
416	51	171	171
417	59	172	158
421	63	166	152
420	81	171	147
427	77	159	159
422	92	171	160
426	90	166	166
426	91	167	167
427	107	167	167
428	123	168	168
429	139	169	169
455	149	151	181
455	154	154	177
459	161	147	195
462	176	144	200
459	178	152	201
462	192	149	206
463	193	149	207
480	202	150	192
493	239	126	151
511	283	118	92
536	306	70	48
542	325	58	39
554	329	35	32
564	337	22	22
562	334	10	12
564	334	10	10
567	330	10	10
570	329	10	10
569	329	10	10
569	328	10	10
572	327	10	10
575	326	10	10
574	325	10	10
577	325	10	10
576	324	10	10
575	323	10	10
574	322	10	10
577	322	10	10
580	321	10	10
579	320	10	10
579	319	10	10
582	318	10	10
581	318	10	10
580	317	10	10
579	316	10	10
582	315	10	10
581	315	10	10
581	314	10	10
580	313	10	10
579	312	10	10
578	312	10	10
578	311	10	10
577	310	10	10
576	309	10	10
579	308	10	10
582	308	10	10
586	307	10	10
589	306	10	10
593	305	10	10
596	305	10	10
599	305	10	10
603	304	10	10
606	304	10	10
609	304	10	10
613	303	10	10
616	303	10	10
620	303	10	10
623	302	10	10
626	302	10	10
629	301	10	10
632	300	10	10
635	299	10	10
634	299	10	10
638	298	10	10
641	297	10	10
644	297	10	10
648	296	10	10
651	296	10	10
655	296	10	10
658	295	10	10
661	295	10	10
665	295	10	10
668	295	10	10
672	294	10	10
675	294	10	10
678	294	10	10
682	293	10	10
685	292	10	10
688	292	10	10
692	292	10	10
695	291	10	10
699	291	10	10
702	290	10	10
705	290	10	10
708	289	10	10
711	288	10	10
714	287	10	10
717	287	10	10
721	286	10	10
724	285	10	10
728	284	10	10
731	283	10	10
733	283	10	10
736	282	10	10
739	281	10	10
742	280	10	10
745	280	10	10
748	279	10	10
751	278	10	10
754	274	10	10
757	274	10	10
760	270	10	10
763	269	10	10
766	268	10	10
769	264	10	10
772	264	10	10
774	263	10	10
777	262	10	10
777	261	10	10
780	261	10	10
779	260	10	10
782	259	10	10
785	258	10	10
784	258	10	10
787	257	10	10
790	256	10	10
793	255	10	10
796	254	10	10
799	254	10	10
801	253	10	10
804	252	10	10
807	251	10	10
810	248	10	10
813	245	10	10
816	241	10	10
819	240	10	10
822	239	10	10
825	238	10	10
828	238	10	10
831	237	10	10
834	236	10	10
837	235	10	10
840	235	10	10
843	234	10	10
847	234	10	10
850	233	10	10
854	232	10	10
857	232	10	10
860	232	10	10
864	231	10	10
867	231	10	10
870	231	10	10
874	230	10	10
877	230	10	10
881	230	10	10
884	230	10	10
887	229	10	10
891	229	10	10
894	229	10	10
897	228	10	10
901	228	10	10
904	228	10	10
908	227	10	10
911	227	10	10
914	227	10	10
918	226	10	10
921	226	10	10
924	226	10	10
928	225	10	10
931	225	10	10
935	225	10	10
938	224	10	10
941	224	10	10
945	223	10	10
948	223	10	10
952	223	10	10
955	222	10	10
958	222	10	10
962	222	10	10
965	221	10	10
968	221	10	10
972	221	10	10
975	220	10	10
979	220	10	10
982	220	10	10
985	219	10	10
989	219	10	10
992	219	10	10
995	218	10	10
999	218	10	10
1002	218	10	10
1006	217	10	10
1009	216	10	10
1012	216	10	10
1015	215	10	10
1018	214	10	10
1021	213	10	10
1024	212	10	10
1027	212	10	10
1030	211	10	10
1034	210	10	10
1037	209	10	10
1041	209	10	10
1044	209	10	10
1047	208	10	10
1051	208	10	10
1054	208	10	10
1057	207	10	10
1061	207	10	10
1064	207	10	10
1068	206	10	10
1071	206	10	10
1074	206	10	10
1078	205	10	10
1081	205	10	10
1084	205	10	10
1088	205	10	10
1091	204	10	10
1095	204	10	10
1098	204	10	10
1101	203	10	10
1105	203	10	10
1108	203	10	10
1111	202	10	10
1115	202	10	10
1118	202	10	10
1122	201	10	10
1125	201	10	10
1128	200	10	10
1132	199	10	10
1135	199	10	10
1138	198	10	10
1141	198	10	10
1144	197	10	10
1148	196	10	10
1151	196	10	10
1154	195	10	10
1157	194	10	10
1161	193	10	10
1164	190	10	10
1168	187	10	10
1171	186	10	10
1174	186	10	10
1177	185	10	10
1180	181	10	10
1183	181	10	10
1186	180	10	10
1189	180	10	10
1193	179	10	10
1196	179	10	10
1200	179	10	10
1203	178	10	10
1206	178	10	10
1210	178	10	10
1213	177	10	10
1216	177	10	10
1220	177	10	10
1223	176	10	10
1227	176	10	10
1230	176	10	10
1233	175	10	10
1237	175	10	10
1240	175	10	10
1244	174	10	10
1247	174	10	10
1250	174	10	10
1254	173	10	10
1257	173	10	10
1260	172	10	10
1264	172	10	10
1267	172	10	10
1270	171	10	10
1270	171	10	10
1270	171	10	10
1270	170	10	10
1270	170	10	10
1270	170	10	10
1270	169	10	10
1270	169	10	10
1270	169	10	10
1270	168	10	10
1270	168	10	10
1270	168	10	10
1270	168	10	10
1270	167	10	10
1270	167	10	10
1270	167	10	10
1270	166	10	10
1270	166	10	10
1270	166	10	10
1270	165	10	10
1270	162	10	10
1270	158	10	10
1270	158	10	10
1270	157	10	10
1270	156	10	10
1270	156	10	10
1270	156	10	10
1270	155	10	10
1270	155	10	10
1270	155	10	10
1269	154	10	10
1270	153	10	10
1270	153	10	10
1270	153	10	10
1270	152	10	10
1270	152	10	10
1270	152	10	10
1270	152	10	10
1270	151	10	10
1270	151	10	10
1270	150	10	10
1270	149	10	10
1270	149	10	10
1270	148	10	10
1270	147	10	10
1270	147	10	10
1270	147	10	10
1270	147	10	10
1270	146	10	10
1270	146	10	10
1270	146	10	10
1270	145	10	10
1270	144	10	10
1270	144	10	10
1270	144	10	10
1270	144	10	10
1270	143	10	10
1270	143	10	10
1270	143	10	10
1270	142	10	10
1270	142	10	10
1270	142	10	10
1270	141	10	10
1270	141	10	10
1270	141	10	10
1270	140	10	10
1270	140	10	10
1270	136	10	10
1269	135	10	10
1270	133	10	10
1270	129	10	10
1269	128	10	10
1268	128	10	10
1270	127	10	10
1270	126	10	10
1269	122	10	10
1270	119	10	10
1270	117	10	10
1270	114	10	10
1270	111	10	10
1270	110	10	10
1270	109	10	10
1270	106	10	10
1270	104	10	10
1270	100	10	10
1269	97	10	10
1268	93	10	10
1270	89	10	10
1270	86	10	10
1270	83	10	10
1270	79	10	10
1269	76	10	10
1270	72	10	10
1270	68	10	10
1270	65	10	10
1270	65	10	10
1270	61	10	10
1270	61	10	10
1270	60	10	10
1269	60	10	10
1270	60	10	10
1270	59	10	10
1270	58	10	10
1270	57	10	10
1270	56	10	10
1270	53	10	10
1270	50	10	10
1270	49	10	10
1270	49	10	10
1270	48	10	10
1270	48	10	10
1270	48	10	10
1270	47	10	10
1270	47	10	10
1270	47	10	10
1270	46	10	10
1270	46	10	10
1270	46	10	10
1270	45	10	10
1270	45	10	10
1270	45	10	10
1270	44	10	10
1270	44	10	10
1270	44	10	10
1270	43	10	10
1270	43	10	10
1270	43	10	10
1270	42	10	10
1270	42	10	10
1270	42	10	10
1270	42	10	10
1270	41	10	10
1270	41	10	10
1270	41	10	10
1270	37	10	10
1270	34	10	10
1270	34	10	10
1270	34	10	10
1270	33	10	10
1270	33	10	10
1270	33	10	10
1270	32	10	10
1270	32	10	10
1270	32	10	10
1270	31	10	10
1270	29	10	10
1270	29	10	10
1270	28	10	10
1270	28	10	10
1270	28	10	10
1270	27	10	10
1270	27	10	10
1270	27	10	10
1270	26	10	10
1270	26	10	10
1270	26	10	10
1270	25	10	10
1270	25	10	10
1270	25	10	10
1270	24	10	10
1270	24	10	10
1270	24	10	10
1270	23	10	10
1270	23	10	10
1270	20	10	10
1269	19	10	10
1269	19	10	10
1270	19	10	10
1270	18	10	10
1270	18	10	10
1270	18	10	10
1270	17	10	10
1270	17	10	10
1270	17	10	10
1270	16	10	10
1270	16	10	10
1270	16	10	10
1270	16	10	10
1270	15	10	10
1270	15	10	10
1270	15	10	10
1270	14	10	10
1270	14	10	10
1270	14	10	10
1270	13	10	10
1270	13	10	10
1270	13	10	10
1270	12	10	10
1270	12	10	10
1270	12	10	10
1270	11	10	10
1270	11	10	10
1270	11	10	10
1270	10	10	10
1270	10	10	10
1270	10	10	10
1270	9	10	10
1270	9	10	10
1270	9	10	10
1270	8	10	10
1270	8	10	10
1270	8	10	10
1270	7	10	10
1270	7	10	10
1270	7	10	10
1270	7	10	10
1270	6	10	10
1270	6	10	10
1270	6	10	10
1270	5	10	10
1270	5	10	10
1270	5	10	10
1270	4	10	10
1270	4	10	10
1270	4	10	10
1270	3	10	10
1270	3	10	10
1270	2	10	10
1270	1	10	10
1270	1	10	10
1270	0	10	10
1270	0	10	10
1270	0	10	10
1270	0	10	10
1270	0	10	10
1270	0	10	10
1270	0	10	10
1270	0	10	10
1270	0	10	10
1270	0	10	10
1270	0	10	10
1270	0	10	10
1270	0	10	10
1270	0	10	10
1270	0	10	10
1270	0	10	10
1270	0	10	10
1270	0	10	10
1270	0	10	10
1270	0	10	10
1270	0	10	10
1270	0	10	10
1270	0	10	10
1270	0	10	10
1270	0	10	10
1270	0	10	10
1270	0	10	10
1270	0	10	10
1270	0	10	10
1270	0	10	10
1270	0	10	10
1270	0	10	10
1270	0	10	10
1270	0	10	10
1270	0	10	10
1270	0	10	10
1270	0	10	10
1270	0	10	10
1270	0	10	10
1270	0	10	10
1270	0	10	10
1270	0	10	10
1270	0	10	10
1270	0	10	10
1270	0	10	10
1270	0	10	10
1270	0	10	10
1270	0	10	10
1270	0	10	10
1270	0	10	10
1270	0	10	10
1270	0	10	10
1270	0	10	10
1270	0	10	10
1270	0	10	10
1270	0	10	10
1270	0	10	10
1270	0	10	10
1270	0	10	10
1270	0	10	10
1270	0	10	10
1270	0	10	10
1270	0	10	10
1270	0	10	10
1270	0	10	10
1270	0	10	10
1270	0	10	10
1270	0	10	10
1270	0	10	10
1270	0	10	10
1270	0	10	10
1270	0	10	10
1270	0	10	10
1270	0	10	10
1270	0	10	10
1270	0	10	10
1270	0	10	10
1270	0	10	10
1270	0	10	10
1270	0	10	10
1270	0	10	10
1270	0	10	10
1270	0	10	10
1270	0	10	10
1270	0	10	10
1270	0	10	10
1270	0	10	10
1270	0	10	10
1270	0	10	10
1270	0	10	10
1270	0	10	10
1270	0	10	10
1270	0	10	10
1270	0	10	10
1270	0	10	10
1270	0	10	10
1270	0	10	10
1270	0	10	10
1270	0	10	10
1270	0	10	10
1270	0	10	10
1270	0	10	10
1270	0	10	10
1270	0	10	10
1270	0	10	10
1270	0	10	10
1270	0	10	10
1270	0	10	10
1270	0	10	10
1270	0	10	10
1270	0	10	10
1270	0	10	10
1270	0	10	10
1270	0	10	10
1270	0	10	10
1270	0	10	10
1270	0	10	10
1270	0	10	10
1270	0	10	10
1270	0	10	10
1270	0	10	10
1270	0	10	10
1270	0	10	10
1270	0	10	10
1270	0	10	10
1270	0	10	10
1270	0	10	10
1270	0	10	10
1270	0	10	10
1270	0	10	10
1270	0	10	10
1269	0	10	10
1270	0	10	10
1270	0	10	10
1270	0	10	10
1270	0	10	10
1270	0	10	10
1270	0	10	10
1270	0	10	10
1270	0	10	10
1270	0	10	10
1270	0	10	10
1270	0	10	10
1270	0	10	10
1270	0	10	10
1270	0	10	10
1270	0	10	10
1270	0	10	10
1270	0	10	10
1270	0	10	10
1270	0	10	10
1270	0	10	10
1270	0	10	10
1270	0	10	10
1270	0	10	10
1270	0	10	10
1270	0	10	10
1270	0	10	10
1270	0	10	10
1270	0	10	10
1270	0	10	10
1270	0	10	10
1270	0	10	10
1270	0	10	10
1270	0	10	10
1270	0	10	10
1270	0	10	10
1270	0	10	10
1270	0	10	10
1270	0	10	10
1270	0	10	10
1270	0	10	10
1270	0	10	10
1270	0	10	10
1270	0	10	10
1270	0	10	10
1270	0	10	10
1270	0	10	10
1270	0	10	10
1270	0	10	10
1270	0	10	10
1270	0	10	10
1270	0	10	10
1270	0	10	10
1270	0	10	10
1270	0	10	10
1270	0	10	10
1270	0	10	10
1270	0	10	10
1270	0	10	10
1270	0	10	10
1270	0	10	10
1270	0	10	10
1270	0	10	10
1270	0	10	10
1270	0	10	10
1270	0	10	10
1270	0	10	10
1270	0	10	10
1270	0	10	10
1270	0	10	10
1270	0	10	10
1270	0	10	10
1270	0	10	10
1270	0	10	10
1270	0	10	10
1270	0	10	10
1270	0	10	10
1270	0	10	10
1270	0	10	10
1270	0	10	10
1270	0	10	10
1270	0	10	10
1270	0	10	10
1270	0	10	10
1270	0	10	10
1270	0	10	10
1270	0	10	10
1270	0	10	10
1270	0	10	10
1270	0	10	10
1270	0	10	10
1270	0	10	10
1270	0	10	10
1270	0	10	10
1270	0	10	10
1270	0	10	10
1270	0	10	10
1270	0	10	10
1270	0	10	10
1270	0	10	10
1269	0	10	10
1270	0	10	10
