0.002000
0.339550
0.321564
0.341701
0.344276
0.354191
0.346923
0.342188
0.169699
0.158005
0.158244
0.162146
0.181824
0.176747
0.180177
0.175229
0.178081
0.174205
0.172971
0.168837
0.162786
0.158836
0.159029
0.158785
0.161036
0.160181
0.156635
0.158216
0.159137
0.160155
0.160036
0.176824
0.176577
0.175588
0.177140
0.180424
0.170664
0.157709
0.129867
0.180174
0.178039
0.180040
0.181039
0.158035
0.159034
0.159035
0.157034
0.158035
0.159036
0.159214
0.161036
0.159232
0.159046
0.160035
0.157157
0.159035
0.165242
0.166036
0.181040
0.178216
0.237052
0.186042
0.244087
0.155258
0.158020
0.162035
0.157034
0.160035
0.160375
0.156034
0.158035
0.179039
0.177037
0.182041
0.179039
0.175733
0.176435
0.173039
0.158035
0.160035
0.159354
0.159607
0.157034
0.159394
0.157593
0.166484
0.165225
0.162035
0.161036
0.161346
0.161035
0.178559
0.177039
0.162036
0.160213
0.158291
0.150334
0.165833
0.165063
0.162132
0.166037
0.166037
0.164654
0.179751
0.185039
0.178585
0.172037
0.164479
0.161035
0.158034
0.158035
0.157034
0.158194
0.167544
0.181041
0.159582
0.158034
0.158181
0.158426
0.159035
0.159035
0.158734
0.165036
0.164036
0.164036
0.161242
0.160139
0.160035
0.178040
0.174750
0.172533
0.168037
0.167037
0.159369
0.162037
0.162036
0.160785
0.159035
0.160035
0.159347
0.161036
0.161036
0.160035
0.160173
0.168037
0.164146
0.169037
0.165150
0.165036
0.163074
0.167037
0.163769
0.165205
0.163790
0.167037
0.165356
0.164317
0.162528
0.163036
0.162232
0.162035
0.160035
0.162369
0.160777
0.162036
0.160450
0.159035
0.166037
0.166035
0.164036
0.163036
0.160156
0.166037
0.166037
0.167913
0.165215
0.163281
0.164036
0.165036
0.163409
0.161036
0.161035
0.161035
0.160035
0.178498
0.181559
0.168487
0.159127
0.159035
0.160035
0.158035
0.159552
0.161035
0.162035
0.160452
0.161035
0.159035
0.160035
0.160036
0.159421
0.161036
0.158752
0.159035
0.161196
0.160173
0.178076
0.159035
0.161059
0.160035
0.159035
0.161035
0.161036
0.160035
0.160036
0.160035
0.160693
0.161610
0.160541
0.161035
0.160036
0.182040
0.177038
0.176661
0.162575
0.166637
0.165223
0.161037
0.160035
0.159035
0.170295
0.175038
0.160288
0.163036
0.163857
0.162468
0.162070
0.162035
0.163036
0.162035
0.177208
0.179093
0.170037
0.165036
0.163540
0.164189
0.161307
0.161036
0.161036
0.166036
0.164036
0.180040
0.161433
0.159035
0.156776
0.160035
0.160035
0.161036
0.161035
0.161036
0.162424
0.161249
0.160246
0.161357
0.161036
0.161259
0.161035
0.160421
0.163409
0.162106
0.162035
0.162469
0.162368
0.166666
0.175038
0.179039
0.169475
0.162035
0.161075
0.160619
0.161969
0.161302
0.161036
0.162035
0.161035
0.162035
0.170037
0.175622
0.161035
0.165036
0.167664
0.162158
0.162296
0.172038
0.184980
0.160227
0.160035
0.159035
0.159035
0.160284
0.164035
0.164765
0.165727
0.162100
0.160035
0.161035
0.161036
0.160035
0.161036
0.176038
0.179701
0.176039
0.165036
0.165053
0.162035
0.163036
0.161035
0.183040
0.162036
0.162054
0.161036
0.161404
0.159946
0.160947
0.161036
0.159719
0.162036
0.162035
0.175038
0.185214
0.159766
0.160288
0.162036
0.161655
0.160876
0.162372
0.161035
0.160706
0.161035
0.161036
0.160762
0.160553
0.160363
0.160035
0.161036
0.161021
0.161035
0.162212
0.160035
0.163203
0.164119
0.162256
0.165036
0.163482
0.162379
0.161035
0.160035
0.160034
0.160035
0.160035
0.160040
0.160045
0.168037
0.165136
0.163185
0.163106
0.162510
0.161840
0.162035
0.180039
0.177039
0.182409
0.175095
0.176037
0.177103
0.178833
0.179039
0.167037
0.158088
0.163036
0.167060
0.162407
0.158507
0.156687
0.163410
0.179139
0.175096
0.161485
0.165036
0.165717
0.161900
0.162035
0.169354
0.164576
0.159035
0.159204
0.157100
0.158035
0.159035
0.158035
0.157035
0.159035
0.158646
0.158483
0.167037
0.177070
0.175472
0.176039
0.180040
0.176214
0.176039
0.176039
0.179480
0.179039
0.177039
0.166059
0.163414
0.163036
0.161381
0.162498
0.161169
0.163562
0.161036
0.166473
0.177123
0.177039
0.174038
0.162145
0.158035
0.158130
0.158279
0.159035
0.158035
0.158035
0.160035
0.163036
0.162036
0.162402
0.164462
0.162115
0.161036
0.159035
0.158513
0.164376
0.169037
0.166036
0.165037
0.165037
0.162829
0.160165
0.164037
0.162036
0.162036
0.161035
0.170038
0.168538
0.172180
0.168036
0.164036
0.181782
0.178374
0.179039
0.180061
0.180040
0.178040
0.179090
0.168036
0.161036
0.162036
0.160021
0.161036
0.161035
0.162308
0.161035
0.160035
0.161036
0.162036
0.161405
0.160671
0.183040
0.174359
0.160034
0.159035
0.157035
0.159035
0.154773
0.076016
0.076598
0.075271
0.074106
0.091463
0.074137
0.072784
0.091279
0.071443
0.076041
0.072623
0.070360
0.073182
0.073844
0.072855
0.073374
0.074443
0.073484
0.078106
0.072017
0.071585
0.072858
0.071758
0.071980
0.075017
0.074183
0.073105
0.072016
0.074024
0.073016
0.073436
0.072210
0.082084
0.080743
0.079326
0.091339
0.073453
0.071436
0.080211
0.072815
0.075016
0.071786
0.080127
0.075106
0.074545
0.075016
0.071618
0.078240
0.089790
0.079841
0.073200
0.071336
0.076602
0.073608
0.078992
0.072016
0.073364
0.073084
0.073129
0.071599
0.073812
0.070703
0.073195
0.073016
0.071271
0.076279
0.079094
0.072693
0.074049
0.073334
0.071100
0.072016
0.074230
0.070314
0.072126
0.071867
0.077316
0.076017
0.073094
0.073193
0.072016
0.072015
0.074129
0.072364
0.080257
0.072199
0.078665
0.074560
0.072596
0.085160
0.074077
0.072499
0.091576
0.091548
0.073016
0.072731
0.073018
0.073244
0.074049
0.075207
0.076070
0.085871
0.073884
0.073016
0.071131
0.073055
0.072064
0.074398
0.072290
0.072016
0.072747
0.073888
0.072153
0.076590
0.073076
0.073196
0.070993
0.072183
0.087019
0.072145
0.078117
0.073476
0.072357
0.071397
0.086389
0.073018
0.073489
0.073076
0.088020
0.072396
0.073019
0.076190
0.072609
0.072505
0.077328
0.082235
0.073136
0.071207
0.078566
0.091020
0.071927
0.072647
0.072476
0.073017
0.078085
0.073016
0.085449
0.072024
0.072408
0.077406
0.072970
0.071796
0.072769
0.071821
0.072513
0.073016
0.073252
0.073360
0.072486
0.071525
0.073016
0.074282
0.076579
0.073746
0.072006
0.073311
0.073018
0.072398
0.071462
0.085342
0.072737
0.092831
0.071215
0.071073
0.072536
0.080161
0.088235
0.089005
0.101094
0.074185
0.076436
0.079874
0.076016
0.074425
0.073117
0.077634
0.073495
0.072752
0.072687
0.072461
0.072016
0.072274
0.079057
0.089585
0.073877
0.074232
0.074016
0.074017
0.079583
0.072016
0.078017
0.071114
0.070342
0.072016
0.072016
0.091792
0.072016
0.071359
0.073017
0.073792
0.072515
0.079072
0.074456
0.071747
0.073658
0.073468
0.072016
0.071722
0.072041
0.076599
0.078932
0.071163
0.074048
0.072017
0.071076
0.077437
0.072368
0.071014
0.072597
0.070210
0.072064
0.074017
0.071964
0.073016
0.071533
0.073260
0.072191
0.072016
0.072782
0.072138
0.073852
0.087397
0.072016
0.070649
0.081983
0.089817
0.071409
0.071346
0.072668
0.072259
0.071354
0.072216
0.073212
0.074107
0.072142
0.074805
0.074016
0.074234
0.090608
0.071504
0.072240
0.072396
0.072561
0.072841
0.076210
0.072895
0.072016
0.076913
0.071256
0.073121
0.074322
0.073018
0.073017
0.071768
0.072704
0.072344
0.071446
0.072824
0.072016
0.072494
0.073042
0.070554
0.070841
0.071562
0.070854
0.073016
0.089648
0.077282
0.071100
0.071016
0.074134
0.072420
0.089287
0.071779
0.077744
0.075333
0.076035
0.073746
0.071841
0.072368
0.072498
0.072486
0.072381
0.073575
0.073058
0.073975
0.081193
0.074564
0.074017
0.073214
0.090369
0.091012
0.070835
0.074820
0.073849
0.075017
0.074017
0.073675
0.072016
0.079178
0.071430
0.079692
0.071015
0.070601
0.073266
0.072052
0.071246
0.075014
0.079101
0.072207
0.078113
0.072258
0.071015
0.072016
0.072435
0.072016
0.073992
0.073016
0.077135
0.074299
0.076751
0.073192
0.071893
0.077122
0.072016
0.072016
0.072416
0.074085
0.072814
0.074654
0.074584
0.072015
0.070871
0.076499
0.073229
0.073240
0.071663
0.075291
0.072930
0.073434
0.077399
0.072016
0.072621
0.070941
0.072759
0.073100
0.074016
0.072187
0.073016
0.072499
0.072016
0.077682
0.071677
0.073016
0.072016
0.071197
0.072300
0.073180
0.072269
0.072422
0.072016
0.073496
0.074235
0.072038
0.071325
0.071717
0.077520
0.071426
0.078017
0.072016
0.072959
0.075824
0.073343
0.072933
0.072142
0.070925
0.074560
0.072602
0.073066
0.071651
0.075047
0.071634
0.071016
0.073745
0.091504
0.072647
0.073561
0.072672
0.076840
0.072400
0.071162
0.072619
0.080713
0.072088
0.077239
0.072209
0.072182
0.071645
0.072139
0.071564
0.071662
0.072016
0.073827
0.070645
0.072200
0.071224
0.071423
0.071175
0.072830
0.083450
0.074282
0.072191
0.073810
0.072018
0.072375
0.077436
0.071163
0.074350
0.073016
0.072016
0.070957
0.072087
0.073268
0.072249
0.071967
0.091892
0.070922
0.072020
0.072702
0.071492
0.072204
0.074010
0.072703
0.073119
0.071693
0.073669
0.076774
0.078324
0.077589
0.076423
0.074082
0.073120
0.075372
0.076236
0.073610
0.080092
0.077692
0.072403
0.073496
0.071854
0.088067
0.071022
0.078213
0.087129
0.069805
0.072085
0.070800
0.072016
0.070943
0.073128
0.074112
0.072790
0.090980
0.076777
0.085019
0.075780
0.073060
0.070405
0.073017
0.070318
0.080379
0.088059
0.073450
0.071517
0.071300
0.072016
0.073328
0.071643
0.071002
0.073079
0.090287
0.071527
0.072505
0.070081
0.077174
0.073084
0.072040
0.072334
0.071670
0.071281
0.071003
0.093303
0.072411
0.073687
0.072936
0.086950
0.072016
0.072354
0.071620
0.071321
0.073182
0.073017
0.089305
0.070709
0.071573
0.071306
0.073749
0.073068
0.071278
0.076998
0.072414
0.071202
0.077652
0.072018
0.070855
0.070224
0.073440
0.073016
0.072016
0.092355
0.069974
0.072489
0.072018
0.071771
0.072893
0.072032
0.072297
0.073044
0.074089
0.070666
0.072589
0.074989
0.081843
0.074543
0.075134
0.074771
0.072196
0.071984
0.071973
0.077220
0.072016
0.071828
0.071642
0.086130
0.070961
0.090623
0.071278
0.070133
0.073247
0.071677
0.072734
0.073018
0.072067
0.072652
0.071748
0.073135
0.072274
0.071984
0.072425
0.073105
0.070656
0.072080
0.070357
0.082621
0.071771
0.071797
0.077055
0.074343
0.073095
0.071874
0.071567
0.071605
0.072539
0.078125
0.071668
0.071123
0.071259
0.074126
0.070816
0.079149
0.076017
0.095281
0.080999
0.075018
0.075209
0.076599
0.073274
0.073229
0.072748
0.093462
0.076211
0.072958
0.073277
0.074578
0.093889
0.073018
0.072760
0.091861
0.072604
0.074855
0.075016
0.070809
0.071867
0.073467
0.072016
0.073019
0.072676
0.074410
0.075795
0.074636
0.072685
0.073933
0.073112
0.074583
0.073016
0.076692
0.071304
0.072752
0.075128
0.074457
0.074233
0.074763
0.073765
0.074759
0.074027
0.073294
0.072303
0.072084
0.096186
0.072777
0.073644
0.072058
0.074873
0.074016
0.074364
0.073017
0.077790
0.073635
0.073530
0.074117
0.074016
0.075570
0.075485
0.072631
0.073269
0.073017
0.078233
0.074062
0.072016
0.071205
0.072511
0.070902
0.071702
0.077520
0.074374
0.073016
0.074107
0.073168
0.073714
0.073428
0.071857
0.075116
0.074018
0.076050
0.073328
0.079498
0.075198
0.075016
0.094165
0.072015
0.077539
0.072016
0.072456
0.072782
0.074354
0.072924
0.072946
0.072026
0.076154
0.072283
0.073291
0.093135
0.074471
0.075125
0.071466
0.073255
0.075016
0.075326
0.071972
0.072156
0.072370
0.073123
0.071839
0.078207
0.074800
0.083650
0.083586
0.072509
0.096155
0.072017
0.072753
0.073295
0.072546
0.077677
0.072217
0.071832
0.070729
0.091073
0.070667
0.074311
0.075201
0.072611
0.071293
0.078461
0.077586
0.072521
0.073260
0.074299
0.075608
0.074484
0.072284
0.075316
0.071355
0.071583
0.070729
0.071322
0.074867
0.072625
0.075556
0.073678
0.072127
0.077298
0.072017
0.073016
0.071947
0.077011
0.071017
0.071876
0.079436
0.072579
0.077787
0.072369
0.089966
0.073336
0.072016
0.071405
0.071016
0.071601
0.071856
0.071383
0.074017
0.089019
0.073016
0.071558
0.072550
0.071599
0.073619
0.070621
0.073136
0.081988
0.071088
0.072424
0.072016
0.072693
0.077264
0.072027
0.072827
0.071741
0.078017
0.072513
0.070230
0.070306
0.070908
0.072533
0.075517
0.072277
0.077851
0.088244
0.072298
0.071846
0.072161
0.093129
0.073550
0.091022
0.080963
0.077089
0.079023
0.071441
0.073292
0.081364
0.072018
0.072179
0.078215
0.074119
0.072100
0.072038
0.072152
0.074017
0.070606
0.079437
0.072142
0.074485
0.071081
0.073402
0.073055
0.091408
0.071105
0.072016
0.074964
0.072240
0.078053
0.072016
0.072143
0.072653
0.080874
0.090192
0.070557
0.077968
0.073416
0.076698
0.071127
0.071656
0.073217
0.072639
0.081965
0.071173
0.073352
0.073016
0.078786
0.070743
0.074017
0.071065
0.072227
0.071514
0.071777
0.073016
0.074284
0.072016
0.071880
0.077595
0.072016
0.071050
0.072009
0.074534
0.070859
0.072600
0.072461
0.073125
0.078398
0.070981
